-1.7061408060628712e-07,-3.8385865276666e-05,-8.418058503117694e-05,-1.7919281294524784e-07,-3.929197852158038e-05,-8.62681725536754e-05,-1.880909118033185e-07,-4.020746843622797e-05,-8.838118833939552e-05,-1.9731619556181486e-07,-4.113229327644775e-05,-9.051962558267066e-05,-2.0687657647608686e-07,-4.206641131852087e-05,-9.268347739597503e-05,-2.1678006064324952e-07,-4.3009780859338386e-05,-9.487273680994666e-05,-2.270347479695317e-07,-4.3962360216568986e-05,-9.708739677341049e-05,-2.3764883213724053e-07,-4.492410772882661e-05,-9.932745015340184e-05,-2.4863060057134323e-07,-4.5894981755837946e-05,-0.00010159288973519005,-2.599884344056658e-07,-4.687494067860972e-05,-0.00010388370822230244,0.25
-1.7061408060628712e-07,-3.8385865276666e-05,-8.418058503117694e-05,-1.7919281294524784e-07,-3.929197852158038e-05,-8.62681725536754e-05,-1.880909118033185e-07,-4.020746843622797e-05,-8.838118833939552e-05,-1.9731619556181486e-07,-4.113229327644775e-05,-9.051962558267066e-05,-2.0687657647608686e-07,-4.206641131852087e-05,-9.268347739597503e-05,-2.1678006064324952e-07,-4.3009780859338386e-05,-9.487273680994666e-05,-2.270347479695317e-07,-4.3962360216568986e-05,-9.708739677341049e-05,-2.3764883213724053e-07,-4.492410772882661e-05,-9.932745015340184e-05,-2.4863060057134323e-07,-4.5894981755837946e-05,-0.00010159288973519005,-2.599884344056658e-07,-4.687494067860972e-05,-0.00010388370822230244,0.25
-1.7061408060628712e-07,-3.8385865276666e-05,-8.418058503117694e-05,-1.7919281294524784e-07,-3.929197852158038e-05,-8.62681725536754e-05,-1.880909118033185e-07,-4.020746843622797e-05,-8.838118833939552e-05,-1.9731619556181486e-07,-4.113229327644775e-05,-9.051962558267066e-05,-2.0687657647608686e-07,-4.206641131852087e-05,-9.268347739597503e-05,-2.1678006064324952e-07,-4.3009780859338386e-05,-9.487273680994666e-05,-2.270347479695317e-07,-4.3962360216568986e-05,-9.708739677341049e-05,-2.3764883213724053e-07,-4.492410772882661e-05,-9.932745015340184e-05,-2.4863060057134323e-07,-4.5894981755837946e-05,-0.00010159288973519005,-2.599884344056658e-07,-4.687494067860972e-05,-0.00010388370822230244,0.25
-1.7061408060628712e-07,-3.8385865276666e-05,-8.418058503117694e-05,-1.7919281294524784e-07,-3.929197852158038e-05,-8.62681725536754e-05,-1.880909118033185e-07,-4.020746843622797e-05,-8.838118833939552e-05,-1.9731619556181486e-07,-4.113229327644775e-05,-9.051962558267066e-05,-2.0687657647608686e-07,-4.206641131852087e-05,-9.268347739597503e-05,-2.1678006064324952e-07,-4.3009780859338386e-05,-9.487273680994666e-05,-2.270347479695317e-07,-4.3962360216568986e-05,-9.708739677341049e-05,-2.3764883213724053e-07,-4.492410772882661e-05,-9.932745015340184e-05,-2.4863060057134323e-07,-4.5894981755837946e-05,-0.00010159288973519005,-2.599884344056658e-07,-4.687494067860972e-05,-0.00010388370822230244,0.25
-1.7061408060628712e-07,-3.8385865276666e-05,-8.418058503117694e-05,-1.7919281294524784e-07,-3.929197852158038e-05,-8.62681725536754e-05,-1.880909118033185e-07,-4.020746843622797e-05,-8.838118833939552e-05,-1.9731619556181486e-07,-4.113229327644775e-05,-9.051962558267066e-05,-2.0687657647608686e-07,-4.206641131852087e-05,-9.268347739597503e-05,-2.1678006064324952e-07,-4.3009780859338386e-05,-9.487273680994666e-05,-2.270347479695317e-07,-4.3962360216568986e-05,-9.708739677341049e-05,-2.3764883213724053e-07,-4.492410772882661e-05,-9.932745015340184e-05,-2.4863060057134323e-07,-4.5894981755837946e-05,-0.00010159288973519005,-2.599884344056658e-07,-4.687494067860972e-05,-0.00010388370822230244,0.25
-1.7061408060628712e-07,-3.8385865276666e-05,-8.418058503117694e-05,-1.7919281294524784e-07,-3.929197852158038e-05,-8.62681725536754e-05,-1.880909118033185e-07,-4.020746843622797e-05,-8.838118833939552e-05,-1.9731619556181486e-07,-4.113229327644775e-05,-9.051962558267066e-05,-2.0687657647608686e-07,-4.206641131852087e-05,-9.268347739597503e-05,-2.1678006064324952e-07,-4.3009780859338386e-05,-9.487273680994666e-05,-2.270347479695317e-07,-4.3962360216568986e-05,-9.708739677341049e-05,-2.3764883213724053e-07,-4.492410772882661e-05,-9.932745015340184e-05,-2.4863060057134323e-07,-4.5894981755837946e-05,-0.00010159288973519005,-2.599884344056658e-07,-4.687494067860972e-05,-0.00010388370822230244,0.25
-1.7061408060628712e-07,-3.8385865276666e-05,-8.418058503117694e-05,-1.7919281294524784e-07,-3.929197852158038e-05,-8.62681725536754e-05,-1.880909118033185e-07,-4.020746843622797e-05,-8.838118833939552e-05,-1.9731619556181486e-07,-4.113229327644775e-05,-9.051962558267066e-05,-2.0687657647608686e-07,-4.206641131852087e-05,-9.268347739597503e-05,-2.1678006064324952e-07,-4.3009780859338386e-05,-9.487273680994666e-05,-2.270347479695317e-07,-4.3962360216568986e-05,-9.708739677341049e-05,-2.3764883213724053e-07,-4.492410772882661e-05,-9.932745015340184e-05,-2.4863060057134323e-07,-4.5894981755837946e-05,-0.00010159288973519005,-2.599884344056658e-07,-4.687494067860972e-05,-0.00010388370822230244,0.25
-1.7061408060628712e-07,-3.8385865276666e-05,-8.418058503117694e-05,-1.7919281294524784e-07,-3.929197852158038e-05,-8.62681725536754e-05,-1.880909118033185e-07,-4.020746843622797e-05,-8.838118833939552e-05,-1.9731619556181486e-07,-4.113229327644775e-05,-9.051962558267066e-05,-2.0687657647608686e-07,-4.206641131852087e-05,-9.268347739597503e-05,-2.1678006064324952e-07,-4.3009780859338386e-05,-9.487273680994666e-05,-2.270347479695317e-07,-4.3962360216568986e-05,-9.708739677341049e-05,-2.3764883213724053e-07,-4.492410772882661e-05,-9.932745015340184e-05,-2.4863060057134323e-07,-4.5894981755837946e-05,-0.00010159288973519005,-2.599884344056658e-07,-4.687494067860972e-05,-0.00010388370822230244,0.25
-1.7061408060628712e-07,-3.8385865276666e-05,-8.418058503117694e-05,-1.7919281294524784e-07,-3.929197852158038e-05,-8.62681725536754e-05,-1.880909118033185e-07,-4.020746843622797e-05,-8.838118833939552e-05,-1.9731619556181486e-07,-4.113229327644775e-05,-9.051962558267066e-05,-2.0687657647608686e-07,-4.206641131852087e-05,-9.268347739597503e-05,-2.1678006064324952e-07,-4.3009780859338386e-05,-9.487273680994666e-05,-2.270347479695317e-07,-4.3962360216568986e-05,-9.708739677341049e-05,-2.3764883213724053e-07,-4.492410772882661e-05,-9.932745015340184e-05,-2.4863060057134323e-07,-4.5894981755837946e-05,-0.00010159288973519005,-2.599884344056658e-07,-4.687494067860972e-05,-0.00010388370822230244,0.25
-1.7061408060628712e-07,-3.8385865276666e-05,-8.418058503117694e-05,-1.7919281294524784e-07,-3.929197852158038e-05,-8.62681725536754e-05,-1.880909118033185e-07,-4.020746843622797e-05,-8.838118833939552e-05,-1.9731619556181486e-07,-4.113229327644775e-05,-9.051962558267066e-05,-2.0687657647608686e-07,-4.206641131852087e-05,-9.268347739597503e-05,-2.1678006064324952e-07,-4.3009780859338386e-05,-9.487273680994666e-05,-2.270347479695317e-07,-4.3962360216568986e-05,-9.708739677341049e-05,-2.3764883213724053e-07,-4.492410772882661e-05,-9.932745015340184e-05,-2.4863060057134323e-07,-4.5894981755837946e-05,-0.00010159288973519005,-2.599884344056658e-07,-4.687494067860972e-05,-0.00010388370822230244,0.25
-1.7061408060628712e-07,-3.8385865276666e-05,-8.418058503117694e-05,-1.7919281294524784e-07,-3.929197852158038e-05,-8.62681725536754e-05,-1.880909118033185e-07,-4.020746843622797e-05,-8.838118833939552e-05,-1.9731619556181486e-07,-4.113229327644775e-05,-9.051962558267066e-05,-2.0687657647608686e-07,-4.206641131852087e-05,-9.268347739597503e-05,-2.1678006064324952e-07,-4.3009780859338386e-05,-9.487273680994666e-05,-2.270347479695317e-07,-4.3962360216568986e-05,-9.708739677341049e-05,-2.3764883213724053e-07,-4.492410772882661e-05,-9.932745015340184e-05,-2.4863060057134323e-07,-4.5894981755837946e-05,-0.00010159288973519005,-2.599884344056658e-07,-4.687494067860972e-05,-0.00010388370822230244,0.25
-1.7061408060628712e-07,-3.8385865276666e-05,-8.418058503117694e-05,-1.7919281294524784e-07,-3.929197852158038e-05,-8.62681725536754e-05,-1.880909118033185e-07,-4.020746843622797e-05,-8.838118833939552e-05,-1.9731619556181486e-07,-4.113229327644775e-05,-9.051962558267066e-05,-2.0687657647608686e-07,-4.206641131852087e-05,-9.268347739597503e-05,-2.1678006064324952e-07,-4.3009780859338386e-05,-9.487273680994666e-05,-2.270347479695317e-07,-4.3962360216568986e-05,-9.708739677341049e-05,-2.3764883213724053e-07,-4.492410772882661e-05,-9.932745015340184e-05,-2.4863060057134323e-07,-4.5894981755837946e-05,-0.00010159288973519005,-2.599884344056658e-07,-4.687494067860972e-05,-0.00010388370822230244,0.25
-1.7061408060628712e-07,-3.8385865276666e-05,-8.418058503117694e-05,-1.7919281294524784e-07,-3.929197852158038e-05,-8.62681725536754e-05,-1.880909118033185e-07,-4.020746843622797e-05,-8.838118833939552e-05,-1.9731619556181486e-07,-4.113229327644775e-05,-9.051962558267066e-05,-2.0687657647608686e-07,-4.206641131852087e-05,-9.268347739597503e-05,-2.1678006064324952e-07,-4.3009780859338386e-05,-9.487273680994666e-05,-2.270347479695317e-07,-4.3962360216568986e-05,-9.708739677341049e-05,-2.3764883213724053e-07,-4.492410772882661e-05,-9.932745015340184e-05,-2.4863060057134323e-07,-4.5894981755837946e-05,-0.00010159288973519005,-2.599884344056658e-07,-4.687494067860972e-05,-0.00010388370822230244,0.25
-1.7061408060628712e-07,-3.8385865276666e-05,-8.418058503117694e-05,-1.7919281294524784e-07,-3.929197852158038e-05,-8.62681725536754e-05,-1.880909118033185e-07,-4.020746843622797e-05,-8.838118833939552e-05,-1.9731619556181486e-07,-4.113229327644775e-05,-9.051962558267066e-05,-2.0687657647608686e-07,-4.206641131852087e-05,-9.268347739597503e-05,-2.1678006064324952e-07,-4.3009780859338386e-05,-9.487273680994666e-05,-2.270347479695317e-07,-4.3962360216568986e-05,-9.708739677341049e-05,-2.3764883213724053e-07,-4.492410772882661e-05,-9.932745015340184e-05,-2.4863060057134323e-07,-4.5894981755837946e-05,-0.00010159288973519005,-2.599884344056658e-07,-4.687494067860972e-05,-0.00010388370822230244,0.25
-1.7061408060628712e-07,-3.8385865276666e-05,-8.418058503117694e-05,-1.7919281294524784e-07,-3.929197852158038e-05,-8.62681725536754e-05,-1.880909118033185e-07,-4.020746843622797e-05,-8.838118833939552e-05,-1.9731619556181486e-07,-4.113229327644775e-05,-9.051962558267066e-05,-2.0687657647608686e-07,-4.206641131852087e-05,-9.268347739597503e-05,-2.1678006064324952e-07,-4.3009780859338386e-05,-9.487273680994666e-05,-2.270347479695317e-07,-4.3962360216568986e-05,-9.708739677341049e-05,-2.3764883213724053e-07,-4.492410772882661e-05,-9.932745015340184e-05,-2.4863060057134323e-07,-4.5894981755837946e-05,-0.00010159288973519005,-2.599884344056658e-07,-4.687494067860972e-05,-0.00010388370822230244,0.25
-1.7061408060628712e-07,-3.8385865276666e-05,-8.418058503117694e-05,-1.7919281294524784e-07,-3.929197852158038e-05,-8.62681725536754e-05,-1.880909118033185e-07,-4.020746843622797e-05,-8.838118833939552e-05,-1.9731619556181486e-07,-4.113229327644775e-05,-9.051962558267066e-05,-2.0687657647608686e-07,-4.206641131852087e-05,-9.268347739597503e-05,-2.1678006064324952e-07,-4.3009780859338386e-05,-9.487273680994666e-05,-2.270347479695317e-07,-4.3962360216568986e-05,-9.708739677341049e-05,-2.3764883213724053e-07,-4.492410772882661e-05,-9.932745015340184e-05,-2.4863060057134323e-07,-4.5894981755837946e-05,-0.00010159288973519005,-2.599884344056658e-07,-4.687494067860972e-05,-0.00010388370822230244,0.25
-1.7061408060628712e-07,-3.8385865276666e-05,-8.418058503117694e-05,-1.7919281294524784e-07,-3.929197852158038e-05,-8.62681725536754e-05,-1.880909118033185e-07,-4.020746843622797e-05,-8.838118833939552e-05,-1.9731619556181486e-07,-4.113229327644775e-05,-9.051962558267066e-05,-2.0687657647608686e-07,-4.206641131852087e-05,-9.268347739597503e-05,-2.1678006064324952e-07,-4.3009780859338386e-05,-9.487273680994666e-05,-2.270347479695317e-07,-4.3962360216568986e-05,-9.708739677341049e-05,-2.3764883213724053e-07,-4.492410772882661e-05,-9.932745015340184e-05,-2.4863060057134323e-07,-4.5894981755837946e-05,-0.00010159288973519005,-2.599884344056658e-07,-4.687494067860972e-05,-0.00010388370822230244,0.25
-1.7061408060628712e-07,-3.8385865276666e-05,-8.418058503117694e-05,-1.7919281294524784e-07,-3.929197852158038e-05,-8.62681725536754e-05,-1.880909118033185e-07,-4.020746843622797e-05,-8.838118833939552e-05,-1.9731619556181486e-07,-4.113229327644775e-05,-9.051962558267066e-05,-2.0687657647608686e-07,-4.206641131852087e-05,-9.268347739597503e-05,-2.1678006064324952e-07,-4.3009780859338386e-05,-9.487273680994666e-05,-2.270347479695317e-07,-4.3962360216568986e-05,-9.708739677341049e-05,-2.3764883213724053e-07,-4.492410772882661e-05,-9.932745015340184e-05,-2.4863060057134323e-07,-4.5894981755837946e-05,-0.00010159288973519005,-2.599884344056658e-07,-4.687494067860972e-05,-0.00010388370822230244,0.25
-1.7061408060628712e-07,-3.8385865276666e-05,-8.418058503117694e-05,-1.7919281294524784e-07,-3.929197852158038e-05,-8.62681725536754e-05,-1.880909118033185e-07,-4.020746843622797e-05,-8.838118833939552e-05,-1.9731619556181486e-07,-4.113229327644775e-05,-9.051962558267066e-05,-2.0687657647608686e-07,-4.206641131852087e-05,-9.268347739597503e-05,-2.1678006064324952e-07,-4.3009780859338386e-05,-9.487273680994666e-05,-2.270347479695317e-07,-4.3962360216568986e-05,-9.708739677341049e-05,-2.3764883213724053e-07,-4.492410772882661e-05,-9.932745015340184e-05,-2.4863060057134323e-07,-4.5894981755837946e-05,-0.00010159288973519005,-2.599884344056658e-07,-4.687494067860972e-05,-0.00010388370822230244,0.25
-1.7061408060628712e-07,-3.8385865276666e-05,-8.418058503117694e-05,-1.7919281294524784e-07,-3.929197852158038e-05,-8.62681725536754e-05,-1.880909118033185e-07,-4.020746843622797e-05,-8.838118833939552e-05,-1.9731619556181486e-07,-4.113229327644775e-05,-9.051962558267066e-05,-2.0687657647608686e-07,-4.206641131852087e-05,-9.268347739597503e-05,-2.1678006064324952e-07,-4.3009780859338386e-05,-9.487273680994666e-05,-2.270347479695317e-07,-4.3962360216568986e-05,-9.708739677341049e-05,-2.3764883213724053e-07,-4.492410772882661e-05,-9.932745015340184e-05,-2.4863060057134323e-07,-4.5894981755837946e-05,-0.00010159288973519005,-2.599884344056658e-07,-4.687494067860972e-05,-0.00010388370822230244,0.25
-1.7061408060628712e-07,-3.8385865276666e-05,-8.418058503117694e-05,-1.7919281294524784e-07,-3.929197852158038e-05,-8.62681725536754e-05,-1.880909118033185e-07,-4.020746843622797e-05,-8.838118833939552e-05,-1.9731619556181486e-07,-4.113229327644775e-05,-9.051962558267066e-05,-2.0687657647608686e-07,-4.206641131852087e-05,-9.268347739597503e-05,-2.1678006064324952e-07,-4.3009780859338386e-05,-9.487273680994666e-05,-2.270347479695317e-07,-4.3962360216568986e-05,-9.708739677341049e-05,-2.3764883213724053e-07,-4.492410772882661e-05,-9.932745015340184e-05,-2.4863060057134323e-07,-4.5894981755837946e-05,-0.00010159288973519005,-2.599884344056658e-07,-4.687494067860972e-05,-0.00010388370822230244,0.25
-1.7061408060628712e-07,-3.8385865276666e-05,-8.418058503117694e-05,-1.7919281294524784e-07,-3.929197852158038e-05,-8.62681725536754e-05,-1.880909118033185e-07,-4.020746843622797e-05,-8.838118833939552e-05,-1.9731619556181486e-07,-4.113229327644775e-05,-9.051962558267066e-05,-2.0687657647608686e-07,-4.206641131852087e-05,-9.268347739597503e-05,-2.1678006064324952e-07,-4.3009780859338386e-05,-9.487273680994666e-05,-2.270347479695317e-07,-4.3962360216568986e-05,-9.708739677341049e-05,-2.3764883213724053e-07,-4.492410772882661e-05,-9.932745015340184e-05,-2.4863060057134323e-07,-4.5894981755837946e-05,-0.00010159288973519005,-2.599884344056658e-07,-4.687494067860972e-05,-0.00010388370822230244,0.25
-1.7061408060628712e-07,-3.8385865276666e-05,-8.418058503117694e-05,-1.7919281294524784e-07,-3.929197852158038e-05,-8.62681725536754e-05,-1.880909118033185e-07,-4.020746843622797e-05,-8.838118833939552e-05,-1.9731619556181486e-07,-4.113229327644775e-05,-9.051962558267066e-05,-2.0687657647608686e-07,-4.206641131852087e-05,-9.268347739597503e-05,-2.1678006064324952e-07,-4.3009780859338386e-05,-9.487273680994666e-05,-2.270347479695317e-07,-4.3962360216568986e-05,-9.708739677341049e-05,-2.3764883213724053e-07,-4.492410772882661e-05,-9.932745015340184e-05,-2.4863060057134323e-07,-4.5894981755837946e-05,-0.00010159288973519005,-2.599884344056658e-07,-4.687494067860972e-05,-0.00010388370822230244,0.25
-1.7061408060628712e-07,-3.8385865276666e-05,-8.418058503117694e-05,-1.7919281294524784e-07,-3.929197852158038e-05,-8.62681725536754e-05,-1.880909118033185e-07,-4.020746843622797e-05,-8.838118833939552e-05,-1.9731619556181486e-07,-4.113229327644775e-05,-9.051962558267066e-05,-2.0687657647608686e-07,-4.206641131852087e-05,-9.268347739597503e-05,-2.1678006064324952e-07,-4.3009780859338386e-05,-9.487273680994666e-05,-2.270347479695317e-07,-4.3962360216568986e-05,-9.708739677341049e-05,-2.3764883213724053e-07,-4.492410772882661e-05,-9.932745015340184e-05,-2.4863060057134323e-07,-4.5894981755837946e-05,-0.00010159288973519005,-2.599884344056658e-07,-4.687494067860972e-05,-0.00010388370822230244,0.25
-1.7061408060628712e-07,-3.8385865276666e-05,-8.418058503117694e-05,-1.7919281294524784e-07,-3.929197852158038e-05,-8.62681725536754e-05,-1.880909118033185e-07,-4.020746843622797e-05,-8.838118833939552e-05,-1.9731619556181486e-07,-4.113229327644775e-05,-9.051962558267066e-05,-2.0687657647608686e-07,-4.206641131852087e-05,-9.268347739597503e-05,-2.1678006064324952e-07,-4.3009780859338386e-05,-9.487273680994666e-05,-2.270347479695317e-07,-4.3962360216568986e-05,-9.708739677341049e-05,-2.3764883213724053e-07,-4.492410772882661e-05,-9.932745015340184e-05,-2.4863060057134323e-07,-4.5894981755837946e-05,-0.00010159288973519005,-2.599884344056658e-07,-4.687494067860972e-05,-0.00010388370822230244,0.25
-1.7061408060628712e-07,-3.8385865276666e-05,-8.418058503117694e-05,-1.7919281294524784e-07,-3.929197852158038e-05,-8.62681725536754e-05,-1.880909118033185e-07,-4.020746843622797e-05,-8.838118833939552e-05,-1.9731619556181486e-07,-4.113229327644775e-05,-9.051962558267066e-05,-2.0687657647608686e-07,-4.206641131852087e-05,-9.268347739597503e-05,-2.1678006064324952e-07,-4.3009780859338386e-05,-9.487273680994666e-05,-2.270347479695317e-07,-4.3962360216568986e-05,-9.708739677341049e-05,-2.3764883213724053e-07,-4.492410772882661e-05,-9.932745015340184e-05,-2.4863060057134323e-07,-4.5894981755837946e-05,-0.00010159288973519005,-2.599884344056658e-07,-4.687494067860972e-05,-0.00010388370822230244,0.25
-1.7061408060628712e-07,-3.8385865276666e-05,-8.418058503117694e-05,-1.7919281294524784e-07,-3.929197852158038e-05,-8.62681725536754e-05,-1.880909118033185e-07,-4.020746843622797e-05,-8.838118833939552e-05,-1.9731619556181486e-07,-4.113229327644775e-05,-9.051962558267066e-05,-2.0687657647608686e-07,-4.206641131852087e-05,-9.268347739597503e-05,-2.1678006064324952e-07,-4.3009780859338386e-05,-9.487273680994666e-05,-2.270347479695317e-07,-4.3962360216568986e-05,-9.708739677341049e-05,-2.3764883213724053e-07,-4.492410772882661e-05,-9.932745015340184e-05,-2.4863060057134323e-07,-4.5894981755837946e-05,-0.00010159288973519005,-2.599884344056658e-07,-4.687494067860972e-05,-0.00010388370822230244,0.25
-1.7061408060628712e-07,-3.8385865276666e-05,-8.418058503117694e-05,-1.7919281294524784e-07,-3.929197852158038e-05,-8.62681725536754e-05,-1.880909118033185e-07,-4.020746843622797e-05,-8.838118833939552e-05,-1.9731619556181486e-07,-4.113229327644775e-05,-9.051962558267066e-05,-2.0687657647608686e-07,-4.206641131852087e-05,-9.268347739597503e-05,-2.1678006064324952e-07,-4.3009780859338386e-05,-9.487273680994666e-05,-2.270347479695317e-07,-4.3962360216568986e-05,-9.708739677341049e-05,-2.3764883213724053e-07,-4.492410772882661e-05,-9.932745015340184e-05,-2.4863060057134323e-07,-4.5894981755837946e-05,-0.00010159288973519005,-2.599884344056658e-07,-4.687494067860972e-05,-0.00010388370822230244,0.25
-1.7061408060628712e-07,-3.8385865276666e-05,-8.418058503117694e-05,-1.7919281294524784e-07,-3.929197852158038e-05,-8.62681725536754e-05,-1.880909118033185e-07,-4.020746843622797e-05,-8.838118833939552e-05,-1.9731619556181486e-07,-4.113229327644775e-05,-9.051962558267066e-05,-2.0687657647608686e-07,-4.206641131852087e-05,-9.268347739597503e-05,-2.1678006064324952e-07,-4.3009780859338386e-05,-9.487273680994666e-05,-2.270347479695317e-07,-4.3962360216568986e-05,-9.708739677341049e-05,-2.3764883213724053e-07,-4.492410772882661e-05,-9.932745015340184e-05,-2.4863060057134323e-07,-4.5894981755837946e-05,-0.00010159288973519005,-2.599884344056658e-07,-4.687494067860972e-05,-0.00010388370822230244,0.25
-1.7061408060628712e-07,-3.8385865276666e-05,-8.418058503117694e-05,-1.7919281294524784e-07,-3.929197852158038e-05,-8.62681725536754e-05,-1.880909118033185e-07,-4.020746843622797e-05,-8.838118833939552e-05,-1.9731619556181486e-07,-4.113229327644775e-05,-9.051962558267066e-05,-2.0687657647608686e-07,-4.206641131852087e-05,-9.268347739597503e-05,-2.1678006064324952e-07,-4.3009780859338386e-05,-9.487273680994666e-05,-2.270347479695317e-07,-4.3962360216568986e-05,-9.708739677341049e-05,-2.3764883213724053e-07,-4.492410772882661e-05,-9.932745015340184e-05,-2.4863060057134323e-07,-4.5894981755837946e-05,-0.00010159288973519005,-2.599884344056658e-07,-4.687494067860972e-05,-0.00010388370822230244,0.25
-1.7061408060628712e-07,-3.8385865276666e-05,-8.418058503117694e-05,-1.7919281294524784e-07,-3.929197852158038e-05,-8.62681725536754e-05,-1.880909118033185e-07,-4.020746843622797e-05,-8.838118833939552e-05,-1.9731619556181486e-07,-4.113229327644775e-05,-9.051962558267066e-05,-2.0687657647608686e-07,-4.206641131852087e-05,-9.268347739597503e-05,-2.1678006064324952e-07,-4.3009780859338386e-05,-9.487273680994666e-05,-2.270347479695317e-07,-4.3962360216568986e-05,-9.708739677341049e-05,-2.3764883213724053e-07,-4.492410772882661e-05,-9.932745015340184e-05,-2.4863060057134323e-07,-4.5894981755837946e-05,-0.00010159288973519005,-2.599884344056658e-07,-4.687494067860972e-05,-0.00010388370822230244,0.25
-1.7061408060628712e-07,-3.8385865276666e-05,-8.418058503117694e-05,-1.7919281294524784e-07,-3.929197852158038e-05,-8.62681725536754e-05,-1.880909118033185e-07,-4.020746843622797e-05,-8.838118833939552e-05,-1.9731619556181486e-07,-4.113229327644775e-05,-9.051962558267066e-05,-2.0687657647608686e-07,-4.206641131852087e-05,-9.268347739597503e-05,-2.1678006064324952e-07,-4.3009780859338386e-05,-9.487273680994666e-05,-2.270347479695317e-07,-4.3962360216568986e-05,-9.708739677341049e-05,-2.3764883213724053e-07,-4.492410772882661e-05,-9.932745015340184e-05,-2.4863060057134323e-07,-4.5894981755837946e-05,-0.00010159288973519005,-2.599884344056658e-07,-4.687494067860972e-05,-0.00010388370822230244,0.25
-1.7061408060628712e-07,-3.8385865276666e-05,-8.418058503117694e-05,-1.7919281294524784e-07,-3.929197852158038e-05,-8.62681725536754e-05,-1.880909118033185e-07,-4.020746843622797e-05,-8.838118833939552e-05,-1.9731619556181486e-07,-4.113229327644775e-05,-9.051962558267066e-05,-2.0687657647608686e-07,-4.206641131852087e-05,-9.268347739597503e-05,-2.1678006064324952e-07,-4.3009780859338386e-05,-9.487273680994666e-05,-2.270347479695317e-07,-4.3962360216568986e-05,-9.708739677341049e-05,-2.3764883213724053e-07,-4.492410772882661e-05,-9.932745015340184e-05,-2.4863060057134323e-07,-4.5894981755837946e-05,-0.00010159288973519005,-2.599884344056658e-07,-4.687494067860972e-05,-0.00010388370822230244,0.25
-1.7061408060628712e-07,-3.8385865276666e-05,-8.418058503117694e-05,-1.7919281294524784e-07,-3.929197852158038e-05,-8.62681725536754e-05,-1.880909118033185e-07,-4.020746843622797e-05,-8.838118833939552e-05,-1.9731619556181486e-07,-4.113229327644775e-05,-9.051962558267066e-05,-2.0687657647608686e-07,-4.206641131852087e-05,-9.268347739597503e-05,-2.1678006064324952e-07,-4.3009780859338386e-05,-9.487273680994666e-05,-2.270347479695317e-07,-4.3962360216568986e-05,-9.708739677341049e-05,-2.3764883213724053e-07,-4.492410772882661e-05,-9.932745015340184e-05,-2.4863060057134323e-07,-4.5894981755837946e-05,-0.00010159288973519005,-2.599884344056658e-07,-4.687494067860972e-05,-0.00010388370822230244,0.25
-1.7061408060628712e-07,-3.8385865276666e-05,-8.418058503117694e-05,-1.7919281294524784e-07,-3.929197852158038e-05,-8.62681725536754e-05,-1.880909118033185e-07,-4.020746843622797e-05,-8.838118833939552e-05,-1.9731619556181486e-07,-4.113229327644775e-05,-9.051962558267066e-05,-2.0687657647608686e-07,-4.206641131852087e-05,-9.268347739597503e-05,-2.1678006064324952e-07,-4.3009780859338386e-05,-9.487273680994666e-05,-2.270347479695317e-07,-4.3962360216568986e-05,-9.708739677341049e-05,-2.3764883213724053e-07,-4.492410772882661e-05,-9.932745015340184e-05,-2.4863060057134323e-07,-4.5894981755837946e-05,-0.00010159288973519005,-2.599884344056658e-07,-4.687494067860972e-05,-0.00010388370822230244,0.25
-1.7061408060628712e-07,-3.8385865276666e-05,-8.418058503117694e-05,-1.7919281294524784e-07,-3.929197852158038e-05,-8.62681725536754e-05,-1.880909118033185e-07,-4.020746843622797e-05,-8.838118833939552e-05,-1.9731619556181486e-07,-4.113229327644775e-05,-9.051962558267066e-05,-2.0687657647608686e-07,-4.206641131852087e-05,-9.268347739597503e-05,-2.1678006064324952e-07,-4.3009780859338386e-05,-9.487273680994666e-05,-2.270347479695317e-07,-4.3962360216568986e-05,-9.708739677341049e-05,-2.3764883213724053e-07,-4.492410772882661e-05,-9.932745015340184e-05,-2.4863060057134323e-07,-4.5894981755837946e-05,-0.00010159288973519005,-2.599884344056658e-07,-4.687494067860972e-05,-0.00010388370822230244,0.25
-1.7061408060628712e-07,-3.8385865276666e-05,-8.418058503117694e-05,-1.7919281294524784e-07,-3.929197852158038e-05,-8.62681725536754e-05,-1.880909118033185e-07,-4.020746843622797e-05,-8.838118833939552e-05,-1.9731619556181486e-07,-4.113229327644775e-05,-9.051962558267066e-05,-2.0687657647608686e-07,-4.206641131852087e-05,-9.268347739597503e-05,-2.1678006064324952e-07,-4.3009780859338386e-05,-9.487273680994666e-05,-2.270347479695317e-07,-4.3962360216568986e-05,-9.708739677341049e-05,-2.3764883213724053e-07,-4.492410772882661e-05,-9.932745015340184e-05,-2.4863060057134323e-07,-4.5894981755837946e-05,-0.00010159288973519005,-2.599884344056658e-07,-4.687494067860972e-05,-0.00010388370822230244,0.25
-1.7061408060628712e-07,-3.8385865276666e-05,-8.418058503117694e-05,-1.7919281294524784e-07,-3.929197852158038e-05,-8.62681725536754e-05,-1.880909118033185e-07,-4.020746843622797e-05,-8.838118833939552e-05,-1.9731619556181486e-07,-4.113229327644775e-05,-9.051962558267066e-05,-2.0687657647608686e-07,-4.206641131852087e-05,-9.268347739597503e-05,-2.1678006064324952e-07,-4.3009780859338386e-05,-9.487273680994666e-05,-2.270347479695317e-07,-4.3962360216568986e-05,-9.708739677341049e-05,-2.3764883213724053e-07,-4.492410772882661e-05,-9.932745015340184e-05,-2.4863060057134323e-07,-4.5894981755837946e-05,-0.00010159288973519005,-2.599884344056658e-07,-4.687494067860972e-05,-0.00010388370822230244,0.25
-1.7061408060628712e-07,-3.8385865276666e-05,-8.418058503117694e-05,-1.7919281294524784e-07,-3.929197852158038e-05,-8.62681725536754e-05,-1.880909118033185e-07,-4.020746843622797e-05,-8.838118833939552e-05,-1.9731619556181486e-07,-4.113229327644775e-05,-9.051962558267066e-05,-2.0687657647608686e-07,-4.206641131852087e-05,-9.268347739597503e-05,-2.1678006064324952e-07,-4.3009780859338386e-05,-9.487273680994666e-05,-2.270347479695317e-07,-4.3962360216568986e-05,-9.708739677341049e-05,-2.3764883213724053e-07,-4.492410772882661e-05,-9.932745015340184e-05,-2.4863060057134323e-07,-4.5894981755837946e-05,-0.00010159288973519005,-2.599884344056658e-07,-4.687494067860972e-05,-0.00010388370822230244,0.25
-1.7061408060628712e-07,-3.8385865276666e-05,-8.418058503117694e-05,-1.7919281294524784e-07,-3.929197852158038e-05,-8.62681725536754e-05,-1.880909118033185e-07,-4.020746843622797e-05,-8.838118833939552e-05,-1.9731619556181486e-07,-4.113229327644775e-05,-9.051962558267066e-05,-2.0687657647608686e-07,-4.206641131852087e-05,-9.268347739597503e-05,-2.1678006064324952e-07,-4.3009780859338386e-05,-9.487273680994666e-05,-2.270347479695317e-07,-4.3962360216568986e-05,-9.708739677341049e-05,-2.3764883213724053e-07,-4.492410772882661e-05,-9.932745015340184e-05,-2.4863060057134323e-07,-4.5894981755837946e-05,-0.00010159288973519005,-2.599884344056658e-07,-4.687494067860972e-05,-0.00010388370822230244,0.25
-1.7061408060628712e-07,-3.8385865276666e-05,-8.418058503117694e-05,-1.7919281294524784e-07,-3.929197852158038e-05,-8.62681725536754e-05,-1.880909118033185e-07,-4.020746843622797e-05,-8.838118833939552e-05,-1.9731619556181486e-07,-4.113229327644775e-05,-9.051962558267066e-05,-2.0687657647608686e-07,-4.206641131852087e-05,-9.268347739597503e-05,-2.1678006064324952e-07,-4.3009780859338386e-05,-9.487273680994666e-05,-2.270347479695317e-07,-4.3962360216568986e-05,-9.708739677341049e-05,-2.3764883213724053e-07,-4.492410772882661e-05,-9.932745015340184e-05,-2.4863060057134323e-07,-4.5894981755837946e-05,-0.00010159288973519005,-2.599884344056658e-07,-4.687494067860972e-05,-0.00010388370822230244,0.25
-1.7061408060628712e-07,-3.8385865276666e-05,-8.418058503117694e-05,-1.7919281294524784e-07,-3.929197852158038e-05,-8.62681725536754e-05,-1.880909118033185e-07,-4.020746843622797e-05,-8.838118833939552e-05,-1.9731619556181486e-07,-4.113229327644775e-05,-9.051962558267066e-05,-2.0687657647608686e-07,-4.206641131852087e-05,-9.268347739597503e-05,-2.1678006064324952e-07,-4.3009780859338386e-05,-9.487273680994666e-05,-2.270347479695317e-07,-4.3962360216568986e-05,-9.708739677341049e-05,-2.3764883213724053e-07,-4.492410772882661e-05,-9.932745015340184e-05,-2.4863060057134323e-07,-4.5894981755837946e-05,-0.00010159288973519005,-2.599884344056658e-07,-4.687494067860972e-05,-0.00010388370822230244,0.25
-1.7061408060628712e-07,-3.8385865276666e-05,-8.418058503117694e-05,-1.7919281294524784e-07,-3.929197852158038e-05,-8.62681725536754e-05,-1.880909118033185e-07,-4.020746843622797e-05,-8.838118833939552e-05,-1.9731619556181486e-07,-4.113229327644775e-05,-9.051962558267066e-05,-2.0687657647608686e-07,-4.206641131852087e-05,-9.268347739597503e-05,-2.1678006064324952e-07,-4.3009780859338386e-05,-9.487273680994666e-05,-2.270347479695317e-07,-4.3962360216568986e-05,-9.708739677341049e-05,-2.3764883213724053e-07,-4.492410772882661e-05,-9.932745015340184e-05,-2.4863060057134323e-07,-4.5894981755837946e-05,-0.00010159288973519005,-2.599884344056658e-07,-4.687494067860972e-05,-0.00010388370822230244,0.25
-1.7061408060628712e-07,-3.8385865276666e-05,-8.418058503117694e-05,-1.7919281294524784e-07,-3.929197852158038e-05,-8.62681725536754e-05,-1.880909118033185e-07,-4.020746843622797e-05,-8.838118833939552e-05,-1.9731619556181486e-07,-4.113229327644775e-05,-9.051962558267066e-05,-2.0687657647608686e-07,-4.206641131852087e-05,-9.268347739597503e-05,-2.1678006064324952e-07,-4.3009780859338386e-05,-9.487273680994666e-05,-2.270347479695317e-07,-4.3962360216568986e-05,-9.708739677341049e-05,-2.3764883213724053e-07,-4.492410772882661e-05,-9.932745015340184e-05,-2.4863060057134323e-07,-4.5894981755837946e-05,-0.00010159288973519005,-2.599884344056658e-07,-4.687494067860972e-05,-0.00010388370822230244,0.25
-1.7061408060628712e-07,-3.8385865276666e-05,-8.418058503117694e-05,-1.7919281294524784e-07,-3.929197852158038e-05,-8.62681725536754e-05,-1.880909118033185e-07,-4.020746843622797e-05,-8.838118833939552e-05,-1.9731619556181486e-07,-4.113229327644775e-05,-9.051962558267066e-05,-2.0687657647608686e-07,-4.206641131852087e-05,-9.268347739597503e-05,-2.1678006064324952e-07,-4.3009780859338386e-05,-9.487273680994666e-05,-2.270347479695317e-07,-4.3962360216568986e-05,-9.708739677341049e-05,-2.3764883213724053e-07,-4.492410772882661e-05,-9.932745015340184e-05,-2.4863060057134323e-07,-4.5894981755837946e-05,-0.00010159288973519005,-2.599884344056658e-07,-4.687494067860972e-05,-0.00010388370822230244,0.25
-1.7061408060628712e-07,-3.8385865276666e-05,-8.418058503117694e-05,-1.7919281294524784e-07,-3.929197852158038e-05,-8.62681725536754e-05,-1.880909118033185e-07,-4.020746843622797e-05,-8.838118833939552e-05,-1.9731619556181486e-07,-4.113229327644775e-05,-9.051962558267066e-05,-2.0687657647608686e-07,-4.206641131852087e-05,-9.268347739597503e-05,-2.1678006064324952e-07,-4.3009780859338386e-05,-9.487273680994666e-05,-2.270347479695317e-07,-4.3962360216568986e-05,-9.708739677341049e-05,-2.3764883213724053e-07,-4.492410772882661e-05,-9.932745015340184e-05,-2.4863060057134323e-07,-4.5894981755837946e-05,-0.00010159288973519005,-2.599884344056658e-07,-4.687494067860972e-05,-0.00010388370822230244,0.25
-1.7061408060628712e-07,-3.8385865276666e-05,-8.418058503117694e-05,-1.7919281294524784e-07,-3.929197852158038e-05,-8.62681725536754e-05,-1.880909118033185e-07,-4.020746843622797e-05,-8.838118833939552e-05,-1.9731619556181486e-07,-4.113229327644775e-05,-9.051962558267066e-05,-2.0687657647608686e-07,-4.206641131852087e-05,-9.268347739597503e-05,-2.1678006064324952e-07,-4.3009780859338386e-05,-9.487273680994666e-05,-2.270347479695317e-07,-4.3962360216568986e-05,-9.708739677341049e-05,-2.3764883213724053e-07,-4.492410772882661e-05,-9.932745015340184e-05,-2.4863060057134323e-07,-4.5894981755837946e-05,-0.00010159288973519005,-2.599884344056658e-07,-4.687494067860972e-05,-0.00010388370822230244,0.25
-1.7061408060628712e-07,-3.8385865276666e-05,-8.418058503117694e-05,-1.7919281294524784e-07,-3.929197852158038e-05,-8.62681725536754e-05,-1.880909118033185e-07,-4.020746843622797e-05,-8.838118833939552e-05,-1.9731619556181486e-07,-4.113229327644775e-05,-9.051962558267066e-05,-2.0687657647608686e-07,-4.206641131852087e-05,-9.268347739597503e-05,-2.1678006064324952e-07,-4.3009780859338386e-05,-9.487273680994666e-05,-2.270347479695317e-07,-4.3962360216568986e-05,-9.708739677341049e-05,-2.3764883213724053e-07,-4.492410772882661e-05,-9.932745015340184e-05,-2.4863060057134323e-07,-4.5894981755837946e-05,-0.00010159288973519005,-2.599884344056658e-07,-4.687494067860972e-05,-0.00010388370822230244,0.25
-1.7061408060628712e-07,-3.8385865276666e-05,-8.418058503117694e-05,-1.7919281294524784e-07,-3.929197852158038e-05,-8.62681725536754e-05,-1.880909118033185e-07,-4.020746843622797e-05,-8.838118833939552e-05,-1.9731619556181486e-07,-4.113229327644775e-05,-9.051962558267066e-05,-2.0687657647608686e-07,-4.206641131852087e-05,-9.268347739597503e-05,-2.1678006064324952e-07,-4.3009780859338386e-05,-9.487273680994666e-05,-2.270347479695317e-07,-4.3962360216568986e-05,-9.708739677341049e-05,-2.3764883213724053e-07,-4.492410772882661e-05,-9.932745015340184e-05,-2.4863060057134323e-07,-4.5894981755837946e-05,-0.00010159288973519005,-2.599884344056658e-07,-4.687494067860972e-05,-0.00010388370822230244,0.25
-1.7061408060628712e-07,-3.8385865276666e-05,-8.418058503117694e-05,-1.7919281294524784e-07,-3.929197852158038e-05,-8.62681725536754e-05,-1.880909118033185e-07,-4.020746843622797e-05,-8.838118833939552e-05,-1.9731619556181486e-07,-4.113229327644775e-05,-9.051962558267066e-05,-2.0687657647608686e-07,-4.206641131852087e-05,-9.268347739597503e-05,-2.1678006064324952e-07,-4.3009780859338386e-05,-9.487273680994666e-05,-2.270347479695317e-07,-4.3962360216568986e-05,-9.708739677341049e-05,-2.3764883213724053e-07,-4.492410772882661e-05,-9.932745015340184e-05,-2.4863060057134323e-07,-4.5894981755837946e-05,-0.00010159288973519005,-2.599884344056658e-07,-4.687494067860972e-05,-0.00010388370822230244,0.25
-1.7061408060628712e-07,-3.8385865276666e-05,-8.418058503117694e-05,-1.7919281294524784e-07,-3.929197852158038e-05,-8.62681725536754e-05,-1.880909118033185e-07,-4.020746843622797e-05,-8.838118833939552e-05,-1.9731619556181486e-07,-4.113229327644775e-05,-9.051962558267066e-05,-2.0687657647608686e-07,-4.206641131852087e-05,-9.268347739597503e-05,-2.1678006064324952e-07,-4.3009780859338386e-05,-9.487273680994666e-05,-2.270347479695317e-07,-4.3962360216568986e-05,-9.708739677341049e-05,-2.3764883213724053e-07,-4.492410772882661e-05,-9.932745015340184e-05,-2.4863060057134323e-07,-4.5894981755837946e-05,-0.00010159288973519005,-2.599884344056658e-07,-4.687494067860972e-05,-0.00010388370822230244,0.25
-1.7061408060628712e-07,-3.8385865276666e-05,-8.418058503117694e-05,-1.7919281294524784e-07,-3.929197852158038e-05,-8.62681725536754e-05,-1.880909118033185e-07,-4.020746843622797e-05,-8.838118833939552e-05,-1.9731619556181486e-07,-4.113229327644775e-05,-9.051962558267066e-05,-2.0687657647608686e-07,-4.206641131852087e-05,-9.268347739597503e-05,-2.1678006064324952e-07,-4.3009780859338386e-05,-9.487273680994666e-05,-2.270347479695317e-07,-4.3962360216568986e-05,-9.708739677341049e-05,-2.3764883213724053e-07,-4.492410772882661e-05,-9.932745015340184e-05,-2.4863060057134323e-07,-4.5894981755837946e-05,-0.00010159288973519005,-2.599884344056658e-07,-4.687494067860972e-05,-0.00010388370822230244,0.25
-1.7061408060628712e-07,-3.8385865276666e-05,-8.418058503117694e-05,-1.7919281294524784e-07,-3.929197852158038e-05,-8.62681725536754e-05,-1.880909118033185e-07,-4.020746843622797e-05,-8.838118833939552e-05,-1.9731619556181486e-07,-4.113229327644775e-05,-9.051962558267066e-05,-2.0687657647608686e-07,-4.206641131852087e-05,-9.268347739597503e-05,-2.1678006064324952e-07,-4.3009780859338386e-05,-9.487273680994666e-05,-2.270347479695317e-07,-4.3962360216568986e-05,-9.708739677341049e-05,-2.3764883213724053e-07,-4.492410772882661e-05,-9.932745015340184e-05,-2.4863060057134323e-07,-4.5894981755837946e-05,-0.00010159288973519005,-2.599884344056658e-07,-4.687494067860972e-05,-0.00010388370822230244,0.25
-1.7061408060628712e-07,-3.8385865276666e-05,-8.418058503117694e-05,-1.7919281294524784e-07,-3.929197852158038e-05,-8.62681725536754e-05,-1.880909118033185e-07,-4.020746843622797e-05,-8.838118833939552e-05,-1.9731619556181486e-07,-4.113229327644775e-05,-9.051962558267066e-05,-2.0687657647608686e-07,-4.206641131852087e-05,-9.268347739597503e-05,-2.1678006064324952e-07,-4.3009780859338386e-05,-9.487273680994666e-05,-2.270347479695317e-07,-4.3962360216568986e-05,-9.708739677341049e-05,-2.3764883213724053e-07,-4.492410772882661e-05,-9.932745015340184e-05,-2.4863060057134323e-07,-4.5894981755837946e-05,-0.00010159288973519005,-2.599884344056658e-07,-4.687494067860972e-05,-0.00010388370822230244,0.25
-1.7061408060628712e-07,-3.8385865276666e-05,-8.418058503117694e-05,-1.7919281294524784e-07,-3.929197852158038e-05,-8.62681725536754e-05,-1.880909118033185e-07,-4.020746843622797e-05,-8.838118833939552e-05,-1.9731619556181486e-07,-4.113229327644775e-05,-9.051962558267066e-05,-2.0687657647608686e-07,-4.206641131852087e-05,-9.268347739597503e-05,-2.1678006064324952e-07,-4.3009780859338386e-05,-9.487273680994666e-05,-2.270347479695317e-07,-4.3962360216568986e-05,-9.708739677341049e-05,-2.3764883213724053e-07,-4.492410772882661e-05,-9.932745015340184e-05,-2.4863060057134323e-07,-4.5894981755837946e-05,-0.00010159288973519005,-2.599884344056658e-07,-4.687494067860972e-05,-0.00010388370822230244,0.25
-1.7061408060628712e-07,-3.8385865276666e-05,-8.418058503117694e-05,-1.7919281294524784e-07,-3.929197852158038e-05,-8.62681725536754e-05,-1.880909118033185e-07,-4.020746843622797e-05,-8.838118833939552e-05,-1.9731619556181486e-07,-4.113229327644775e-05,-9.051962558267066e-05,-2.0687657647608686e-07,-4.206641131852087e-05,-9.268347739597503e-05,-2.1678006064324952e-07,-4.3009780859338386e-05,-9.487273680994666e-05,-2.270347479695317e-07,-4.3962360216568986e-05,-9.708739677341049e-05,-2.3764883213724053e-07,-4.492410772882661e-05,-9.932745015340184e-05,-2.4863060057134323e-07,-4.5894981755837946e-05,-0.00010159288973519005,-2.599884344056658e-07,-4.687494067860972e-05,-0.00010388370822230244,0.25
-1.7061408060628712e-07,-3.8385865276666e-05,-8.418058503117694e-05,-1.7919281294524784e-07,-3.929197852158038e-05,-8.62681725536754e-05,-1.880909118033185e-07,-4.020746843622797e-05,-8.838118833939552e-05,-1.9731619556181486e-07,-4.113229327644775e-05,-9.051962558267066e-05,-2.0687657647608686e-07,-4.206641131852087e-05,-9.268347739597503e-05,-2.1678006064324952e-07,-4.3009780859338386e-05,-9.487273680994666e-05,-2.270347479695317e-07,-4.3962360216568986e-05,-9.708739677341049e-05,-2.3764883213724053e-07,-4.492410772882661e-05,-9.932745015340184e-05,-2.4863060057134323e-07,-4.5894981755837946e-05,-0.00010159288973519005,-2.599884344056658e-07,-4.687494067860972e-05,-0.00010388370822230244,0.25
-1.7061408060628712e-07,-3.8385865276666e-05,-8.418058503117694e-05,-1.7919281294524784e-07,-3.929197852158038e-05,-8.62681725536754e-05,-1.880909118033185e-07,-4.020746843622797e-05,-8.838118833939552e-05,-1.9731619556181486e-07,-4.113229327644775e-05,-9.051962558267066e-05,-2.0687657647608686e-07,-4.206641131852087e-05,-9.268347739597503e-05,-2.1678006064324952e-07,-4.3009780859338386e-05,-9.487273680994666e-05,-2.270347479695317e-07,-4.3962360216568986e-05,-9.708739677341049e-05,-2.3764883213724053e-07,-4.492410772882661e-05,-9.932745015340184e-05,-2.4863060057134323e-07,-4.5894981755837946e-05,-0.00010159288973519005,-2.599884344056658e-07,-4.687494067860972e-05,-0.00010388370822230244,0.25
-1.7061408060628712e-07,-3.8385865276666e-05,-8.418058503117694e-05,-1.7919281294524784e-07,-3.929197852158038e-05,-8.62681725536754e-05,-1.880909118033185e-07,-4.020746843622797e-05,-8.838118833939552e-05,-1.9731619556181486e-07,-4.113229327644775e-05,-9.051962558267066e-05,-2.0687657647608686e-07,-4.206641131852087e-05,-9.268347739597503e-05,-2.1678006064324952e-07,-4.3009780859338386e-05,-9.487273680994666e-05,-2.270347479695317e-07,-4.3962360216568986e-05,-9.708739677341049e-05,-2.3764883213724053e-07,-4.492410772882661e-05,-9.932745015340184e-05,-2.4863060057134323e-07,-4.5894981755837946e-05,-0.00010159288973519005,-2.599884344056658e-07,-4.687494067860972e-05,-0.00010388370822230244,0.25
-1.7061408060628712e-07,-3.8385865276666e-05,-8.418058503117694e-05,-1.7919281294524784e-07,-3.929197852158038e-05,-8.62681725536754e-05,-1.880909118033185e-07,-4.020746843622797e-05,-8.838118833939552e-05,-1.9731619556181486e-07,-4.113229327644775e-05,-9.051962558267066e-05,-2.0687657647608686e-07,-4.206641131852087e-05,-9.268347739597503e-05,-2.1678006064324952e-07,-4.3009780859338386e-05,-9.487273680994666e-05,-2.270347479695317e-07,-4.3962360216568986e-05,-9.708739677341049e-05,-2.3764883213724053e-07,-4.492410772882661e-05,-9.932745015340184e-05,-2.4863060057134323e-07,-4.5894981755837946e-05,-0.00010159288973519005,-2.599884344056658e-07,-4.687494067860972e-05,-0.00010388370822230244,0.25
-1.7061408060628712e-07,-3.8385865276666e-05,-8.418058503117694e-05,-1.7919281294524784e-07,-3.929197852158038e-05,-8.62681725536754e-05,-1.880909118033185e-07,-4.020746843622797e-05,-8.838118833939552e-05,-1.9731619556181486e-07,-4.113229327644775e-05,-9.051962558267066e-05,-2.0687657647608686e-07,-4.206641131852087e-05,-9.268347739597503e-05,-2.1678006064324952e-07,-4.3009780859338386e-05,-9.487273680994666e-05,-2.270347479695317e-07,-4.3962360216568986e-05,-9.708739677341049e-05,-2.3764883213724053e-07,-4.492410772882661e-05,-9.932745015340184e-05,-2.4863060057134323e-07,-4.5894981755837946e-05,-0.00010159288973519005,-2.599884344056658e-07,-4.687494067860972e-05,-0.00010388370822230244,0.25
-1.7061408060628712e-07,-3.8385865276666e-05,-8.418058503117694e-05,-1.7919281294524784e-07,-3.929197852158038e-05,-8.62681725536754e-05,-1.880909118033185e-07,-4.020746843622797e-05,-8.838118833939552e-05,-1.9731619556181486e-07,-4.113229327644775e-05,-9.051962558267066e-05,-2.0687657647608686e-07,-4.206641131852087e-05,-9.268347739597503e-05,-2.1678006064324952e-07,-4.3009780859338386e-05,-9.487273680994666e-05,-2.270347479695317e-07,-4.3962360216568986e-05,-9.708739677341049e-05,-2.3764883213724053e-07,-4.492410772882661e-05,-9.932745015340184e-05,-2.4863060057134323e-07,-4.5894981755837946e-05,-0.00010159288973519005,-2.599884344056658e-07,-4.687494067860972e-05,-0.00010388370822230244,0.25
-1.7061408060628712e-07,-3.8385865276666e-05,-8.418058503117694e-05,-1.7919281294524784e-07,-3.929197852158038e-05,-8.62681725536754e-05,-1.880909118033185e-07,-4.020746843622797e-05,-8.838118833939552e-05,-1.9731619556181486e-07,-4.113229327644775e-05,-9.051962558267066e-05,-2.0687657647608686e-07,-4.206641131852087e-05,-9.268347739597503e-05,-2.1678006064324952e-07,-4.3009780859338386e-05,-9.487273680994666e-05,-2.270347479695317e-07,-4.3962360216568986e-05,-9.708739677341049e-05,-2.3764883213724053e-07,-4.492410772882661e-05,-9.932745015340184e-05,-2.4863060057134323e-07,-4.5894981755837946e-05,-0.00010159288973519005,-2.599884344056658e-07,-4.687494067860972e-05,-0.00010388370822230244,0.25
-1.7061408060628712e-07,-3.8385865276666e-05,-8.418058503117694e-05,-1.7919281294524784e-07,-3.929197852158038e-05,-8.62681725536754e-05,-1.880909118033185e-07,-4.020746843622797e-05,-8.838118833939552e-05,-1.9731619556181486e-07,-4.113229327644775e-05,-9.051962558267066e-05,-2.0687657647608686e-07,-4.206641131852087e-05,-9.268347739597503e-05,-2.1678006064324952e-07,-4.3009780859338386e-05,-9.487273680994666e-05,-2.270347479695317e-07,-4.3962360216568986e-05,-9.708739677341049e-05,-2.3764883213724053e-07,-4.492410772882661e-05,-9.932745015340184e-05,-2.4863060057134323e-07,-4.5894981755837946e-05,-0.00010159288973519005,-2.599884344056658e-07,-4.687494067860972e-05,-0.00010388370822230244,0.25
-1.7061408060628712e-07,-3.8385865276666e-05,-8.418058503117694e-05,-1.7919281294524784e-07,-3.929197852158038e-05,-8.62681725536754e-05,-1.880909118033185e-07,-4.020746843622797e-05,-8.838118833939552e-05,-1.9731619556181486e-07,-4.113229327644775e-05,-9.051962558267066e-05,-2.0687657647608686e-07,-4.206641131852087e-05,-9.268347739597503e-05,-2.1678006064324952e-07,-4.3009780859338386e-05,-9.487273680994666e-05,-2.270347479695317e-07,-4.3962360216568986e-05,-9.708739677341049e-05,-2.3764883213724053e-07,-4.492410772882661e-05,-9.932745015340184e-05,-2.4863060057134323e-07,-4.5894981755837946e-05,-0.00010159288973519005,-2.599884344056658e-07,-4.687494067860972e-05,-0.00010388370822230244,0.25
-1.7061408060628712e-07,-3.8385865276666e-05,-8.418058503117694e-05,-1.7919281294524784e-07,-3.929197852158038e-05,-8.62681725536754e-05,-1.880909118033185e-07,-4.020746843622797e-05,-8.838118833939552e-05,-1.9731619556181486e-07,-4.113229327644775e-05,-9.051962558267066e-05,-2.0687657647608686e-07,-4.206641131852087e-05,-9.268347739597503e-05,-2.1678006064324952e-07,-4.3009780859338386e-05,-9.487273680994666e-05,-2.270347479695317e-07,-4.3962360216568986e-05,-9.708739677341049e-05,-2.3764883213724053e-07,-4.492410772882661e-05,-9.932745015340184e-05,-2.4863060057134323e-07,-4.5894981755837946e-05,-0.00010159288973519005,-2.599884344056658e-07,-4.687494067860972e-05,-0.00010388370822230244,0.25
-1.7061408060628712e-07,-3.8385865276666e-05,-8.418058503117694e-05,-1.7919281294524784e-07,-3.929197852158038e-05,-8.62681725536754e-05,-1.880909118033185e-07,-4.020746843622797e-05,-8.838118833939552e-05,-1.9731619556181486e-07,-4.113229327644775e-05,-9.051962558267066e-05,-2.0687657647608686e-07,-4.206641131852087e-05,-9.268347739597503e-05,-2.1678006064324952e-07,-4.3009780859338386e-05,-9.487273680994666e-05,-2.270347479695317e-07,-4.3962360216568986e-05,-9.708739677341049e-05,-2.3764883213724053e-07,-4.492410772882661e-05,-9.932745015340184e-05,-2.4863060057134323e-07,-4.5894981755837946e-05,-0.00010159288973519005,-2.599884344056658e-07,-4.687494067860972e-05,-0.00010388370822230244,0.25
-1.7061408060628712e-07,-3.8385865276666e-05,-8.418058503117694e-05,-1.7919281294524784e-07,-3.929197852158038e-05,-8.62681725536754e-05,-1.880909118033185e-07,-4.020746843622797e-05,-8.838118833939552e-05,-1.9731619556181486e-07,-4.113229327644775e-05,-9.051962558267066e-05,-2.0687657647608686e-07,-4.206641131852087e-05,-9.268347739597503e-05,-2.1678006064324952e-07,-4.3009780859338386e-05,-9.487273680994666e-05,-2.270347479695317e-07,-4.3962360216568986e-05,-9.708739677341049e-05,-2.3764883213724053e-07,-4.492410772882661e-05,-9.932745015340184e-05,-2.4863060057134323e-07,-4.5894981755837946e-05,-0.00010159288973519005,-2.599884344056658e-07,-4.687494067860972e-05,-0.00010388370822230244,0.25
-1.7061408060628712e-07,-3.8385865276666e-05,-8.418058503117694e-05,-1.7919281294524784e-07,-3.929197852158038e-05,-8.62681725536754e-05,-1.880909118033185e-07,-4.020746843622797e-05,-8.838118833939552e-05,-1.9731619556181486e-07,-4.113229327644775e-05,-9.051962558267066e-05,-2.0687657647608686e-07,-4.206641131852087e-05,-9.268347739597503e-05,-2.1678006064324952e-07,-4.3009780859338386e-05,-9.487273680994666e-05,-2.270347479695317e-07,-4.3962360216568986e-05,-9.708739677341049e-05,-2.3764883213724053e-07,-4.492410772882661e-05,-9.932745015340184e-05,-2.4863060057134323e-07,-4.5894981755837946e-05,-0.00010159288973519005,-2.599884344056658e-07,-4.687494067860972e-05,-0.00010388370822230244,0.25
-1.7061408060628712e-07,-3.8385865276666e-05,-8.418058503117694e-05,-1.7919281294524784e-07,-3.929197852158038e-05,-8.62681725536754e-05,-1.880909118033185e-07,-4.020746843622797e-05,-8.838118833939552e-05,-1.9731619556181486e-07,-4.113229327644775e-05,-9.051962558267066e-05,-2.0687657647608686e-07,-4.206641131852087e-05,-9.268347739597503e-05,-2.1678006064324952e-07,-4.3009780859338386e-05,-9.487273680994666e-05,-2.270347479695317e-07,-4.3962360216568986e-05,-9.708739677341049e-05,-2.3764883213724053e-07,-4.492410772882661e-05,-9.932745015340184e-05,-2.4863060057134323e-07,-4.5894981755837946e-05,-0.00010159288973519005,-2.599884344056658e-07,-4.687494067860972e-05,-0.00010388370822230244,0.25
-1.7061408060628712e-07,-3.8385865276666e-05,-8.418058503117694e-05,-1.7919281294524784e-07,-3.929197852158038e-05,-8.62681725536754e-05,-1.880909118033185e-07,-4.020746843622797e-05,-8.838118833939552e-05,-1.9731619556181486e-07,-4.113229327644775e-05,-9.051962558267066e-05,-2.0687657647608686e-07,-4.206641131852087e-05,-9.268347739597503e-05,-2.1678006064324952e-07,-4.3009780859338386e-05,-9.487273680994666e-05,-2.270347479695317e-07,-4.3962360216568986e-05,-9.708739677341049e-05,-2.3764883213724053e-07,-4.492410772882661e-05,-9.932745015340184e-05,-2.4863060057134323e-07,-4.5894981755837946e-05,-0.00010159288973519005,-2.599884344056658e-07,-4.687494067860972e-05,-0.00010388370822230244,0.25
-1.7061408060628712e-07,-3.8385865276666e-05,-8.418058503117694e-05,-1.7919281294524784e-07,-3.929197852158038e-05,-8.62681725536754e-05,-1.880909118033185e-07,-4.020746843622797e-05,-8.838118833939552e-05,-1.9731619556181486e-07,-4.113229327644775e-05,-9.051962558267066e-05,-2.0687657647608686e-07,-4.206641131852087e-05,-9.268347739597503e-05,-2.1678006064324952e-07,-4.3009780859338386e-05,-9.487273680994666e-05,-2.270347479695317e-07,-4.3962360216568986e-05,-9.708739677341049e-05,-2.3764883213724053e-07,-4.492410772882661e-05,-9.932745015340184e-05,-2.4863060057134323e-07,-4.5894981755837946e-05,-0.00010159288973519005,-2.599884344056658e-07,-4.687494067860972e-05,-0.00010388370822230244,0.25
-1.7061408060628712e-07,-3.8385865276666e-05,-8.418058503117694e-05,-1.7919281294524784e-07,-3.929197852158038e-05,-8.62681725536754e-05,-1.880909118033185e-07,-4.020746843622797e-05,-8.838118833939552e-05,-1.9731619556181486e-07,-4.113229327644775e-05,-9.051962558267066e-05,-2.0687657647608686e-07,-4.206641131852087e-05,-9.268347739597503e-05,-2.1678006064324952e-07,-4.3009780859338386e-05,-9.487273680994666e-05,-2.270347479695317e-07,-4.3962360216568986e-05,-9.708739677341049e-05,-2.3764883213724053e-07,-4.492410772882661e-05,-9.932745015340184e-05,-2.4863060057134323e-07,-4.5894981755837946e-05,-0.00010159288973519005,-2.599884344056658e-07,-4.687494067860972e-05,-0.00010388370822230244,0.25
-1.7061408060628712e-07,-3.8385865276666e-05,-8.418058503117694e-05,-1.7919281294524784e-07,-3.929197852158038e-05,-8.62681725536754e-05,-1.880909118033185e-07,-4.020746843622797e-05,-8.838118833939552e-05,-1.9731619556181486e-07,-4.113229327644775e-05,-9.051962558267066e-05,-2.0687657647608686e-07,-4.206641131852087e-05,-9.268347739597503e-05,-2.1678006064324952e-07,-4.3009780859338386e-05,-9.487273680994666e-05,-2.270347479695317e-07,-4.3962360216568986e-05,-9.708739677341049e-05,-2.3764883213724053e-07,-4.492410772882661e-05,-9.932745015340184e-05,-2.4863060057134323e-07,-4.5894981755837946e-05,-0.00010159288973519005,-2.599884344056658e-07,-4.687494067860972e-05,-0.00010388370822230244,0.25
-1.7061408060628712e-07,-3.8385865276666e-05,-8.418058503117694e-05,-1.7919281294524784e-07,-3.929197852158038e-05,-8.62681725536754e-05,-1.880909118033185e-07,-4.020746843622797e-05,-8.838118833939552e-05,-1.9731619556181486e-07,-4.113229327644775e-05,-9.051962558267066e-05,-2.0687657647608686e-07,-4.206641131852087e-05,-9.268347739597503e-05,-2.1678006064324952e-07,-4.3009780859338386e-05,-9.487273680994666e-05,-2.270347479695317e-07,-4.3962360216568986e-05,-9.708739677341049e-05,-2.3764883213724053e-07,-4.492410772882661e-05,-9.932745015340184e-05,-2.4863060057134323e-07,-4.5894981755837946e-05,-0.00010159288973519005,-2.599884344056658e-07,-4.687494067860972e-05,-0.00010388370822230244,0.25
-1.7061408060628712e-07,-3.8385865276666e-05,-8.418058503117694e-05,-1.7919281294524784e-07,-3.929197852158038e-05,-8.62681725536754e-05,-1.880909118033185e-07,-4.020746843622797e-05,-8.838118833939552e-05,-1.9731619556181486e-07,-4.113229327644775e-05,-9.051962558267066e-05,-2.0687657647608686e-07,-4.206641131852087e-05,-9.268347739597503e-05,-2.1678006064324952e-07,-4.3009780859338386e-05,-9.487273680994666e-05,-2.270347479695317e-07,-4.3962360216568986e-05,-9.708739677341049e-05,-2.3764883213724053e-07,-4.492410772882661e-05,-9.932745015340184e-05,-2.4863060057134323e-07,-4.5894981755837946e-05,-0.00010159288973519005,-2.599884344056658e-07,-4.687494067860972e-05,-0.00010388370822230244,0.25
-1.7061408060628712e-07,-3.8385865276666e-05,-8.418058503117694e-05,-1.7919281294524784e-07,-3.929197852158038e-05,-8.62681725536754e-05,-1.880909118033185e-07,-4.020746843622797e-05,-8.838118833939552e-05,-1.9731619556181486e-07,-4.113229327644775e-05,-9.051962558267066e-05,-2.0687657647608686e-07,-4.206641131852087e-05,-9.268347739597503e-05,-2.1678006064324952e-07,-4.3009780859338386e-05,-9.487273680994666e-05,-2.270347479695317e-07,-4.3962360216568986e-05,-9.708739677341049e-05,-2.3764883213724053e-07,-4.492410772882661e-05,-9.932745015340184e-05,-2.4863060057134323e-07,-4.5894981755837946e-05,-0.00010159288973519005,-2.599884344056658e-07,-4.687494067860972e-05,-0.00010388370822230244,0.25
-1.7061408060628712e-07,-3.8385865276666e-05,-8.418058503117694e-05,-1.7919281294524784e-07,-3.929197852158038e-05,-8.62681725536754e-05,-1.880909118033185e-07,-4.020746843622797e-05,-8.838118833939552e-05,-1.9731619556181486e-07,-4.113229327644775e-05,-9.051962558267066e-05,-2.0687657647608686e-07,-4.206641131852087e-05,-9.268347739597503e-05,-2.1678006064324952e-07,-4.3009780859338386e-05,-9.487273680994666e-05,-2.270347479695317e-07,-4.3962360216568986e-05,-9.708739677341049e-05,-2.3764883213724053e-07,-4.492410772882661e-05,-9.932745015340184e-05,-2.4863060057134323e-07,-4.5894981755837946e-05,-0.00010159288973519005,-2.599884344056658e-07,-4.687494067860972e-05,-0.00010388370822230244,0.25
-1.7061408060628712e-07,-3.8385865276666e-05,-8.418058503117694e-05,-1.7919281294524784e-07,-3.929197852158038e-05,-8.62681725536754e-05,-1.880909118033185e-07,-4.020746843622797e-05,-8.838118833939552e-05,-1.9731619556181486e-07,-4.113229327644775e-05,-9.051962558267066e-05,-2.0687657647608686e-07,-4.206641131852087e-05,-9.268347739597503e-05,-2.1678006064324952e-07,-4.3009780859338386e-05,-9.487273680994666e-05,-2.270347479695317e-07,-4.3962360216568986e-05,-9.708739677341049e-05,-2.3764883213724053e-07,-4.492410772882661e-05,-9.932745015340184e-05,-2.4863060057134323e-07,-4.5894981755837946e-05,-0.00010159288973519005,-2.599884344056658e-07,-4.687494067860972e-05,-0.00010388370822230244,0.25
-1.7061408060628712e-07,-3.8385865276666e-05,-8.418058503117694e-05,-1.7919281294524784e-07,-3.929197852158038e-05,-8.62681725536754e-05,-1.880909118033185e-07,-4.020746843622797e-05,-8.838118833939552e-05,-1.9731619556181486e-07,-4.113229327644775e-05,-9.051962558267066e-05,-2.0687657647608686e-07,-4.206641131852087e-05,-9.268347739597503e-05,-2.1678006064324952e-07,-4.3009780859338386e-05,-9.487273680994666e-05,-2.270347479695317e-07,-4.3962360216568986e-05,-9.708739677341049e-05,-2.3764883213724053e-07,-4.492410772882661e-05,-9.932745015340184e-05,-2.4863060057134323e-07,-4.5894981755837946e-05,-0.00010159288973519005,-2.599884344056658e-07,-4.687494067860972e-05,-0.00010388370822230244,0.25
-1.7061408060628712e-07,-3.8385865276666e-05,-8.418058503117694e-05,-1.7919281294524784e-07,-3.929197852158038e-05,-8.62681725536754e-05,-1.880909118033185e-07,-4.020746843622797e-05,-8.838118833939552e-05,-1.9731619556181486e-07,-4.113229327644775e-05,-9.051962558267066e-05,-2.0687657647608686e-07,-4.206641131852087e-05,-9.268347739597503e-05,-2.1678006064324952e-07,-4.3009780859338386e-05,-9.487273680994666e-05,-2.270347479695317e-07,-4.3962360216568986e-05,-9.708739677341049e-05,-2.3764883213724053e-07,-4.492410772882661e-05,-9.932745015340184e-05,-2.4863060057134323e-07,-4.5894981755837946e-05,-0.00010159288973519005,-2.599884344056658e-07,-4.687494067860972e-05,-0.00010388370822230244,0.25
-1.7061408060628712e-07,-3.8385865276666e-05,-8.418058503117694e-05,-1.7919281294524784e-07,-3.929197852158038e-05,-8.62681725536754e-05,-1.880909118033185e-07,-4.020746843622797e-05,-8.838118833939552e-05,-1.9731619556181486e-07,-4.113229327644775e-05,-9.051962558267066e-05,-2.0687657647608686e-07,-4.206641131852087e-05,-9.268347739597503e-05,-2.1678006064324952e-07,-4.3009780859338386e-05,-9.487273680994666e-05,-2.270347479695317e-07,-4.3962360216568986e-05,-9.708739677341049e-05,-2.3764883213724053e-07,-4.492410772882661e-05,-9.932745015340184e-05,-2.4863060057134323e-07,-4.5894981755837946e-05,-0.00010159288973519005,-2.599884344056658e-07,-4.687494067860972e-05,-0.00010388370822230244,0.25
-1.7061408060628712e-07,-3.8385865276666e-05,-8.418058503117694e-05,-1.7919281294524784e-07,-3.929197852158038e-05,-8.62681725536754e-05,-1.880909118033185e-07,-4.020746843622797e-05,-8.838118833939552e-05,-1.9731619556181486e-07,-4.113229327644775e-05,-9.051962558267066e-05,-2.0687657647608686e-07,-4.206641131852087e-05,-9.268347739597503e-05,-2.1678006064324952e-07,-4.3009780859338386e-05,-9.487273680994666e-05,-2.270347479695317e-07,-4.3962360216568986e-05,-9.708739677341049e-05,-2.3764883213724053e-07,-4.492410772882661e-05,-9.932745015340184e-05,-2.4863060057134323e-07,-4.5894981755837946e-05,-0.00010159288973519005,-2.599884344056658e-07,-4.687494067860972e-05,-0.00010388370822230244,0.25
-1.7061408060628712e-07,-3.8385865276666e-05,-8.418058503117694e-05,-1.7919281294524784e-07,-3.929197852158038e-05,-8.62681725536754e-05,-1.880909118033185e-07,-4.020746843622797e-05,-8.838118833939552e-05,-1.9731619556181486e-07,-4.113229327644775e-05,-9.051962558267066e-05,-2.0687657647608686e-07,-4.206641131852087e-05,-9.268347739597503e-05,-2.1678006064324952e-07,-4.3009780859338386e-05,-9.487273680994666e-05,-2.270347479695317e-07,-4.3962360216568986e-05,-9.708739677341049e-05,-2.3764883213724053e-07,-4.492410772882661e-05,-9.932745015340184e-05,-2.4863060057134323e-07,-4.5894981755837946e-05,-0.00010159288973519005,-2.599884344056658e-07,-4.687494067860972e-05,-0.00010388370822230244,0.25
-1.7061408060628712e-07,-3.8385865276666e-05,-8.418058503117694e-05,-1.7919281294524784e-07,-3.929197852158038e-05,-8.62681725536754e-05,-1.880909118033185e-07,-4.020746843622797e-05,-8.838118833939552e-05,-1.9731619556181486e-07,-4.113229327644775e-05,-9.051962558267066e-05,-2.0687657647608686e-07,-4.206641131852087e-05,-9.268347739597503e-05,-2.1678006064324952e-07,-4.3009780859338386e-05,-9.487273680994666e-05,-2.270347479695317e-07,-4.3962360216568986e-05,-9.708739677341049e-05,-2.3764883213724053e-07,-4.492410772882661e-05,-9.932745015340184e-05,-2.4863060057134323e-07,-4.5894981755837946e-05,-0.00010159288973519005,-2.599884344056658e-07,-4.687494067860972e-05,-0.00010388370822230244,0.25
-1.7061408060628712e-07,-3.8385865276666e-05,-8.418058503117694e-05,-1.7919281294524784e-07,-3.929197852158038e-05,-8.62681725536754e-05,-1.880909118033185e-07,-4.020746843622797e-05,-8.838118833939552e-05,-1.9731619556181486e-07,-4.113229327644775e-05,-9.051962558267066e-05,-2.0687657647608686e-07,-4.206641131852087e-05,-9.268347739597503e-05,-2.1678006064324952e-07,-4.3009780859338386e-05,-9.487273680994666e-05,-2.270347479695317e-07,-4.3962360216568986e-05,-9.708739677341049e-05,-2.3764883213724053e-07,-4.492410772882661e-05,-9.932745015340184e-05,-2.4863060057134323e-07,-4.5894981755837946e-05,-0.00010159288973519005,-2.599884344056658e-07,-4.687494067860972e-05,-0.00010388370822230244,0.25
-1.7061408060628712e-07,-3.8385865276666e-05,-8.418058503117694e-05,-1.7919281294524784e-07,-3.929197852158038e-05,-8.62681725536754e-05,-1.880909118033185e-07,-4.020746843622797e-05,-8.838118833939552e-05,-1.9731619556181486e-07,-4.113229327644775e-05,-9.051962558267066e-05,-2.0687657647608686e-07,-4.206641131852087e-05,-9.268347739597503e-05,-2.1678006064324952e-07,-4.3009780859338386e-05,-9.487273680994666e-05,-2.270347479695317e-07,-4.3962360216568986e-05,-9.708739677341049e-05,-2.3764883213724053e-07,-4.492410772882661e-05,-9.932745015340184e-05,-2.4863060057134323e-07,-4.5894981755837946e-05,-0.00010159288973519005,-2.599884344056658e-07,-4.687494067860972e-05,-0.00010388370822230244,0.25
-1.7061408060628712e-07,-3.8385865276666e-05,-8.418058503117694e-05,-1.7919281294524784e-07,-3.929197852158038e-05,-8.62681725536754e-05,-1.880909118033185e-07,-4.020746843622797e-05,-8.838118833939552e-05,-1.9731619556181486e-07,-4.113229327644775e-05,-9.051962558267066e-05,-2.0687657647608686e-07,-4.206641131852087e-05,-9.268347739597503e-05,-2.1678006064324952e-07,-4.3009780859338386e-05,-9.487273680994666e-05,-2.270347479695317e-07,-4.3962360216568986e-05,-9.708739677341049e-05,-2.3764883213724053e-07,-4.492410772882661e-05,-9.932745015340184e-05,-2.4863060057134323e-07,-4.5894981755837946e-05,-0.00010159288973519005,-2.599884344056658e-07,-4.687494067860972e-05,-0.00010388370822230244,0.25
-1.7061408060628712e-07,-3.8385865276666e-05,-8.418058503117694e-05,-1.7919281294524784e-07,-3.929197852158038e-05,-8.62681725536754e-05,-1.880909118033185e-07,-4.020746843622797e-05,-8.838118833939552e-05,-1.9731619556181486e-07,-4.113229327644775e-05,-9.051962558267066e-05,-2.0687657647608686e-07,-4.206641131852087e-05,-9.268347739597503e-05,-2.1678006064324952e-07,-4.3009780859338386e-05,-9.487273680994666e-05,-2.270347479695317e-07,-4.3962360216568986e-05,-9.708739677341049e-05,-2.3764883213724053e-07,-4.492410772882661e-05,-9.932745015340184e-05,-2.4863060057134323e-07,-4.5894981755837946e-05,-0.00010159288973519005,-2.599884344056658e-07,-4.687494067860972e-05,-0.00010388370822230244,0.25
-1.7061408060628712e-07,-3.8385865276666e-05,-8.418058503117694e-05,-1.7919281294524784e-07,-3.929197852158038e-05,-8.62681725536754e-05,-1.880909118033185e-07,-4.020746843622797e-05,-8.838118833939552e-05,-1.9731619556181486e-07,-4.113229327644775e-05,-9.051962558267066e-05,-2.0687657647608686e-07,-4.206641131852087e-05,-9.268347739597503e-05,-2.1678006064324952e-07,-4.3009780859338386e-05,-9.487273680994666e-05,-2.270347479695317e-07,-4.3962360216568986e-05,-9.708739677341049e-05,-2.3764883213724053e-07,-4.492410772882661e-05,-9.932745015340184e-05,-2.4863060057134323e-07,-4.5894981755837946e-05,-0.00010159288973519005,-2.599884344056658e-07,-4.687494067860972e-05,-0.00010388370822230244,0.25
-1.7061408060628712e-07,-3.8385865276666e-05,-8.418058503117694e-05,-1.7919281294524784e-07,-3.929197852158038e-05,-8.62681725536754e-05,-1.880909118033185e-07,-4.020746843622797e-05,-8.838118833939552e-05,-1.9731619556181486e-07,-4.113229327644775e-05,-9.051962558267066e-05,-2.0687657647608686e-07,-4.206641131852087e-05,-9.268347739597503e-05,-2.1678006064324952e-07,-4.3009780859338386e-05,-9.487273680994666e-05,-2.270347479695317e-07,-4.3962360216568986e-05,-9.708739677341049e-05,-2.3764883213724053e-07,-4.492410772882661e-05,-9.932745015340184e-05,-2.4863060057134323e-07,-4.5894981755837946e-05,-0.00010159288973519005,-2.599884344056658e-07,-4.687494067860972e-05,-0.00010388370822230244,0.25
-1.7061408060628712e-07,-3.8385865276666e-05,-8.418058503117694e-05,-1.7919281294524784e-07,-3.929197852158038e-05,-8.62681725536754e-05,-1.880909118033185e-07,-4.020746843622797e-05,-8.838118833939552e-05,-1.9731619556181486e-07,-4.113229327644775e-05,-9.051962558267066e-05,-2.0687657647608686e-07,-4.206641131852087e-05,-9.268347739597503e-05,-2.1678006064324952e-07,-4.3009780859338386e-05,-9.487273680994666e-05,-2.270347479695317e-07,-4.3962360216568986e-05,-9.708739677341049e-05,-2.3764883213724053e-07,-4.492410772882661e-05,-9.932745015340184e-05,-2.4863060057134323e-07,-4.5894981755837946e-05,-0.00010159288973519005,-2.599884344056658e-07,-4.687494067860972e-05,-0.00010388370822230244,0.25
-1.7061408060628712e-07,-3.8385865276666e-05,-8.418058503117694e-05,-1.7919281294524784e-07,-3.929197852158038e-05,-8.62681725536754e-05,-1.880909118033185e-07,-4.020746843622797e-05,-8.838118833939552e-05,-1.9731619556181486e-07,-4.113229327644775e-05,-9.051962558267066e-05,-2.0687657647608686e-07,-4.206641131852087e-05,-9.268347739597503e-05,-2.1678006064324952e-07,-4.3009780859338386e-05,-9.487273680994666e-05,-2.270347479695317e-07,-4.3962360216568986e-05,-9.708739677341049e-05,-2.3764883213724053e-07,-4.492410772882661e-05,-9.932745015340184e-05,-2.4863060057134323e-07,-4.5894981755837946e-05,-0.00010159288973519005,-2.599884344056658e-07,-4.687494067860972e-05,-0.00010388370822230244,0.25
-1.7061408060628712e-07,-3.8385865276666e-05,-8.418058503117694e-05,-1.7919281294524784e-07,-3.929197852158038e-05,-8.62681725536754e-05,-1.880909118033185e-07,-4.020746843622797e-05,-8.838118833939552e-05,-1.9731619556181486e-07,-4.113229327644775e-05,-9.051962558267066e-05,-2.0687657647608686e-07,-4.206641131852087e-05,-9.268347739597503e-05,-2.1678006064324952e-07,-4.3009780859338386e-05,-9.487273680994666e-05,-2.270347479695317e-07,-4.3962360216568986e-05,-9.708739677341049e-05,-2.3764883213724053e-07,-4.492410772882661e-05,-9.932745015340184e-05,-2.4863060057134323e-07,-4.5894981755837946e-05,-0.00010159288973519005,-2.599884344056658e-07,-4.687494067860972e-05,-0.00010388370822230244,0.25
-1.7061408060628712e-07,-3.8385865276666e-05,-8.418058503117694e-05,-1.7919281294524784e-07,-3.929197852158038e-05,-8.62681725536754e-05,-1.880909118033185e-07,-4.020746843622797e-05,-8.838118833939552e-05,-1.9731619556181486e-07,-4.113229327644775e-05,-9.051962558267066e-05,-2.0687657647608686e-07,-4.206641131852087e-05,-9.268347739597503e-05,-2.1678006064324952e-07,-4.3009780859338386e-05,-9.487273680994666e-05,-2.270347479695317e-07,-4.3962360216568986e-05,-9.708739677341049e-05,-2.3764883213724053e-07,-4.492410772882661e-05,-9.932745015340184e-05,-2.4863060057134323e-07,-4.5894981755837946e-05,-0.00010159288973519005,-2.599884344056658e-07,-4.687494067860972e-05,-0.00010388370822230244,0.25
-1.7061408060628712e-07,-3.8385865276666e-05,-8.418058503117694e-05,-1.7919281294524784e-07,-3.929197852158038e-05,-8.62681725536754e-05,-1.880909118033185e-07,-4.020746843622797e-05,-8.838118833939552e-05,-1.9731619556181486e-07,-4.113229327644775e-05,-9.051962558267066e-05,-2.0687657647608686e-07,-4.206641131852087e-05,-9.268347739597503e-05,-2.1678006064324952e-07,-4.3009780859338386e-05,-9.487273680994666e-05,-2.270347479695317e-07,-4.3962360216568986e-05,-9.708739677341049e-05,-2.3764883213724053e-07,-4.492410772882661e-05,-9.932745015340184e-05,-2.4863060057134323e-07,-4.5894981755837946e-05,-0.00010159288973519005,-2.599884344056658e-07,-4.687494067860972e-05,-0.00010388370822230244,0.25
-1.7061408060628712e-07,-3.8385865276666e-05,-8.418058503117694e-05,-1.7919281294524784e-07,-3.929197852158038e-05,-8.62681725536754e-05,-1.880909118033185e-07,-4.020746843622797e-05,-8.838118833939552e-05,-1.9731619556181486e-07,-4.113229327644775e-05,-9.051962558267066e-05,-2.0687657647608686e-07,-4.206641131852087e-05,-9.268347739597503e-05,-2.1678006064324952e-07,-4.3009780859338386e-05,-9.487273680994666e-05,-2.270347479695317e-07,-4.3962360216568986e-05,-9.708739677341049e-05,-2.3764883213724053e-07,-4.492410772882661e-05,-9.932745015340184e-05,-2.4863060057134323e-07,-4.5894981755837946e-05,-0.00010159288973519005,-2.599884344056658e-07,-4.687494067860972e-05,-0.00010388370822230244,0.25
-1.7061408060628712e-07,-3.8385865276666e-05,-8.418058503117694e-05,-1.7919281294524784e-07,-3.929197852158038e-05,-8.62681725536754e-05,-1.880909118033185e-07,-4.020746843622797e-05,-8.838118833939552e-05,-1.9731619556181486e-07,-4.113229327644775e-05,-9.051962558267066e-05,-2.0687657647608686e-07,-4.206641131852087e-05,-9.268347739597503e-05,-2.1678006064324952e-07,-4.3009780859338386e-05,-9.487273680994666e-05,-2.270347479695317e-07,-4.3962360216568986e-05,-9.708739677341049e-05,-2.3764883213724053e-07,-4.492410772882661e-05,-9.932745015340184e-05,-2.4863060057134323e-07,-4.5894981755837946e-05,-0.00010159288973519005,-2.599884344056658e-07,-4.687494067860972e-05,-0.00010388370822230244,0.25
-1.7061408060628712e-07,-3.8385865276666e-05,-8.418058503117694e-05,-1.7919281294524784e-07,-3.929197852158038e-05,-8.62681725536754e-05,-1.880909118033185e-07,-4.020746843622797e-05,-8.838118833939552e-05,-1.9731619556181486e-07,-4.113229327644775e-05,-9.051962558267066e-05,-2.0687657647608686e-07,-4.206641131852087e-05,-9.268347739597503e-05,-2.1678006064324952e-07,-4.3009780859338386e-05,-9.487273680994666e-05,-2.270347479695317e-07,-4.3962360216568986e-05,-9.708739677341049e-05,-2.3764883213724053e-07,-4.492410772882661e-05,-9.932745015340184e-05,-2.4863060057134323e-07,-4.5894981755837946e-05,-0.00010159288973519005,-2.599884344056658e-07,-4.687494067860972e-05,-0.00010388370822230244,0.25
-1.7061408060628712e-07,-3.8385865276666e-05,-8.418058503117694e-05,-1.7919281294524784e-07,-3.929197852158038e-05,-8.62681725536754e-05,-1.880909118033185e-07,-4.020746843622797e-05,-8.838118833939552e-05,-1.9731619556181486e-07,-4.113229327644775e-05,-9.051962558267066e-05,-2.0687657647608686e-07,-4.206641131852087e-05,-9.268347739597503e-05,-2.1678006064324952e-07,-4.3009780859338386e-05,-9.487273680994666e-05,-2.270347479695317e-07,-4.3962360216568986e-05,-9.708739677341049e-05,-2.3764883213724053e-07,-4.492410772882661e-05,-9.932745015340184e-05,-2.4863060057134323e-07,-4.5894981755837946e-05,-0.00010159288973519005,-2.599884344056658e-07,-4.687494067860972e-05,-0.00010388370822230244,0.25
-1.7061408060628712e-07,-3.8385865276666e-05,-8.418058503117694e-05,-1.7919281294524784e-07,-3.929197852158038e-05,-8.62681725536754e-05,-1.880909118033185e-07,-4.020746843622797e-05,-8.838118833939552e-05,-1.9731619556181486e-07,-4.113229327644775e-05,-9.051962558267066e-05,-2.0687657647608686e-07,-4.206641131852087e-05,-9.268347739597503e-05,-2.1678006064324952e-07,-4.3009780859338386e-05,-9.487273680994666e-05,-2.270347479695317e-07,-4.3962360216568986e-05,-9.708739677341049e-05,-2.3764883213724053e-07,-4.492410772882661e-05,-9.932745015340184e-05,-2.4863060057134323e-07,-4.5894981755837946e-05,-0.00010159288973519005,-2.599884344056658e-07,-4.687494067860972e-05,-0.00010388370822230244,0.25
-1.7061408060628712e-07,-3.8385865276666e-05,-8.418058503117694e-05,-1.7919281294524784e-07,-3.929197852158038e-05,-8.62681725536754e-05,-1.880909118033185e-07,-4.020746843622797e-05,-8.838118833939552e-05,-1.9731619556181486e-07,-4.113229327644775e-05,-9.051962558267066e-05,-2.0687657647608686e-07,-4.206641131852087e-05,-9.268347739597503e-05,-2.1678006064324952e-07,-4.3009780859338386e-05,-9.487273680994666e-05,-2.270347479695317e-07,-4.3962360216568986e-05,-9.708739677341049e-05,-2.3764883213724053e-07,-4.492410772882661e-05,-9.932745015340184e-05,-2.4863060057134323e-07,-4.5894981755837946e-05,-0.00010159288973519005,-2.599884344056658e-07,-4.687494067860972e-05,-0.00010388370822230244,0.25
-1.7061408060628712e-07,-3.8385865276666e-05,-8.418058503117694e-05,-1.7919281294524784e-07,-3.929197852158038e-05,-8.62681725536754e-05,-1.880909118033185e-07,-4.020746843622797e-05,-8.838118833939552e-05,-1.9731619556181486e-07,-4.113229327644775e-05,-9.051962558267066e-05,-2.0687657647608686e-07,-4.206641131852087e-05,-9.268347739597503e-05,-2.1678006064324952e-07,-4.3009780859338386e-05,-9.487273680994666e-05,-2.270347479695317e-07,-4.3962360216568986e-05,-9.708739677341049e-05,-2.3764883213724053e-07,-4.492410772882661e-05,-9.932745015340184e-05,-2.4863060057134323e-07,-4.5894981755837946e-05,-0.00010159288973519005,-2.599884344056658e-07,-4.687494067860972e-05,-0.00010388370822230244,0.25
-1.7061408060628712e-07,-3.8385865276666e-05,-8.418058503117694e-05,-1.7919281294524784e-07,-3.929197852158038e-05,-8.62681725536754e-05,-1.880909118033185e-07,-4.020746843622797e-05,-8.838118833939552e-05,-1.9731619556181486e-07,-4.113229327644775e-05,-9.051962558267066e-05,-2.0687657647608686e-07,-4.206641131852087e-05,-9.268347739597503e-05,-2.1678006064324952e-07,-4.3009780859338386e-05,-9.487273680994666e-05,-2.270347479695317e-07,-4.3962360216568986e-05,-9.708739677341049e-05,-2.3764883213724053e-07,-4.492410772882661e-05,-9.932745015340184e-05,-2.4863060057134323e-07,-4.5894981755837946e-05,-0.00010159288973519005,-2.599884344056658e-07,-4.687494067860972e-05,-0.00010388370822230244,0.25
-1.7061408060628712e-07,-3.8385865276666e-05,-8.418058503117694e-05,-1.7919281294524784e-07,-3.929197852158038e-05,-8.62681725536754e-05,-1.880909118033185e-07,-4.020746843622797e-05,-8.838118833939552e-05,-1.9731619556181486e-07,-4.113229327644775e-05,-9.051962558267066e-05,-2.0687657647608686e-07,-4.206641131852087e-05,-9.268347739597503e-05,-2.1678006064324952e-07,-4.3009780859338386e-05,-9.487273680994666e-05,-2.270347479695317e-07,-4.3962360216568986e-05,-9.708739677341049e-05,-2.3764883213724053e-07,-4.492410772882661e-05,-9.932745015340184e-05,-2.4863060057134323e-07,-4.5894981755837946e-05,-0.00010159288973519005,-2.599884344056658e-07,-4.687494067860972e-05,-0.00010388370822230244,0.25
-1.7061408060628712e-07,-3.8385865276666e-05,-8.418058503117694e-05,-1.7919281294524784e-07,-3.929197852158038e-05,-8.62681725536754e-05,-1.880909118033185e-07,-4.020746843622797e-05,-8.838118833939552e-05,-1.9731619556181486e-07,-4.113229327644775e-05,-9.051962558267066e-05,-2.0687657647608686e-07,-4.206641131852087e-05,-9.268347739597503e-05,-2.1678006064324952e-07,-4.3009780859338386e-05,-9.487273680994666e-05,-2.270347479695317e-07,-4.3962360216568986e-05,-9.708739677341049e-05,-2.3764883213724053e-07,-4.492410772882661e-05,-9.932745015340184e-05,-2.4863060057134323e-07,-4.5894981755837946e-05,-0.00010159288973519005,-2.599884344056658e-07,-4.687494067860972e-05,-0.00010388370822230244,0.25
-1.7061408060628712e-07,-3.8385865276666e-05,-8.418058503117694e-05,-1.7919281294524784e-07,-3.929197852158038e-05,-8.62681725536754e-05,-1.880909118033185e-07,-4.020746843622797e-05,-8.838118833939552e-05,-1.9731619556181486e-07,-4.113229327644775e-05,-9.051962558267066e-05,-2.0687657647608686e-07,-4.206641131852087e-05,-9.268347739597503e-05,-2.1678006064324952e-07,-4.3009780859338386e-05,-9.487273680994666e-05,-2.270347479695317e-07,-4.3962360216568986e-05,-9.708739677341049e-05,-2.3764883213724053e-07,-4.492410772882661e-05,-9.932745015340184e-05,-2.4863060057134323e-07,-4.5894981755837946e-05,-0.00010159288973519005,-2.599884344056658e-07,-4.687494067860972e-05,-0.00010388370822230244,0.25
-1.7061408060628712e-07,-3.8385865276666e-05,-8.418058503117694e-05,-1.7919281294524784e-07,-3.929197852158038e-05,-8.62681725536754e-05,-1.880909118033185e-07,-4.020746843622797e-05,-8.838118833939552e-05,-1.9731619556181486e-07,-4.113229327644775e-05,-9.051962558267066e-05,-2.0687657647608686e-07,-4.206641131852087e-05,-9.268347739597503e-05,-2.1678006064324952e-07,-4.3009780859338386e-05,-9.487273680994666e-05,-2.270347479695317e-07,-4.3962360216568986e-05,-9.708739677341049e-05,-2.3764883213724053e-07,-4.492410772882661e-05,-9.932745015340184e-05,-2.4863060057134323e-07,-4.5894981755837946e-05,-0.00010159288973519005,-2.599884344056658e-07,-4.687494067860972e-05,-0.00010388370822230244,0.25
-1.7061408060628712e-07,-3.8385865276666e-05,-8.418058503117694e-05,-1.7919281294524784e-07,-3.929197852158038e-05,-8.62681725536754e-05,-1.880909118033185e-07,-4.020746843622797e-05,-8.838118833939552e-05,-1.9731619556181486e-07,-4.113229327644775e-05,-9.051962558267066e-05,-2.0687657647608686e-07,-4.206641131852087e-05,-9.268347739597503e-05,-2.1678006064324952e-07,-4.3009780859338386e-05,-9.487273680994666e-05,-2.270347479695317e-07,-4.3962360216568986e-05,-9.708739677341049e-05,-2.3764883213724053e-07,-4.492410772882661e-05,-9.932745015340184e-05,-2.4863060057134323e-07,-4.5894981755837946e-05,-0.00010159288973519005,-2.599884344056658e-07,-4.687494067860972e-05,-0.00010388370822230244,0.25
-1.7061408060628712e-07,-3.8385865276666e-05,-8.418058503117694e-05,-1.7919281294524784e-07,-3.929197852158038e-05,-8.62681725536754e-05,-1.880909118033185e-07,-4.020746843622797e-05,-8.838118833939552e-05,-1.9731619556181486e-07,-4.113229327644775e-05,-9.051962558267066e-05,-2.0687657647608686e-07,-4.206641131852087e-05,-9.268347739597503e-05,-2.1678006064324952e-07,-4.3009780859338386e-05,-9.487273680994666e-05,-2.270347479695317e-07,-4.3962360216568986e-05,-9.708739677341049e-05,-2.3764883213724053e-07,-4.492410772882661e-05,-9.932745015340184e-05,-2.4863060057134323e-07,-4.5894981755837946e-05,-0.00010159288973519005,-2.599884344056658e-07,-4.687494067860972e-05,-0.00010388370822230244,0.25
-1.7061408060628712e-07,-3.8385865276666e-05,-8.418058503117694e-05,-1.7919281294524784e-07,-3.929197852158038e-05,-8.62681725536754e-05,-1.880909118033185e-07,-4.020746843622797e-05,-8.838118833939552e-05,-1.9731619556181486e-07,-4.113229327644775e-05,-9.051962558267066e-05,-2.0687657647608686e-07,-4.206641131852087e-05,-9.268347739597503e-05,-2.1678006064324952e-07,-4.3009780859338386e-05,-9.487273680994666e-05,-2.270347479695317e-07,-4.3962360216568986e-05,-9.708739677341049e-05,-2.3764883213724053e-07,-4.492410772882661e-05,-9.932745015340184e-05,-2.4863060057134323e-07,-4.5894981755837946e-05,-0.00010159288973519005,-2.599884344056658e-07,-4.687494067860972e-05,-0.00010388370822230244,0.25
-1.7061408060628712e-07,-3.8385865276666e-05,-8.418058503117694e-05,-1.7919281294524784e-07,-3.929197852158038e-05,-8.62681725536754e-05,-1.880909118033185e-07,-4.020746843622797e-05,-8.838118833939552e-05,-1.9731619556181486e-07,-4.113229327644775e-05,-9.051962558267066e-05,-2.0687657647608686e-07,-4.206641131852087e-05,-9.268347739597503e-05,-2.1678006064324952e-07,-4.3009780859338386e-05,-9.487273680994666e-05,-2.270347479695317e-07,-4.3962360216568986e-05,-9.708739677341049e-05,-2.3764883213724053e-07,-4.492410772882661e-05,-9.932745015340184e-05,-2.4863060057134323e-07,-4.5894981755837946e-05,-0.00010159288973519005,-2.599884344056658e-07,-4.687494067860972e-05,-0.00010388370822230244,0.25
-1.7061408060628712e-07,-3.8385865276666e-05,-8.418058503117694e-05,-1.7919281294524784e-07,-3.929197852158038e-05,-8.62681725536754e-05,-1.880909118033185e-07,-4.020746843622797e-05,-8.838118833939552e-05,-1.9731619556181486e-07,-4.113229327644775e-05,-9.051962558267066e-05,-2.0687657647608686e-07,-4.206641131852087e-05,-9.268347739597503e-05,-2.1678006064324952e-07,-4.3009780859338386e-05,-9.487273680994666e-05,-2.270347479695317e-07,-4.3962360216568986e-05,-9.708739677341049e-05,-2.3764883213724053e-07,-4.492410772882661e-05,-9.932745015340184e-05,-2.4863060057134323e-07,-4.5894981755837946e-05,-0.00010159288973519005,-2.599884344056658e-07,-4.687494067860972e-05,-0.00010388370822230244,0.25
-1.7061408060628712e-07,-3.8385865276666e-05,-8.418058503117694e-05,-1.7919281294524784e-07,-3.929197852158038e-05,-8.62681725536754e-05,-1.880909118033185e-07,-4.020746843622797e-05,-8.838118833939552e-05,-1.9731619556181486e-07,-4.113229327644775e-05,-9.051962558267066e-05,-2.0687657647608686e-07,-4.206641131852087e-05,-9.268347739597503e-05,-2.1678006064324952e-07,-4.3009780859338386e-05,-9.487273680994666e-05,-2.270347479695317e-07,-4.3962360216568986e-05,-9.708739677341049e-05,-2.3764883213724053e-07,-4.492410772882661e-05,-9.932745015340184e-05,-2.4863060057134323e-07,-4.5894981755837946e-05,-0.00010159288973519005,-2.599884344056658e-07,-4.687494067860972e-05,-0.00010388370822230244,0.25
-1.7061408060628712e-07,-3.8385865276666e-05,-8.418058503117694e-05,-1.7919281294524784e-07,-3.929197852158038e-05,-8.62681725536754e-05,-1.880909118033185e-07,-4.020746843622797e-05,-8.838118833939552e-05,-1.9731619556181486e-07,-4.113229327644775e-05,-9.051962558267066e-05,-2.0687657647608686e-07,-4.206641131852087e-05,-9.268347739597503e-05,-2.1678006064324952e-07,-4.3009780859338386e-05,-9.487273680994666e-05,-2.270347479695317e-07,-4.3962360216568986e-05,-9.708739677341049e-05,-2.3764883213724053e-07,-4.492410772882661e-05,-9.932745015340184e-05,-2.4863060057134323e-07,-4.5894981755837946e-05,-0.00010159288973519005,-2.599884344056658e-07,-4.687494067860972e-05,-0.00010388370822230244,0.25
-1.7061408060628712e-07,-3.8385865276666e-05,-8.418058503117694e-05,-1.7919281294524784e-07,-3.929197852158038e-05,-8.62681725536754e-05,-1.880909118033185e-07,-4.020746843622797e-05,-8.838118833939552e-05,-1.9731619556181486e-07,-4.113229327644775e-05,-9.051962558267066e-05,-2.0687657647608686e-07,-4.206641131852087e-05,-9.268347739597503e-05,-2.1678006064324952e-07,-4.3009780859338386e-05,-9.487273680994666e-05,-2.270347479695317e-07,-4.3962360216568986e-05,-9.708739677341049e-05,-2.3764883213724053e-07,-4.492410772882661e-05,-9.932745015340184e-05,-2.4863060057134323e-07,-4.5894981755837946e-05,-0.00010159288973519005,-2.599884344056658e-07,-4.687494067860972e-05,-0.00010388370822230244,0.25
-1.7061408060628712e-07,-3.8385865276666e-05,-8.418058503117694e-05,-1.7919281294524784e-07,-3.929197852158038e-05,-8.62681725536754e-05,-1.880909118033185e-07,-4.020746843622797e-05,-8.838118833939552e-05,-1.9731619556181486e-07,-4.113229327644775e-05,-9.051962558267066e-05,-2.0687657647608686e-07,-4.206641131852087e-05,-9.268347739597503e-05,-2.1678006064324952e-07,-4.3009780859338386e-05,-9.487273680994666e-05,-2.270347479695317e-07,-4.3962360216568986e-05,-9.708739677341049e-05,-2.3764883213724053e-07,-4.492410772882661e-05,-9.932745015340184e-05,-2.4863060057134323e-07,-4.5894981755837946e-05,-0.00010159288973519005,-2.599884344056658e-07,-4.687494067860972e-05,-0.00010388370822230244,0.25
-1.7061408060628712e-07,-3.8385865276666e-05,-8.418058503117694e-05,-1.7919281294524784e-07,-3.929197852158038e-05,-8.62681725536754e-05,-1.880909118033185e-07,-4.020746843622797e-05,-8.838118833939552e-05,-1.9731619556181486e-07,-4.113229327644775e-05,-9.051962558267066e-05,-2.0687657647608686e-07,-4.206641131852087e-05,-9.268347739597503e-05,-2.1678006064324952e-07,-4.3009780859338386e-05,-9.487273680994666e-05,-2.270347479695317e-07,-4.3962360216568986e-05,-9.708739677341049e-05,-2.3764883213724053e-07,-4.492410772882661e-05,-9.932745015340184e-05,-2.4863060057134323e-07,-4.5894981755837946e-05,-0.00010159288973519005,-2.599884344056658e-07,-4.687494067860972e-05,-0.00010388370822230244,0.25
-1.7061408060628712e-07,-3.8385865276666e-05,-8.418058503117694e-05,-1.7919281294524784e-07,-3.929197852158038e-05,-8.62681725536754e-05,-1.880909118033185e-07,-4.020746843622797e-05,-8.838118833939552e-05,-1.9731619556181486e-07,-4.113229327644775e-05,-9.051962558267066e-05,-2.0687657647608686e-07,-4.206641131852087e-05,-9.268347739597503e-05,-2.1678006064324952e-07,-4.3009780859338386e-05,-9.487273680994666e-05,-2.270347479695317e-07,-4.3962360216568986e-05,-9.708739677341049e-05,-2.3764883213724053e-07,-4.492410772882661e-05,-9.932745015340184e-05,-2.4863060057134323e-07,-4.5894981755837946e-05,-0.00010159288973519005,-2.599884344056658e-07,-4.687494067860972e-05,-0.00010388370822230244,0.25
-1.7061408060628712e-07,-3.8385865276666e-05,-8.418058503117694e-05,-1.7919281294524784e-07,-3.929197852158038e-05,-8.62681725536754e-05,-1.880909118033185e-07,-4.020746843622797e-05,-8.838118833939552e-05,-1.9731619556181486e-07,-4.113229327644775e-05,-9.051962558267066e-05,-2.0687657647608686e-07,-4.206641131852087e-05,-9.268347739597503e-05,-2.1678006064324952e-07,-4.3009780859338386e-05,-9.487273680994666e-05,-2.270347479695317e-07,-4.3962360216568986e-05,-9.708739677341049e-05,-2.3764883213724053e-07,-4.492410772882661e-05,-9.932745015340184e-05,-2.4863060057134323e-07,-4.5894981755837946e-05,-0.00010159288973519005,-2.599884344056658e-07,-4.687494067860972e-05,-0.00010388370822230244,0.25
-1.7061408060628712e-07,-3.8385865276666e-05,-8.418058503117694e-05,-1.7919281294524784e-07,-3.929197852158038e-05,-8.62681725536754e-05,-1.880909118033185e-07,-4.020746843622797e-05,-8.838118833939552e-05,-1.9731619556181486e-07,-4.113229327644775e-05,-9.051962558267066e-05,-2.0687657647608686e-07,-4.206641131852087e-05,-9.268347739597503e-05,-2.1678006064324952e-07,-4.3009780859338386e-05,-9.487273680994666e-05,-2.270347479695317e-07,-4.3962360216568986e-05,-9.708739677341049e-05,-2.3764883213724053e-07,-4.492410772882661e-05,-9.932745015340184e-05,-2.4863060057134323e-07,-4.5894981755837946e-05,-0.00010159288973519005,-2.599884344056658e-07,-4.687494067860972e-05,-0.00010388370822230244,0.25
-1.7061408060628712e-07,-3.8385865276666e-05,-8.418058503117694e-05,-1.7919281294524784e-07,-3.929197852158038e-05,-8.62681725536754e-05,-1.880909118033185e-07,-4.020746843622797e-05,-8.838118833939552e-05,-1.9731619556181486e-07,-4.113229327644775e-05,-9.051962558267066e-05,-2.0687657647608686e-07,-4.206641131852087e-05,-9.268347739597503e-05,-2.1678006064324952e-07,-4.3009780859338386e-05,-9.487273680994666e-05,-2.270347479695317e-07,-4.3962360216568986e-05,-9.708739677341049e-05,-2.3764883213724053e-07,-4.492410772882661e-05,-9.932745015340184e-05,-2.4863060057134323e-07,-4.5894981755837946e-05,-0.00010159288973519005,-2.599884344056658e-07,-4.687494067860972e-05,-0.00010388370822230244,0.25
-1.7061408060628712e-07,-3.8385865276666e-05,-8.418058503117694e-05,-1.7919281294524784e-07,-3.929197852158038e-05,-8.62681725536754e-05,-1.880909118033185e-07,-4.020746843622797e-05,-8.838118833939552e-05,-1.9731619556181486e-07,-4.113229327644775e-05,-9.051962558267066e-05,-2.0687657647608686e-07,-4.206641131852087e-05,-9.268347739597503e-05,-2.1678006064324952e-07,-4.3009780859338386e-05,-9.487273680994666e-05,-2.270347479695317e-07,-4.3962360216568986e-05,-9.708739677341049e-05,-2.3764883213724053e-07,-4.492410772882661e-05,-9.932745015340184e-05,-2.4863060057134323e-07,-4.5894981755837946e-05,-0.00010159288973519005,-2.599884344056658e-07,-4.687494067860972e-05,-0.00010388370822230244,0.25
-1.7061408060628712e-07,-3.8385865276666e-05,-8.418058503117694e-05,-1.7919281294524784e-07,-3.929197852158038e-05,-8.62681725536754e-05,-1.880909118033185e-07,-4.020746843622797e-05,-8.838118833939552e-05,-1.9731619556181486e-07,-4.113229327644775e-05,-9.051962558267066e-05,-2.0687657647608686e-07,-4.206641131852087e-05,-9.268347739597503e-05,-2.1678006064324952e-07,-4.3009780859338386e-05,-9.487273680994666e-05,-2.270347479695317e-07,-4.3962360216568986e-05,-9.708739677341049e-05,-2.3764883213724053e-07,-4.492410772882661e-05,-9.932745015340184e-05,-2.4863060057134323e-07,-4.5894981755837946e-05,-0.00010159288973519005,-2.599884344056658e-07,-4.687494067860972e-05,-0.00010388370822230244,0.25
-1.7061408060628712e-07,-3.8385865276666e-05,-8.418058503117694e-05,-1.7919281294524784e-07,-3.929197852158038e-05,-8.62681725536754e-05,-1.880909118033185e-07,-4.020746843622797e-05,-8.838118833939552e-05,-1.9731619556181486e-07,-4.113229327644775e-05,-9.051962558267066e-05,-2.0687657647608686e-07,-4.206641131852087e-05,-9.268347739597503e-05,-2.1678006064324952e-07,-4.3009780859338386e-05,-9.487273680994666e-05,-2.270347479695317e-07,-4.3962360216568986e-05,-9.708739677341049e-05,-2.3764883213724053e-07,-4.492410772882661e-05,-9.932745015340184e-05,-2.4863060057134323e-07,-4.5894981755837946e-05,-0.00010159288973519005,-2.599884344056658e-07,-4.687494067860972e-05,-0.00010388370822230244,0.25
-1.7061408060628712e-07,-3.8385865276666e-05,-8.418058503117694e-05,-1.7919281294524784e-07,-3.929197852158038e-05,-8.62681725536754e-05,-1.880909118033185e-07,-4.020746843622797e-05,-8.838118833939552e-05,-1.9731619556181486e-07,-4.113229327644775e-05,-9.051962558267066e-05,-2.0687657647608686e-07,-4.206641131852087e-05,-9.268347739597503e-05,-2.1678006064324952e-07,-4.3009780859338386e-05,-9.487273680994666e-05,-2.270347479695317e-07,-4.3962360216568986e-05,-9.708739677341049e-05,-2.3764883213724053e-07,-4.492410772882661e-05,-9.932745015340184e-05,-2.4863060057134323e-07,-4.5894981755837946e-05,-0.00010159288973519005,-2.599884344056658e-07,-4.687494067860972e-05,-0.00010388370822230244,0.25
-1.7061408060628712e-07,-3.8385865276666e-05,-8.418058503117694e-05,-1.7919281294524784e-07,-3.929197852158038e-05,-8.62681725536754e-05,-1.880909118033185e-07,-4.020746843622797e-05,-8.838118833939552e-05,-1.9731619556181486e-07,-4.113229327644775e-05,-9.051962558267066e-05,-2.0687657647608686e-07,-4.206641131852087e-05,-9.268347739597503e-05,-2.1678006064324952e-07,-4.3009780859338386e-05,-9.487273680994666e-05,-2.270347479695317e-07,-4.3962360216568986e-05,-9.708739677341049e-05,-2.3764883213724053e-07,-4.492410772882661e-05,-9.932745015340184e-05,-2.4863060057134323e-07,-4.5894981755837946e-05,-0.00010159288973519005,-2.599884344056658e-07,-4.687494067860972e-05,-0.00010388370822230244,0.25
-1.7061408060628712e-07,-3.8385865276666e-05,-8.418058503117694e-05,-1.7919281294524784e-07,-3.929197852158038e-05,-8.62681725536754e-05,-1.880909118033185e-07,-4.020746843622797e-05,-8.838118833939552e-05,-1.9731619556181486e-07,-4.113229327644775e-05,-9.051962558267066e-05,-2.0687657647608686e-07,-4.206641131852087e-05,-9.268347739597503e-05,-2.1678006064324952e-07,-4.3009780859338386e-05,-9.487273680994666e-05,-2.270347479695317e-07,-4.3962360216568986e-05,-9.708739677341049e-05,-2.3764883213724053e-07,-4.492410772882661e-05,-9.932745015340184e-05,-2.4863060057134323e-07,-4.5894981755837946e-05,-0.00010159288973519005,-2.599884344056658e-07,-4.687494067860972e-05,-0.00010388370822230244,0.25
-1.7061408060628712e-07,-3.8385865276666e-05,-8.418058503117694e-05,-1.7919281294524784e-07,-3.929197852158038e-05,-8.62681725536754e-05,-1.880909118033185e-07,-4.020746843622797e-05,-8.838118833939552e-05,-1.9731619556181486e-07,-4.113229327644775e-05,-9.051962558267066e-05,-2.0687657647608686e-07,-4.206641131852087e-05,-9.268347739597503e-05,-2.1678006064324952e-07,-4.3009780859338386e-05,-9.487273680994666e-05,-2.270347479695317e-07,-4.3962360216568986e-05,-9.708739677341049e-05,-2.3764883213724053e-07,-4.492410772882661e-05,-9.932745015340184e-05,-2.4863060057134323e-07,-4.5894981755837946e-05,-0.00010159288973519005,-2.599884344056658e-07,-4.687494067860972e-05,-0.00010388370822230244,0.25
-1.7061408060628712e-07,-3.8385865276666e-05,-8.418058503117694e-05,-1.7919281294524784e-07,-3.929197852158038e-05,-8.62681725536754e-05,-1.880909118033185e-07,-4.020746843622797e-05,-8.838118833939552e-05,-1.9731619556181486e-07,-4.113229327644775e-05,-9.051962558267066e-05,-2.0687657647608686e-07,-4.206641131852087e-05,-9.268347739597503e-05,-2.1678006064324952e-07,-4.3009780859338386e-05,-9.487273680994666e-05,-2.270347479695317e-07,-4.3962360216568986e-05,-9.708739677341049e-05,-2.3764883213724053e-07,-4.492410772882661e-05,-9.932745015340184e-05,-2.4863060057134323e-07,-4.5894981755837946e-05,-0.00010159288973519005,-2.599884344056658e-07,-4.687494067860972e-05,-0.00010388370822230244,0.25
-1.7061408060628712e-07,-3.8385865276666e-05,-8.418058503117694e-05,-1.7919281294524784e-07,-3.929197852158038e-05,-8.62681725536754e-05,-1.880909118033185e-07,-4.020746843622797e-05,-8.838118833939552e-05,-1.9731619556181486e-07,-4.113229327644775e-05,-9.051962558267066e-05,-2.0687657647608686e-07,-4.206641131852087e-05,-9.268347739597503e-05,-2.1678006064324952e-07,-4.3009780859338386e-05,-9.487273680994666e-05,-2.270347479695317e-07,-4.3962360216568986e-05,-9.708739677341049e-05,-2.3764883213724053e-07,-4.492410772882661e-05,-9.932745015340184e-05,-2.4863060057134323e-07,-4.5894981755837946e-05,-0.00010159288973519005,-2.599884344056658e-07,-4.687494067860972e-05,-0.00010388370822230244,0.25
-1.7061408060628712e-07,-3.8385865276666e-05,-8.418058503117694e-05,-1.7919281294524784e-07,-3.929197852158038e-05,-8.62681725536754e-05,-1.880909118033185e-07,-4.020746843622797e-05,-8.838118833939552e-05,-1.9731619556181486e-07,-4.113229327644775e-05,-9.051962558267066e-05,-2.0687657647608686e-07,-4.206641131852087e-05,-9.268347739597503e-05,-2.1678006064324952e-07,-4.3009780859338386e-05,-9.487273680994666e-05,-2.270347479695317e-07,-4.3962360216568986e-05,-9.708739677341049e-05,-2.3764883213724053e-07,-4.492410772882661e-05,-9.932745015340184e-05,-2.4863060057134323e-07,-4.5894981755837946e-05,-0.00010159288973519005,-2.599884344056658e-07,-4.687494067860972e-05,-0.00010388370822230244,0.25
-1.7061408060628712e-07,-3.8385865276666e-05,-8.418058503117694e-05,-1.7919281294524784e-07,-3.929197852158038e-05,-8.62681725536754e-05,-1.880909118033185e-07,-4.020746843622797e-05,-8.838118833939552e-05,-1.9731619556181486e-07,-4.113229327644775e-05,-9.051962558267066e-05,-2.0687657647608686e-07,-4.206641131852087e-05,-9.268347739597503e-05,-2.1678006064324952e-07,-4.3009780859338386e-05,-9.487273680994666e-05,-2.270347479695317e-07,-4.3962360216568986e-05,-9.708739677341049e-05,-2.3764883213724053e-07,-4.492410772882661e-05,-9.932745015340184e-05,-2.4863060057134323e-07,-4.5894981755837946e-05,-0.00010159288973519005,-2.599884344056658e-07,-4.687494067860972e-05,-0.00010388370822230244,0.25
-1.7061408060628712e-07,-3.8385865276666e-05,-8.418058503117694e-05,-1.7919281294524784e-07,-3.929197852158038e-05,-8.62681725536754e-05,-1.880909118033185e-07,-4.020746843622797e-05,-8.838118833939552e-05,-1.9731619556181486e-07,-4.113229327644775e-05,-9.051962558267066e-05,-2.0687657647608686e-07,-4.206641131852087e-05,-9.268347739597503e-05,-2.1678006064324952e-07,-4.3009780859338386e-05,-9.487273680994666e-05,-2.270347479695317e-07,-4.3962360216568986e-05,-9.708739677341049e-05,-2.3764883213724053e-07,-4.492410772882661e-05,-9.932745015340184e-05,-2.4863060057134323e-07,-4.5894981755837946e-05,-0.00010159288973519005,-2.599884344056658e-07,-4.687494067860972e-05,-0.00010388370822230244,0.25
-1.7061408060628712e-07,-3.8385865276666e-05,-8.418058503117694e-05,-1.7919281294524784e-07,-3.929197852158038e-05,-8.62681725536754e-05,-1.880909118033185e-07,-4.020746843622797e-05,-8.838118833939552e-05,-1.9731619556181486e-07,-4.113229327644775e-05,-9.051962558267066e-05,-2.0687657647608686e-07,-4.206641131852087e-05,-9.268347739597503e-05,-2.1678006064324952e-07,-4.3009780859338386e-05,-9.487273680994666e-05,-2.270347479695317e-07,-4.3962360216568986e-05,-9.708739677341049e-05,-2.3764883213724053e-07,-4.492410772882661e-05,-9.932745015340184e-05,-2.4863060057134323e-07,-4.5894981755837946e-05,-0.00010159288973519005,-2.599884344056658e-07,-4.687494067860972e-05,-0.00010388370822230244,0.25
-1.7061408060628712e-07,-3.8385865276666e-05,-8.418058503117694e-05,-1.7919281294524784e-07,-3.929197852158038e-05,-8.62681725536754e-05,-1.880909118033185e-07,-4.020746843622797e-05,-8.838118833939552e-05,-1.9731619556181486e-07,-4.113229327644775e-05,-9.051962558267066e-05,-2.0687657647608686e-07,-4.206641131852087e-05,-9.268347739597503e-05,-2.1678006064324952e-07,-4.3009780859338386e-05,-9.487273680994666e-05,-2.270347479695317e-07,-4.3962360216568986e-05,-9.708739677341049e-05,-2.3764883213724053e-07,-4.492410772882661e-05,-9.932745015340184e-05,-2.4863060057134323e-07,-4.5894981755837946e-05,-0.00010159288973519005,-2.599884344056658e-07,-4.687494067860972e-05,-0.00010388370822230244,0.25
-1.7061408060628712e-07,-3.8385865276666e-05,-8.418058503117694e-05,-1.7919281294524784e-07,-3.929197852158038e-05,-8.62681725536754e-05,-1.880909118033185e-07,-4.020746843622797e-05,-8.838118833939552e-05,-1.9731619556181486e-07,-4.113229327644775e-05,-9.051962558267066e-05,-2.0687657647608686e-07,-4.206641131852087e-05,-9.268347739597503e-05,-2.1678006064324952e-07,-4.3009780859338386e-05,-9.487273680994666e-05,-2.270347479695317e-07,-4.3962360216568986e-05,-9.708739677341049e-05,-2.3764883213724053e-07,-4.492410772882661e-05,-9.932745015340184e-05,-2.4863060057134323e-07,-4.5894981755837946e-05,-0.00010159288973519005,-2.599884344056658e-07,-4.687494067860972e-05,-0.00010388370822230244,0.25
-1.7061408060628712e-07,-3.8385865276666e-05,-8.418058503117694e-05,-1.7919281294524784e-07,-3.929197852158038e-05,-8.62681725536754e-05,-1.880909118033185e-07,-4.020746843622797e-05,-8.838118833939552e-05,-1.9731619556181486e-07,-4.113229327644775e-05,-9.051962558267066e-05,-2.0687657647608686e-07,-4.206641131852087e-05,-9.268347739597503e-05,-2.1678006064324952e-07,-4.3009780859338386e-05,-9.487273680994666e-05,-2.270347479695317e-07,-4.3962360216568986e-05,-9.708739677341049e-05,-2.3764883213724053e-07,-4.492410772882661e-05,-9.932745015340184e-05,-2.4863060057134323e-07,-4.5894981755837946e-05,-0.00010159288973519005,-2.599884344056658e-07,-4.687494067860972e-05,-0.00010388370822230244,0.25
-1.7061408060628712e-07,-3.8385865276666e-05,-8.418058503117694e-05,-1.7919281294524784e-07,-3.929197852158038e-05,-8.62681725536754e-05,-1.880909118033185e-07,-4.020746843622797e-05,-8.838118833939552e-05,-1.9731619556181486e-07,-4.113229327644775e-05,-9.051962558267066e-05,-2.0687657647608686e-07,-4.206641131852087e-05,-9.268347739597503e-05,-2.1678006064324952e-07,-4.3009780859338386e-05,-9.487273680994666e-05,-2.270347479695317e-07,-4.3962360216568986e-05,-9.708739677341049e-05,-2.3764883213724053e-07,-4.492410772882661e-05,-9.932745015340184e-05,-2.4863060057134323e-07,-4.5894981755837946e-05,-0.00010159288973519005,-2.599884344056658e-07,-4.687494067860972e-05,-0.00010388370822230244,0.25
-1.7061408060628712e-07,-3.8385865276666e-05,-8.418058503117694e-05,-1.7919281294524784e-07,-3.929197852158038e-05,-8.62681725536754e-05,-1.880909118033185e-07,-4.020746843622797e-05,-8.838118833939552e-05,-1.9731619556181486e-07,-4.113229327644775e-05,-9.051962558267066e-05,-2.0687657647608686e-07,-4.206641131852087e-05,-9.268347739597503e-05,-2.1678006064324952e-07,-4.3009780859338386e-05,-9.487273680994666e-05,-2.270347479695317e-07,-4.3962360216568986e-05,-9.708739677341049e-05,-2.3764883213724053e-07,-4.492410772882661e-05,-9.932745015340184e-05,-2.4863060057134323e-07,-4.5894981755837946e-05,-0.00010159288973519005,-2.599884344056658e-07,-4.687494067860972e-05,-0.00010388370822230244,0.25
-1.7061408060628712e-07,-3.8385865276666e-05,-8.418058503117694e-05,-1.7919281294524784e-07,-3.929197852158038e-05,-8.62681725536754e-05,-1.880909118033185e-07,-4.020746843622797e-05,-8.838118833939552e-05,-1.9731619556181486e-07,-4.113229327644775e-05,-9.051962558267066e-05,-2.0687657647608686e-07,-4.206641131852087e-05,-9.268347739597503e-05,-2.1678006064324952e-07,-4.3009780859338386e-05,-9.487273680994666e-05,-2.270347479695317e-07,-4.3962360216568986e-05,-9.708739677341049e-05,-2.3764883213724053e-07,-4.492410772882661e-05,-9.932745015340184e-05,-2.4863060057134323e-07,-4.5894981755837946e-05,-0.00010159288973519005,-2.599884344056658e-07,-4.687494067860972e-05,-0.00010388370822230244,0.25
-1.7061408060628712e-07,-3.8385865276666e-05,-8.418058503117694e-05,-1.7919281294524784e-07,-3.929197852158038e-05,-8.62681725536754e-05,-1.880909118033185e-07,-4.020746843622797e-05,-8.838118833939552e-05,-1.9731619556181486e-07,-4.113229327644775e-05,-9.051962558267066e-05,-2.0687657647608686e-07,-4.206641131852087e-05,-9.268347739597503e-05,-2.1678006064324952e-07,-4.3009780859338386e-05,-9.487273680994666e-05,-2.270347479695317e-07,-4.3962360216568986e-05,-9.708739677341049e-05,-2.3764883213724053e-07,-4.492410772882661e-05,-9.932745015340184e-05,-2.4863060057134323e-07,-4.5894981755837946e-05,-0.00010159288973519005,-2.599884344056658e-07,-4.687494067860972e-05,-0.00010388370822230244,0.25
-1.7061408060628712e-07,-3.8385865276666e-05,-8.418058503117694e-05,-1.7919281294524784e-07,-3.929197852158038e-05,-8.62681725536754e-05,-1.880909118033185e-07,-4.020746843622797e-05,-8.838118833939552e-05,-1.9731619556181486e-07,-4.113229327644775e-05,-9.051962558267066e-05,-2.0687657647608686e-07,-4.206641131852087e-05,-9.268347739597503e-05,-2.1678006064324952e-07,-4.3009780859338386e-05,-9.487273680994666e-05,-2.270347479695317e-07,-4.3962360216568986e-05,-9.708739677341049e-05,-2.3764883213724053e-07,-4.492410772882661e-05,-9.932745015340184e-05,-2.4863060057134323e-07,-4.5894981755837946e-05,-0.00010159288973519005,-2.599884344056658e-07,-4.687494067860972e-05,-0.00010388370822230244,0.25
-1.7061408060628712e-07,-3.8385865276666e-05,-8.418058503117694e-05,-1.7919281294524784e-07,-3.929197852158038e-05,-8.62681725536754e-05,-1.880909118033185e-07,-4.020746843622797e-05,-8.838118833939552e-05,-1.9731619556181486e-07,-4.113229327644775e-05,-9.051962558267066e-05,-2.0687657647608686e-07,-4.206641131852087e-05,-9.268347739597503e-05,-2.1678006064324952e-07,-4.3009780859338386e-05,-9.487273680994666e-05,-2.270347479695317e-07,-4.3962360216568986e-05,-9.708739677341049e-05,-2.3764883213724053e-07,-4.492410772882661e-05,-9.932745015340184e-05,-2.4863060057134323e-07,-4.5894981755837946e-05,-0.00010159288973519005,-2.599884344056658e-07,-4.687494067860972e-05,-0.00010388370822230244,0.25
-1.7061408060628712e-07,-3.8385865276666e-05,-8.418058503117694e-05,-1.7919281294524784e-07,-3.929197852158038e-05,-8.62681725536754e-05,-1.880909118033185e-07,-4.020746843622797e-05,-8.838118833939552e-05,-1.9731619556181486e-07,-4.113229327644775e-05,-9.051962558267066e-05,-2.0687657647608686e-07,-4.206641131852087e-05,-9.268347739597503e-05,-2.1678006064324952e-07,-4.3009780859338386e-05,-9.487273680994666e-05,-2.270347479695317e-07,-4.3962360216568986e-05,-9.708739677341049e-05,-2.3764883213724053e-07,-4.492410772882661e-05,-9.932745015340184e-05,-2.4863060057134323e-07,-4.5894981755837946e-05,-0.00010159288973519005,-2.599884344056658e-07,-4.687494067860972e-05,-0.00010388370822230244,0.25
-1.7061408060628712e-07,-3.8385865276666e-05,-8.418058503117694e-05,-1.7919281294524784e-07,-3.929197852158038e-05,-8.62681725536754e-05,-1.880909118033185e-07,-4.020746843622797e-05,-8.838118833939552e-05,-1.9731619556181486e-07,-4.113229327644775e-05,-9.051962558267066e-05,-2.0687657647608686e-07,-4.206641131852087e-05,-9.268347739597503e-05,-2.1678006064324952e-07,-4.3009780859338386e-05,-9.487273680994666e-05,-2.270347479695317e-07,-4.3962360216568986e-05,-9.708739677341049e-05,-2.3764883213724053e-07,-4.492410772882661e-05,-9.932745015340184e-05,-2.4863060057134323e-07,-4.5894981755837946e-05,-0.00010159288973519005,-2.599884344056658e-07,-4.687494067860972e-05,-0.00010388370822230244,0.25
-1.7061408060628712e-07,-3.8385865276666e-05,-8.418058503117694e-05,-1.7919281294524784e-07,-3.929197852158038e-05,-8.62681725536754e-05,-1.880909118033185e-07,-4.020746843622797e-05,-8.838118833939552e-05,-1.9731619556181486e-07,-4.113229327644775e-05,-9.051962558267066e-05,-2.0687657647608686e-07,-4.206641131852087e-05,-9.268347739597503e-05,-2.1678006064324952e-07,-4.3009780859338386e-05,-9.487273680994666e-05,-2.270347479695317e-07,-4.3962360216568986e-05,-9.708739677341049e-05,-2.3764883213724053e-07,-4.492410772882661e-05,-9.932745015340184e-05,-2.4863060057134323e-07,-4.5894981755837946e-05,-0.00010159288973519005,-2.599884344056658e-07,-4.687494067860972e-05,-0.00010388370822230244,0.25
-1.7061408060628712e-07,-3.8385865276666e-05,-8.418058503117694e-05,-1.7919281294524784e-07,-3.929197852158038e-05,-8.62681725536754e-05,-1.880909118033185e-07,-4.020746843622797e-05,-8.838118833939552e-05,-1.9731619556181486e-07,-4.113229327644775e-05,-9.051962558267066e-05,-2.0687657647608686e-07,-4.206641131852087e-05,-9.268347739597503e-05,-2.1678006064324952e-07,-4.3009780859338386e-05,-9.487273680994666e-05,-2.270347479695317e-07,-4.3962360216568986e-05,-9.708739677341049e-05,-2.3764883213724053e-07,-4.492410772882661e-05,-9.932745015340184e-05,-2.4863060057134323e-07,-4.5894981755837946e-05,-0.00010159288973519005,-2.599884344056658e-07,-4.687494067860972e-05,-0.00010388370822230244,0.25
-1.7061408060628712e-07,-3.8385865276666e-05,-8.418058503117694e-05,-1.7919281294524784e-07,-3.929197852158038e-05,-8.62681725536754e-05,-1.880909118033185e-07,-4.020746843622797e-05,-8.838118833939552e-05,-1.9731619556181486e-07,-4.113229327644775e-05,-9.051962558267066e-05,-2.0687657647608686e-07,-4.206641131852087e-05,-9.268347739597503e-05,-2.1678006064324952e-07,-4.3009780859338386e-05,-9.487273680994666e-05,-2.270347479695317e-07,-4.3962360216568986e-05,-9.708739677341049e-05,-2.3764883213724053e-07,-4.492410772882661e-05,-9.932745015340184e-05,-2.4863060057134323e-07,-4.5894981755837946e-05,-0.00010159288973519005,-2.599884344056658e-07,-4.687494067860972e-05,-0.00010388370822230244,0.25
-1.7061408060628712e-07,-3.8385865276666e-05,-8.418058503117694e-05,-1.7919281294524784e-07,-3.929197852158038e-05,-8.62681725536754e-05,-1.880909118033185e-07,-4.020746843622797e-05,-8.838118833939552e-05,-1.9731619556181486e-07,-4.113229327644775e-05,-9.051962558267066e-05,-2.0687657647608686e-07,-4.206641131852087e-05,-9.268347739597503e-05,-2.1678006064324952e-07,-4.3009780859338386e-05,-9.487273680994666e-05,-2.270347479695317e-07,-4.3962360216568986e-05,-9.708739677341049e-05,-2.3764883213724053e-07,-4.492410772882661e-05,-9.932745015340184e-05,-2.4863060057134323e-07,-4.5894981755837946e-05,-0.00010159288973519005,-2.599884344056658e-07,-4.687494067860972e-05,-0.00010388370822230244,0.25
-1.7061408060628712e-07,-3.8385865276666e-05,-8.418058503117694e-05,-1.7919281294524784e-07,-3.929197852158038e-05,-8.62681725536754e-05,-1.880909118033185e-07,-4.020746843622797e-05,-8.838118833939552e-05,-1.9731619556181486e-07,-4.113229327644775e-05,-9.051962558267066e-05,-2.0687657647608686e-07,-4.206641131852087e-05,-9.268347739597503e-05,-2.1678006064324952e-07,-4.3009780859338386e-05,-9.487273680994666e-05,-2.270347479695317e-07,-4.3962360216568986e-05,-9.708739677341049e-05,-2.3764883213724053e-07,-4.492410772882661e-05,-9.932745015340184e-05,-2.4863060057134323e-07,-4.5894981755837946e-05,-0.00010159288973519005,-2.599884344056658e-07,-4.687494067860972e-05,-0.00010388370822230244,0.25
-1.7061408060628712e-07,-3.8385865276666e-05,-8.418058503117694e-05,-1.7919281294524784e-07,-3.929197852158038e-05,-8.62681725536754e-05,-1.880909118033185e-07,-4.020746843622797e-05,-8.838118833939552e-05,-1.9731619556181486e-07,-4.113229327644775e-05,-9.051962558267066e-05,-2.0687657647608686e-07,-4.206641131852087e-05,-9.268347739597503e-05,-2.1678006064324952e-07,-4.3009780859338386e-05,-9.487273680994666e-05,-2.270347479695317e-07,-4.3962360216568986e-05,-9.708739677341049e-05,-2.3764883213724053e-07,-4.492410772882661e-05,-9.932745015340184e-05,-2.4863060057134323e-07,-4.5894981755837946e-05,-0.00010159288973519005,-2.599884344056658e-07,-4.687494067860972e-05,-0.00010388370822230244,0.25
-1.7061408060628712e-07,-3.8385865276666e-05,-8.418058503117694e-05,-1.7919281294524784e-07,-3.929197852158038e-05,-8.62681725536754e-05,-1.880909118033185e-07,-4.020746843622797e-05,-8.838118833939552e-05,-1.9731619556181486e-07,-4.113229327644775e-05,-9.051962558267066e-05,-2.0687657647608686e-07,-4.206641131852087e-05,-9.268347739597503e-05,-2.1678006064324952e-07,-4.3009780859338386e-05,-9.487273680994666e-05,-2.270347479695317e-07,-4.3962360216568986e-05,-9.708739677341049e-05,-2.3764883213724053e-07,-4.492410772882661e-05,-9.932745015340184e-05,-2.4863060057134323e-07,-4.5894981755837946e-05,-0.00010159288973519005,-2.599884344056658e-07,-4.687494067860972e-05,-0.00010388370822230244,0.25
-1.7061408060628712e-07,-3.8385865276666e-05,-8.418058503117694e-05,-1.7919281294524784e-07,-3.929197852158038e-05,-8.62681725536754e-05,-1.880909118033185e-07,-4.020746843622797e-05,-8.838118833939552e-05,-1.9731619556181486e-07,-4.113229327644775e-05,-9.051962558267066e-05,-2.0687657647608686e-07,-4.206641131852087e-05,-9.268347739597503e-05,-2.1678006064324952e-07,-4.3009780859338386e-05,-9.487273680994666e-05,-2.270347479695317e-07,-4.3962360216568986e-05,-9.708739677341049e-05,-2.3764883213724053e-07,-4.492410772882661e-05,-9.932745015340184e-05,-2.4863060057134323e-07,-4.5894981755837946e-05,-0.00010159288973519005,-2.599884344056658e-07,-4.687494067860972e-05,-0.00010388370822230244,0.25
-1.7061408060628712e-07,-3.8385865276666e-05,-8.418058503117694e-05,-1.7919281294524784e-07,-3.929197852158038e-05,-8.62681725536754e-05,-1.880909118033185e-07,-4.020746843622797e-05,-8.838118833939552e-05,-1.9731619556181486e-07,-4.113229327644775e-05,-9.051962558267066e-05,-2.0687657647608686e-07,-4.206641131852087e-05,-9.268347739597503e-05,-2.1678006064324952e-07,-4.3009780859338386e-05,-9.487273680994666e-05,-2.270347479695317e-07,-4.3962360216568986e-05,-9.708739677341049e-05,-2.3764883213724053e-07,-4.492410772882661e-05,-9.932745015340184e-05,-2.4863060057134323e-07,-4.5894981755837946e-05,-0.00010159288973519005,-2.599884344056658e-07,-4.687494067860972e-05,-0.00010388370822230244,0.25
-1.7061408060628712e-07,-3.8385865276666e-05,-8.418058503117694e-05,-1.7919281294524784e-07,-3.929197852158038e-05,-8.62681725536754e-05,-1.880909118033185e-07,-4.020746843622797e-05,-8.838118833939552e-05,-1.9731619556181486e-07,-4.113229327644775e-05,-9.051962558267066e-05,-2.0687657647608686e-07,-4.206641131852087e-05,-9.268347739597503e-05,-2.1678006064324952e-07,-4.3009780859338386e-05,-9.487273680994666e-05,-2.270347479695317e-07,-4.3962360216568986e-05,-9.708739677341049e-05,-2.3764883213724053e-07,-4.492410772882661e-05,-9.932745015340184e-05,-2.4863060057134323e-07,-4.5894981755837946e-05,-0.00010159288973519005,-2.599884344056658e-07,-4.687494067860972e-05,-0.00010388370822230244,0.25
-1.7061408060628712e-07,-3.8385865276666e-05,-8.418058503117694e-05,-1.7919281294524784e-07,-3.929197852158038e-05,-8.62681725536754e-05,-1.880909118033185e-07,-4.020746843622797e-05,-8.838118833939552e-05,-1.9731619556181486e-07,-4.113229327644775e-05,-9.051962558267066e-05,-2.0687657647608686e-07,-4.206641131852087e-05,-9.268347739597503e-05,-2.1678006064324952e-07,-4.3009780859338386e-05,-9.487273680994666e-05,-2.270347479695317e-07,-4.3962360216568986e-05,-9.708739677341049e-05,-2.3764883213724053e-07,-4.492410772882661e-05,-9.932745015340184e-05,-2.4863060057134323e-07,-4.5894981755837946e-05,-0.00010159288973519005,-2.599884344056658e-07,-4.687494067860972e-05,-0.00010388370822230244,0.25
-1.7061408060628712e-07,-3.8385865276666e-05,-8.418058503117694e-05,-1.7919281294524784e-07,-3.929197852158038e-05,-8.62681725536754e-05,-1.880909118033185e-07,-4.020746843622797e-05,-8.838118833939552e-05,-1.9731619556181486e-07,-4.113229327644775e-05,-9.051962558267066e-05,-2.0687657647608686e-07,-4.206641131852087e-05,-9.268347739597503e-05,-2.1678006064324952e-07,-4.3009780859338386e-05,-9.487273680994666e-05,-2.270347479695317e-07,-4.3962360216568986e-05,-9.708739677341049e-05,-2.3764883213724053e-07,-4.492410772882661e-05,-9.932745015340184e-05,-2.4863060057134323e-07,-4.5894981755837946e-05,-0.00010159288973519005,-2.599884344056658e-07,-4.687494067860972e-05,-0.00010388370822230244,0.25
-1.7061408060628712e-07,-3.8385865276666e-05,-8.418058503117694e-05,-1.7919281294524784e-07,-3.929197852158038e-05,-8.62681725536754e-05,-1.880909118033185e-07,-4.020746843622797e-05,-8.838118833939552e-05,-1.9731619556181486e-07,-4.113229327644775e-05,-9.051962558267066e-05,-2.0687657647608686e-07,-4.206641131852087e-05,-9.268347739597503e-05,-2.1678006064324952e-07,-4.3009780859338386e-05,-9.487273680994666e-05,-2.270347479695317e-07,-4.3962360216568986e-05,-9.708739677341049e-05,-2.3764883213724053e-07,-4.492410772882661e-05,-9.932745015340184e-05,-2.4863060057134323e-07,-4.5894981755837946e-05,-0.00010159288973519005,-2.599884344056658e-07,-4.687494067860972e-05,-0.00010388370822230244,0.25
-1.7061408060628712e-07,-3.8385865276666e-05,-8.418058503117694e-05,-1.7919281294524784e-07,-3.929197852158038e-05,-8.62681725536754e-05,-1.880909118033185e-07,-4.020746843622797e-05,-8.838118833939552e-05,-1.9731619556181486e-07,-4.113229327644775e-05,-9.051962558267066e-05,-2.0687657647608686e-07,-4.206641131852087e-05,-9.268347739597503e-05,-2.1678006064324952e-07,-4.3009780859338386e-05,-9.487273680994666e-05,-2.270347479695317e-07,-4.3962360216568986e-05,-9.708739677341049e-05,-2.3764883213724053e-07,-4.492410772882661e-05,-9.932745015340184e-05,-2.4863060057134323e-07,-4.5894981755837946e-05,-0.00010159288973519005,-2.599884344056658e-07,-4.687494067860972e-05,-0.00010388370822230244,0.25
-1.7061408060628712e-07,-3.8385865276666e-05,-8.418058503117694e-05,-1.7919281294524784e-07,-3.929197852158038e-05,-8.62681725536754e-05,-1.880909118033185e-07,-4.020746843622797e-05,-8.838118833939552e-05,-1.9731619556181486e-07,-4.113229327644775e-05,-9.051962558267066e-05,-2.0687657647608686e-07,-4.206641131852087e-05,-9.268347739597503e-05,-2.1678006064324952e-07,-4.3009780859338386e-05,-9.487273680994666e-05,-2.270347479695317e-07,-4.3962360216568986e-05,-9.708739677341049e-05,-2.3764883213724053e-07,-4.492410772882661e-05,-9.932745015340184e-05,-2.4863060057134323e-07,-4.5894981755837946e-05,-0.00010159288973519005,-2.599884344056658e-07,-4.687494067860972e-05,-0.00010388370822230244,0.25
-1.7061408060628712e-07,-3.8385865276666e-05,-8.418058503117694e-05,-1.7919281294524784e-07,-3.929197852158038e-05,-8.62681725536754e-05,-1.880909118033185e-07,-4.020746843622797e-05,-8.838118833939552e-05,-1.9731619556181486e-07,-4.113229327644775e-05,-9.051962558267066e-05,-2.0687657647608686e-07,-4.206641131852087e-05,-9.268347739597503e-05,-2.1678006064324952e-07,-4.3009780859338386e-05,-9.487273680994666e-05,-2.270347479695317e-07,-4.3962360216568986e-05,-9.708739677341049e-05,-2.3764883213724053e-07,-4.492410772882661e-05,-9.932745015340184e-05,-2.4863060057134323e-07,-4.5894981755837946e-05,-0.00010159288973519005,-2.599884344056658e-07,-4.687494067860972e-05,-0.00010388370822230244,0.25
-1.7061408060628712e-07,-3.8385865276666e-05,-8.418058503117694e-05,-1.7919281294524784e-07,-3.929197852158038e-05,-8.62681725536754e-05,-1.880909118033185e-07,-4.020746843622797e-05,-8.838118833939552e-05,-1.9731619556181486e-07,-4.113229327644775e-05,-9.051962558267066e-05,-2.0687657647608686e-07,-4.206641131852087e-05,-9.268347739597503e-05,-2.1678006064324952e-07,-4.3009780859338386e-05,-9.487273680994666e-05,-2.270347479695317e-07,-4.3962360216568986e-05,-9.708739677341049e-05,-2.3764883213724053e-07,-4.492410772882661e-05,-9.932745015340184e-05,-2.4863060057134323e-07,-4.5894981755837946e-05,-0.00010159288973519005,-2.599884344056658e-07,-4.687494067860972e-05,-0.00010388370822230244,0.25
-1.7061408060628712e-07,-3.8385865276666e-05,-8.418058503117694e-05,-1.7919281294524784e-07,-3.929197852158038e-05,-8.62681725536754e-05,-1.880909118033185e-07,-4.020746843622797e-05,-8.838118833939552e-05,-1.9731619556181486e-07,-4.113229327644775e-05,-9.051962558267066e-05,-2.0687657647608686e-07,-4.206641131852087e-05,-9.268347739597503e-05,-2.1678006064324952e-07,-4.3009780859338386e-05,-9.487273680994666e-05,-2.270347479695317e-07,-4.3962360216568986e-05,-9.708739677341049e-05,-2.3764883213724053e-07,-4.492410772882661e-05,-9.932745015340184e-05,-2.4863060057134323e-07,-4.5894981755837946e-05,-0.00010159288973519005,-2.599884344056658e-07,-4.687494067860972e-05,-0.00010388370822230244,0.25
-1.7061408060628712e-07,-3.8385865276666e-05,-8.418058503117694e-05,-1.7919281294524784e-07,-3.929197852158038e-05,-8.62681725536754e-05,-1.880909118033185e-07,-4.020746843622797e-05,-8.838118833939552e-05,-1.9731619556181486e-07,-4.113229327644775e-05,-9.051962558267066e-05,-2.0687657647608686e-07,-4.206641131852087e-05,-9.268347739597503e-05,-2.1678006064324952e-07,-4.3009780859338386e-05,-9.487273680994666e-05,-2.270347479695317e-07,-4.3962360216568986e-05,-9.708739677341049e-05,-2.3764883213724053e-07,-4.492410772882661e-05,-9.932745015340184e-05,-2.4863060057134323e-07,-4.5894981755837946e-05,-0.00010159288973519005,-2.599884344056658e-07,-4.687494067860972e-05,-0.00010388370822230244,0.25
-1.7061408060628712e-07,-3.8385865276666e-05,-8.418058503117694e-05,-1.7919281294524784e-07,-3.929197852158038e-05,-8.62681725536754e-05,-1.880909118033185e-07,-4.020746843622797e-05,-8.838118833939552e-05,-1.9731619556181486e-07,-4.113229327644775e-05,-9.051962558267066e-05,-2.0687657647608686e-07,-4.206641131852087e-05,-9.268347739597503e-05,-2.1678006064324952e-07,-4.3009780859338386e-05,-9.487273680994666e-05,-2.270347479695317e-07,-4.3962360216568986e-05,-9.708739677341049e-05,-2.3764883213724053e-07,-4.492410772882661e-05,-9.932745015340184e-05,-2.4863060057134323e-07,-4.5894981755837946e-05,-0.00010159288973519005,-2.599884344056658e-07,-4.687494067860972e-05,-0.00010388370822230244,0.25
-1.7061408060628712e-07,-3.8385865276666e-05,-8.418058503117694e-05,-1.7919281294524784e-07,-3.929197852158038e-05,-8.62681725536754e-05,-1.880909118033185e-07,-4.020746843622797e-05,-8.838118833939552e-05,-1.9731619556181486e-07,-4.113229327644775e-05,-9.051962558267066e-05,-2.0687657647608686e-07,-4.206641131852087e-05,-9.268347739597503e-05,-2.1678006064324952e-07,-4.3009780859338386e-05,-9.487273680994666e-05,-2.270347479695317e-07,-4.3962360216568986e-05,-9.708739677341049e-05,-2.3764883213724053e-07,-4.492410772882661e-05,-9.932745015340184e-05,-2.4863060057134323e-07,-4.5894981755837946e-05,-0.00010159288973519005,-2.599884344056658e-07,-4.687494067860972e-05,-0.00010388370822230244,0.25
-1.7061408060628712e-07,-3.8385865276666e-05,-8.418058503117694e-05,-1.7919281294524784e-07,-3.929197852158038e-05,-8.62681725536754e-05,-1.880909118033185e-07,-4.020746843622797e-05,-8.838118833939552e-05,-1.9731619556181486e-07,-4.113229327644775e-05,-9.051962558267066e-05,-2.0687657647608686e-07,-4.206641131852087e-05,-9.268347739597503e-05,-2.1678006064324952e-07,-4.3009780859338386e-05,-9.487273680994666e-05,-2.270347479695317e-07,-4.3962360216568986e-05,-9.708739677341049e-05,-2.3764883213724053e-07,-4.492410772882661e-05,-9.932745015340184e-05,-2.4863060057134323e-07,-4.5894981755837946e-05,-0.00010159288973519005,-2.599884344056658e-07,-4.687494067860972e-05,-0.00010388370822230244,0.25
-1.7061408060628712e-07,-3.8385865276666e-05,-8.418058503117694e-05,-1.7919281294524784e-07,-3.929197852158038e-05,-8.62681725536754e-05,-1.880909118033185e-07,-4.020746843622797e-05,-8.838118833939552e-05,-1.9731619556181486e-07,-4.113229327644775e-05,-9.051962558267066e-05,-2.0687657647608686e-07,-4.206641131852087e-05,-9.268347739597503e-05,-2.1678006064324952e-07,-4.3009780859338386e-05,-9.487273680994666e-05,-2.270347479695317e-07,-4.3962360216568986e-05,-9.708739677341049e-05,-2.3764883213724053e-07,-4.492410772882661e-05,-9.932745015340184e-05,-2.4863060057134323e-07,-4.5894981755837946e-05,-0.00010159288973519005,-2.599884344056658e-07,-4.687494067860972e-05,-0.00010388370822230244,0.25
-1.7061408060628712e-07,-3.8385865276666e-05,-8.418058503117694e-05,-1.7919281294524784e-07,-3.929197852158038e-05,-8.62681725536754e-05,-1.880909118033185e-07,-4.020746843622797e-05,-8.838118833939552e-05,-1.9731619556181486e-07,-4.113229327644775e-05,-9.051962558267066e-05,-2.0687657647608686e-07,-4.206641131852087e-05,-9.268347739597503e-05,-2.1678006064324952e-07,-4.3009780859338386e-05,-9.487273680994666e-05,-2.270347479695317e-07,-4.3962360216568986e-05,-9.708739677341049e-05,-2.3764883213724053e-07,-4.492410772882661e-05,-9.932745015340184e-05,-2.4863060057134323e-07,-4.5894981755837946e-05,-0.00010159288973519005,-2.599884344056658e-07,-4.687494067860972e-05,-0.00010388370822230244,0.25
-1.7061408060628712e-07,-3.8385865276666e-05,-8.418058503117694e-05,-1.7919281294524784e-07,-3.929197852158038e-05,-8.62681725536754e-05,-1.880909118033185e-07,-4.020746843622797e-05,-8.838118833939552e-05,-1.9731619556181486e-07,-4.113229327644775e-05,-9.051962558267066e-05,-2.0687657647608686e-07,-4.206641131852087e-05,-9.268347739597503e-05,-2.1678006064324952e-07,-4.3009780859338386e-05,-9.487273680994666e-05,-2.270347479695317e-07,-4.3962360216568986e-05,-9.708739677341049e-05,-2.3764883213724053e-07,-4.492410772882661e-05,-9.932745015340184e-05,-2.4863060057134323e-07,-4.5894981755837946e-05,-0.00010159288973519005,-2.599884344056658e-07,-4.687494067860972e-05,-0.00010388370822230244,0.25
-1.7061408060628712e-07,-3.8385865276666e-05,-8.418058503117694e-05,-1.7919281294524784e-07,-3.929197852158038e-05,-8.62681725536754e-05,-1.880909118033185e-07,-4.020746843622797e-05,-8.838118833939552e-05,-1.9731619556181486e-07,-4.113229327644775e-05,-9.051962558267066e-05,-2.0687657647608686e-07,-4.206641131852087e-05,-9.268347739597503e-05,-2.1678006064324952e-07,-4.3009780859338386e-05,-9.487273680994666e-05,-2.270347479695317e-07,-4.3962360216568986e-05,-9.708739677341049e-05,-2.3764883213724053e-07,-4.492410772882661e-05,-9.932745015340184e-05,-2.4863060057134323e-07,-4.5894981755837946e-05,-0.00010159288973519005,-2.599884344056658e-07,-4.687494067860972e-05,-0.00010388370822230244,0.25
-1.7061408060628712e-07,-3.8385865276666e-05,-8.418058503117694e-05,-1.7919281294524784e-07,-3.929197852158038e-05,-8.62681725536754e-05,-1.880909118033185e-07,-4.020746843622797e-05,-8.838118833939552e-05,-1.9731619556181486e-07,-4.113229327644775e-05,-9.051962558267066e-05,-2.0687657647608686e-07,-4.206641131852087e-05,-9.268347739597503e-05,-2.1678006064324952e-07,-4.3009780859338386e-05,-9.487273680994666e-05,-2.270347479695317e-07,-4.3962360216568986e-05,-9.708739677341049e-05,-2.3764883213724053e-07,-4.492410772882661e-05,-9.932745015340184e-05,-2.4863060057134323e-07,-4.5894981755837946e-05,-0.00010159288973519005,-2.599884344056658e-07,-4.687494067860972e-05,-0.00010388370822230244,0.25
-1.7061408060628712e-07,-3.8385865276666e-05,-8.418058503117694e-05,-1.7919281294524784e-07,-3.929197852158038e-05,-8.62681725536754e-05,-1.880909118033185e-07,-4.020746843622797e-05,-8.838118833939552e-05,-1.9731619556181486e-07,-4.113229327644775e-05,-9.051962558267066e-05,-2.0687657647608686e-07,-4.206641131852087e-05,-9.268347739597503e-05,-2.1678006064324952e-07,-4.3009780859338386e-05,-9.487273680994666e-05,-2.270347479695317e-07,-4.3962360216568986e-05,-9.708739677341049e-05,-2.3764883213724053e-07,-4.492410772882661e-05,-9.932745015340184e-05,-2.4863060057134323e-07,-4.5894981755837946e-05,-0.00010159288973519005,-2.599884344056658e-07,-4.687494067860972e-05,-0.00010388370822230244,0.25
-1.7061408060628712e-07,-3.8385865276666e-05,-8.418058503117694e-05,-1.7919281294524784e-07,-3.929197852158038e-05,-8.62681725536754e-05,-1.880909118033185e-07,-4.020746843622797e-05,-8.838118833939552e-05,-1.9731619556181486e-07,-4.113229327644775e-05,-9.051962558267066e-05,-2.0687657647608686e-07,-4.206641131852087e-05,-9.268347739597503e-05,-2.1678006064324952e-07,-4.3009780859338386e-05,-9.487273680994666e-05,-2.270347479695317e-07,-4.3962360216568986e-05,-9.708739677341049e-05,-2.3764883213724053e-07,-4.492410772882661e-05,-9.932745015340184e-05,-2.4863060057134323e-07,-4.5894981755837946e-05,-0.00010159288973519005,-2.599884344056658e-07,-4.687494067860972e-05,-0.00010388370822230244,0.25
-1.7061408060628712e-07,-3.8385865276666e-05,-8.418058503117694e-05,-1.7919281294524784e-07,-3.929197852158038e-05,-8.62681725536754e-05,-1.880909118033185e-07,-4.020746843622797e-05,-8.838118833939552e-05,-1.9731619556181486e-07,-4.113229327644775e-05,-9.051962558267066e-05,-2.0687657647608686e-07,-4.206641131852087e-05,-9.268347739597503e-05,-2.1678006064324952e-07,-4.3009780859338386e-05,-9.487273680994666e-05,-2.270347479695317e-07,-4.3962360216568986e-05,-9.708739677341049e-05,-2.3764883213724053e-07,-4.492410772882661e-05,-9.932745015340184e-05,-2.4863060057134323e-07,-4.5894981755837946e-05,-0.00010159288973519005,-2.599884344056658e-07,-4.687494067860972e-05,-0.00010388370822230244,0.25
-1.7061408060628712e-07,-3.8385865276666e-05,-8.418058503117694e-05,-1.7919281294524784e-07,-3.929197852158038e-05,-8.62681725536754e-05,-1.880909118033185e-07,-4.020746843622797e-05,-8.838118833939552e-05,-1.9731619556181486e-07,-4.113229327644775e-05,-9.051962558267066e-05,-2.0687657647608686e-07,-4.206641131852087e-05,-9.268347739597503e-05,-2.1678006064324952e-07,-4.3009780859338386e-05,-9.487273680994666e-05,-2.270347479695317e-07,-4.3962360216568986e-05,-9.708739677341049e-05,-2.3764883213724053e-07,-4.492410772882661e-05,-9.932745015340184e-05,-2.4863060057134323e-07,-4.5894981755837946e-05,-0.00010159288973519005,-2.599884344056658e-07,-4.687494067860972e-05,-0.00010388370822230244,0.25
-1.7061408060628712e-07,-3.8385865276666e-05,-8.418058503117694e-05,-1.7919281294524784e-07,-3.929197852158038e-05,-8.62681725536754e-05,-1.880909118033185e-07,-4.020746843622797e-05,-8.838118833939552e-05,-1.9731619556181486e-07,-4.113229327644775e-05,-9.051962558267066e-05,-2.0687657647608686e-07,-4.206641131852087e-05,-9.268347739597503e-05,-2.1678006064324952e-07,-4.3009780859338386e-05,-9.487273680994666e-05,-2.270347479695317e-07,-4.3962360216568986e-05,-9.708739677341049e-05,-2.3764883213724053e-07,-4.492410772882661e-05,-9.932745015340184e-05,-2.4863060057134323e-07,-4.5894981755837946e-05,-0.00010159288973519005,-2.599884344056658e-07,-4.687494067860972e-05,-0.00010388370822230244,0.25
-1.7061408060628712e-07,-3.8385865276666e-05,-8.418058503117694e-05,-1.7919281294524784e-07,-3.929197852158038e-05,-8.62681725536754e-05,-1.880909118033185e-07,-4.020746843622797e-05,-8.838118833939552e-05,-1.9731619556181486e-07,-4.113229327644775e-05,-9.051962558267066e-05,-2.0687657647608686e-07,-4.206641131852087e-05,-9.268347739597503e-05,-2.1678006064324952e-07,-4.3009780859338386e-05,-9.487273680994666e-05,-2.270347479695317e-07,-4.3962360216568986e-05,-9.708739677341049e-05,-2.3764883213724053e-07,-4.492410772882661e-05,-9.932745015340184e-05,-2.4863060057134323e-07,-4.5894981755837946e-05,-0.00010159288973519005,-2.599884344056658e-07,-4.687494067860972e-05,-0.00010388370822230244,0.25
-1.7061408060628712e-07,-3.8385865276666e-05,-8.418058503117694e-05,-1.7919281294524784e-07,-3.929197852158038e-05,-8.62681725536754e-05,-1.880909118033185e-07,-4.020746843622797e-05,-8.838118833939552e-05,-1.9731619556181486e-07,-4.113229327644775e-05,-9.051962558267066e-05,-2.0687657647608686e-07,-4.206641131852087e-05,-9.268347739597503e-05,-2.1678006064324952e-07,-4.3009780859338386e-05,-9.487273680994666e-05,-2.270347479695317e-07,-4.3962360216568986e-05,-9.708739677341049e-05,-2.3764883213724053e-07,-4.492410772882661e-05,-9.932745015340184e-05,-2.4863060057134323e-07,-4.5894981755837946e-05,-0.00010159288973519005,-2.599884344056658e-07,-4.687494067860972e-05,-0.00010388370822230244,0.25
-1.7061408060628712e-07,-3.8385865276666e-05,-8.418058503117694e-05,-1.7919281294524784e-07,-3.929197852158038e-05,-8.62681725536754e-05,-1.880909118033185e-07,-4.020746843622797e-05,-8.838118833939552e-05,-1.9731619556181486e-07,-4.113229327644775e-05,-9.051962558267066e-05,-2.0687657647608686e-07,-4.206641131852087e-05,-9.268347739597503e-05,-2.1678006064324952e-07,-4.3009780859338386e-05,-9.487273680994666e-05,-2.270347479695317e-07,-4.3962360216568986e-05,-9.708739677341049e-05,-2.3764883213724053e-07,-4.492410772882661e-05,-9.932745015340184e-05,-2.4863060057134323e-07,-4.5894981755837946e-05,-0.00010159288973519005,-2.599884344056658e-07,-4.687494067860972e-05,-0.00010388370822230244,0.25
-1.7061408060628712e-07,-3.8385865276666e-05,-8.418058503117694e-05,-1.7919281294524784e-07,-3.929197852158038e-05,-8.62681725536754e-05,-1.880909118033185e-07,-4.020746843622797e-05,-8.838118833939552e-05,-1.9731619556181486e-07,-4.113229327644775e-05,-9.051962558267066e-05,-2.0687657647608686e-07,-4.206641131852087e-05,-9.268347739597503e-05,-2.1678006064324952e-07,-4.3009780859338386e-05,-9.487273680994666e-05,-2.270347479695317e-07,-4.3962360216568986e-05,-9.708739677341049e-05,-2.3764883213724053e-07,-4.492410772882661e-05,-9.932745015340184e-05,-2.4863060057134323e-07,-4.5894981755837946e-05,-0.00010159288973519005,-2.599884344056658e-07,-4.687494067860972e-05,-0.00010388370822230244,0.25
-1.7061408060628712e-07,-3.8385865276666e-05,-8.418058503117694e-05,-1.7919281294524784e-07,-3.929197852158038e-05,-8.62681725536754e-05,-1.880909118033185e-07,-4.020746843622797e-05,-8.838118833939552e-05,-1.9731619556181486e-07,-4.113229327644775e-05,-9.051962558267066e-05,-2.0687657647608686e-07,-4.206641131852087e-05,-9.268347739597503e-05,-2.1678006064324952e-07,-4.3009780859338386e-05,-9.487273680994666e-05,-2.270347479695317e-07,-4.3962360216568986e-05,-9.708739677341049e-05,-2.3764883213724053e-07,-4.492410772882661e-05,-9.932745015340184e-05,-2.4863060057134323e-07,-4.5894981755837946e-05,-0.00010159288973519005,-2.599884344056658e-07,-4.687494067860972e-05,-0.00010388370822230244,0.25
-1.7061408060628712e-07,-3.8385865276666e-05,-8.418058503117694e-05,-1.7919281294524784e-07,-3.929197852158038e-05,-8.62681725536754e-05,-1.880909118033185e-07,-4.020746843622797e-05,-8.838118833939552e-05,-1.9731619556181486e-07,-4.113229327644775e-05,-9.051962558267066e-05,-2.0687657647608686e-07,-4.206641131852087e-05,-9.268347739597503e-05,-2.1678006064324952e-07,-4.3009780859338386e-05,-9.487273680994666e-05,-2.270347479695317e-07,-4.3962360216568986e-05,-9.708739677341049e-05,-2.3764883213724053e-07,-4.492410772882661e-05,-9.932745015340184e-05,-2.4863060057134323e-07,-4.5894981755837946e-05,-0.00010159288973519005,-2.599884344056658e-07,-4.687494067860972e-05,-0.00010388370822230244,0.25
-1.7061408060628712e-07,-3.8385865276666e-05,-8.418058503117694e-05,-1.7919281294524784e-07,-3.929197852158038e-05,-8.62681725536754e-05,-1.880909118033185e-07,-4.020746843622797e-05,-8.838118833939552e-05,-1.9731619556181486e-07,-4.113229327644775e-05,-9.051962558267066e-05,-2.0687657647608686e-07,-4.206641131852087e-05,-9.268347739597503e-05,-2.1678006064324952e-07,-4.3009780859338386e-05,-9.487273680994666e-05,-2.270347479695317e-07,-4.3962360216568986e-05,-9.708739677341049e-05,-2.3764883213724053e-07,-4.492410772882661e-05,-9.932745015340184e-05,-2.4863060057134323e-07,-4.5894981755837946e-05,-0.00010159288973519005,-2.599884344056658e-07,-4.687494067860972e-05,-0.00010388370822230244,0.25
-1.7061408060628712e-07,-3.8385865276666e-05,-8.418058503117694e-05,-1.7919281294524784e-07,-3.929197852158038e-05,-8.62681725536754e-05,-1.880909118033185e-07,-4.020746843622797e-05,-8.838118833939552e-05,-1.9731619556181486e-07,-4.113229327644775e-05,-9.051962558267066e-05,-2.0687657647608686e-07,-4.206641131852087e-05,-9.268347739597503e-05,-2.1678006064324952e-07,-4.3009780859338386e-05,-9.487273680994666e-05,-2.270347479695317e-07,-4.3962360216568986e-05,-9.708739677341049e-05,-2.3764883213724053e-07,-4.492410772882661e-05,-9.932745015340184e-05,-2.4863060057134323e-07,-4.5894981755837946e-05,-0.00010159288973519005,-2.599884344056658e-07,-4.687494067860972e-05,-0.00010388370822230244,0.25
-1.7061408060628712e-07,-3.8385865276666e-05,-8.418058503117694e-05,-1.7919281294524784e-07,-3.929197852158038e-05,-8.62681725536754e-05,-1.880909118033185e-07,-4.020746843622797e-05,-8.838118833939552e-05,-1.9731619556181486e-07,-4.113229327644775e-05,-9.051962558267066e-05,-2.0687657647608686e-07,-4.206641131852087e-05,-9.268347739597503e-05,-2.1678006064324952e-07,-4.3009780859338386e-05,-9.487273680994666e-05,-2.270347479695317e-07,-4.3962360216568986e-05,-9.708739677341049e-05,-2.3764883213724053e-07,-4.492410772882661e-05,-9.932745015340184e-05,-2.4863060057134323e-07,-4.5894981755837946e-05,-0.00010159288973519005,-2.599884344056658e-07,-4.687494067860972e-05,-0.00010388370822230244,0.25
-1.7061408060628712e-07,-3.8385865276666e-05,-8.418058503117694e-05,-1.7919281294524784e-07,-3.929197852158038e-05,-8.62681725536754e-05,-1.880909118033185e-07,-4.020746843622797e-05,-8.838118833939552e-05,-1.9731619556181486e-07,-4.113229327644775e-05,-9.051962558267066e-05,-2.0687657647608686e-07,-4.206641131852087e-05,-9.268347739597503e-05,-2.1678006064324952e-07,-4.3009780859338386e-05,-9.487273680994666e-05,-2.270347479695317e-07,-4.3962360216568986e-05,-9.708739677341049e-05,-2.3764883213724053e-07,-4.492410772882661e-05,-9.932745015340184e-05,-2.4863060057134323e-07,-4.5894981755837946e-05,-0.00010159288973519005,-2.599884344056658e-07,-4.687494067860972e-05,-0.00010388370822230244,0.25
-1.7061408060628712e-07,-3.8385865276666e-05,-8.418058503117694e-05,-1.7919281294524784e-07,-3.929197852158038e-05,-8.62681725536754e-05,-1.880909118033185e-07,-4.020746843622797e-05,-8.838118833939552e-05,-1.9731619556181486e-07,-4.113229327644775e-05,-9.051962558267066e-05,-2.0687657647608686e-07,-4.206641131852087e-05,-9.268347739597503e-05,-2.1678006064324952e-07,-4.3009780859338386e-05,-9.487273680994666e-05,-2.270347479695317e-07,-4.3962360216568986e-05,-9.708739677341049e-05,-2.3764883213724053e-07,-4.492410772882661e-05,-9.932745015340184e-05,-2.4863060057134323e-07,-4.5894981755837946e-05,-0.00010159288973519005,-2.599884344056658e-07,-4.687494067860972e-05,-0.00010388370822230244,0.25
-1.7061408060628712e-07,-3.8385865276666e-05,-8.418058503117694e-05,-1.7919281294524784e-07,-3.929197852158038e-05,-8.62681725536754e-05,-1.880909118033185e-07,-4.020746843622797e-05,-8.838118833939552e-05,-1.9731619556181486e-07,-4.113229327644775e-05,-9.051962558267066e-05,-2.0687657647608686e-07,-4.206641131852087e-05,-9.268347739597503e-05,-2.1678006064324952e-07,-4.3009780859338386e-05,-9.487273680994666e-05,-2.270347479695317e-07,-4.3962360216568986e-05,-9.708739677341049e-05,-2.3764883213724053e-07,-4.492410772882661e-05,-9.932745015340184e-05,-2.4863060057134323e-07,-4.5894981755837946e-05,-0.00010159288973519005,-2.599884344056658e-07,-4.687494067860972e-05,-0.00010388370822230244,0.25
-1.7061408060628712e-07,-3.8385865276666e-05,-8.418058503117694e-05,-1.7919281294524784e-07,-3.929197852158038e-05,-8.62681725536754e-05,-1.880909118033185e-07,-4.020746843622797e-05,-8.838118833939552e-05,-1.9731619556181486e-07,-4.113229327644775e-05,-9.051962558267066e-05,-2.0687657647608686e-07,-4.206641131852087e-05,-9.268347739597503e-05,-2.1678006064324952e-07,-4.3009780859338386e-05,-9.487273680994666e-05,-2.270347479695317e-07,-4.3962360216568986e-05,-9.708739677341049e-05,-2.3764883213724053e-07,-4.492410772882661e-05,-9.932745015340184e-05,-2.4863060057134323e-07,-4.5894981755837946e-05,-0.00010159288973519005,-2.599884344056658e-07,-4.687494067860972e-05,-0.00010388370822230244,0.25
-1.7061408060628712e-07,-3.8385865276666e-05,-8.418058503117694e-05,-1.7919281294524784e-07,-3.929197852158038e-05,-8.62681725536754e-05,-1.880909118033185e-07,-4.020746843622797e-05,-8.838118833939552e-05,-1.9731619556181486e-07,-4.113229327644775e-05,-9.051962558267066e-05,-2.0687657647608686e-07,-4.206641131852087e-05,-9.268347739597503e-05,-2.1678006064324952e-07,-4.3009780859338386e-05,-9.487273680994666e-05,-2.270347479695317e-07,-4.3962360216568986e-05,-9.708739677341049e-05,-2.3764883213724053e-07,-4.492410772882661e-05,-9.932745015340184e-05,-2.4863060057134323e-07,-4.5894981755837946e-05,-0.00010159288973519005,-2.599884344056658e-07,-4.687494067860972e-05,-0.00010388370822230244,0.25
-1.7061408060628712e-07,-3.8385865276666e-05,-8.418058503117694e-05,-1.7919281294524784e-07,-3.929197852158038e-05,-8.62681725536754e-05,-1.880909118033185e-07,-4.020746843622797e-05,-8.838118833939552e-05,-1.9731619556181486e-07,-4.113229327644775e-05,-9.051962558267066e-05,-2.0687657647608686e-07,-4.206641131852087e-05,-9.268347739597503e-05,-2.1678006064324952e-07,-4.3009780859338386e-05,-9.487273680994666e-05,-2.270347479695317e-07,-4.3962360216568986e-05,-9.708739677341049e-05,-2.3764883213724053e-07,-4.492410772882661e-05,-9.932745015340184e-05,-2.4863060057134323e-07,-4.5894981755837946e-05,-0.00010159288973519005,-2.599884344056658e-07,-4.687494067860972e-05,-0.00010388370822230244,0.25
-1.7061408060628712e-07,-3.8385865276666e-05,-8.418058503117694e-05,-1.7919281294524784e-07,-3.929197852158038e-05,-8.62681725536754e-05,-1.880909118033185e-07,-4.020746843622797e-05,-8.838118833939552e-05,-1.9731619556181486e-07,-4.113229327644775e-05,-9.051962558267066e-05,-2.0687657647608686e-07,-4.206641131852087e-05,-9.268347739597503e-05,-2.1678006064324952e-07,-4.3009780859338386e-05,-9.487273680994666e-05,-2.270347479695317e-07,-4.3962360216568986e-05,-9.708739677341049e-05,-2.3764883213724053e-07,-4.492410772882661e-05,-9.932745015340184e-05,-2.4863060057134323e-07,-4.5894981755837946e-05,-0.00010159288973519005,-2.599884344056658e-07,-4.687494067860972e-05,-0.00010388370822230244,0.25
-1.7061408060628712e-07,-3.8385865276666e-05,-8.418058503117694e-05,-1.7919281294524784e-07,-3.929197852158038e-05,-8.62681725536754e-05,-1.880909118033185e-07,-4.020746843622797e-05,-8.838118833939552e-05,-1.9731619556181486e-07,-4.113229327644775e-05,-9.051962558267066e-05,-2.0687657647608686e-07,-4.206641131852087e-05,-9.268347739597503e-05,-2.1678006064324952e-07,-4.3009780859338386e-05,-9.487273680994666e-05,-2.270347479695317e-07,-4.3962360216568986e-05,-9.708739677341049e-05,-2.3764883213724053e-07,-4.492410772882661e-05,-9.932745015340184e-05,-2.4863060057134323e-07,-4.5894981755837946e-05,-0.00010159288973519005,-2.599884344056658e-07,-4.687494067860972e-05,-0.00010388370822230244,0.25
-1.7061408060628712e-07,-3.8385865276666e-05,-8.418058503117694e-05,-1.7919281294524784e-07,-3.929197852158038e-05,-8.62681725536754e-05,-1.880909118033185e-07,-4.020746843622797e-05,-8.838118833939552e-05,-1.9731619556181486e-07,-4.113229327644775e-05,-9.051962558267066e-05,-2.0687657647608686e-07,-4.206641131852087e-05,-9.268347739597503e-05,-2.1678006064324952e-07,-4.3009780859338386e-05,-9.487273680994666e-05,-2.270347479695317e-07,-4.3962360216568986e-05,-9.708739677341049e-05,-2.3764883213724053e-07,-4.492410772882661e-05,-9.932745015340184e-05,-2.4863060057134323e-07,-4.5894981755837946e-05,-0.00010159288973519005,-2.599884344056658e-07,-4.687494067860972e-05,-0.00010388370822230244,0.25
-1.7061408060628712e-07,-3.8385865276666e-05,-8.418058503117694e-05,-1.7919281294524784e-07,-3.929197852158038e-05,-8.62681725536754e-05,-1.880909118033185e-07,-4.020746843622797e-05,-8.838118833939552e-05,-1.9731619556181486e-07,-4.113229327644775e-05,-9.051962558267066e-05,-2.0687657647608686e-07,-4.206641131852087e-05,-9.268347739597503e-05,-2.1678006064324952e-07,-4.3009780859338386e-05,-9.487273680994666e-05,-2.270347479695317e-07,-4.3962360216568986e-05,-9.708739677341049e-05,-2.3764883213724053e-07,-4.492410772882661e-05,-9.932745015340184e-05,-2.4863060057134323e-07,-4.5894981755837946e-05,-0.00010159288973519005,-2.599884344056658e-07,-4.687494067860972e-05,-0.00010388370822230244,0.25
-1.7061408060628712e-07,-3.8385865276666e-05,-8.418058503117694e-05,-1.7919281294524784e-07,-3.929197852158038e-05,-8.62681725536754e-05,-1.880909118033185e-07,-4.020746843622797e-05,-8.838118833939552e-05,-1.9731619556181486e-07,-4.113229327644775e-05,-9.051962558267066e-05,-2.0687657647608686e-07,-4.206641131852087e-05,-9.268347739597503e-05,-2.1678006064324952e-07,-4.3009780859338386e-05,-9.487273680994666e-05,-2.270347479695317e-07,-4.3962360216568986e-05,-9.708739677341049e-05,-2.3764883213724053e-07,-4.492410772882661e-05,-9.932745015340184e-05,-2.4863060057134323e-07,-4.5894981755837946e-05,-0.00010159288973519005,-2.599884344056658e-07,-4.687494067860972e-05,-0.00010388370822230244,0.25
-1.7061408060628712e-07,-3.8385865276666e-05,-8.418058503117694e-05,-1.7919281294524784e-07,-3.929197852158038e-05,-8.62681725536754e-05,-1.880909118033185e-07,-4.020746843622797e-05,-8.838118833939552e-05,-1.9731619556181486e-07,-4.113229327644775e-05,-9.051962558267066e-05,-2.0687657647608686e-07,-4.206641131852087e-05,-9.268347739597503e-05,-2.1678006064324952e-07,-4.3009780859338386e-05,-9.487273680994666e-05,-2.270347479695317e-07,-4.3962360216568986e-05,-9.708739677341049e-05,-2.3764883213724053e-07,-4.492410772882661e-05,-9.932745015340184e-05,-2.4863060057134323e-07,-4.5894981755837946e-05,-0.00010159288973519005,-2.599884344056658e-07,-4.687494067860972e-05,-0.00010388370822230244,0.25
-1.7061408060628712e-07,-3.8385865276666e-05,-8.418058503117694e-05,-1.7919281294524784e-07,-3.929197852158038e-05,-8.62681725536754e-05,-1.880909118033185e-07,-4.020746843622797e-05,-8.838118833939552e-05,-1.9731619556181486e-07,-4.113229327644775e-05,-9.051962558267066e-05,-2.0687657647608686e-07,-4.206641131852087e-05,-9.268347739597503e-05,-2.1678006064324952e-07,-4.3009780859338386e-05,-9.487273680994666e-05,-2.270347479695317e-07,-4.3962360216568986e-05,-9.708739677341049e-05,-2.3764883213724053e-07,-4.492410772882661e-05,-9.932745015340184e-05,-2.4863060057134323e-07,-4.5894981755837946e-05,-0.00010159288973519005,-2.599884344056658e-07,-4.687494067860972e-05,-0.00010388370822230244,0.25
-1.7061408060628712e-07,-3.8385865276666e-05,-8.418058503117694e-05,-1.7919281294524784e-07,-3.929197852158038e-05,-8.62681725536754e-05,-1.880909118033185e-07,-4.020746843622797e-05,-8.838118833939552e-05,-1.9731619556181486e-07,-4.113229327644775e-05,-9.051962558267066e-05,-2.0687657647608686e-07,-4.206641131852087e-05,-9.268347739597503e-05,-2.1678006064324952e-07,-4.3009780859338386e-05,-9.487273680994666e-05,-2.270347479695317e-07,-4.3962360216568986e-05,-9.708739677341049e-05,-2.3764883213724053e-07,-4.492410772882661e-05,-9.932745015340184e-05,-2.4863060057134323e-07,-4.5894981755837946e-05,-0.00010159288973519005,-2.599884344056658e-07,-4.687494067860972e-05,-0.00010388370822230244,0.25
-1.7061408060628712e-07,-3.8385865276666e-05,-8.418058503117694e-05,-1.7919281294524784e-07,-3.929197852158038e-05,-8.62681725536754e-05,-1.880909118033185e-07,-4.020746843622797e-05,-8.838118833939552e-05,-1.9731619556181486e-07,-4.113229327644775e-05,-9.051962558267066e-05,-2.0687657647608686e-07,-4.206641131852087e-05,-9.268347739597503e-05,-2.1678006064324952e-07,-4.3009780859338386e-05,-9.487273680994666e-05,-2.270347479695317e-07,-4.3962360216568986e-05,-9.708739677341049e-05,-2.3764883213724053e-07,-4.492410772882661e-05,-9.932745015340184e-05,-2.4863060057134323e-07,-4.5894981755837946e-05,-0.00010159288973519005,-2.599884344056658e-07,-4.687494067860972e-05,-0.00010388370822230244,0.25
-1.7061408060628712e-07,-3.8385865276666e-05,-8.418058503117694e-05,-1.7919281294524784e-07,-3.929197852158038e-05,-8.62681725536754e-05,-1.880909118033185e-07,-4.020746843622797e-05,-8.838118833939552e-05,-1.9731619556181486e-07,-4.113229327644775e-05,-9.051962558267066e-05,-2.0687657647608686e-07,-4.206641131852087e-05,-9.268347739597503e-05,-2.1678006064324952e-07,-4.3009780859338386e-05,-9.487273680994666e-05,-2.270347479695317e-07,-4.3962360216568986e-05,-9.708739677341049e-05,-2.3764883213724053e-07,-4.492410772882661e-05,-9.932745015340184e-05,-2.4863060057134323e-07,-4.5894981755837946e-05,-0.00010159288973519005,-2.599884344056658e-07,-4.687494067860972e-05,-0.00010388370822230244,0.25
-1.7061408060628712e-07,-3.8385865276666e-05,-8.418058503117694e-05,-1.7919281294524784e-07,-3.929197852158038e-05,-8.62681725536754e-05,-1.880909118033185e-07,-4.020746843622797e-05,-8.838118833939552e-05,-1.9731619556181486e-07,-4.113229327644775e-05,-9.051962558267066e-05,-2.0687657647608686e-07,-4.206641131852087e-05,-9.268347739597503e-05,-2.1678006064324952e-07,-4.3009780859338386e-05,-9.487273680994666e-05,-2.270347479695317e-07,-4.3962360216568986e-05,-9.708739677341049e-05,-2.3764883213724053e-07,-4.492410772882661e-05,-9.932745015340184e-05,-2.4863060057134323e-07,-4.5894981755837946e-05,-0.00010159288973519005,-2.599884344056658e-07,-4.687494067860972e-05,-0.00010388370822230244,0.25
-1.7061408060628712e-07,-3.8385865276666e-05,-8.418058503117694e-05,-1.7919281294524784e-07,-3.929197852158038e-05,-8.62681725536754e-05,-1.880909118033185e-07,-4.020746843622797e-05,-8.838118833939552e-05,-1.9731619556181486e-07,-4.113229327644775e-05,-9.051962558267066e-05,-2.0687657647608686e-07,-4.206641131852087e-05,-9.268347739597503e-05,-2.1678006064324952e-07,-4.3009780859338386e-05,-9.487273680994666e-05,-2.270347479695317e-07,-4.3962360216568986e-05,-9.708739677341049e-05,-2.3764883213724053e-07,-4.492410772882661e-05,-9.932745015340184e-05,-2.4863060057134323e-07,-4.5894981755837946e-05,-0.00010159288973519005,-2.599884344056658e-07,-4.687494067860972e-05,-0.00010388370822230244,0.25
-1.7061408060628712e-07,-3.8385865276666e-05,-8.418058503117694e-05,-1.7919281294524784e-07,-3.929197852158038e-05,-8.62681725536754e-05,-1.880909118033185e-07,-4.020746843622797e-05,-8.838118833939552e-05,-1.9731619556181486e-07,-4.113229327644775e-05,-9.051962558267066e-05,-2.0687657647608686e-07,-4.206641131852087e-05,-9.268347739597503e-05,-2.1678006064324952e-07,-4.3009780859338386e-05,-9.487273680994666e-05,-2.270347479695317e-07,-4.3962360216568986e-05,-9.708739677341049e-05,-2.3764883213724053e-07,-4.492410772882661e-05,-9.932745015340184e-05,-2.4863060057134323e-07,-4.5894981755837946e-05,-0.00010159288973519005,-2.599884344056658e-07,-4.687494067860972e-05,-0.00010388370822230244,0.25
-1.7061408060628712e-07,-3.8385865276666e-05,-8.418058503117694e-05,-1.7919281294524784e-07,-3.929197852158038e-05,-8.62681725536754e-05,-1.880909118033185e-07,-4.020746843622797e-05,-8.838118833939552e-05,-1.9731619556181486e-07,-4.113229327644775e-05,-9.051962558267066e-05,-2.0687657647608686e-07,-4.206641131852087e-05,-9.268347739597503e-05,-2.1678006064324952e-07,-4.3009780859338386e-05,-9.487273680994666e-05,-2.270347479695317e-07,-4.3962360216568986e-05,-9.708739677341049e-05,-2.3764883213724053e-07,-4.492410772882661e-05,-9.932745015340184e-05,-2.4863060057134323e-07,-4.5894981755837946e-05,-0.00010159288973519005,-2.599884344056658e-07,-4.687494067860972e-05,-0.00010388370822230244,0.25
-1.7061408060628712e-07,-3.8385865276666e-05,-8.418058503117694e-05,-1.7919281294524784e-07,-3.929197852158038e-05,-8.62681725536754e-05,-1.880909118033185e-07,-4.020746843622797e-05,-8.838118833939552e-05,-1.9731619556181486e-07,-4.113229327644775e-05,-9.051962558267066e-05,-2.0687657647608686e-07,-4.206641131852087e-05,-9.268347739597503e-05,-2.1678006064324952e-07,-4.3009780859338386e-05,-9.487273680994666e-05,-2.270347479695317e-07,-4.3962360216568986e-05,-9.708739677341049e-05,-2.3764883213724053e-07,-4.492410772882661e-05,-9.932745015340184e-05,-2.4863060057134323e-07,-4.5894981755837946e-05,-0.00010159288973519005,-2.599884344056658e-07,-4.687494067860972e-05,-0.00010388370822230244,0.25
-1.7061408060628712e-07,-3.8385865276666e-05,-8.418058503117694e-05,-1.7919281294524784e-07,-3.929197852158038e-05,-8.62681725536754e-05,-1.880909118033185e-07,-4.020746843622797e-05,-8.838118833939552e-05,-1.9731619556181486e-07,-4.113229327644775e-05,-9.051962558267066e-05,-2.0687657647608686e-07,-4.206641131852087e-05,-9.268347739597503e-05,-2.1678006064324952e-07,-4.3009780859338386e-05,-9.487273680994666e-05,-2.270347479695317e-07,-4.3962360216568986e-05,-9.708739677341049e-05,-2.3764883213724053e-07,-4.492410772882661e-05,-9.932745015340184e-05,-2.4863060057134323e-07,-4.5894981755837946e-05,-0.00010159288973519005,-2.599884344056658e-07,-4.687494067860972e-05,-0.00010388370822230244,0.25
-1.7061408060628712e-07,-3.8385865276666e-05,-8.418058503117694e-05,-1.7919281294524784e-07,-3.929197852158038e-05,-8.62681725536754e-05,-1.880909118033185e-07,-4.020746843622797e-05,-8.838118833939552e-05,-1.9731619556181486e-07,-4.113229327644775e-05,-9.051962558267066e-05,-2.0687657647608686e-07,-4.206641131852087e-05,-9.268347739597503e-05,-2.1678006064324952e-07,-4.3009780859338386e-05,-9.487273680994666e-05,-2.270347479695317e-07,-4.3962360216568986e-05,-9.708739677341049e-05,-2.3764883213724053e-07,-4.492410772882661e-05,-9.932745015340184e-05,-2.4863060057134323e-07,-4.5894981755837946e-05,-0.00010159288973519005,-2.599884344056658e-07,-4.687494067860972e-05,-0.00010388370822230244,0.25
-1.7061408060628712e-07,-3.8385865276666e-05,-8.418058503117694e-05,-1.7919281294524784e-07,-3.929197852158038e-05,-8.62681725536754e-05,-1.880909118033185e-07,-4.020746843622797e-05,-8.838118833939552e-05,-1.9731619556181486e-07,-4.113229327644775e-05,-9.051962558267066e-05,-2.0687657647608686e-07,-4.206641131852087e-05,-9.268347739597503e-05,-2.1678006064324952e-07,-4.3009780859338386e-05,-9.487273680994666e-05,-2.270347479695317e-07,-4.3962360216568986e-05,-9.708739677341049e-05,-2.3764883213724053e-07,-4.492410772882661e-05,-9.932745015340184e-05,-2.4863060057134323e-07,-4.5894981755837946e-05,-0.00010159288973519005,-2.599884344056658e-07,-4.687494067860972e-05,-0.00010388370822230244,0.25
-1.7061408060628712e-07,-3.8385865276666e-05,-8.418058503117694e-05,-1.7919281294524784e-07,-3.929197852158038e-05,-8.62681725536754e-05,-1.880909118033185e-07,-4.020746843622797e-05,-8.838118833939552e-05,-1.9731619556181486e-07,-4.113229327644775e-05,-9.051962558267066e-05,-2.0687657647608686e-07,-4.206641131852087e-05,-9.268347739597503e-05,-2.1678006064324952e-07,-4.3009780859338386e-05,-9.487273680994666e-05,-2.270347479695317e-07,-4.3962360216568986e-05,-9.708739677341049e-05,-2.3764883213724053e-07,-4.492410772882661e-05,-9.932745015340184e-05,-2.4863060057134323e-07,-4.5894981755837946e-05,-0.00010159288973519005,-2.599884344056658e-07,-4.687494067860972e-05,-0.00010388370822230244,0.25
-1.7061408060628712e-07,-3.8385865276666e-05,-8.418058503117694e-05,-1.7919281294524784e-07,-3.929197852158038e-05,-8.62681725536754e-05,-1.880909118033185e-07,-4.020746843622797e-05,-8.838118833939552e-05,-1.9731619556181486e-07,-4.113229327644775e-05,-9.051962558267066e-05,-2.0687657647608686e-07,-4.206641131852087e-05,-9.268347739597503e-05,-2.1678006064324952e-07,-4.3009780859338386e-05,-9.487273680994666e-05,-2.270347479695317e-07,-4.3962360216568986e-05,-9.708739677341049e-05,-2.3764883213724053e-07,-4.492410772882661e-05,-9.932745015340184e-05,-2.4863060057134323e-07,-4.5894981755837946e-05,-0.00010159288973519005,-2.599884344056658e-07,-4.687494067860972e-05,-0.00010388370822230244,0.25
-1.7061408060628712e-07,-3.8385865276666e-05,-8.418058503117694e-05,-1.7919281294524784e-07,-3.929197852158038e-05,-8.62681725536754e-05,-1.880909118033185e-07,-4.020746843622797e-05,-8.838118833939552e-05,-1.9731619556181486e-07,-4.113229327644775e-05,-9.051962558267066e-05,-2.0687657647608686e-07,-4.206641131852087e-05,-9.268347739597503e-05,-2.1678006064324952e-07,-4.3009780859338386e-05,-9.487273680994666e-05,-2.270347479695317e-07,-4.3962360216568986e-05,-9.708739677341049e-05,-2.3764883213724053e-07,-4.492410772882661e-05,-9.932745015340184e-05,-2.4863060057134323e-07,-4.5894981755837946e-05,-0.00010159288973519005,-2.599884344056658e-07,-4.687494067860972e-05,-0.00010388370822230244,0.25
-1.7061408060628712e-07,-3.8385865276666e-05,-8.418058503117694e-05,-1.7919281294524784e-07,-3.929197852158038e-05,-8.62681725536754e-05,-1.880909118033185e-07,-4.020746843622797e-05,-8.838118833939552e-05,-1.9731619556181486e-07,-4.113229327644775e-05,-9.051962558267066e-05,-2.0687657647608686e-07,-4.206641131852087e-05,-9.268347739597503e-05,-2.1678006064324952e-07,-4.3009780859338386e-05,-9.487273680994666e-05,-2.270347479695317e-07,-4.3962360216568986e-05,-9.708739677341049e-05,-2.3764883213724053e-07,-4.492410772882661e-05,-9.932745015340184e-05,-2.4863060057134323e-07,-4.5894981755837946e-05,-0.00010159288973519005,-2.599884344056658e-07,-4.687494067860972e-05,-0.00010388370822230244,0.25
-1.7061408060628712e-07,-3.8385865276666e-05,-8.418058503117694e-05,-1.7919281294524784e-07,-3.929197852158038e-05,-8.62681725536754e-05,-1.880909118033185e-07,-4.020746843622797e-05,-8.838118833939552e-05,-1.9731619556181486e-07,-4.113229327644775e-05,-9.051962558267066e-05,-2.0687657647608686e-07,-4.206641131852087e-05,-9.268347739597503e-05,-2.1678006064324952e-07,-4.3009780859338386e-05,-9.487273680994666e-05,-2.270347479695317e-07,-4.3962360216568986e-05,-9.708739677341049e-05,-2.3764883213724053e-07,-4.492410772882661e-05,-9.932745015340184e-05,-2.4863060057134323e-07,-4.5894981755837946e-05,-0.00010159288973519005,-2.599884344056658e-07,-4.687494067860972e-05,-0.00010388370822230244,0.25
-1.7061408060628712e-07,-3.8385865276666e-05,-8.418058503117694e-05,-1.7919281294524784e-07,-3.929197852158038e-05,-8.62681725536754e-05,-1.880909118033185e-07,-4.020746843622797e-05,-8.838118833939552e-05,-1.9731619556181486e-07,-4.113229327644775e-05,-9.051962558267066e-05,-2.0687657647608686e-07,-4.206641131852087e-05,-9.268347739597503e-05,-2.1678006064324952e-07,-4.3009780859338386e-05,-9.487273680994666e-05,-2.270347479695317e-07,-4.3962360216568986e-05,-9.708739677341049e-05,-2.3764883213724053e-07,-4.492410772882661e-05,-9.932745015340184e-05,-2.4863060057134323e-07,-4.5894981755837946e-05,-0.00010159288973519005,-2.599884344056658e-07,-4.687494067860972e-05,-0.00010388370822230244,0.25
-1.7061408060628712e-07,-3.8385865276666e-05,-8.418058503117694e-05,-1.7919281294524784e-07,-3.929197852158038e-05,-8.62681725536754e-05,-1.880909118033185e-07,-4.020746843622797e-05,-8.838118833939552e-05,-1.9731619556181486e-07,-4.113229327644775e-05,-9.051962558267066e-05,-2.0687657647608686e-07,-4.206641131852087e-05,-9.268347739597503e-05,-2.1678006064324952e-07,-4.3009780859338386e-05,-9.487273680994666e-05,-2.270347479695317e-07,-4.3962360216568986e-05,-9.708739677341049e-05,-2.3764883213724053e-07,-4.492410772882661e-05,-9.932745015340184e-05,-2.4863060057134323e-07,-4.5894981755837946e-05,-0.00010159288973519005,-2.599884344056658e-07,-4.687494067860972e-05,-0.00010388370822230244,0.25
-1.7061408060628712e-07,-3.8385865276666e-05,-8.418058503117694e-05,-1.7919281294524784e-07,-3.929197852158038e-05,-8.62681725536754e-05,-1.880909118033185e-07,-4.020746843622797e-05,-8.838118833939552e-05,-1.9731619556181486e-07,-4.113229327644775e-05,-9.051962558267066e-05,-2.0687657647608686e-07,-4.206641131852087e-05,-9.268347739597503e-05,-2.1678006064324952e-07,-4.3009780859338386e-05,-9.487273680994666e-05,-2.270347479695317e-07,-4.3962360216568986e-05,-9.708739677341049e-05,-2.3764883213724053e-07,-4.492410772882661e-05,-9.932745015340184e-05,-2.4863060057134323e-07,-4.5894981755837946e-05,-0.00010159288973519005,-2.599884344056658e-07,-4.687494067860972e-05,-0.00010388370822230244,0.25
-1.7061408060628712e-07,-3.8385865276666e-05,-8.418058503117694e-05,-1.7919281294524784e-07,-3.929197852158038e-05,-8.62681725536754e-05,-1.880909118033185e-07,-4.020746843622797e-05,-8.838118833939552e-05,-1.9731619556181486e-07,-4.113229327644775e-05,-9.051962558267066e-05,-2.0687657647608686e-07,-4.206641131852087e-05,-9.268347739597503e-05,-2.1678006064324952e-07,-4.3009780859338386e-05,-9.487273680994666e-05,-2.270347479695317e-07,-4.3962360216568986e-05,-9.708739677341049e-05,-2.3764883213724053e-07,-4.492410772882661e-05,-9.932745015340184e-05,-2.4863060057134323e-07,-4.5894981755837946e-05,-0.00010159288973519005,-2.599884344056658e-07,-4.687494067860972e-05,-0.00010388370822230244,0.25
-1.7061408060628712e-07,-3.8385865276666e-05,-8.418058503117694e-05,-1.7919281294524784e-07,-3.929197852158038e-05,-8.62681725536754e-05,-1.880909118033185e-07,-4.020746843622797e-05,-8.838118833939552e-05,-1.9731619556181486e-07,-4.113229327644775e-05,-9.051962558267066e-05,-2.0687657647608686e-07,-4.206641131852087e-05,-9.268347739597503e-05,-2.1678006064324952e-07,-4.3009780859338386e-05,-9.487273680994666e-05,-2.270347479695317e-07,-4.3962360216568986e-05,-9.708739677341049e-05,-2.3764883213724053e-07,-4.492410772882661e-05,-9.932745015340184e-05,-2.4863060057134323e-07,-4.5894981755837946e-05,-0.00010159288973519005,-2.599884344056658e-07,-4.687494067860972e-05,-0.00010388370822230244,0.25
-1.7061408060628712e-07,-3.8385865276666e-05,-8.418058503117694e-05,-1.7919281294524784e-07,-3.929197852158038e-05,-8.62681725536754e-05,-1.880909118033185e-07,-4.020746843622797e-05,-8.838118833939552e-05,-1.9731619556181486e-07,-4.113229327644775e-05,-9.051962558267066e-05,-2.0687657647608686e-07,-4.206641131852087e-05,-9.268347739597503e-05,-2.1678006064324952e-07,-4.3009780859338386e-05,-9.487273680994666e-05,-2.270347479695317e-07,-4.3962360216568986e-05,-9.708739677341049e-05,-2.3764883213724053e-07,-4.492410772882661e-05,-9.932745015340184e-05,-2.4863060057134323e-07,-4.5894981755837946e-05,-0.00010159288973519005,-2.599884344056658e-07,-4.687494067860972e-05,-0.00010388370822230244,0.25
-1.7061408060628712e-07,-3.8385865276666e-05,-8.418058503117694e-05,-1.7919281294524784e-07,-3.929197852158038e-05,-8.62681725536754e-05,-1.880909118033185e-07,-4.020746843622797e-05,-8.838118833939552e-05,-1.9731619556181486e-07,-4.113229327644775e-05,-9.051962558267066e-05,-2.0687657647608686e-07,-4.206641131852087e-05,-9.268347739597503e-05,-2.1678006064324952e-07,-4.3009780859338386e-05,-9.487273680994666e-05,-2.270347479695317e-07,-4.3962360216568986e-05,-9.708739677341049e-05,-2.3764883213724053e-07,-4.492410772882661e-05,-9.932745015340184e-05,-2.4863060057134323e-07,-4.5894981755837946e-05,-0.00010159288973519005,-2.599884344056658e-07,-4.687494067860972e-05,-0.00010388370822230244,0.25
-1.7061408060628712e-07,-3.8385865276666e-05,-8.418058503117694e-05,-1.7919281294524784e-07,-3.929197852158038e-05,-8.62681725536754e-05,-1.880909118033185e-07,-4.020746843622797e-05,-8.838118833939552e-05,-1.9731619556181486e-07,-4.113229327644775e-05,-9.051962558267066e-05,-2.0687657647608686e-07,-4.206641131852087e-05,-9.268347739597503e-05,-2.1678006064324952e-07,-4.3009780859338386e-05,-9.487273680994666e-05,-2.270347479695317e-07,-4.3962360216568986e-05,-9.708739677341049e-05,-2.3764883213724053e-07,-4.492410772882661e-05,-9.932745015340184e-05,-2.4863060057134323e-07,-4.5894981755837946e-05,-0.00010159288973519005,-2.599884344056658e-07,-4.687494067860972e-05,-0.00010388370822230244,0.25
-1.7061408060628712e-07,-3.8385865276666e-05,-8.418058503117694e-05,-1.7919281294524784e-07,-3.929197852158038e-05,-8.62681725536754e-05,-1.880909118033185e-07,-4.020746843622797e-05,-8.838118833939552e-05,-1.9731619556181486e-07,-4.113229327644775e-05,-9.051962558267066e-05,-2.0687657647608686e-07,-4.206641131852087e-05,-9.268347739597503e-05,-2.1678006064324952e-07,-4.3009780859338386e-05,-9.487273680994666e-05,-2.270347479695317e-07,-4.3962360216568986e-05,-9.708739677341049e-05,-2.3764883213724053e-07,-4.492410772882661e-05,-9.932745015340184e-05,-2.4863060057134323e-07,-4.5894981755837946e-05,-0.00010159288973519005,-2.599884344056658e-07,-4.687494067860972e-05,-0.00010388370822230244,0.25
-1.7061408060628712e-07,-3.8385865276666e-05,-8.418058503117694e-05,-1.7919281294524784e-07,-3.929197852158038e-05,-8.62681725536754e-05,-1.880909118033185e-07,-4.020746843622797e-05,-8.838118833939552e-05,-1.9731619556181486e-07,-4.113229327644775e-05,-9.051962558267066e-05,-2.0687657647608686e-07,-4.206641131852087e-05,-9.268347739597503e-05,-2.1678006064324952e-07,-4.3009780859338386e-05,-9.487273680994666e-05,-2.270347479695317e-07,-4.3962360216568986e-05,-9.708739677341049e-05,-2.3764883213724053e-07,-4.492410772882661e-05,-9.932745015340184e-05,-2.4863060057134323e-07,-4.5894981755837946e-05,-0.00010159288973519005,-2.599884344056658e-07,-4.687494067860972e-05,-0.00010388370822230244,0.25
-1.7061408060628712e-07,-3.8385865276666e-05,-8.418058503117694e-05,-1.7919281294524784e-07,-3.929197852158038e-05,-8.62681725536754e-05,-1.880909118033185e-07,-4.020746843622797e-05,-8.838118833939552e-05,-1.9731619556181486e-07,-4.113229327644775e-05,-9.051962558267066e-05,-2.0687657647608686e-07,-4.206641131852087e-05,-9.268347739597503e-05,-2.1678006064324952e-07,-4.3009780859338386e-05,-9.487273680994666e-05,-2.270347479695317e-07,-4.3962360216568986e-05,-9.708739677341049e-05,-2.3764883213724053e-07,-4.492410772882661e-05,-9.932745015340184e-05,-2.4863060057134323e-07,-4.5894981755837946e-05,-0.00010159288973519005,-2.599884344056658e-07,-4.687494067860972e-05,-0.00010388370822230244,0.25
-1.7061408060628712e-07,-3.8385865276666e-05,-8.418058503117694e-05,-1.7919281294524784e-07,-3.929197852158038e-05,-8.62681725536754e-05,-1.880909118033185e-07,-4.020746843622797e-05,-8.838118833939552e-05,-1.9731619556181486e-07,-4.113229327644775e-05,-9.051962558267066e-05,-2.0687657647608686e-07,-4.206641131852087e-05,-9.268347739597503e-05,-2.1678006064324952e-07,-4.3009780859338386e-05,-9.487273680994666e-05,-2.270347479695317e-07,-4.3962360216568986e-05,-9.708739677341049e-05,-2.3764883213724053e-07,-4.492410772882661e-05,-9.932745015340184e-05,-2.4863060057134323e-07,-4.5894981755837946e-05,-0.00010159288973519005,-2.599884344056658e-07,-4.687494067860972e-05,-0.00010388370822230244,0.25
-1.7061408060628712e-07,-3.8385865276666e-05,-8.418058503117694e-05,-1.7919281294524784e-07,-3.929197852158038e-05,-8.62681725536754e-05,-1.880909118033185e-07,-4.020746843622797e-05,-8.838118833939552e-05,-1.9731619556181486e-07,-4.113229327644775e-05,-9.051962558267066e-05,-2.0687657647608686e-07,-4.206641131852087e-05,-9.268347739597503e-05,-2.1678006064324952e-07,-4.3009780859338386e-05,-9.487273680994666e-05,-2.270347479695317e-07,-4.3962360216568986e-05,-9.708739677341049e-05,-2.3764883213724053e-07,-4.492410772882661e-05,-9.932745015340184e-05,-2.4863060057134323e-07,-4.5894981755837946e-05,-0.00010159288973519005,-2.599884344056658e-07,-4.687494067860972e-05,-0.00010388370822230244,0.25
-1.7061408060628712e-07,-3.8385865276666e-05,-8.418058503117694e-05,-1.7919281294524784e-07,-3.929197852158038e-05,-8.62681725536754e-05,-1.880909118033185e-07,-4.020746843622797e-05,-8.838118833939552e-05,-1.9731619556181486e-07,-4.113229327644775e-05,-9.051962558267066e-05,-2.0687657647608686e-07,-4.206641131852087e-05,-9.268347739597503e-05,-2.1678006064324952e-07,-4.3009780859338386e-05,-9.487273680994666e-05,-2.270347479695317e-07,-4.3962360216568986e-05,-9.708739677341049e-05,-2.3764883213724053e-07,-4.492410772882661e-05,-9.932745015340184e-05,-2.4863060057134323e-07,-4.5894981755837946e-05,-0.00010159288973519005,-2.599884344056658e-07,-4.687494067860972e-05,-0.00010388370822230244,0.25
-1.7061408060628712e-07,-3.8385865276666e-05,-8.418058503117694e-05,-1.7919281294524784e-07,-3.929197852158038e-05,-8.62681725536754e-05,-1.880909118033185e-07,-4.020746843622797e-05,-8.838118833939552e-05,-1.9731619556181486e-07,-4.113229327644775e-05,-9.051962558267066e-05,-2.0687657647608686e-07,-4.206641131852087e-05,-9.268347739597503e-05,-2.1678006064324952e-07,-4.3009780859338386e-05,-9.487273680994666e-05,-2.270347479695317e-07,-4.3962360216568986e-05,-9.708739677341049e-05,-2.3764883213724053e-07,-4.492410772882661e-05,-9.932745015340184e-05,-2.4863060057134323e-07,-4.5894981755837946e-05,-0.00010159288973519005,-2.599884344056658e-07,-4.687494067860972e-05,-0.00010388370822230244,0.25
-1.7061408060628712e-07,-3.8385865276666e-05,-8.418058503117694e-05,-1.7919281294524784e-07,-3.929197852158038e-05,-8.62681725536754e-05,-1.880909118033185e-07,-4.020746843622797e-05,-8.838118833939552e-05,-1.9731619556181486e-07,-4.113229327644775e-05,-9.051962558267066e-05,-2.0687657647608686e-07,-4.206641131852087e-05,-9.268347739597503e-05,-2.1678006064324952e-07,-4.3009780859338386e-05,-9.487273680994666e-05,-2.270347479695317e-07,-4.3962360216568986e-05,-9.708739677341049e-05,-2.3764883213724053e-07,-4.492410772882661e-05,-9.932745015340184e-05,-2.4863060057134323e-07,-4.5894981755837946e-05,-0.00010159288973519005,-2.599884344056658e-07,-4.687494067860972e-05,-0.00010388370822230244,0.25
-1.7061408060628712e-07,-3.8385865276666e-05,-8.418058503117694e-05,-1.7919281294524784e-07,-3.929197852158038e-05,-8.62681725536754e-05,-1.880909118033185e-07,-4.020746843622797e-05,-8.838118833939552e-05,-1.9731619556181486e-07,-4.113229327644775e-05,-9.051962558267066e-05,-2.0687657647608686e-07,-4.206641131852087e-05,-9.268347739597503e-05,-2.1678006064324952e-07,-4.3009780859338386e-05,-9.487273680994666e-05,-2.270347479695317e-07,-4.3962360216568986e-05,-9.708739677341049e-05,-2.3764883213724053e-07,-4.492410772882661e-05,-9.932745015340184e-05,-2.4863060057134323e-07,-4.5894981755837946e-05,-0.00010159288973519005,-2.599884344056658e-07,-4.687494067860972e-05,-0.00010388370822230244,0.25
-1.7061408060628712e-07,-3.8385865276666e-05,-8.418058503117694e-05,-1.7919281294524784e-07,-3.929197852158038e-05,-8.62681725536754e-05,-1.880909118033185e-07,-4.020746843622797e-05,-8.838118833939552e-05,-1.9731619556181486e-07,-4.113229327644775e-05,-9.051962558267066e-05,-2.0687657647608686e-07,-4.206641131852087e-05,-9.268347739597503e-05,-2.1678006064324952e-07,-4.3009780859338386e-05,-9.487273680994666e-05,-2.270347479695317e-07,-4.3962360216568986e-05,-9.708739677341049e-05,-2.3764883213724053e-07,-4.492410772882661e-05,-9.932745015340184e-05,-2.4863060057134323e-07,-4.5894981755837946e-05,-0.00010159288973519005,-2.599884344056658e-07,-4.687494067860972e-05,-0.00010388370822230244,0.25
-1.7061408060628712e-07,-3.8385865276666e-05,-8.418058503117694e-05,-1.7919281294524784e-07,-3.929197852158038e-05,-8.62681725536754e-05,-1.880909118033185e-07,-4.020746843622797e-05,-8.838118833939552e-05,-1.9731619556181486e-07,-4.113229327644775e-05,-9.051962558267066e-05,-2.0687657647608686e-07,-4.206641131852087e-05,-9.268347739597503e-05,-2.1678006064324952e-07,-4.3009780859338386e-05,-9.487273680994666e-05,-2.270347479695317e-07,-4.3962360216568986e-05,-9.708739677341049e-05,-2.3764883213724053e-07,-4.492410772882661e-05,-9.932745015340184e-05,-2.4863060057134323e-07,-4.5894981755837946e-05,-0.00010159288973519005,-2.599884344056658e-07,-4.687494067860972e-05,-0.00010388370822230244,0.25
-1.7061408060628712e-07,-3.8385865276666e-05,-8.418058503117694e-05,-1.7919281294524784e-07,-3.929197852158038e-05,-8.62681725536754e-05,-1.880909118033185e-07,-4.020746843622797e-05,-8.838118833939552e-05,-1.9731619556181486e-07,-4.113229327644775e-05,-9.051962558267066e-05,-2.0687657647608686e-07,-4.206641131852087e-05,-9.268347739597503e-05,-2.1678006064324952e-07,-4.3009780859338386e-05,-9.487273680994666e-05,-2.270347479695317e-07,-4.3962360216568986e-05,-9.708739677341049e-05,-2.3764883213724053e-07,-4.492410772882661e-05,-9.932745015340184e-05,-2.4863060057134323e-07,-4.5894981755837946e-05,-0.00010159288973519005,-2.599884344056658e-07,-4.687494067860972e-05,-0.00010388370822230244,0.25
-1.7061408060628712e-07,-3.8385865276666e-05,-8.418058503117694e-05,-1.7919281294524784e-07,-3.929197852158038e-05,-8.62681725536754e-05,-1.880909118033185e-07,-4.020746843622797e-05,-8.838118833939552e-05,-1.9731619556181486e-07,-4.113229327644775e-05,-9.051962558267066e-05,-2.0687657647608686e-07,-4.206641131852087e-05,-9.268347739597503e-05,-2.1678006064324952e-07,-4.3009780859338386e-05,-9.487273680994666e-05,-2.270347479695317e-07,-4.3962360216568986e-05,-9.708739677341049e-05,-2.3764883213724053e-07,-4.492410772882661e-05,-9.932745015340184e-05,-2.4863060057134323e-07,-4.5894981755837946e-05,-0.00010159288973519005,-2.599884344056658e-07,-4.687494067860972e-05,-0.00010388370822230244,0.25
-1.7061408060628712e-07,-3.8385865276666e-05,-8.418058503117694e-05,-1.7919281294524784e-07,-3.929197852158038e-05,-8.62681725536754e-05,-1.880909118033185e-07,-4.020746843622797e-05,-8.838118833939552e-05,-1.9731619556181486e-07,-4.113229327644775e-05,-9.051962558267066e-05,-2.0687657647608686e-07,-4.206641131852087e-05,-9.268347739597503e-05,-2.1678006064324952e-07,-4.3009780859338386e-05,-9.487273680994666e-05,-2.270347479695317e-07,-4.3962360216568986e-05,-9.708739677341049e-05,-2.3764883213724053e-07,-4.492410772882661e-05,-9.932745015340184e-05,-2.4863060057134323e-07,-4.5894981755837946e-05,-0.00010159288973519005,-2.599884344056658e-07,-4.687494067860972e-05,-0.00010388370822230244,0.25
-1.7061408060628712e-07,-3.8385865276666e-05,-8.418058503117694e-05,-1.7919281294524784e-07,-3.929197852158038e-05,-8.62681725536754e-05,-1.880909118033185e-07,-4.020746843622797e-05,-8.838118833939552e-05,-1.9731619556181486e-07,-4.113229327644775e-05,-9.051962558267066e-05,-2.0687657647608686e-07,-4.206641131852087e-05,-9.268347739597503e-05,-2.1678006064324952e-07,-4.3009780859338386e-05,-9.487273680994666e-05,-2.270347479695317e-07,-4.3962360216568986e-05,-9.708739677341049e-05,-2.3764883213724053e-07,-4.492410772882661e-05,-9.932745015340184e-05,-2.4863060057134323e-07,-4.5894981755837946e-05,-0.00010159288973519005,-2.599884344056658e-07,-4.687494067860972e-05,-0.00010388370822230244,0.25
-1.7061408060628712e-07,-3.8385865276666e-05,-8.418058503117694e-05,-1.7919281294524784e-07,-3.929197852158038e-05,-8.62681725536754e-05,-1.880909118033185e-07,-4.020746843622797e-05,-8.838118833939552e-05,-1.9731619556181486e-07,-4.113229327644775e-05,-9.051962558267066e-05,-2.0687657647608686e-07,-4.206641131852087e-05,-9.268347739597503e-05,-2.1678006064324952e-07,-4.3009780859338386e-05,-9.487273680994666e-05,-2.270347479695317e-07,-4.3962360216568986e-05,-9.708739677341049e-05,-2.3764883213724053e-07,-4.492410772882661e-05,-9.932745015340184e-05,-2.4863060057134323e-07,-4.5894981755837946e-05,-0.00010159288973519005,-2.599884344056658e-07,-4.687494067860972e-05,-0.00010388370822230244,0.25
-1.7061408060628712e-07,-3.8385865276666e-05,-8.418058503117694e-05,-1.7919281294524784e-07,-3.929197852158038e-05,-8.62681725536754e-05,-1.880909118033185e-07,-4.020746843622797e-05,-8.838118833939552e-05,-1.9731619556181486e-07,-4.113229327644775e-05,-9.051962558267066e-05,-2.0687657647608686e-07,-4.206641131852087e-05,-9.268347739597503e-05,-2.1678006064324952e-07,-4.3009780859338386e-05,-9.487273680994666e-05,-2.270347479695317e-07,-4.3962360216568986e-05,-9.708739677341049e-05,-2.3764883213724053e-07,-4.492410772882661e-05,-9.932745015340184e-05,-2.4863060057134323e-07,-4.5894981755837946e-05,-0.00010159288973519005,-2.599884344056658e-07,-4.687494067860972e-05,-0.00010388370822230244,0.25
-1.7061408060628712e-07,-3.8385865276666e-05,-8.418058503117694e-05,-1.7919281294524784e-07,-3.929197852158038e-05,-8.62681725536754e-05,-1.880909118033185e-07,-4.020746843622797e-05,-8.838118833939552e-05,-1.9731619556181486e-07,-4.113229327644775e-05,-9.051962558267066e-05,-2.0687657647608686e-07,-4.206641131852087e-05,-9.268347739597503e-05,-2.1678006064324952e-07,-4.3009780859338386e-05,-9.487273680994666e-05,-2.270347479695317e-07,-4.3962360216568986e-05,-9.708739677341049e-05,-2.3764883213724053e-07,-4.492410772882661e-05,-9.932745015340184e-05,-2.4863060057134323e-07,-4.5894981755837946e-05,-0.00010159288973519005,-2.599884344056658e-07,-4.687494067860972e-05,-0.00010388370822230244,0.25
-1.7061408060628712e-07,-3.8385865276666e-05,-8.418058503117694e-05,-1.7919281294524784e-07,-3.929197852158038e-05,-8.62681725536754e-05,-1.880909118033185e-07,-4.020746843622797e-05,-8.838118833939552e-05,-1.9731619556181486e-07,-4.113229327644775e-05,-9.051962558267066e-05,-2.0687657647608686e-07,-4.206641131852087e-05,-9.268347739597503e-05,-2.1678006064324952e-07,-4.3009780859338386e-05,-9.487273680994666e-05,-2.270347479695317e-07,-4.3962360216568986e-05,-9.708739677341049e-05,-2.3764883213724053e-07,-4.492410772882661e-05,-9.932745015340184e-05,-2.4863060057134323e-07,-4.5894981755837946e-05,-0.00010159288973519005,-2.599884344056658e-07,-4.687494067860972e-05,-0.00010388370822230244,0.25
-1.7061408060628712e-07,-3.8385865276666e-05,-8.418058503117694e-05,-1.7919281294524784e-07,-3.929197852158038e-05,-8.62681725536754e-05,-1.880909118033185e-07,-4.020746843622797e-05,-8.838118833939552e-05,-1.9731619556181486e-07,-4.113229327644775e-05,-9.051962558267066e-05,-2.0687657647608686e-07,-4.206641131852087e-05,-9.268347739597503e-05,-2.1678006064324952e-07,-4.3009780859338386e-05,-9.487273680994666e-05,-2.270347479695317e-07,-4.3962360216568986e-05,-9.708739677341049e-05,-2.3764883213724053e-07,-4.492410772882661e-05,-9.932745015340184e-05,-2.4863060057134323e-07,-4.5894981755837946e-05,-0.00010159288973519005,-2.599884344056658e-07,-4.687494067860972e-05,-0.00010388370822230244,0.25
-1.7061408060628712e-07,-3.8385865276666e-05,-8.418058503117694e-05,-1.7919281294524784e-07,-3.929197852158038e-05,-8.62681725536754e-05,-1.880909118033185e-07,-4.020746843622797e-05,-8.838118833939552e-05,-1.9731619556181486e-07,-4.113229327644775e-05,-9.051962558267066e-05,-2.0687657647608686e-07,-4.206641131852087e-05,-9.268347739597503e-05,-2.1678006064324952e-07,-4.3009780859338386e-05,-9.487273680994666e-05,-2.270347479695317e-07,-4.3962360216568986e-05,-9.708739677341049e-05,-2.3764883213724053e-07,-4.492410772882661e-05,-9.932745015340184e-05,-2.4863060057134323e-07,-4.5894981755837946e-05,-0.00010159288973519005,-2.599884344056658e-07,-4.687494067860972e-05,-0.00010388370822230244,0.25
-1.7061408060628712e-07,-3.8385865276666e-05,-8.418058503117694e-05,-1.7919281294524784e-07,-3.929197852158038e-05,-8.62681725536754e-05,-1.880909118033185e-07,-4.020746843622797e-05,-8.838118833939552e-05,-1.9731619556181486e-07,-4.113229327644775e-05,-9.051962558267066e-05,-2.0687657647608686e-07,-4.206641131852087e-05,-9.268347739597503e-05,-2.1678006064324952e-07,-4.3009780859338386e-05,-9.487273680994666e-05,-2.270347479695317e-07,-4.3962360216568986e-05,-9.708739677341049e-05,-2.3764883213724053e-07,-4.492410772882661e-05,-9.932745015340184e-05,-2.4863060057134323e-07,-4.5894981755837946e-05,-0.00010159288973519005,-2.599884344056658e-07,-4.687494067860972e-05,-0.00010388370822230244,0.25
-1.7061408060628712e-07,-3.8385865276666e-05,-8.418058503117694e-05,-1.7919281294524784e-07,-3.929197852158038e-05,-8.62681725536754e-05,-1.880909118033185e-07,-4.020746843622797e-05,-8.838118833939552e-05,-1.9731619556181486e-07,-4.113229327644775e-05,-9.051962558267066e-05,-2.0687657647608686e-07,-4.206641131852087e-05,-9.268347739597503e-05,-2.1678006064324952e-07,-4.3009780859338386e-05,-9.487273680994666e-05,-2.270347479695317e-07,-4.3962360216568986e-05,-9.708739677341049e-05,-2.3764883213724053e-07,-4.492410772882661e-05,-9.932745015340184e-05,-2.4863060057134323e-07,-4.5894981755837946e-05,-0.00010159288973519005,-2.599884344056658e-07,-4.687494067860972e-05,-0.00010388370822230244,0.25
-1.7061408060628712e-07,-3.8385865276666e-05,-8.418058503117694e-05,-1.7919281294524784e-07,-3.929197852158038e-05,-8.62681725536754e-05,-1.880909118033185e-07,-4.020746843622797e-05,-8.838118833939552e-05,-1.9731619556181486e-07,-4.113229327644775e-05,-9.051962558267066e-05,-2.0687657647608686e-07,-4.206641131852087e-05,-9.268347739597503e-05,-2.1678006064324952e-07,-4.3009780859338386e-05,-9.487273680994666e-05,-2.270347479695317e-07,-4.3962360216568986e-05,-9.708739677341049e-05,-2.3764883213724053e-07,-4.492410772882661e-05,-9.932745015340184e-05,-2.4863060057134323e-07,-4.5894981755837946e-05,-0.00010159288973519005,-2.599884344056658e-07,-4.687494067860972e-05,-0.00010388370822230244,0.25
-1.7061408060628712e-07,-3.8385865276666e-05,-8.418058503117694e-05,-1.7919281294524784e-07,-3.929197852158038e-05,-8.62681725536754e-05,-1.880909118033185e-07,-4.020746843622797e-05,-8.838118833939552e-05,-1.9731619556181486e-07,-4.113229327644775e-05,-9.051962558267066e-05,-2.0687657647608686e-07,-4.206641131852087e-05,-9.268347739597503e-05,-2.1678006064324952e-07,-4.3009780859338386e-05,-9.487273680994666e-05,-2.270347479695317e-07,-4.3962360216568986e-05,-9.708739677341049e-05,-2.3764883213724053e-07,-4.492410772882661e-05,-9.932745015340184e-05,-2.4863060057134323e-07,-4.5894981755837946e-05,-0.00010159288973519005,-2.599884344056658e-07,-4.687494067860972e-05,-0.00010388370822230244,0.25
-1.7061408060628712e-07,-3.8385865276666e-05,-8.418058503117694e-05,-1.7919281294524784e-07,-3.929197852158038e-05,-8.62681725536754e-05,-1.880909118033185e-07,-4.020746843622797e-05,-8.838118833939552e-05,-1.9731619556181486e-07,-4.113229327644775e-05,-9.051962558267066e-05,-2.0687657647608686e-07,-4.206641131852087e-05,-9.268347739597503e-05,-2.1678006064324952e-07,-4.3009780859338386e-05,-9.487273680994666e-05,-2.270347479695317e-07,-4.3962360216568986e-05,-9.708739677341049e-05,-2.3764883213724053e-07,-4.492410772882661e-05,-9.932745015340184e-05,-2.4863060057134323e-07,-4.5894981755837946e-05,-0.00010159288973519005,-2.599884344056658e-07,-4.687494067860972e-05,-0.00010388370822230244,0.25
-1.7061408060628712e-07,-3.8385865276666e-05,-8.418058503117694e-05,-1.7919281294524784e-07,-3.929197852158038e-05,-8.62681725536754e-05,-1.880909118033185e-07,-4.020746843622797e-05,-8.838118833939552e-05,-1.9731619556181486e-07,-4.113229327644775e-05,-9.051962558267066e-05,-2.0687657647608686e-07,-4.206641131852087e-05,-9.268347739597503e-05,-2.1678006064324952e-07,-4.3009780859338386e-05,-9.487273680994666e-05,-2.270347479695317e-07,-4.3962360216568986e-05,-9.708739677341049e-05,-2.3764883213724053e-07,-4.492410772882661e-05,-9.932745015340184e-05,-2.4863060057134323e-07,-4.5894981755837946e-05,-0.00010159288973519005,-2.599884344056658e-07,-4.687494067860972e-05,-0.00010388370822230244,0.25
-1.7061408060628712e-07,-3.8385865276666e-05,-8.418058503117694e-05,-1.7919281294524784e-07,-3.929197852158038e-05,-8.62681725536754e-05,-1.880909118033185e-07,-4.020746843622797e-05,-8.838118833939552e-05,-1.9731619556181486e-07,-4.113229327644775e-05,-9.051962558267066e-05,-2.0687657647608686e-07,-4.206641131852087e-05,-9.268347739597503e-05,-2.1678006064324952e-07,-4.3009780859338386e-05,-9.487273680994666e-05,-2.270347479695317e-07,-4.3962360216568986e-05,-9.708739677341049e-05,-2.3764883213724053e-07,-4.492410772882661e-05,-9.932745015340184e-05,-2.4863060057134323e-07,-4.5894981755837946e-05,-0.00010159288973519005,-2.599884344056658e-07,-4.687494067860972e-05,-0.00010388370822230244,0.25
-1.7061408060628712e-07,-3.8385865276666e-05,-8.418058503117694e-05,-1.7919281294524784e-07,-3.929197852158038e-05,-8.62681725536754e-05,-1.880909118033185e-07,-4.020746843622797e-05,-8.838118833939552e-05,-1.9731619556181486e-07,-4.113229327644775e-05,-9.051962558267066e-05,-2.0687657647608686e-07,-4.206641131852087e-05,-9.268347739597503e-05,-2.1678006064324952e-07,-4.3009780859338386e-05,-9.487273680994666e-05,-2.270347479695317e-07,-4.3962360216568986e-05,-9.708739677341049e-05,-2.3764883213724053e-07,-4.492410772882661e-05,-9.932745015340184e-05,-2.4863060057134323e-07,-4.5894981755837946e-05,-0.00010159288973519005,-2.599884344056658e-07,-4.687494067860972e-05,-0.00010388370822230244,0.25
-1.7061408060628712e-07,-3.8385865276666e-05,-8.418058503117694e-05,-1.7919281294524784e-07,-3.929197852158038e-05,-8.62681725536754e-05,-1.880909118033185e-07,-4.020746843622797e-05,-8.838118833939552e-05,-1.9731619556181486e-07,-4.113229327644775e-05,-9.051962558267066e-05,-2.0687657647608686e-07,-4.206641131852087e-05,-9.268347739597503e-05,-2.1678006064324952e-07,-4.3009780859338386e-05,-9.487273680994666e-05,-2.270347479695317e-07,-4.3962360216568986e-05,-9.708739677341049e-05,-2.3764883213724053e-07,-4.492410772882661e-05,-9.932745015340184e-05,-2.4863060057134323e-07,-4.5894981755837946e-05,-0.00010159288973519005,-2.599884344056658e-07,-4.687494067860972e-05,-0.00010388370822230244,0.25
-1.7061408060628712e-07,-3.8385865276666e-05,-8.418058503117694e-05,-1.7919281294524784e-07,-3.929197852158038e-05,-8.62681725536754e-05,-1.880909118033185e-07,-4.020746843622797e-05,-8.838118833939552e-05,-1.9731619556181486e-07,-4.113229327644775e-05,-9.051962558267066e-05,-2.0687657647608686e-07,-4.206641131852087e-05,-9.268347739597503e-05,-2.1678006064324952e-07,-4.3009780859338386e-05,-9.487273680994666e-05,-2.270347479695317e-07,-4.3962360216568986e-05,-9.708739677341049e-05,-2.3764883213724053e-07,-4.492410772882661e-05,-9.932745015340184e-05,-2.4863060057134323e-07,-4.5894981755837946e-05,-0.00010159288973519005,-2.599884344056658e-07,-4.687494067860972e-05,-0.00010388370822230244,0.25
-1.7061408060628712e-07,-3.8385865276666e-05,-8.418058503117694e-05,-1.7919281294524784e-07,-3.929197852158038e-05,-8.62681725536754e-05,-1.880909118033185e-07,-4.020746843622797e-05,-8.838118833939552e-05,-1.9731619556181486e-07,-4.113229327644775e-05,-9.051962558267066e-05,-2.0687657647608686e-07,-4.206641131852087e-05,-9.268347739597503e-05,-2.1678006064324952e-07,-4.3009780859338386e-05,-9.487273680994666e-05,-2.270347479695317e-07,-4.3962360216568986e-05,-9.708739677341049e-05,-2.3764883213724053e-07,-4.492410772882661e-05,-9.932745015340184e-05,-2.4863060057134323e-07,-4.5894981755837946e-05,-0.00010159288973519005,-2.599884344056658e-07,-4.687494067860972e-05,-0.00010388370822230244,0.25
-1.7061408060628712e-07,-3.8385865276666e-05,-8.418058503117694e-05,-1.7919281294524784e-07,-3.929197852158038e-05,-8.62681725536754e-05,-1.880909118033185e-07,-4.020746843622797e-05,-8.838118833939552e-05,-1.9731619556181486e-07,-4.113229327644775e-05,-9.051962558267066e-05,-2.0687657647608686e-07,-4.206641131852087e-05,-9.268347739597503e-05,-2.1678006064324952e-07,-4.3009780859338386e-05,-9.487273680994666e-05,-2.270347479695317e-07,-4.3962360216568986e-05,-9.708739677341049e-05,-2.3764883213724053e-07,-4.492410772882661e-05,-9.932745015340184e-05,-2.4863060057134323e-07,-4.5894981755837946e-05,-0.00010159288973519005,-2.599884344056658e-07,-4.687494067860972e-05,-0.00010388370822230244,0.25
-1.7061408060628712e-07,-3.8385865276666e-05,-8.418058503117694e-05,-1.7919281294524784e-07,-3.929197852158038e-05,-8.62681725536754e-05,-1.880909118033185e-07,-4.020746843622797e-05,-8.838118833939552e-05,-1.9731619556181486e-07,-4.113229327644775e-05,-9.051962558267066e-05,-2.0687657647608686e-07,-4.206641131852087e-05,-9.268347739597503e-05,-2.1678006064324952e-07,-4.3009780859338386e-05,-9.487273680994666e-05,-2.270347479695317e-07,-4.3962360216568986e-05,-9.708739677341049e-05,-2.3764883213724053e-07,-4.492410772882661e-05,-9.932745015340184e-05,-2.4863060057134323e-07,-4.5894981755837946e-05,-0.00010159288973519005,-2.599884344056658e-07,-4.687494067860972e-05,-0.00010388370822230244,0.25
-1.7061408060628712e-07,-3.8385865276666e-05,-8.418058503117694e-05,-1.7919281294524784e-07,-3.929197852158038e-05,-8.62681725536754e-05,-1.880909118033185e-07,-4.020746843622797e-05,-8.838118833939552e-05,-1.9731619556181486e-07,-4.113229327644775e-05,-9.051962558267066e-05,-2.0687657647608686e-07,-4.206641131852087e-05,-9.268347739597503e-05,-2.1678006064324952e-07,-4.3009780859338386e-05,-9.487273680994666e-05,-2.270347479695317e-07,-4.3962360216568986e-05,-9.708739677341049e-05,-2.3764883213724053e-07,-4.492410772882661e-05,-9.932745015340184e-05,-2.4863060057134323e-07,-4.5894981755837946e-05,-0.00010159288973519005,-2.599884344056658e-07,-4.687494067860972e-05,-0.00010388370822230244,0.25
-1.7061408060628712e-07,-3.8385865276666e-05,-8.418058503117694e-05,-1.7919281294524784e-07,-3.929197852158038e-05,-8.62681725536754e-05,-1.880909118033185e-07,-4.020746843622797e-05,-8.838118833939552e-05,-1.9731619556181486e-07,-4.113229327644775e-05,-9.051962558267066e-05,-2.0687657647608686e-07,-4.206641131852087e-05,-9.268347739597503e-05,-2.1678006064324952e-07,-4.3009780859338386e-05,-9.487273680994666e-05,-2.270347479695317e-07,-4.3962360216568986e-05,-9.708739677341049e-05,-2.3764883213724053e-07,-4.492410772882661e-05,-9.932745015340184e-05,-2.4863060057134323e-07,-4.5894981755837946e-05,-0.00010159288973519005,-2.599884344056658e-07,-4.687494067860972e-05,-0.00010388370822230244,0.25
-1.7061408060628712e-07,-3.8385865276666e-05,-8.418058503117694e-05,-1.7919281294524784e-07,-3.929197852158038e-05,-8.62681725536754e-05,-1.880909118033185e-07,-4.020746843622797e-05,-8.838118833939552e-05,-1.9731619556181486e-07,-4.113229327644775e-05,-9.051962558267066e-05,-2.0687657647608686e-07,-4.206641131852087e-05,-9.268347739597503e-05,-2.1678006064324952e-07,-4.3009780859338386e-05,-9.487273680994666e-05,-2.270347479695317e-07,-4.3962360216568986e-05,-9.708739677341049e-05,-2.3764883213724053e-07,-4.492410772882661e-05,-9.932745015340184e-05,-2.4863060057134323e-07,-4.5894981755837946e-05,-0.00010159288973519005,-2.599884344056658e-07,-4.687494067860972e-05,-0.00010388370822230244,0.25
-1.7061408060628712e-07,-3.8385865276666e-05,-8.418058503117694e-05,-1.7919281294524784e-07,-3.929197852158038e-05,-8.62681725536754e-05,-1.880909118033185e-07,-4.020746843622797e-05,-8.838118833939552e-05,-1.9731619556181486e-07,-4.113229327644775e-05,-9.051962558267066e-05,-2.0687657647608686e-07,-4.206641131852087e-05,-9.268347739597503e-05,-2.1678006064324952e-07,-4.3009780859338386e-05,-9.487273680994666e-05,-2.270347479695317e-07,-4.3962360216568986e-05,-9.708739677341049e-05,-2.3764883213724053e-07,-4.492410772882661e-05,-9.932745015340184e-05,-2.4863060057134323e-07,-4.5894981755837946e-05,-0.00010159288973519005,-2.599884344056658e-07,-4.687494067860972e-05,-0.00010388370822230244,0.25
-1.7061408060628712e-07,-3.8385865276666e-05,-8.418058503117694e-05,-1.7919281294524784e-07,-3.929197852158038e-05,-8.62681725536754e-05,-1.880909118033185e-07,-4.020746843622797e-05,-8.838118833939552e-05,-1.9731619556181486e-07,-4.113229327644775e-05,-9.051962558267066e-05,-2.0687657647608686e-07,-4.206641131852087e-05,-9.268347739597503e-05,-2.1678006064324952e-07,-4.3009780859338386e-05,-9.487273680994666e-05,-2.270347479695317e-07,-4.3962360216568986e-05,-9.708739677341049e-05,-2.3764883213724053e-07,-4.492410772882661e-05,-9.932745015340184e-05,-2.4863060057134323e-07,-4.5894981755837946e-05,-0.00010159288973519005,-2.599884344056658e-07,-4.687494067860972e-05,-0.00010388370822230244,0.25
-1.7061408060628712e-07,-3.8385865276666e-05,-8.418058503117694e-05,-1.7919281294524784e-07,-3.929197852158038e-05,-8.62681725536754e-05,-1.880909118033185e-07,-4.020746843622797e-05,-8.838118833939552e-05,-1.9731619556181486e-07,-4.113229327644775e-05,-9.051962558267066e-05,-2.0687657647608686e-07,-4.206641131852087e-05,-9.268347739597503e-05,-2.1678006064324952e-07,-4.3009780859338386e-05,-9.487273680994666e-05,-2.270347479695317e-07,-4.3962360216568986e-05,-9.708739677341049e-05,-2.3764883213724053e-07,-4.492410772882661e-05,-9.932745015340184e-05,-2.4863060057134323e-07,-4.5894981755837946e-05,-0.00010159288973519005,-2.599884344056658e-07,-4.687494067860972e-05,-0.00010388370822230244,0.25
-1.7061408060628712e-07,-3.8385865276666e-05,-8.418058503117694e-05,-1.7919281294524784e-07,-3.929197852158038e-05,-8.62681725536754e-05,-1.880909118033185e-07,-4.020746843622797e-05,-8.838118833939552e-05,-1.9731619556181486e-07,-4.113229327644775e-05,-9.051962558267066e-05,-2.0687657647608686e-07,-4.206641131852087e-05,-9.268347739597503e-05,-2.1678006064324952e-07,-4.3009780859338386e-05,-9.487273680994666e-05,-2.270347479695317e-07,-4.3962360216568986e-05,-9.708739677341049e-05,-2.3764883213724053e-07,-4.492410772882661e-05,-9.932745015340184e-05,-2.4863060057134323e-07,-4.5894981755837946e-05,-0.00010159288973519005,-2.599884344056658e-07,-4.687494067860972e-05,-0.00010388370822230244,0.25
-1.7061408060628712e-07,-3.8385865276666e-05,-8.418058503117694e-05,-1.7919281294524784e-07,-3.929197852158038e-05,-8.62681725536754e-05,-1.880909118033185e-07,-4.020746843622797e-05,-8.838118833939552e-05,-1.9731619556181486e-07,-4.113229327644775e-05,-9.051962558267066e-05,-2.0687657647608686e-07,-4.206641131852087e-05,-9.268347739597503e-05,-2.1678006064324952e-07,-4.3009780859338386e-05,-9.487273680994666e-05,-2.270347479695317e-07,-4.3962360216568986e-05,-9.708739677341049e-05,-2.3764883213724053e-07,-4.492410772882661e-05,-9.932745015340184e-05,-2.4863060057134323e-07,-4.5894981755837946e-05,-0.00010159288973519005,-2.599884344056658e-07,-4.687494067860972e-05,-0.00010388370822230244,0.25
-1.7061408060628712e-07,-3.8385865276666e-05,-8.418058503117694e-05,-1.7919281294524784e-07,-3.929197852158038e-05,-8.62681725536754e-05,-1.880909118033185e-07,-4.020746843622797e-05,-8.838118833939552e-05,-1.9731619556181486e-07,-4.113229327644775e-05,-9.051962558267066e-05,-2.0687657647608686e-07,-4.206641131852087e-05,-9.268347739597503e-05,-2.1678006064324952e-07,-4.3009780859338386e-05,-9.487273680994666e-05,-2.270347479695317e-07,-4.3962360216568986e-05,-9.708739677341049e-05,-2.3764883213724053e-07,-4.492410772882661e-05,-9.932745015340184e-05,-2.4863060057134323e-07,-4.5894981755837946e-05,-0.00010159288973519005,-2.599884344056658e-07,-4.687494067860972e-05,-0.00010388370822230244,0.25
-1.7061408060628712e-07,-3.8385865276666e-05,-8.418058503117694e-05,-1.7919281294524784e-07,-3.929197852158038e-05,-8.62681725536754e-05,-1.880909118033185e-07,-4.020746843622797e-05,-8.838118833939552e-05,-1.9731619556181486e-07,-4.113229327644775e-05,-9.051962558267066e-05,-2.0687657647608686e-07,-4.206641131852087e-05,-9.268347739597503e-05,-2.1678006064324952e-07,-4.3009780859338386e-05,-9.487273680994666e-05,-2.270347479695317e-07,-4.3962360216568986e-05,-9.708739677341049e-05,-2.3764883213724053e-07,-4.492410772882661e-05,-9.932745015340184e-05,-2.4863060057134323e-07,-4.5894981755837946e-05,-0.00010159288973519005,-2.599884344056658e-07,-4.687494067860972e-05,-0.00010388370822230244,0.25
-1.7061408060628712e-07,-3.8385865276666e-05,-8.418058503117694e-05,-1.7919281294524784e-07,-3.929197852158038e-05,-8.62681725536754e-05,-1.880909118033185e-07,-4.020746843622797e-05,-8.838118833939552e-05,-1.9731619556181486e-07,-4.113229327644775e-05,-9.051962558267066e-05,-2.0687657647608686e-07,-4.206641131852087e-05,-9.268347739597503e-05,-2.1678006064324952e-07,-4.3009780859338386e-05,-9.487273680994666e-05,-2.270347479695317e-07,-4.3962360216568986e-05,-9.708739677341049e-05,-2.3764883213724053e-07,-4.492410772882661e-05,-9.932745015340184e-05,-2.4863060057134323e-07,-4.5894981755837946e-05,-0.00010159288973519005,-2.599884344056658e-07,-4.687494067860972e-05,-0.00010388370822230244,0.25
-1.7061408060628712e-07,-3.8385865276666e-05,-8.418058503117694e-05,-1.7919281294524784e-07,-3.929197852158038e-05,-8.62681725536754e-05,-1.880909118033185e-07,-4.020746843622797e-05,-8.838118833939552e-05,-1.9731619556181486e-07,-4.113229327644775e-05,-9.051962558267066e-05,-2.0687657647608686e-07,-4.206641131852087e-05,-9.268347739597503e-05,-2.1678006064324952e-07,-4.3009780859338386e-05,-9.487273680994666e-05,-2.270347479695317e-07,-4.3962360216568986e-05,-9.708739677341049e-05,-2.3764883213724053e-07,-4.492410772882661e-05,-9.932745015340184e-05,-2.4863060057134323e-07,-4.5894981755837946e-05,-0.00010159288973519005,-2.599884344056658e-07,-4.687494067860972e-05,-0.00010388370822230244,0.25
-1.7061408060628712e-07,-3.8385865276666e-05,-8.418058503117694e-05,-1.7919281294524784e-07,-3.929197852158038e-05,-8.62681725536754e-05,-1.880909118033185e-07,-4.020746843622797e-05,-8.838118833939552e-05,-1.9731619556181486e-07,-4.113229327644775e-05,-9.051962558267066e-05,-2.0687657647608686e-07,-4.206641131852087e-05,-9.268347739597503e-05,-2.1678006064324952e-07,-4.3009780859338386e-05,-9.487273680994666e-05,-2.270347479695317e-07,-4.3962360216568986e-05,-9.708739677341049e-05,-2.3764883213724053e-07,-4.492410772882661e-05,-9.932745015340184e-05,-2.4863060057134323e-07,-4.5894981755837946e-05,-0.00010159288973519005,-2.599884344056658e-07,-4.687494067860972e-05,-0.00010388370822230244,0.25
-1.7061408060628712e-07,-3.8385865276666e-05,-8.418058503117694e-05,-1.7919281294524784e-07,-3.929197852158038e-05,-8.62681725536754e-05,-1.880909118033185e-07,-4.020746843622797e-05,-8.838118833939552e-05,-1.9731619556181486e-07,-4.113229327644775e-05,-9.051962558267066e-05,-2.0687657647608686e-07,-4.206641131852087e-05,-9.268347739597503e-05,-2.1678006064324952e-07,-4.3009780859338386e-05,-9.487273680994666e-05,-2.270347479695317e-07,-4.3962360216568986e-05,-9.708739677341049e-05,-2.3764883213724053e-07,-4.492410772882661e-05,-9.932745015340184e-05,-2.4863060057134323e-07,-4.5894981755837946e-05,-0.00010159288973519005,-2.599884344056658e-07,-4.687494067860972e-05,-0.00010388370822230244,0.25
-1.7061408060628712e-07,-3.8385865276666e-05,-8.418058503117694e-05,-1.7919281294524784e-07,-3.929197852158038e-05,-8.62681725536754e-05,-1.880909118033185e-07,-4.020746843622797e-05,-8.838118833939552e-05,-1.9731619556181486e-07,-4.113229327644775e-05,-9.051962558267066e-05,-2.0687657647608686e-07,-4.206641131852087e-05,-9.268347739597503e-05,-2.1678006064324952e-07,-4.3009780859338386e-05,-9.487273680994666e-05,-2.270347479695317e-07,-4.3962360216568986e-05,-9.708739677341049e-05,-2.3764883213724053e-07,-4.492410772882661e-05,-9.932745015340184e-05,-2.4863060057134323e-07,-4.5894981755837946e-05,-0.00010159288973519005,-2.599884344056658e-07,-4.687494067860972e-05,-0.00010388370822230244,0.25
-1.7061408060628712e-07,-3.8385865276666e-05,-8.418058503117694e-05,-1.7919281294524784e-07,-3.929197852158038e-05,-8.62681725536754e-05,-1.880909118033185e-07,-4.020746843622797e-05,-8.838118833939552e-05,-1.9731619556181486e-07,-4.113229327644775e-05,-9.051962558267066e-05,-2.0687657647608686e-07,-4.206641131852087e-05,-9.268347739597503e-05,-2.1678006064324952e-07,-4.3009780859338386e-05,-9.487273680994666e-05,-2.270347479695317e-07,-4.3962360216568986e-05,-9.708739677341049e-05,-2.3764883213724053e-07,-4.492410772882661e-05,-9.932745015340184e-05,-2.4863060057134323e-07,-4.5894981755837946e-05,-0.00010159288973519005,-2.599884344056658e-07,-4.687494067860972e-05,-0.00010388370822230244,0.25
-1.7061408060628712e-07,-3.8385865276666e-05,-8.418058503117694e-05,-1.7919281294524784e-07,-3.929197852158038e-05,-8.62681725536754e-05,-1.880909118033185e-07,-4.020746843622797e-05,-8.838118833939552e-05,-1.9731619556181486e-07,-4.113229327644775e-05,-9.051962558267066e-05,-2.0687657647608686e-07,-4.206641131852087e-05,-9.268347739597503e-05,-2.1678006064324952e-07,-4.3009780859338386e-05,-9.487273680994666e-05,-2.270347479695317e-07,-4.3962360216568986e-05,-9.708739677341049e-05,-2.3764883213724053e-07,-4.492410772882661e-05,-9.932745015340184e-05,-2.4863060057134323e-07,-4.5894981755837946e-05,-0.00010159288973519005,-2.599884344056658e-07,-4.687494067860972e-05,-0.00010388370822230244,0.25
-1.7061408060628712e-07,-3.8385865276666e-05,-8.418058503117694e-05,-1.7919281294524784e-07,-3.929197852158038e-05,-8.62681725536754e-05,-1.880909118033185e-07,-4.020746843622797e-05,-8.838118833939552e-05,-1.9731619556181486e-07,-4.113229327644775e-05,-9.051962558267066e-05,-2.0687657647608686e-07,-4.206641131852087e-05,-9.268347739597503e-05,-2.1678006064324952e-07,-4.3009780859338386e-05,-9.487273680994666e-05,-2.270347479695317e-07,-4.3962360216568986e-05,-9.708739677341049e-05,-2.3764883213724053e-07,-4.492410772882661e-05,-9.932745015340184e-05,-2.4863060057134323e-07,-4.5894981755837946e-05,-0.00010159288973519005,-2.599884344056658e-07,-4.687494067860972e-05,-0.00010388370822230244,0.25
-1.7061408060628712e-07,-3.8385865276666e-05,-8.418058503117694e-05,-1.7919281294524784e-07,-3.929197852158038e-05,-8.62681725536754e-05,-1.880909118033185e-07,-4.020746843622797e-05,-8.838118833939552e-05,-1.9731619556181486e-07,-4.113229327644775e-05,-9.051962558267066e-05,-2.0687657647608686e-07,-4.206641131852087e-05,-9.268347739597503e-05,-2.1678006064324952e-07,-4.3009780859338386e-05,-9.487273680994666e-05,-2.270347479695317e-07,-4.3962360216568986e-05,-9.708739677341049e-05,-2.3764883213724053e-07,-4.492410772882661e-05,-9.932745015340184e-05,-2.4863060057134323e-07,-4.5894981755837946e-05,-0.00010159288973519005,-2.599884344056658e-07,-4.687494067860972e-05,-0.00010388370822230244,0.25
-1.7061408060628712e-07,-3.8385865276666e-05,-8.418058503117694e-05,-1.7919281294524784e-07,-3.929197852158038e-05,-8.62681725536754e-05,-1.880909118033185e-07,-4.020746843622797e-05,-8.838118833939552e-05,-1.9731619556181486e-07,-4.113229327644775e-05,-9.051962558267066e-05,-2.0687657647608686e-07,-4.206641131852087e-05,-9.268347739597503e-05,-2.1678006064324952e-07,-4.3009780859338386e-05,-9.487273680994666e-05,-2.270347479695317e-07,-4.3962360216568986e-05,-9.708739677341049e-05,-2.3764883213724053e-07,-4.492410772882661e-05,-9.932745015340184e-05,-2.4863060057134323e-07,-4.5894981755837946e-05,-0.00010159288973519005,-2.599884344056658e-07,-4.687494067860972e-05,-0.00010388370822230244,0.25
-1.7061408060628712e-07,-3.8385865276666e-05,-8.418058503117694e-05,-1.7919281294524784e-07,-3.929197852158038e-05,-8.62681725536754e-05,-1.880909118033185e-07,-4.020746843622797e-05,-8.838118833939552e-05,-1.9731619556181486e-07,-4.113229327644775e-05,-9.051962558267066e-05,-2.0687657647608686e-07,-4.206641131852087e-05,-9.268347739597503e-05,-2.1678006064324952e-07,-4.3009780859338386e-05,-9.487273680994666e-05,-2.270347479695317e-07,-4.3962360216568986e-05,-9.708739677341049e-05,-2.3764883213724053e-07,-4.492410772882661e-05,-9.932745015340184e-05,-2.4863060057134323e-07,-4.5894981755837946e-05,-0.00010159288973519005,-2.599884344056658e-07,-4.687494067860972e-05,-0.00010388370822230244,0.25
-1.7061408060628712e-07,-3.8385865276666e-05,-8.418058503117694e-05,-1.7919281294524784e-07,-3.929197852158038e-05,-8.62681725536754e-05,-1.880909118033185e-07,-4.020746843622797e-05,-8.838118833939552e-05,-1.9731619556181486e-07,-4.113229327644775e-05,-9.051962558267066e-05,-2.0687657647608686e-07,-4.206641131852087e-05,-9.268347739597503e-05,-2.1678006064324952e-07,-4.3009780859338386e-05,-9.487273680994666e-05,-2.270347479695317e-07,-4.3962360216568986e-05,-9.708739677341049e-05,-2.3764883213724053e-07,-4.492410772882661e-05,-9.932745015340184e-05,-2.4863060057134323e-07,-4.5894981755837946e-05,-0.00010159288973519005,-2.599884344056658e-07,-4.687494067860972e-05,-0.00010388370822230244,0.25
-1.7061408060628712e-07,-3.8385865276666e-05,-8.418058503117694e-05,-1.7919281294524784e-07,-3.929197852158038e-05,-8.62681725536754e-05,-1.880909118033185e-07,-4.020746843622797e-05,-8.838118833939552e-05,-1.9731619556181486e-07,-4.113229327644775e-05,-9.051962558267066e-05,-2.0687657647608686e-07,-4.206641131852087e-05,-9.268347739597503e-05,-2.1678006064324952e-07,-4.3009780859338386e-05,-9.487273680994666e-05,-2.270347479695317e-07,-4.3962360216568986e-05,-9.708739677341049e-05,-2.3764883213724053e-07,-4.492410772882661e-05,-9.932745015340184e-05,-2.4863060057134323e-07,-4.5894981755837946e-05,-0.00010159288973519005,-2.599884344056658e-07,-4.687494067860972e-05,-0.00010388370822230244,0.25
-1.7061408060628712e-07,-3.8385865276666e-05,-8.418058503117694e-05,-1.7919281294524784e-07,-3.929197852158038e-05,-8.62681725536754e-05,-1.880909118033185e-07,-4.020746843622797e-05,-8.838118833939552e-05,-1.9731619556181486e-07,-4.113229327644775e-05,-9.051962558267066e-05,-2.0687657647608686e-07,-4.206641131852087e-05,-9.268347739597503e-05,-2.1678006064324952e-07,-4.3009780859338386e-05,-9.487273680994666e-05,-2.270347479695317e-07,-4.3962360216568986e-05,-9.708739677341049e-05,-2.3764883213724053e-07,-4.492410772882661e-05,-9.932745015340184e-05,-2.4863060057134323e-07,-4.5894981755837946e-05,-0.00010159288973519005,-2.599884344056658e-07,-4.687494067860972e-05,-0.00010388370822230244,0.25
-1.7061408060628712e-07,-3.8385865276666e-05,-8.418058503117694e-05,-1.7919281294524784e-07,-3.929197852158038e-05,-8.62681725536754e-05,-1.880909118033185e-07,-4.020746843622797e-05,-8.838118833939552e-05,-1.9731619556181486e-07,-4.113229327644775e-05,-9.051962558267066e-05,-2.0687657647608686e-07,-4.206641131852087e-05,-9.268347739597503e-05,-2.1678006064324952e-07,-4.3009780859338386e-05,-9.487273680994666e-05,-2.270347479695317e-07,-4.3962360216568986e-05,-9.708739677341049e-05,-2.3764883213724053e-07,-4.492410772882661e-05,-9.932745015340184e-05,-2.4863060057134323e-07,-4.5894981755837946e-05,-0.00010159288973519005,-2.599884344056658e-07,-4.687494067860972e-05,-0.00010388370822230244,0.25
-1.7061408060628712e-07,-3.8385865276666e-05,-8.418058503117694e-05,-1.7919281294524784e-07,-3.929197852158038e-05,-8.62681725536754e-05,-1.880909118033185e-07,-4.020746843622797e-05,-8.838118833939552e-05,-1.9731619556181486e-07,-4.113229327644775e-05,-9.051962558267066e-05,-2.0687657647608686e-07,-4.206641131852087e-05,-9.268347739597503e-05,-2.1678006064324952e-07,-4.3009780859338386e-05,-9.487273680994666e-05,-2.270347479695317e-07,-4.3962360216568986e-05,-9.708739677341049e-05,-2.3764883213724053e-07,-4.492410772882661e-05,-9.932745015340184e-05,-2.4863060057134323e-07,-4.5894981755837946e-05,-0.00010159288973519005,-2.599884344056658e-07,-4.687494067860972e-05,-0.00010388370822230244,0.25
-1.7061408060628712e-07,-3.8385865276666e-05,-8.418058503117694e-05,-1.7919281294524784e-07,-3.929197852158038e-05,-8.62681725536754e-05,-1.880909118033185e-07,-4.020746843622797e-05,-8.838118833939552e-05,-1.9731619556181486e-07,-4.113229327644775e-05,-9.051962558267066e-05,-2.0687657647608686e-07,-4.206641131852087e-05,-9.268347739597503e-05,-2.1678006064324952e-07,-4.3009780859338386e-05,-9.487273680994666e-05,-2.270347479695317e-07,-4.3962360216568986e-05,-9.708739677341049e-05,-2.3764883213724053e-07,-4.492410772882661e-05,-9.932745015340184e-05,-2.4863060057134323e-07,-4.5894981755837946e-05,-0.00010159288973519005,-2.599884344056658e-07,-4.687494067860972e-05,-0.00010388370822230244,0.25
-1.7061408060628712e-07,-3.8385865276666e-05,-8.418058503117694e-05,-1.7919281294524784e-07,-3.929197852158038e-05,-8.62681725536754e-05,-1.880909118033185e-07,-4.020746843622797e-05,-8.838118833939552e-05,-1.9731619556181486e-07,-4.113229327644775e-05,-9.051962558267066e-05,-2.0687657647608686e-07,-4.206641131852087e-05,-9.268347739597503e-05,-2.1678006064324952e-07,-4.3009780859338386e-05,-9.487273680994666e-05,-2.270347479695317e-07,-4.3962360216568986e-05,-9.708739677341049e-05,-2.3764883213724053e-07,-4.492410772882661e-05,-9.932745015340184e-05,-2.4863060057134323e-07,-4.5894981755837946e-05,-0.00010159288973519005,-2.599884344056658e-07,-4.687494067860972e-05,-0.00010388370822230244,0.25
-1.7061408060628712e-07,-3.8385865276666e-05,-8.418058503117694e-05,-1.7919281294524784e-07,-3.929197852158038e-05,-8.62681725536754e-05,-1.880909118033185e-07,-4.020746843622797e-05,-8.838118833939552e-05,-1.9731619556181486e-07,-4.113229327644775e-05,-9.051962558267066e-05,-2.0687657647608686e-07,-4.206641131852087e-05,-9.268347739597503e-05,-2.1678006064324952e-07,-4.3009780859338386e-05,-9.487273680994666e-05,-2.270347479695317e-07,-4.3962360216568986e-05,-9.708739677341049e-05,-2.3764883213724053e-07,-4.492410772882661e-05,-9.932745015340184e-05,-2.4863060057134323e-07,-4.5894981755837946e-05,-0.00010159288973519005,-2.599884344056658e-07,-4.687494067860972e-05,-0.00010388370822230244,0.25
-1.7061408060628712e-07,-3.8385865276666e-05,-8.418058503117694e-05,-1.7919281294524784e-07,-3.929197852158038e-05,-8.62681725536754e-05,-1.880909118033185e-07,-4.020746843622797e-05,-8.838118833939552e-05,-1.9731619556181486e-07,-4.113229327644775e-05,-9.051962558267066e-05,-2.0687657647608686e-07,-4.206641131852087e-05,-9.268347739597503e-05,-2.1678006064324952e-07,-4.3009780859338386e-05,-9.487273680994666e-05,-2.270347479695317e-07,-4.3962360216568986e-05,-9.708739677341049e-05,-2.3764883213724053e-07,-4.492410772882661e-05,-9.932745015340184e-05,-2.4863060057134323e-07,-4.5894981755837946e-05,-0.00010159288973519005,-2.599884344056658e-07,-4.687494067860972e-05,-0.00010388370822230244,0.25
-1.7061408060628712e-07,-3.8385865276666e-05,-8.418058503117694e-05,-1.7919281294524784e-07,-3.929197852158038e-05,-8.62681725536754e-05,-1.880909118033185e-07,-4.020746843622797e-05,-8.838118833939552e-05,-1.9731619556181486e-07,-4.113229327644775e-05,-9.051962558267066e-05,-2.0687657647608686e-07,-4.206641131852087e-05,-9.268347739597503e-05,-2.1678006064324952e-07,-4.3009780859338386e-05,-9.487273680994666e-05,-2.270347479695317e-07,-4.3962360216568986e-05,-9.708739677341049e-05,-2.3764883213724053e-07,-4.492410772882661e-05,-9.932745015340184e-05,-2.4863060057134323e-07,-4.5894981755837946e-05,-0.00010159288973519005,-2.599884344056658e-07,-4.687494067860972e-05,-0.00010388370822230244,0.25
-1.7061408060628712e-07,-3.8385865276666e-05,-8.418058503117694e-05,-1.7919281294524784e-07,-3.929197852158038e-05,-8.62681725536754e-05,-1.880909118033185e-07,-4.020746843622797e-05,-8.838118833939552e-05,-1.9731619556181486e-07,-4.113229327644775e-05,-9.051962558267066e-05,-2.0687657647608686e-07,-4.206641131852087e-05,-9.268347739597503e-05,-2.1678006064324952e-07,-4.3009780859338386e-05,-9.487273680994666e-05,-2.270347479695317e-07,-4.3962360216568986e-05,-9.708739677341049e-05,-2.3764883213724053e-07,-4.492410772882661e-05,-9.932745015340184e-05,-2.4863060057134323e-07,-4.5894981755837946e-05,-0.00010159288973519005,-2.599884344056658e-07,-4.687494067860972e-05,-0.00010388370822230244,0.25
-1.7061408060628712e-07,-3.8385865276666e-05,-8.418058503117694e-05,-1.7919281294524784e-07,-3.929197852158038e-05,-8.62681725536754e-05,-1.880909118033185e-07,-4.020746843622797e-05,-8.838118833939552e-05,-1.9731619556181486e-07,-4.113229327644775e-05,-9.051962558267066e-05,-2.0687657647608686e-07,-4.206641131852087e-05,-9.268347739597503e-05,-2.1678006064324952e-07,-4.3009780859338386e-05,-9.487273680994666e-05,-2.270347479695317e-07,-4.3962360216568986e-05,-9.708739677341049e-05,-2.3764883213724053e-07,-4.492410772882661e-05,-9.932745015340184e-05,-2.4863060057134323e-07,-4.5894981755837946e-05,-0.00010159288973519005,-2.599884344056658e-07,-4.687494067860972e-05,-0.00010388370822230244,0.25
-1.7061408060628712e-07,-3.8385865276666e-05,-8.418058503117694e-05,-1.7919281294524784e-07,-3.929197852158038e-05,-8.62681725536754e-05,-1.880909118033185e-07,-4.020746843622797e-05,-8.838118833939552e-05,-1.9731619556181486e-07,-4.113229327644775e-05,-9.051962558267066e-05,-2.0687657647608686e-07,-4.206641131852087e-05,-9.268347739597503e-05,-2.1678006064324952e-07,-4.3009780859338386e-05,-9.487273680994666e-05,-2.270347479695317e-07,-4.3962360216568986e-05,-9.708739677341049e-05,-2.3764883213724053e-07,-4.492410772882661e-05,-9.932745015340184e-05,-2.4863060057134323e-07,-4.5894981755837946e-05,-0.00010159288973519005,-2.599884344056658e-07,-4.687494067860972e-05,-0.00010388370822230244,0.25
-1.7061408060628712e-07,-3.8385865276666e-05,-8.418058503117694e-05,-1.7919281294524784e-07,-3.929197852158038e-05,-8.62681725536754e-05,-1.880909118033185e-07,-4.020746843622797e-05,-8.838118833939552e-05,-1.9731619556181486e-07,-4.113229327644775e-05,-9.051962558267066e-05,-2.0687657647608686e-07,-4.206641131852087e-05,-9.268347739597503e-05,-2.1678006064324952e-07,-4.3009780859338386e-05,-9.487273680994666e-05,-2.270347479695317e-07,-4.3962360216568986e-05,-9.708739677341049e-05,-2.3764883213724053e-07,-4.492410772882661e-05,-9.932745015340184e-05,-2.4863060057134323e-07,-4.5894981755837946e-05,-0.00010159288973519005,-2.599884344056658e-07,-4.687494067860972e-05,-0.00010388370822230244,0.25
-1.7061408060628712e-07,-3.8385865276666e-05,-8.418058503117694e-05,-1.7919281294524784e-07,-3.929197852158038e-05,-8.62681725536754e-05,-1.880909118033185e-07,-4.020746843622797e-05,-8.838118833939552e-05,-1.9731619556181486e-07,-4.113229327644775e-05,-9.051962558267066e-05,-2.0687657647608686e-07,-4.206641131852087e-05,-9.268347739597503e-05,-2.1678006064324952e-07,-4.3009780859338386e-05,-9.487273680994666e-05,-2.270347479695317e-07,-4.3962360216568986e-05,-9.708739677341049e-05,-2.3764883213724053e-07,-4.492410772882661e-05,-9.932745015340184e-05,-2.4863060057134323e-07,-4.5894981755837946e-05,-0.00010159288973519005,-2.599884344056658e-07,-4.687494067860972e-05,-0.00010388370822230244,0.25
-1.7061408060628712e-07,-3.8385865276666e-05,-8.418058503117694e-05,-1.7919281294524784e-07,-3.929197852158038e-05,-8.62681725536754e-05,-1.880909118033185e-07,-4.020746843622797e-05,-8.838118833939552e-05,-1.9731619556181486e-07,-4.113229327644775e-05,-9.051962558267066e-05,-2.0687657647608686e-07,-4.206641131852087e-05,-9.268347739597503e-05,-2.1678006064324952e-07,-4.3009780859338386e-05,-9.487273680994666e-05,-2.270347479695317e-07,-4.3962360216568986e-05,-9.708739677341049e-05,-2.3764883213724053e-07,-4.492410772882661e-05,-9.932745015340184e-05,-2.4863060057134323e-07,-4.5894981755837946e-05,-0.00010159288973519005,-2.599884344056658e-07,-4.687494067860972e-05,-0.00010388370822230244,0.25
-1.7061408060628712e-07,-3.8385865276666e-05,-8.418058503117694e-05,-1.7919281294524784e-07,-3.929197852158038e-05,-8.62681725536754e-05,-1.880909118033185e-07,-4.020746843622797e-05,-8.838118833939552e-05,-1.9731619556181486e-07,-4.113229327644775e-05,-9.051962558267066e-05,-2.0687657647608686e-07,-4.206641131852087e-05,-9.268347739597503e-05,-2.1678006064324952e-07,-4.3009780859338386e-05,-9.487273680994666e-05,-2.270347479695317e-07,-4.3962360216568986e-05,-9.708739677341049e-05,-2.3764883213724053e-07,-4.492410772882661e-05,-9.932745015340184e-05,-2.4863060057134323e-07,-4.5894981755837946e-05,-0.00010159288973519005,-2.599884344056658e-07,-4.687494067860972e-05,-0.00010388370822230244,0.25
-1.7061408060628712e-07,-3.8385865276666e-05,-8.418058503117694e-05,-1.7919281294524784e-07,-3.929197852158038e-05,-8.62681725536754e-05,-1.880909118033185e-07,-4.020746843622797e-05,-8.838118833939552e-05,-1.9731619556181486e-07,-4.113229327644775e-05,-9.051962558267066e-05,-2.0687657647608686e-07,-4.206641131852087e-05,-9.268347739597503e-05,-2.1678006064324952e-07,-4.3009780859338386e-05,-9.487273680994666e-05,-2.270347479695317e-07,-4.3962360216568986e-05,-9.708739677341049e-05,-2.3764883213724053e-07,-4.492410772882661e-05,-9.932745015340184e-05,-2.4863060057134323e-07,-4.5894981755837946e-05,-0.00010159288973519005,-2.599884344056658e-07,-4.687494067860972e-05,-0.00010388370822230244,0.25
-1.7061408060628712e-07,-3.8385865276666e-05,-8.418058503117694e-05,-1.7919281294524784e-07,-3.929197852158038e-05,-8.62681725536754e-05,-1.880909118033185e-07,-4.020746843622797e-05,-8.838118833939552e-05,-1.9731619556181486e-07,-4.113229327644775e-05,-9.051962558267066e-05,-2.0687657647608686e-07,-4.206641131852087e-05,-9.268347739597503e-05,-2.1678006064324952e-07,-4.3009780859338386e-05,-9.487273680994666e-05,-2.270347479695317e-07,-4.3962360216568986e-05,-9.708739677341049e-05,-2.3764883213724053e-07,-4.492410772882661e-05,-9.932745015340184e-05,-2.4863060057134323e-07,-4.5894981755837946e-05,-0.00010159288973519005,-2.599884344056658e-07,-4.687494067860972e-05,-0.00010388370822230244,0.25
-1.7061408060628712e-07,-3.8385865276666e-05,-8.418058503117694e-05,-1.7919281294524784e-07,-3.929197852158038e-05,-8.62681725536754e-05,-1.880909118033185e-07,-4.020746843622797e-05,-8.838118833939552e-05,-1.9731619556181486e-07,-4.113229327644775e-05,-9.051962558267066e-05,-2.0687657647608686e-07,-4.206641131852087e-05,-9.268347739597503e-05,-2.1678006064324952e-07,-4.3009780859338386e-05,-9.487273680994666e-05,-2.270347479695317e-07,-4.3962360216568986e-05,-9.708739677341049e-05,-2.3764883213724053e-07,-4.492410772882661e-05,-9.932745015340184e-05,-2.4863060057134323e-07,-4.5894981755837946e-05,-0.00010159288973519005,-2.599884344056658e-07,-4.687494067860972e-05,-0.00010388370822230244,0.25
-1.7061408060628712e-07,-3.8385865276666e-05,-8.418058503117694e-05,-1.7919281294524784e-07,-3.929197852158038e-05,-8.62681725536754e-05,-1.880909118033185e-07,-4.020746843622797e-05,-8.838118833939552e-05,-1.9731619556181486e-07,-4.113229327644775e-05,-9.051962558267066e-05,-2.0687657647608686e-07,-4.206641131852087e-05,-9.268347739597503e-05,-2.1678006064324952e-07,-4.3009780859338386e-05,-9.487273680994666e-05,-2.270347479695317e-07,-4.3962360216568986e-05,-9.708739677341049e-05,-2.3764883213724053e-07,-4.492410772882661e-05,-9.932745015340184e-05,-2.4863060057134323e-07,-4.5894981755837946e-05,-0.00010159288973519005,-2.599884344056658e-07,-4.687494067860972e-05,-0.00010388370822230244,0.25
-1.7061408060628712e-07,-3.8385865276666e-05,-8.418058503117694e-05,-1.7919281294524784e-07,-3.929197852158038e-05,-8.62681725536754e-05,-1.880909118033185e-07,-4.020746843622797e-05,-8.838118833939552e-05,-1.9731619556181486e-07,-4.113229327644775e-05,-9.051962558267066e-05,-2.0687657647608686e-07,-4.206641131852087e-05,-9.268347739597503e-05,-2.1678006064324952e-07,-4.3009780859338386e-05,-9.487273680994666e-05,-2.270347479695317e-07,-4.3962360216568986e-05,-9.708739677341049e-05,-2.3764883213724053e-07,-4.492410772882661e-05,-9.932745015340184e-05,-2.4863060057134323e-07,-4.5894981755837946e-05,-0.00010159288973519005,-2.599884344056658e-07,-4.687494067860972e-05,-0.00010388370822230244,0.25
-1.7061408060628712e-07,-3.8385865276666e-05,-8.418058503117694e-05,-1.7919281294524784e-07,-3.929197852158038e-05,-8.62681725536754e-05,-1.880909118033185e-07,-4.020746843622797e-05,-8.838118833939552e-05,-1.9731619556181486e-07,-4.113229327644775e-05,-9.051962558267066e-05,-2.0687657647608686e-07,-4.206641131852087e-05,-9.268347739597503e-05,-2.1678006064324952e-07,-4.3009780859338386e-05,-9.487273680994666e-05,-2.270347479695317e-07,-4.3962360216568986e-05,-9.708739677341049e-05,-2.3764883213724053e-07,-4.492410772882661e-05,-9.932745015340184e-05,-2.4863060057134323e-07,-4.5894981755837946e-05,-0.00010159288973519005,-2.599884344056658e-07,-4.687494067860972e-05,-0.00010388370822230244,0.25
-1.7061408060628712e-07,-3.8385865276666e-05,-8.418058503117694e-05,-1.7919281294524784e-07,-3.929197852158038e-05,-8.62681725536754e-05,-1.880909118033185e-07,-4.020746843622797e-05,-8.838118833939552e-05,-1.9731619556181486e-07,-4.113229327644775e-05,-9.051962558267066e-05,-2.0687657647608686e-07,-4.206641131852087e-05,-9.268347739597503e-05,-2.1678006064324952e-07,-4.3009780859338386e-05,-9.487273680994666e-05,-2.270347479695317e-07,-4.3962360216568986e-05,-9.708739677341049e-05,-2.3764883213724053e-07,-4.492410772882661e-05,-9.932745015340184e-05,-2.4863060057134323e-07,-4.5894981755837946e-05,-0.00010159288973519005,-2.599884344056658e-07,-4.687494067860972e-05,-0.00010388370822230244,0.25
-1.7061408060628712e-07,-3.8385865276666e-05,-8.418058503117694e-05,-1.7919281294524784e-07,-3.929197852158038e-05,-8.62681725536754e-05,-1.880909118033185e-07,-4.020746843622797e-05,-8.838118833939552e-05,-1.9731619556181486e-07,-4.113229327644775e-05,-9.051962558267066e-05,-2.0687657647608686e-07,-4.206641131852087e-05,-9.268347739597503e-05,-2.1678006064324952e-07,-4.3009780859338386e-05,-9.487273680994666e-05,-2.270347479695317e-07,-4.3962360216568986e-05,-9.708739677341049e-05,-2.3764883213724053e-07,-4.492410772882661e-05,-9.932745015340184e-05,-2.4863060057134323e-07,-4.5894981755837946e-05,-0.00010159288973519005,-2.599884344056658e-07,-4.687494067860972e-05,-0.00010388370822230244,0.25
-1.7061408060628712e-07,-3.8385865276666e-05,-8.418058503117694e-05,-1.7919281294524784e-07,-3.929197852158038e-05,-8.62681725536754e-05,-1.880909118033185e-07,-4.020746843622797e-05,-8.838118833939552e-05,-1.9731619556181486e-07,-4.113229327644775e-05,-9.051962558267066e-05,-2.0687657647608686e-07,-4.206641131852087e-05,-9.268347739597503e-05,-2.1678006064324952e-07,-4.3009780859338386e-05,-9.487273680994666e-05,-2.270347479695317e-07,-4.3962360216568986e-05,-9.708739677341049e-05,-2.3764883213724053e-07,-4.492410772882661e-05,-9.932745015340184e-05,-2.4863060057134323e-07,-4.5894981755837946e-05,-0.00010159288973519005,-2.599884344056658e-07,-4.687494067860972e-05,-0.00010388370822230244,0.25
-1.7061408060628712e-07,-3.8385865276666e-05,-8.418058503117694e-05,-1.7919281294524784e-07,-3.929197852158038e-05,-8.62681725536754e-05,-1.880909118033185e-07,-4.020746843622797e-05,-8.838118833939552e-05,-1.9731619556181486e-07,-4.113229327644775e-05,-9.051962558267066e-05,-2.0687657647608686e-07,-4.206641131852087e-05,-9.268347739597503e-05,-2.1678006064324952e-07,-4.3009780859338386e-05,-9.487273680994666e-05,-2.270347479695317e-07,-4.3962360216568986e-05,-9.708739677341049e-05,-2.3764883213724053e-07,-4.492410772882661e-05,-9.932745015340184e-05,-2.4863060057134323e-07,-4.5894981755837946e-05,-0.00010159288973519005,-2.599884344056658e-07,-4.687494067860972e-05,-0.00010388370822230244,0.25
-1.7061408060628712e-07,-3.8385865276666e-05,-8.418058503117694e-05,-1.7919281294524784e-07,-3.929197852158038e-05,-8.62681725536754e-05,-1.880909118033185e-07,-4.020746843622797e-05,-8.838118833939552e-05,-1.9731619556181486e-07,-4.113229327644775e-05,-9.051962558267066e-05,-2.0687657647608686e-07,-4.206641131852087e-05,-9.268347739597503e-05,-2.1678006064324952e-07,-4.3009780859338386e-05,-9.487273680994666e-05,-2.270347479695317e-07,-4.3962360216568986e-05,-9.708739677341049e-05,-2.3764883213724053e-07,-4.492410772882661e-05,-9.932745015340184e-05,-2.4863060057134323e-07,-4.5894981755837946e-05,-0.00010159288973519005,-2.599884344056658e-07,-4.687494067860972e-05,-0.00010388370822230244,0.25
-1.7061408060628712e-07,-3.8385865276666e-05,-8.418058503117694e-05,-1.7919281294524784e-07,-3.929197852158038e-05,-8.62681725536754e-05,-1.880909118033185e-07,-4.020746843622797e-05,-8.838118833939552e-05,-1.9731619556181486e-07,-4.113229327644775e-05,-9.051962558267066e-05,-2.0687657647608686e-07,-4.206641131852087e-05,-9.268347739597503e-05,-2.1678006064324952e-07,-4.3009780859338386e-05,-9.487273680994666e-05,-2.270347479695317e-07,-4.3962360216568986e-05,-9.708739677341049e-05,-2.3764883213724053e-07,-4.492410772882661e-05,-9.932745015340184e-05,-2.4863060057134323e-07,-4.5894981755837946e-05,-0.00010159288973519005,-2.599884344056658e-07,-4.687494067860972e-05,-0.00010388370822230244,0.25
-1.7061408060628712e-07,-3.8385865276666e-05,-8.418058503117694e-05,-1.7919281294524784e-07,-3.929197852158038e-05,-8.62681725536754e-05,-1.880909118033185e-07,-4.020746843622797e-05,-8.838118833939552e-05,-1.9731619556181486e-07,-4.113229327644775e-05,-9.051962558267066e-05,-2.0687657647608686e-07,-4.206641131852087e-05,-9.268347739597503e-05,-2.1678006064324952e-07,-4.3009780859338386e-05,-9.487273680994666e-05,-2.270347479695317e-07,-4.3962360216568986e-05,-9.708739677341049e-05,-2.3764883213724053e-07,-4.492410772882661e-05,-9.932745015340184e-05,-2.4863060057134323e-07,-4.5894981755837946e-05,-0.00010159288973519005,-2.599884344056658e-07,-4.687494067860972e-05,-0.00010388370822230244,0.25
-1.7061408060628712e-07,-3.8385865276666e-05,-8.418058503117694e-05,-1.7919281294524784e-07,-3.929197852158038e-05,-8.62681725536754e-05,-1.880909118033185e-07,-4.020746843622797e-05,-8.838118833939552e-05,-1.9731619556181486e-07,-4.113229327644775e-05,-9.051962558267066e-05,-2.0687657647608686e-07,-4.206641131852087e-05,-9.268347739597503e-05,-2.1678006064324952e-07,-4.3009780859338386e-05,-9.487273680994666e-05,-2.270347479695317e-07,-4.3962360216568986e-05,-9.708739677341049e-05,-2.3764883213724053e-07,-4.492410772882661e-05,-9.932745015340184e-05,-2.4863060057134323e-07,-4.5894981755837946e-05,-0.00010159288973519005,-2.599884344056658e-07,-4.687494067860972e-05,-0.00010388370822230244,0.25
-1.7061408060628712e-07,-3.8385865276666e-05,-8.418058503117694e-05,-1.7919281294524784e-07,-3.929197852158038e-05,-8.62681725536754e-05,-1.880909118033185e-07,-4.020746843622797e-05,-8.838118833939552e-05,-1.9731619556181486e-07,-4.113229327644775e-05,-9.051962558267066e-05,-2.0687657647608686e-07,-4.206641131852087e-05,-9.268347739597503e-05,-2.1678006064324952e-07,-4.3009780859338386e-05,-9.487273680994666e-05,-2.270347479695317e-07,-4.3962360216568986e-05,-9.708739677341049e-05,-2.3764883213724053e-07,-4.492410772882661e-05,-9.932745015340184e-05,-2.4863060057134323e-07,-4.5894981755837946e-05,-0.00010159288973519005,-2.599884344056658e-07,-4.687494067860972e-05,-0.00010388370822230244,0.25
-1.7061408060628712e-07,-3.8385865276666e-05,-8.418058503117694e-05,-1.7919281294524784e-07,-3.929197852158038e-05,-8.62681725536754e-05,-1.880909118033185e-07,-4.020746843622797e-05,-8.838118833939552e-05,-1.9731619556181486e-07,-4.113229327644775e-05,-9.051962558267066e-05,-2.0687657647608686e-07,-4.206641131852087e-05,-9.268347739597503e-05,-2.1678006064324952e-07,-4.3009780859338386e-05,-9.487273680994666e-05,-2.270347479695317e-07,-4.3962360216568986e-05,-9.708739677341049e-05,-2.3764883213724053e-07,-4.492410772882661e-05,-9.932745015340184e-05,-2.4863060057134323e-07,-4.5894981755837946e-05,-0.00010159288973519005,-2.599884344056658e-07,-4.687494067860972e-05,-0.00010388370822230244,0.25
-1.7061408060628712e-07,-3.8385865276666e-05,-8.418058503117694e-05,-1.7919281294524784e-07,-3.929197852158038e-05,-8.62681725536754e-05,-1.880909118033185e-07,-4.020746843622797e-05,-8.838118833939552e-05,-1.9731619556181486e-07,-4.113229327644775e-05,-9.051962558267066e-05,-2.0687657647608686e-07,-4.206641131852087e-05,-9.268347739597503e-05,-2.1678006064324952e-07,-4.3009780859338386e-05,-9.487273680994666e-05,-2.270347479695317e-07,-4.3962360216568986e-05,-9.708739677341049e-05,-2.3764883213724053e-07,-4.492410772882661e-05,-9.932745015340184e-05,-2.4863060057134323e-07,-4.5894981755837946e-05,-0.00010159288973519005,-2.599884344056658e-07,-4.687494067860972e-05,-0.00010388370822230244,0.25
-1.7061408060628712e-07,-3.8385865276666e-05,-8.418058503117694e-05,-1.7919281294524784e-07,-3.929197852158038e-05,-8.62681725536754e-05,-1.880909118033185e-07,-4.020746843622797e-05,-8.838118833939552e-05,-1.9731619556181486e-07,-4.113229327644775e-05,-9.051962558267066e-05,-2.0687657647608686e-07,-4.206641131852087e-05,-9.268347739597503e-05,-2.1678006064324952e-07,-4.3009780859338386e-05,-9.487273680994666e-05,-2.270347479695317e-07,-4.3962360216568986e-05,-9.708739677341049e-05,-2.3764883213724053e-07,-4.492410772882661e-05,-9.932745015340184e-05,-2.4863060057134323e-07,-4.5894981755837946e-05,-0.00010159288973519005,-2.599884344056658e-07,-4.687494067860972e-05,-0.00010388370822230244,0.25
-1.7061408060628712e-07,-3.8385865276666e-05,-8.418058503117694e-05,-1.7919281294524784e-07,-3.929197852158038e-05,-8.62681725536754e-05,-1.880909118033185e-07,-4.020746843622797e-05,-8.838118833939552e-05,-1.9731619556181486e-07,-4.113229327644775e-05,-9.051962558267066e-05,-2.0687657647608686e-07,-4.206641131852087e-05,-9.268347739597503e-05,-2.1678006064324952e-07,-4.3009780859338386e-05,-9.487273680994666e-05,-2.270347479695317e-07,-4.3962360216568986e-05,-9.708739677341049e-05,-2.3764883213724053e-07,-4.492410772882661e-05,-9.932745015340184e-05,-2.4863060057134323e-07,-4.5894981755837946e-05,-0.00010159288973519005,-2.599884344056658e-07,-4.687494067860972e-05,-0.00010388370822230244,0.25
-1.7061408060628712e-07,-3.8385865276666e-05,-8.418058503117694e-05,-1.7919281294524784e-07,-3.929197852158038e-05,-8.62681725536754e-05,-1.880909118033185e-07,-4.020746843622797e-05,-8.838118833939552e-05,-1.9731619556181486e-07,-4.113229327644775e-05,-9.051962558267066e-05,-2.0687657647608686e-07,-4.206641131852087e-05,-9.268347739597503e-05,-2.1678006064324952e-07,-4.3009780859338386e-05,-9.487273680994666e-05,-2.270347479695317e-07,-4.3962360216568986e-05,-9.708739677341049e-05,-2.3764883213724053e-07,-4.492410772882661e-05,-9.932745015340184e-05,-2.4863060057134323e-07,-4.5894981755837946e-05,-0.00010159288973519005,-2.599884344056658e-07,-4.687494067860972e-05,-0.00010388370822230244,0.25
-1.7061408060628712e-07,-3.8385865276666e-05,-8.418058503117694e-05,-1.7919281294524784e-07,-3.929197852158038e-05,-8.62681725536754e-05,-1.880909118033185e-07,-4.020746843622797e-05,-8.838118833939552e-05,-1.9731619556181486e-07,-4.113229327644775e-05,-9.051962558267066e-05,-2.0687657647608686e-07,-4.206641131852087e-05,-9.268347739597503e-05,-2.1678006064324952e-07,-4.3009780859338386e-05,-9.487273680994666e-05,-2.270347479695317e-07,-4.3962360216568986e-05,-9.708739677341049e-05,-2.3764883213724053e-07,-4.492410772882661e-05,-9.932745015340184e-05,-2.4863060057134323e-07,-4.5894981755837946e-05,-0.00010159288973519005,-2.599884344056658e-07,-4.687494067860972e-05,-0.00010388370822230244,0.25
-1.7061408060628712e-07,-3.8385865276666e-05,-8.418058503117694e-05,-1.7919281294524784e-07,-3.929197852158038e-05,-8.62681725536754e-05,-1.880909118033185e-07,-4.020746843622797e-05,-8.838118833939552e-05,-1.9731619556181486e-07,-4.113229327644775e-05,-9.051962558267066e-05,-2.0687657647608686e-07,-4.206641131852087e-05,-9.268347739597503e-05,-2.1678006064324952e-07,-4.3009780859338386e-05,-9.487273680994666e-05,-2.270347479695317e-07,-4.3962360216568986e-05,-9.708739677341049e-05,-2.3764883213724053e-07,-4.492410772882661e-05,-9.932745015340184e-05,-2.4863060057134323e-07,-4.5894981755837946e-05,-0.00010159288973519005,-2.599884344056658e-07,-4.687494067860972e-05,-0.00010388370822230244,0.25
-1.7061408060628712e-07,-3.8385865276666e-05,-8.418058503117694e-05,-1.7919281294524784e-07,-3.929197852158038e-05,-8.62681725536754e-05,-1.880909118033185e-07,-4.020746843622797e-05,-8.838118833939552e-05,-1.9731619556181486e-07,-4.113229327644775e-05,-9.051962558267066e-05,-2.0687657647608686e-07,-4.206641131852087e-05,-9.268347739597503e-05,-2.1678006064324952e-07,-4.3009780859338386e-05,-9.487273680994666e-05,-2.270347479695317e-07,-4.3962360216568986e-05,-9.708739677341049e-05,-2.3764883213724053e-07,-4.492410772882661e-05,-9.932745015340184e-05,-2.4863060057134323e-07,-4.5894981755837946e-05,-0.00010159288973519005,-2.599884344056658e-07,-4.687494067860972e-05,-0.00010388370822230244,0.25
-1.7061408060628712e-07,-3.8385865276666e-05,-8.418058503117694e-05,-1.7919281294524784e-07,-3.929197852158038e-05,-8.62681725536754e-05,-1.880909118033185e-07,-4.020746843622797e-05,-8.838118833939552e-05,-1.9731619556181486e-07,-4.113229327644775e-05,-9.051962558267066e-05,-2.0687657647608686e-07,-4.206641131852087e-05,-9.268347739597503e-05,-2.1678006064324952e-07,-4.3009780859338386e-05,-9.487273680994666e-05,-2.270347479695317e-07,-4.3962360216568986e-05,-9.708739677341049e-05,-2.3764883213724053e-07,-4.492410772882661e-05,-9.932745015340184e-05,-2.4863060057134323e-07,-4.5894981755837946e-05,-0.00010159288973519005,-2.599884344056658e-07,-4.687494067860972e-05,-0.00010388370822230244,0.25
-1.7061408060628712e-07,-3.8385865276666e-05,-8.418058503117694e-05,-1.7919281294524784e-07,-3.929197852158038e-05,-8.62681725536754e-05,-1.880909118033185e-07,-4.020746843622797e-05,-8.838118833939552e-05,-1.9731619556181486e-07,-4.113229327644775e-05,-9.051962558267066e-05,-2.0687657647608686e-07,-4.206641131852087e-05,-9.268347739597503e-05,-2.1678006064324952e-07,-4.3009780859338386e-05,-9.487273680994666e-05,-2.270347479695317e-07,-4.3962360216568986e-05,-9.708739677341049e-05,-2.3764883213724053e-07,-4.492410772882661e-05,-9.932745015340184e-05,-2.4863060057134323e-07,-4.5894981755837946e-05,-0.00010159288973519005,-2.599884344056658e-07,-4.687494067860972e-05,-0.00010388370822230244,0.25
-1.7061408060628712e-07,-3.8385865276666e-05,-8.418058503117694e-05,-1.7919281294524784e-07,-3.929197852158038e-05,-8.62681725536754e-05,-1.880909118033185e-07,-4.020746843622797e-05,-8.838118833939552e-05,-1.9731619556181486e-07,-4.113229327644775e-05,-9.051962558267066e-05,-2.0687657647608686e-07,-4.206641131852087e-05,-9.268347739597503e-05,-2.1678006064324952e-07,-4.3009780859338386e-05,-9.487273680994666e-05,-2.270347479695317e-07,-4.3962360216568986e-05,-9.708739677341049e-05,-2.3764883213724053e-07,-4.492410772882661e-05,-9.932745015340184e-05,-2.4863060057134323e-07,-4.5894981755837946e-05,-0.00010159288973519005,-2.599884344056658e-07,-4.687494067860972e-05,-0.00010388370822230244,0.25
-1.7061408060628712e-07,-3.8385865276666e-05,-8.418058503117694e-05,-1.7919281294524784e-07,-3.929197852158038e-05,-8.62681725536754e-05,-1.880909118033185e-07,-4.020746843622797e-05,-8.838118833939552e-05,-1.9731619556181486e-07,-4.113229327644775e-05,-9.051962558267066e-05,-2.0687657647608686e-07,-4.206641131852087e-05,-9.268347739597503e-05,-2.1678006064324952e-07,-4.3009780859338386e-05,-9.487273680994666e-05,-2.270347479695317e-07,-4.3962360216568986e-05,-9.708739677341049e-05,-2.3764883213724053e-07,-4.492410772882661e-05,-9.932745015340184e-05,-2.4863060057134323e-07,-4.5894981755837946e-05,-0.00010159288973519005,-2.599884344056658e-07,-4.687494067860972e-05,-0.00010388370822230244,0.25
-1.7061408060628712e-07,-3.8385865276666e-05,-8.418058503117694e-05,-1.7919281294524784e-07,-3.929197852158038e-05,-8.62681725536754e-05,-1.880909118033185e-07,-4.020746843622797e-05,-8.838118833939552e-05,-1.9731619556181486e-07,-4.113229327644775e-05,-9.051962558267066e-05,-2.0687657647608686e-07,-4.206641131852087e-05,-9.268347739597503e-05,-2.1678006064324952e-07,-4.3009780859338386e-05,-9.487273680994666e-05,-2.270347479695317e-07,-4.3962360216568986e-05,-9.708739677341049e-05,-2.3764883213724053e-07,-4.492410772882661e-05,-9.932745015340184e-05,-2.4863060057134323e-07,-4.5894981755837946e-05,-0.00010159288973519005,-2.599884344056658e-07,-4.687494067860972e-05,-0.00010388370822230244,0.25
-1.7061408060628712e-07,-3.8385865276666e-05,-8.418058503117694e-05,-1.7919281294524784e-07,-3.929197852158038e-05,-8.62681725536754e-05,-1.880909118033185e-07,-4.020746843622797e-05,-8.838118833939552e-05,-1.9731619556181486e-07,-4.113229327644775e-05,-9.051962558267066e-05,-2.0687657647608686e-07,-4.206641131852087e-05,-9.268347739597503e-05,-2.1678006064324952e-07,-4.3009780859338386e-05,-9.487273680994666e-05,-2.270347479695317e-07,-4.3962360216568986e-05,-9.708739677341049e-05,-2.3764883213724053e-07,-4.492410772882661e-05,-9.932745015340184e-05,-2.4863060057134323e-07,-4.5894981755837946e-05,-0.00010159288973519005,-2.599884344056658e-07,-4.687494067860972e-05,-0.00010388370822230244,0.25
-1.7061408060628712e-07,-3.8385865276666e-05,-8.418058503117694e-05,-1.7919281294524784e-07,-3.929197852158038e-05,-8.62681725536754e-05,-1.880909118033185e-07,-4.020746843622797e-05,-8.838118833939552e-05,-1.9731619556181486e-07,-4.113229327644775e-05,-9.051962558267066e-05,-2.0687657647608686e-07,-4.206641131852087e-05,-9.268347739597503e-05,-2.1678006064324952e-07,-4.3009780859338386e-05,-9.487273680994666e-05,-2.270347479695317e-07,-4.3962360216568986e-05,-9.708739677341049e-05,-2.3764883213724053e-07,-4.492410772882661e-05,-9.932745015340184e-05,-2.4863060057134323e-07,-4.5894981755837946e-05,-0.00010159288973519005,-2.599884344056658e-07,-4.687494067860972e-05,-0.00010388370822230244,0.25
-1.7061408060628712e-07,-3.8385865276666e-05,-8.418058503117694e-05,-1.7919281294524784e-07,-3.929197852158038e-05,-8.62681725536754e-05,-1.880909118033185e-07,-4.020746843622797e-05,-8.838118833939552e-05,-1.9731619556181486e-07,-4.113229327644775e-05,-9.051962558267066e-05,-2.0687657647608686e-07,-4.206641131852087e-05,-9.268347739597503e-05,-2.1678006064324952e-07,-4.3009780859338386e-05,-9.487273680994666e-05,-2.270347479695317e-07,-4.3962360216568986e-05,-9.708739677341049e-05,-2.3764883213724053e-07,-4.492410772882661e-05,-9.932745015340184e-05,-2.4863060057134323e-07,-4.5894981755837946e-05,-0.00010159288973519005,-2.599884344056658e-07,-4.687494067860972e-05,-0.00010388370822230244,0.25
-1.7061408060628712e-07,-3.8385865276666e-05,-8.418058503117694e-05,-1.7919281294524784e-07,-3.929197852158038e-05,-8.62681725536754e-05,-1.880909118033185e-07,-4.020746843622797e-05,-8.838118833939552e-05,-1.9731619556181486e-07,-4.113229327644775e-05,-9.051962558267066e-05,-2.0687657647608686e-07,-4.206641131852087e-05,-9.268347739597503e-05,-2.1678006064324952e-07,-4.3009780859338386e-05,-9.487273680994666e-05,-2.270347479695317e-07,-4.3962360216568986e-05,-9.708739677341049e-05,-2.3764883213724053e-07,-4.492410772882661e-05,-9.932745015340184e-05,-2.4863060057134323e-07,-4.5894981755837946e-05,-0.00010159288973519005,-2.599884344056658e-07,-4.687494067860972e-05,-0.00010388370822230244,0.25
-1.7061408060628712e-07,-3.8385865276666e-05,-8.418058503117694e-05,-1.7919281294524784e-07,-3.929197852158038e-05,-8.62681725536754e-05,-1.880909118033185e-07,-4.020746843622797e-05,-8.838118833939552e-05,-1.9731619556181486e-07,-4.113229327644775e-05,-9.051962558267066e-05,-2.0687657647608686e-07,-4.206641131852087e-05,-9.268347739597503e-05,-2.1678006064324952e-07,-4.3009780859338386e-05,-9.487273680994666e-05,-2.270347479695317e-07,-4.3962360216568986e-05,-9.708739677341049e-05,-2.3764883213724053e-07,-4.492410772882661e-05,-9.932745015340184e-05,-2.4863060057134323e-07,-4.5894981755837946e-05,-0.00010159288973519005,-2.599884344056658e-07,-4.687494067860972e-05,-0.00010388370822230244,0.25
-1.7061408060628712e-07,-3.8385865276666e-05,-8.418058503117694e-05,-1.7919281294524784e-07,-3.929197852158038e-05,-8.62681725536754e-05,-1.880909118033185e-07,-4.020746843622797e-05,-8.838118833939552e-05,-1.9731619556181486e-07,-4.113229327644775e-05,-9.051962558267066e-05,-2.0687657647608686e-07,-4.206641131852087e-05,-9.268347739597503e-05,-2.1678006064324952e-07,-4.3009780859338386e-05,-9.487273680994666e-05,-2.270347479695317e-07,-4.3962360216568986e-05,-9.708739677341049e-05,-2.3764883213724053e-07,-4.492410772882661e-05,-9.932745015340184e-05,-2.4863060057134323e-07,-4.5894981755837946e-05,-0.00010159288973519005,-2.599884344056658e-07,-4.687494067860972e-05,-0.00010388370822230244,0.25
-1.7061408060628712e-07,-3.8385865276666e-05,-8.418058503117694e-05,-1.7919281294524784e-07,-3.929197852158038e-05,-8.62681725536754e-05,-1.880909118033185e-07,-4.020746843622797e-05,-8.838118833939552e-05,-1.9731619556181486e-07,-4.113229327644775e-05,-9.051962558267066e-05,-2.0687657647608686e-07,-4.206641131852087e-05,-9.268347739597503e-05,-2.1678006064324952e-07,-4.3009780859338386e-05,-9.487273680994666e-05,-2.270347479695317e-07,-4.3962360216568986e-05,-9.708739677341049e-05,-2.3764883213724053e-07,-4.492410772882661e-05,-9.932745015340184e-05,-2.4863060057134323e-07,-4.5894981755837946e-05,-0.00010159288973519005,-2.599884344056658e-07,-4.687494067860972e-05,-0.00010388370822230244,0.25
-1.7061408060628712e-07,-3.8385865276666e-05,-8.418058503117694e-05,-1.7919281294524784e-07,-3.929197852158038e-05,-8.62681725536754e-05,-1.880909118033185e-07,-4.020746843622797e-05,-8.838118833939552e-05,-1.9731619556181486e-07,-4.113229327644775e-05,-9.051962558267066e-05,-2.0687657647608686e-07,-4.206641131852087e-05,-9.268347739597503e-05,-2.1678006064324952e-07,-4.3009780859338386e-05,-9.487273680994666e-05,-2.270347479695317e-07,-4.3962360216568986e-05,-9.708739677341049e-05,-2.3764883213724053e-07,-4.492410772882661e-05,-9.932745015340184e-05,-2.4863060057134323e-07,-4.5894981755837946e-05,-0.00010159288973519005,-2.599884344056658e-07,-4.687494067860972e-05,-0.00010388370822230244,0.25
-1.7061408060628712e-07,-3.8385865276666e-05,-8.418058503117694e-05,-1.7919281294524784e-07,-3.929197852158038e-05,-8.62681725536754e-05,-1.880909118033185e-07,-4.020746843622797e-05,-8.838118833939552e-05,-1.9731619556181486e-07,-4.113229327644775e-05,-9.051962558267066e-05,-2.0687657647608686e-07,-4.206641131852087e-05,-9.268347739597503e-05,-2.1678006064324952e-07,-4.3009780859338386e-05,-9.487273680994666e-05,-2.270347479695317e-07,-4.3962360216568986e-05,-9.708739677341049e-05,-2.3764883213724053e-07,-4.492410772882661e-05,-9.932745015340184e-05,-2.4863060057134323e-07,-4.5894981755837946e-05,-0.00010159288973519005,-2.599884344056658e-07,-4.687494067860972e-05,-0.00010388370822230244,0.25
-1.7061408060628712e-07,-3.8385865276666e-05,-8.418058503117694e-05,-1.7919281294524784e-07,-3.929197852158038e-05,-8.62681725536754e-05,-1.880909118033185e-07,-4.020746843622797e-05,-8.838118833939552e-05,-1.9731619556181486e-07,-4.113229327644775e-05,-9.051962558267066e-05,-2.0687657647608686e-07,-4.206641131852087e-05,-9.268347739597503e-05,-2.1678006064324952e-07,-4.3009780859338386e-05,-9.487273680994666e-05,-2.270347479695317e-07,-4.3962360216568986e-05,-9.708739677341049e-05,-2.3764883213724053e-07,-4.492410772882661e-05,-9.932745015340184e-05,-2.4863060057134323e-07,-4.5894981755837946e-05,-0.00010159288973519005,-2.599884344056658e-07,-4.687494067860972e-05,-0.00010388370822230244,0.25
-1.7061408060628712e-07,-3.8385865276666e-05,-8.418058503117694e-05,-1.7919281294524784e-07,-3.929197852158038e-05,-8.62681725536754e-05,-1.880909118033185e-07,-4.020746843622797e-05,-8.838118833939552e-05,-1.9731619556181486e-07,-4.113229327644775e-05,-9.051962558267066e-05,-2.0687657647608686e-07,-4.206641131852087e-05,-9.268347739597503e-05,-2.1678006064324952e-07,-4.3009780859338386e-05,-9.487273680994666e-05,-2.270347479695317e-07,-4.3962360216568986e-05,-9.708739677341049e-05,-2.3764883213724053e-07,-4.492410772882661e-05,-9.932745015340184e-05,-2.4863060057134323e-07,-4.5894981755837946e-05,-0.00010159288973519005,-2.599884344056658e-07,-4.687494067860972e-05,-0.00010388370822230244,0.25
-1.7061408060628712e-07,-3.8385865276666e-05,-8.418058503117694e-05,-1.7919281294524784e-07,-3.929197852158038e-05,-8.62681725536754e-05,-1.880909118033185e-07,-4.020746843622797e-05,-8.838118833939552e-05,-1.9731619556181486e-07,-4.113229327644775e-05,-9.051962558267066e-05,-2.0687657647608686e-07,-4.206641131852087e-05,-9.268347739597503e-05,-2.1678006064324952e-07,-4.3009780859338386e-05,-9.487273680994666e-05,-2.270347479695317e-07,-4.3962360216568986e-05,-9.708739677341049e-05,-2.3764883213724053e-07,-4.492410772882661e-05,-9.932745015340184e-05,-2.4863060057134323e-07,-4.5894981755837946e-05,-0.00010159288973519005,-2.599884344056658e-07,-4.687494067860972e-05,-0.00010388370822230244,0.25
-1.7061408060628712e-07,-3.8385865276666e-05,-8.418058503117694e-05,-1.7919281294524784e-07,-3.929197852158038e-05,-8.62681725536754e-05,-1.880909118033185e-07,-4.020746843622797e-05,-8.838118833939552e-05,-1.9731619556181486e-07,-4.113229327644775e-05,-9.051962558267066e-05,-2.0687657647608686e-07,-4.206641131852087e-05,-9.268347739597503e-05,-2.1678006064324952e-07,-4.3009780859338386e-05,-9.487273680994666e-05,-2.270347479695317e-07,-4.3962360216568986e-05,-9.708739677341049e-05,-2.3764883213724053e-07,-4.492410772882661e-05,-9.932745015340184e-05,-2.4863060057134323e-07,-4.5894981755837946e-05,-0.00010159288973519005,-2.599884344056658e-07,-4.687494067860972e-05,-0.00010388370822230244,0.25
-1.7061408060628712e-07,-3.8385865276666e-05,-8.418058503117694e-05,-1.7919281294524784e-07,-3.929197852158038e-05,-8.62681725536754e-05,-1.880909118033185e-07,-4.020746843622797e-05,-8.838118833939552e-05,-1.9731619556181486e-07,-4.113229327644775e-05,-9.051962558267066e-05,-2.0687657647608686e-07,-4.206641131852087e-05,-9.268347739597503e-05,-2.1678006064324952e-07,-4.3009780859338386e-05,-9.487273680994666e-05,-2.270347479695317e-07,-4.3962360216568986e-05,-9.708739677341049e-05,-2.3764883213724053e-07,-4.492410772882661e-05,-9.932745015340184e-05,-2.4863060057134323e-07,-4.5894981755837946e-05,-0.00010159288973519005,-2.599884344056658e-07,-4.687494067860972e-05,-0.00010388370822230244,0.25
-1.7061408060628712e-07,-3.8385865276666e-05,-8.418058503117694e-05,-1.7919281294524784e-07,-3.929197852158038e-05,-8.62681725536754e-05,-1.880909118033185e-07,-4.020746843622797e-05,-8.838118833939552e-05,-1.9731619556181486e-07,-4.113229327644775e-05,-9.051962558267066e-05,-2.0687657647608686e-07,-4.206641131852087e-05,-9.268347739597503e-05,-2.1678006064324952e-07,-4.3009780859338386e-05,-9.487273680994666e-05,-2.270347479695317e-07,-4.3962360216568986e-05,-9.708739677341049e-05,-2.3764883213724053e-07,-4.492410772882661e-05,-9.932745015340184e-05,-2.4863060057134323e-07,-4.5894981755837946e-05,-0.00010159288973519005,-2.599884344056658e-07,-4.687494067860972e-05,-0.00010388370822230244,0.25
-1.7061408060628712e-07,-3.8385865276666e-05,-8.418058503117694e-05,-1.7919281294524784e-07,-3.929197852158038e-05,-8.62681725536754e-05,-1.880909118033185e-07,-4.020746843622797e-05,-8.838118833939552e-05,-1.9731619556181486e-07,-4.113229327644775e-05,-9.051962558267066e-05,-2.0687657647608686e-07,-4.206641131852087e-05,-9.268347739597503e-05,-2.1678006064324952e-07,-4.3009780859338386e-05,-9.487273680994666e-05,-2.270347479695317e-07,-4.3962360216568986e-05,-9.708739677341049e-05,-2.3764883213724053e-07,-4.492410772882661e-05,-9.932745015340184e-05,-2.4863060057134323e-07,-4.5894981755837946e-05,-0.00010159288973519005,-2.599884344056658e-07,-4.687494067860972e-05,-0.00010388370822230244,0.25
-1.7061408060628712e-07,-3.8385865276666e-05,-8.418058503117694e-05,-1.7919281294524784e-07,-3.929197852158038e-05,-8.62681725536754e-05,-1.880909118033185e-07,-4.020746843622797e-05,-8.838118833939552e-05,-1.9731619556181486e-07,-4.113229327644775e-05,-9.051962558267066e-05,-2.0687657647608686e-07,-4.206641131852087e-05,-9.268347739597503e-05,-2.1678006064324952e-07,-4.3009780859338386e-05,-9.487273680994666e-05,-2.270347479695317e-07,-4.3962360216568986e-05,-9.708739677341049e-05,-2.3764883213724053e-07,-4.492410772882661e-05,-9.932745015340184e-05,-2.4863060057134323e-07,-4.5894981755837946e-05,-0.00010159288973519005,-2.599884344056658e-07,-4.687494067860972e-05,-0.00010388370822230244,0.25
-1.7061408060628712e-07,-3.8385865276666e-05,-8.418058503117694e-05,-1.7919281294524784e-07,-3.929197852158038e-05,-8.62681725536754e-05,-1.880909118033185e-07,-4.020746843622797e-05,-8.838118833939552e-05,-1.9731619556181486e-07,-4.113229327644775e-05,-9.051962558267066e-05,-2.0687657647608686e-07,-4.206641131852087e-05,-9.268347739597503e-05,-2.1678006064324952e-07,-4.3009780859338386e-05,-9.487273680994666e-05,-2.270347479695317e-07,-4.3962360216568986e-05,-9.708739677341049e-05,-2.3764883213724053e-07,-4.492410772882661e-05,-9.932745015340184e-05,-2.4863060057134323e-07,-4.5894981755837946e-05,-0.00010159288973519005,-2.599884344056658e-07,-4.687494067860972e-05,-0.00010388370822230244,0.25
-1.7061408060628712e-07,-3.8385865276666e-05,-8.418058503117694e-05,-1.7919281294524784e-07,-3.929197852158038e-05,-8.62681725536754e-05,-1.880909118033185e-07,-4.020746843622797e-05,-8.838118833939552e-05,-1.9731619556181486e-07,-4.113229327644775e-05,-9.051962558267066e-05,-2.0687657647608686e-07,-4.206641131852087e-05,-9.268347739597503e-05,-2.1678006064324952e-07,-4.3009780859338386e-05,-9.487273680994666e-05,-2.270347479695317e-07,-4.3962360216568986e-05,-9.708739677341049e-05,-2.3764883213724053e-07,-4.492410772882661e-05,-9.932745015340184e-05,-2.4863060057134323e-07,-4.5894981755837946e-05,-0.00010159288973519005,-2.599884344056658e-07,-4.687494067860972e-05,-0.00010388370822230244,0.25
-1.7061408060628712e-07,-3.8385865276666e-05,-8.418058503117694e-05,-1.7919281294524784e-07,-3.929197852158038e-05,-8.62681725536754e-05,-1.880909118033185e-07,-4.020746843622797e-05,-8.838118833939552e-05,-1.9731619556181486e-07,-4.113229327644775e-05,-9.051962558267066e-05,-2.0687657647608686e-07,-4.206641131852087e-05,-9.268347739597503e-05,-2.1678006064324952e-07,-4.3009780859338386e-05,-9.487273680994666e-05,-2.270347479695317e-07,-4.3962360216568986e-05,-9.708739677341049e-05,-2.3764883213724053e-07,-4.492410772882661e-05,-9.932745015340184e-05,-2.4863060057134323e-07,-4.5894981755837946e-05,-0.00010159288973519005,-2.599884344056658e-07,-4.687494067860972e-05,-0.00010388370822230244,0.25
-1.7061408060628712e-07,-3.8385865276666e-05,-8.418058503117694e-05,-1.7919281294524784e-07,-3.929197852158038e-05,-8.62681725536754e-05,-1.880909118033185e-07,-4.020746843622797e-05,-8.838118833939552e-05,-1.9731619556181486e-07,-4.113229327644775e-05,-9.051962558267066e-05,-2.0687657647608686e-07,-4.206641131852087e-05,-9.268347739597503e-05,-2.1678006064324952e-07,-4.3009780859338386e-05,-9.487273680994666e-05,-2.270347479695317e-07,-4.3962360216568986e-05,-9.708739677341049e-05,-2.3764883213724053e-07,-4.492410772882661e-05,-9.932745015340184e-05,-2.4863060057134323e-07,-4.5894981755837946e-05,-0.00010159288973519005,-2.599884344056658e-07,-4.687494067860972e-05,-0.00010388370822230244,0.25
-1.7061408060628712e-07,-3.8385865276666e-05,-8.418058503117694e-05,-1.7919281294524784e-07,-3.929197852158038e-05,-8.62681725536754e-05,-1.880909118033185e-07,-4.020746843622797e-05,-8.838118833939552e-05,-1.9731619556181486e-07,-4.113229327644775e-05,-9.051962558267066e-05,-2.0687657647608686e-07,-4.206641131852087e-05,-9.268347739597503e-05,-2.1678006064324952e-07,-4.3009780859338386e-05,-9.487273680994666e-05,-2.270347479695317e-07,-4.3962360216568986e-05,-9.708739677341049e-05,-2.3764883213724053e-07,-4.492410772882661e-05,-9.932745015340184e-05,-2.4863060057134323e-07,-4.5894981755837946e-05,-0.00010159288973519005,-2.599884344056658e-07,-4.687494067860972e-05,-0.00010388370822230244,0.25
-1.7061408060628712e-07,-3.8385865276666e-05,-8.418058503117694e-05,-1.7919281294524784e-07,-3.929197852158038e-05,-8.62681725536754e-05,-1.880909118033185e-07,-4.020746843622797e-05,-8.838118833939552e-05,-1.9731619556181486e-07,-4.113229327644775e-05,-9.051962558267066e-05,-2.0687657647608686e-07,-4.206641131852087e-05,-9.268347739597503e-05,-2.1678006064324952e-07,-4.3009780859338386e-05,-9.487273680994666e-05,-2.270347479695317e-07,-4.3962360216568986e-05,-9.708739677341049e-05,-2.3764883213724053e-07,-4.492410772882661e-05,-9.932745015340184e-05,-2.4863060057134323e-07,-4.5894981755837946e-05,-0.00010159288973519005,-2.599884344056658e-07,-4.687494067860972e-05,-0.00010388370822230244,0.25
-1.7061408060628712e-07,-3.8385865276666e-05,-8.418058503117694e-05,-1.7919281294524784e-07,-3.929197852158038e-05,-8.62681725536754e-05,-1.880909118033185e-07,-4.020746843622797e-05,-8.838118833939552e-05,-1.9731619556181486e-07,-4.113229327644775e-05,-9.051962558267066e-05,-2.0687657647608686e-07,-4.206641131852087e-05,-9.268347739597503e-05,-2.1678006064324952e-07,-4.3009780859338386e-05,-9.487273680994666e-05,-2.270347479695317e-07,-4.3962360216568986e-05,-9.708739677341049e-05,-2.3764883213724053e-07,-4.492410772882661e-05,-9.932745015340184e-05,-2.4863060057134323e-07,-4.5894981755837946e-05,-0.00010159288973519005,-2.599884344056658e-07,-4.687494067860972e-05,-0.00010388370822230244,0.25
-1.7061408060628712e-07,-3.8385865276666e-05,-8.418058503117694e-05,-1.7919281294524784e-07,-3.929197852158038e-05,-8.62681725536754e-05,-1.880909118033185e-07,-4.020746843622797e-05,-8.838118833939552e-05,-1.9731619556181486e-07,-4.113229327644775e-05,-9.051962558267066e-05,-2.0687657647608686e-07,-4.206641131852087e-05,-9.268347739597503e-05,-2.1678006064324952e-07,-4.3009780859338386e-05,-9.487273680994666e-05,-2.270347479695317e-07,-4.3962360216568986e-05,-9.708739677341049e-05,-2.3764883213724053e-07,-4.492410772882661e-05,-9.932745015340184e-05,-2.4863060057134323e-07,-4.5894981755837946e-05,-0.00010159288973519005,-2.599884344056658e-07,-4.687494067860972e-05,-0.00010388370822230244,0.25
-1.7061408060628712e-07,-3.8385865276666e-05,-8.418058503117694e-05,-1.7919281294524784e-07,-3.929197852158038e-05,-8.62681725536754e-05,-1.880909118033185e-07,-4.020746843622797e-05,-8.838118833939552e-05,-1.9731619556181486e-07,-4.113229327644775e-05,-9.051962558267066e-05,-2.0687657647608686e-07,-4.206641131852087e-05,-9.268347739597503e-05,-2.1678006064324952e-07,-4.3009780859338386e-05,-9.487273680994666e-05,-2.270347479695317e-07,-4.3962360216568986e-05,-9.708739677341049e-05,-2.3764883213724053e-07,-4.492410772882661e-05,-9.932745015340184e-05,-2.4863060057134323e-07,-4.5894981755837946e-05,-0.00010159288973519005,-2.599884344056658e-07,-4.687494067860972e-05,-0.00010388370822230244,0.25
-1.7061408060628712e-07,-3.8385865276666e-05,-8.418058503117694e-05,-1.7919281294524784e-07,-3.929197852158038e-05,-8.62681725536754e-05,-1.880909118033185e-07,-4.020746843622797e-05,-8.838118833939552e-05,-1.9731619556181486e-07,-4.113229327644775e-05,-9.051962558267066e-05,-2.0687657647608686e-07,-4.206641131852087e-05,-9.268347739597503e-05,-2.1678006064324952e-07,-4.3009780859338386e-05,-9.487273680994666e-05,-2.270347479695317e-07,-4.3962360216568986e-05,-9.708739677341049e-05,-2.3764883213724053e-07,-4.492410772882661e-05,-9.932745015340184e-05,-2.4863060057134323e-07,-4.5894981755837946e-05,-0.00010159288973519005,-2.599884344056658e-07,-4.687494067860972e-05,-0.00010388370822230244,0.25
-1.7061408060628712e-07,-3.8385865276666e-05,-8.418058503117694e-05,-1.7919281294524784e-07,-3.929197852158038e-05,-8.62681725536754e-05,-1.880909118033185e-07,-4.020746843622797e-05,-8.838118833939552e-05,-1.9731619556181486e-07,-4.113229327644775e-05,-9.051962558267066e-05,-2.0687657647608686e-07,-4.206641131852087e-05,-9.268347739597503e-05,-2.1678006064324952e-07,-4.3009780859338386e-05,-9.487273680994666e-05,-2.270347479695317e-07,-4.3962360216568986e-05,-9.708739677341049e-05,-2.3764883213724053e-07,-4.492410772882661e-05,-9.932745015340184e-05,-2.4863060057134323e-07,-4.5894981755837946e-05,-0.00010159288973519005,-2.599884344056658e-07,-4.687494067860972e-05,-0.00010388370822230244,0.25
-1.7061408060628712e-07,-3.8385865276666e-05,-8.418058503117694e-05,-1.7919281294524784e-07,-3.929197852158038e-05,-8.62681725536754e-05,-1.880909118033185e-07,-4.020746843622797e-05,-8.838118833939552e-05,-1.9731619556181486e-07,-4.113229327644775e-05,-9.051962558267066e-05,-2.0687657647608686e-07,-4.206641131852087e-05,-9.268347739597503e-05,-2.1678006064324952e-07,-4.3009780859338386e-05,-9.487273680994666e-05,-2.270347479695317e-07,-4.3962360216568986e-05,-9.708739677341049e-05,-2.3764883213724053e-07,-4.492410772882661e-05,-9.932745015340184e-05,-2.4863060057134323e-07,-4.5894981755837946e-05,-0.00010159288973519005,-2.599884344056658e-07,-4.687494067860972e-05,-0.00010388370822230244,0.25
-1.7061408060628712e-07,-3.8385865276666e-05,-8.418058503117694e-05,-1.7919281294524784e-07,-3.929197852158038e-05,-8.62681725536754e-05,-1.880909118033185e-07,-4.020746843622797e-05,-8.838118833939552e-05,-1.9731619556181486e-07,-4.113229327644775e-05,-9.051962558267066e-05,-2.0687657647608686e-07,-4.206641131852087e-05,-9.268347739597503e-05,-2.1678006064324952e-07,-4.3009780859338386e-05,-9.487273680994666e-05,-2.270347479695317e-07,-4.3962360216568986e-05,-9.708739677341049e-05,-2.3764883213724053e-07,-4.492410772882661e-05,-9.932745015340184e-05,-2.4863060057134323e-07,-4.5894981755837946e-05,-0.00010159288973519005,-2.599884344056658e-07,-4.687494067860972e-05,-0.00010388370822230244,0.25
-1.7061408060628712e-07,-3.8385865276666e-05,-8.418058503117694e-05,-1.7919281294524784e-07,-3.929197852158038e-05,-8.62681725536754e-05,-1.880909118033185e-07,-4.020746843622797e-05,-8.838118833939552e-05,-1.9731619556181486e-07,-4.113229327644775e-05,-9.051962558267066e-05,-2.0687657647608686e-07,-4.206641131852087e-05,-9.268347739597503e-05,-2.1678006064324952e-07,-4.3009780859338386e-05,-9.487273680994666e-05,-2.270347479695317e-07,-4.3962360216568986e-05,-9.708739677341049e-05,-2.3764883213724053e-07,-4.492410772882661e-05,-9.932745015340184e-05,-2.4863060057134323e-07,-4.5894981755837946e-05,-0.00010159288973519005,-2.599884344056658e-07,-4.687494067860972e-05,-0.00010388370822230244,0.25
-1.7061408060628712e-07,-3.8385865276666e-05,-8.418058503117694e-05,-1.7919281294524784e-07,-3.929197852158038e-05,-8.62681725536754e-05,-1.880909118033185e-07,-4.020746843622797e-05,-8.838118833939552e-05,-1.9731619556181486e-07,-4.113229327644775e-05,-9.051962558267066e-05,-2.0687657647608686e-07,-4.206641131852087e-05,-9.268347739597503e-05,-2.1678006064324952e-07,-4.3009780859338386e-05,-9.487273680994666e-05,-2.270347479695317e-07,-4.3962360216568986e-05,-9.708739677341049e-05,-2.3764883213724053e-07,-4.492410772882661e-05,-9.932745015340184e-05,-2.4863060057134323e-07,-4.5894981755837946e-05,-0.00010159288973519005,-2.599884344056658e-07,-4.687494067860972e-05,-0.00010388370822230244,0.25
-1.7061408060628712e-07,-3.8385865276666e-05,-8.418058503117694e-05,-1.7919281294524784e-07,-3.929197852158038e-05,-8.62681725536754e-05,-1.880909118033185e-07,-4.020746843622797e-05,-8.838118833939552e-05,-1.9731619556181486e-07,-4.113229327644775e-05,-9.051962558267066e-05,-2.0687657647608686e-07,-4.206641131852087e-05,-9.268347739597503e-05,-2.1678006064324952e-07,-4.3009780859338386e-05,-9.487273680994666e-05,-2.270347479695317e-07,-4.3962360216568986e-05,-9.708739677341049e-05,-2.3764883213724053e-07,-4.492410772882661e-05,-9.932745015340184e-05,-2.4863060057134323e-07,-4.5894981755837946e-05,-0.00010159288973519005,-2.599884344056658e-07,-4.687494067860972e-05,-0.00010388370822230244,0.25
-1.7061408060628712e-07,-3.8385865276666e-05,-8.418058503117694e-05,-1.7919281294524784e-07,-3.929197852158038e-05,-8.62681725536754e-05,-1.880909118033185e-07,-4.020746843622797e-05,-8.838118833939552e-05,-1.9731619556181486e-07,-4.113229327644775e-05,-9.051962558267066e-05,-2.0687657647608686e-07,-4.206641131852087e-05,-9.268347739597503e-05,-2.1678006064324952e-07,-4.3009780859338386e-05,-9.487273680994666e-05,-2.270347479695317e-07,-4.3962360216568986e-05,-9.708739677341049e-05,-2.3764883213724053e-07,-4.492410772882661e-05,-9.932745015340184e-05,-2.4863060057134323e-07,-4.5894981755837946e-05,-0.00010159288973519005,-2.599884344056658e-07,-4.687494067860972e-05,-0.00010388370822230244,0.25
-1.7061408060628712e-07,-3.8385865276666e-05,-8.418058503117694e-05,-1.7919281294524784e-07,-3.929197852158038e-05,-8.62681725536754e-05,-1.880909118033185e-07,-4.020746843622797e-05,-8.838118833939552e-05,-1.9731619556181486e-07,-4.113229327644775e-05,-9.051962558267066e-05,-2.0687657647608686e-07,-4.206641131852087e-05,-9.268347739597503e-05,-2.1678006064324952e-07,-4.3009780859338386e-05,-9.487273680994666e-05,-2.270347479695317e-07,-4.3962360216568986e-05,-9.708739677341049e-05,-2.3764883213724053e-07,-4.492410772882661e-05,-9.932745015340184e-05,-2.4863060057134323e-07,-4.5894981755837946e-05,-0.00010159288973519005,-2.599884344056658e-07,-4.687494067860972e-05,-0.00010388370822230244,0.25
-1.7061408060628712e-07,-3.8385865276666e-05,-8.418058503117694e-05,-1.7919281294524784e-07,-3.929197852158038e-05,-8.62681725536754e-05,-1.880909118033185e-07,-4.020746843622797e-05,-8.838118833939552e-05,-1.9731619556181486e-07,-4.113229327644775e-05,-9.051962558267066e-05,-2.0687657647608686e-07,-4.206641131852087e-05,-9.268347739597503e-05,-2.1678006064324952e-07,-4.3009780859338386e-05,-9.487273680994666e-05,-2.270347479695317e-07,-4.3962360216568986e-05,-9.708739677341049e-05,-2.3764883213724053e-07,-4.492410772882661e-05,-9.932745015340184e-05,-2.4863060057134323e-07,-4.5894981755837946e-05,-0.00010159288973519005,-2.599884344056658e-07,-4.687494067860972e-05,-0.00010388370822230244,0.25
-1.7061408060628712e-07,-3.8385865276666e-05,-8.418058503117694e-05,-1.7919281294524784e-07,-3.929197852158038e-05,-8.62681725536754e-05,-1.880909118033185e-07,-4.020746843622797e-05,-8.838118833939552e-05,-1.9731619556181486e-07,-4.113229327644775e-05,-9.051962558267066e-05,-2.0687657647608686e-07,-4.206641131852087e-05,-9.268347739597503e-05,-2.1678006064324952e-07,-4.3009780859338386e-05,-9.487273680994666e-05,-2.270347479695317e-07,-4.3962360216568986e-05,-9.708739677341049e-05,-2.3764883213724053e-07,-4.492410772882661e-05,-9.932745015340184e-05,-2.4863060057134323e-07,-4.5894981755837946e-05,-0.00010159288973519005,-2.599884344056658e-07,-4.687494067860972e-05,-0.00010388370822230244,0.25
-1.7061408060628712e-07,-3.8385865276666e-05,-8.418058503117694e-05,-1.7919281294524784e-07,-3.929197852158038e-05,-8.62681725536754e-05,-1.880909118033185e-07,-4.020746843622797e-05,-8.838118833939552e-05,-1.9731619556181486e-07,-4.113229327644775e-05,-9.051962558267066e-05,-2.0687657647608686e-07,-4.206641131852087e-05,-9.268347739597503e-05,-2.1678006064324952e-07,-4.3009780859338386e-05,-9.487273680994666e-05,-2.270347479695317e-07,-4.3962360216568986e-05,-9.708739677341049e-05,-2.3764883213724053e-07,-4.492410772882661e-05,-9.932745015340184e-05,-2.4863060057134323e-07,-4.5894981755837946e-05,-0.00010159288973519005,-2.599884344056658e-07,-4.687494067860972e-05,-0.00010388370822230244,0.25
-1.7061408060628712e-07,-3.8385865276666e-05,-8.418058503117694e-05,-1.7919281294524784e-07,-3.929197852158038e-05,-8.62681725536754e-05,-1.880909118033185e-07,-4.020746843622797e-05,-8.838118833939552e-05,-1.9731619556181486e-07,-4.113229327644775e-05,-9.051962558267066e-05,-2.0687657647608686e-07,-4.206641131852087e-05,-9.268347739597503e-05,-2.1678006064324952e-07,-4.3009780859338386e-05,-9.487273680994666e-05,-2.270347479695317e-07,-4.3962360216568986e-05,-9.708739677341049e-05,-2.3764883213724053e-07,-4.492410772882661e-05,-9.932745015340184e-05,-2.4863060057134323e-07,-4.5894981755837946e-05,-0.00010159288973519005,-2.599884344056658e-07,-4.687494067860972e-05,-0.00010388370822230244,0.25
-1.7061408060628712e-07,-3.8385865276666e-05,-8.418058503117694e-05,-1.7919281294524784e-07,-3.929197852158038e-05,-8.62681725536754e-05,-1.880909118033185e-07,-4.020746843622797e-05,-8.838118833939552e-05,-1.9731619556181486e-07,-4.113229327644775e-05,-9.051962558267066e-05,-2.0687657647608686e-07,-4.206641131852087e-05,-9.268347739597503e-05,-2.1678006064324952e-07,-4.3009780859338386e-05,-9.487273680994666e-05,-2.270347479695317e-07,-4.3962360216568986e-05,-9.708739677341049e-05,-2.3764883213724053e-07,-4.492410772882661e-05,-9.932745015340184e-05,-2.4863060057134323e-07,-4.5894981755837946e-05,-0.00010159288973519005,-2.599884344056658e-07,-4.687494067860972e-05,-0.00010388370822230244,0.25
-1.7061408060628712e-07,-3.8385865276666e-05,-8.418058503117694e-05,-1.7919281294524784e-07,-3.929197852158038e-05,-8.62681725536754e-05,-1.880909118033185e-07,-4.020746843622797e-05,-8.838118833939552e-05,-1.9731619556181486e-07,-4.113229327644775e-05,-9.051962558267066e-05,-2.0687657647608686e-07,-4.206641131852087e-05,-9.268347739597503e-05,-2.1678006064324952e-07,-4.3009780859338386e-05,-9.487273680994666e-05,-2.270347479695317e-07,-4.3962360216568986e-05,-9.708739677341049e-05,-2.3764883213724053e-07,-4.492410772882661e-05,-9.932745015340184e-05,-2.4863060057134323e-07,-4.5894981755837946e-05,-0.00010159288973519005,-2.599884344056658e-07,-4.687494067860972e-05,-0.00010388370822230244,0.25
-1.7061408060628712e-07,-3.8385865276666e-05,-8.418058503117694e-05,-1.7919281294524784e-07,-3.929197852158038e-05,-8.62681725536754e-05,-1.880909118033185e-07,-4.020746843622797e-05,-8.838118833939552e-05,-1.9731619556181486e-07,-4.113229327644775e-05,-9.051962558267066e-05,-2.0687657647608686e-07,-4.206641131852087e-05,-9.268347739597503e-05,-2.1678006064324952e-07,-4.3009780859338386e-05,-9.487273680994666e-05,-2.270347479695317e-07,-4.3962360216568986e-05,-9.708739677341049e-05,-2.3764883213724053e-07,-4.492410772882661e-05,-9.932745015340184e-05,-2.4863060057134323e-07,-4.5894981755837946e-05,-0.00010159288973519005,-2.599884344056658e-07,-4.687494067860972e-05,-0.00010388370822230244,0.25
-1.7061408060628712e-07,-3.8385865276666e-05,-8.418058503117694e-05,-1.7919281294524784e-07,-3.929197852158038e-05,-8.62681725536754e-05,-1.880909118033185e-07,-4.020746843622797e-05,-8.838118833939552e-05,-1.9731619556181486e-07,-4.113229327644775e-05,-9.051962558267066e-05,-2.0687657647608686e-07,-4.206641131852087e-05,-9.268347739597503e-05,-2.1678006064324952e-07,-4.3009780859338386e-05,-9.487273680994666e-05,-2.270347479695317e-07,-4.3962360216568986e-05,-9.708739677341049e-05,-2.3764883213724053e-07,-4.492410772882661e-05,-9.932745015340184e-05,-2.4863060057134323e-07,-4.5894981755837946e-05,-0.00010159288973519005,-2.599884344056658e-07,-4.687494067860972e-05,-0.00010388370822230244,0.25
-1.7061408060628712e-07,-3.8385865276666e-05,-8.418058503117694e-05,-1.7919281294524784e-07,-3.929197852158038e-05,-8.62681725536754e-05,-1.880909118033185e-07,-4.020746843622797e-05,-8.838118833939552e-05,-1.9731619556181486e-07,-4.113229327644775e-05,-9.051962558267066e-05,-2.0687657647608686e-07,-4.206641131852087e-05,-9.268347739597503e-05,-2.1678006064324952e-07,-4.3009780859338386e-05,-9.487273680994666e-05,-2.270347479695317e-07,-4.3962360216568986e-05,-9.708739677341049e-05,-2.3764883213724053e-07,-4.492410772882661e-05,-9.932745015340184e-05,-2.4863060057134323e-07,-4.5894981755837946e-05,-0.00010159288973519005,-2.599884344056658e-07,-4.687494067860972e-05,-0.00010388370822230244,0.25
-1.7061408060628712e-07,-3.8385865276666e-05,-8.418058503117694e-05,-1.7919281294524784e-07,-3.929197852158038e-05,-8.62681725536754e-05,-1.880909118033185e-07,-4.020746843622797e-05,-8.838118833939552e-05,-1.9731619556181486e-07,-4.113229327644775e-05,-9.051962558267066e-05,-2.0687657647608686e-07,-4.206641131852087e-05,-9.268347739597503e-05,-2.1678006064324952e-07,-4.3009780859338386e-05,-9.487273680994666e-05,-2.270347479695317e-07,-4.3962360216568986e-05,-9.708739677341049e-05,-2.3764883213724053e-07,-4.492410772882661e-05,-9.932745015340184e-05,-2.4863060057134323e-07,-4.5894981755837946e-05,-0.00010159288973519005,-2.599884344056658e-07,-4.687494067860972e-05,-0.00010388370822230244,0.25
-1.7061408060628712e-07,-3.8385865276666e-05,-8.418058503117694e-05,-1.7919281294524784e-07,-3.929197852158038e-05,-8.62681725536754e-05,-1.880909118033185e-07,-4.020746843622797e-05,-8.838118833939552e-05,-1.9731619556181486e-07,-4.113229327644775e-05,-9.051962558267066e-05,-2.0687657647608686e-07,-4.206641131852087e-05,-9.268347739597503e-05,-2.1678006064324952e-07,-4.3009780859338386e-05,-9.487273680994666e-05,-2.270347479695317e-07,-4.3962360216568986e-05,-9.708739677341049e-05,-2.3764883213724053e-07,-4.492410772882661e-05,-9.932745015340184e-05,-2.4863060057134323e-07,-4.5894981755837946e-05,-0.00010159288973519005,-2.599884344056658e-07,-4.687494067860972e-05,-0.00010388370822230244,0.25
-1.7061408060628712e-07,-3.8385865276666e-05,-8.418058503117694e-05,-1.7919281294524784e-07,-3.929197852158038e-05,-8.62681725536754e-05,-1.880909118033185e-07,-4.020746843622797e-05,-8.838118833939552e-05,-1.9731619556181486e-07,-4.113229327644775e-05,-9.051962558267066e-05,-2.0687657647608686e-07,-4.206641131852087e-05,-9.268347739597503e-05,-2.1678006064324952e-07,-4.3009780859338386e-05,-9.487273680994666e-05,-2.270347479695317e-07,-4.3962360216568986e-05,-9.708739677341049e-05,-2.3764883213724053e-07,-4.492410772882661e-05,-9.932745015340184e-05,-2.4863060057134323e-07,-4.5894981755837946e-05,-0.00010159288973519005,-2.599884344056658e-07,-4.687494067860972e-05,-0.00010388370822230244,0.25
-1.7061408060628712e-07,-3.8385865276666e-05,-8.418058503117694e-05,-1.7919281294524784e-07,-3.929197852158038e-05,-8.62681725536754e-05,-1.880909118033185e-07,-4.020746843622797e-05,-8.838118833939552e-05,-1.9731619556181486e-07,-4.113229327644775e-05,-9.051962558267066e-05,-2.0687657647608686e-07,-4.206641131852087e-05,-9.268347739597503e-05,-2.1678006064324952e-07,-4.3009780859338386e-05,-9.487273680994666e-05,-2.270347479695317e-07,-4.3962360216568986e-05,-9.708739677341049e-05,-2.3764883213724053e-07,-4.492410772882661e-05,-9.932745015340184e-05,-2.4863060057134323e-07,-4.5894981755837946e-05,-0.00010159288973519005,-2.599884344056658e-07,-4.687494067860972e-05,-0.00010388370822230244,0.25
-1.7061408060628712e-07,-3.8385865276666e-05,-8.418058503117694e-05,-1.7919281294524784e-07,-3.929197852158038e-05,-8.62681725536754e-05,-1.880909118033185e-07,-4.020746843622797e-05,-8.838118833939552e-05,-1.9731619556181486e-07,-4.113229327644775e-05,-9.051962558267066e-05,-2.0687657647608686e-07,-4.206641131852087e-05,-9.268347739597503e-05,-2.1678006064324952e-07,-4.3009780859338386e-05,-9.487273680994666e-05,-2.270347479695317e-07,-4.3962360216568986e-05,-9.708739677341049e-05,-2.3764883213724053e-07,-4.492410772882661e-05,-9.932745015340184e-05,-2.4863060057134323e-07,-4.5894981755837946e-05,-0.00010159288973519005,-2.599884344056658e-07,-4.687494067860972e-05,-0.00010388370822230244,0.25
-1.7061408060628712e-07,-3.8385865276666e-05,-8.418058503117694e-05,-1.7919281294524784e-07,-3.929197852158038e-05,-8.62681725536754e-05,-1.880909118033185e-07,-4.020746843622797e-05,-8.838118833939552e-05,-1.9731619556181486e-07,-4.113229327644775e-05,-9.051962558267066e-05,-2.0687657647608686e-07,-4.206641131852087e-05,-9.268347739597503e-05,-2.1678006064324952e-07,-4.3009780859338386e-05,-9.487273680994666e-05,-2.270347479695317e-07,-4.3962360216568986e-05,-9.708739677341049e-05,-2.3764883213724053e-07,-4.492410772882661e-05,-9.932745015340184e-05,-2.4863060057134323e-07,-4.5894981755837946e-05,-0.00010159288973519005,-2.599884344056658e-07,-4.687494067860972e-05,-0.00010388370822230244,0.25
-1.7061408060628712e-07,-3.8385865276666e-05,-8.418058503117694e-05,-1.7919281294524784e-07,-3.929197852158038e-05,-8.62681725536754e-05,-1.880909118033185e-07,-4.020746843622797e-05,-8.838118833939552e-05,-1.9731619556181486e-07,-4.113229327644775e-05,-9.051962558267066e-05,-2.0687657647608686e-07,-4.206641131852087e-05,-9.268347739597503e-05,-2.1678006064324952e-07,-4.3009780859338386e-05,-9.487273680994666e-05,-2.270347479695317e-07,-4.3962360216568986e-05,-9.708739677341049e-05,-2.3764883213724053e-07,-4.492410772882661e-05,-9.932745015340184e-05,-2.4863060057134323e-07,-4.5894981755837946e-05,-0.00010159288973519005,-2.599884344056658e-07,-4.687494067860972e-05,-0.00010388370822230244,0.25
-1.7061408060628712e-07,-3.8385865276666e-05,-8.418058503117694e-05,-1.7919281294524784e-07,-3.929197852158038e-05,-8.62681725536754e-05,-1.880909118033185e-07,-4.020746843622797e-05,-8.838118833939552e-05,-1.9731619556181486e-07,-4.113229327644775e-05,-9.051962558267066e-05,-2.0687657647608686e-07,-4.206641131852087e-05,-9.268347739597503e-05,-2.1678006064324952e-07,-4.3009780859338386e-05,-9.487273680994666e-05,-2.270347479695317e-07,-4.3962360216568986e-05,-9.708739677341049e-05,-2.3764883213724053e-07,-4.492410772882661e-05,-9.932745015340184e-05,-2.4863060057134323e-07,-4.5894981755837946e-05,-0.00010159288973519005,-2.599884344056658e-07,-4.687494067860972e-05,-0.00010388370822230244,0.25
-1.7061408060628712e-07,-3.8385865276666e-05,-8.418058503117694e-05,-1.7919281294524784e-07,-3.929197852158038e-05,-8.62681725536754e-05,-1.880909118033185e-07,-4.020746843622797e-05,-8.838118833939552e-05,-1.9731619556181486e-07,-4.113229327644775e-05,-9.051962558267066e-05,-2.0687657647608686e-07,-4.206641131852087e-05,-9.268347739597503e-05,-2.1678006064324952e-07,-4.3009780859338386e-05,-9.487273680994666e-05,-2.270347479695317e-07,-4.3962360216568986e-05,-9.708739677341049e-05,-2.3764883213724053e-07,-4.492410772882661e-05,-9.932745015340184e-05,-2.4863060057134323e-07,-4.5894981755837946e-05,-0.00010159288973519005,-2.599884344056658e-07,-4.687494067860972e-05,-0.00010388370822230244,0.25
-1.7061408060628712e-07,-3.8385865276666e-05,-8.418058503117694e-05,-1.7919281294524784e-07,-3.929197852158038e-05,-8.62681725536754e-05,-1.880909118033185e-07,-4.020746843622797e-05,-8.838118833939552e-05,-1.9731619556181486e-07,-4.113229327644775e-05,-9.051962558267066e-05,-2.0687657647608686e-07,-4.206641131852087e-05,-9.268347739597503e-05,-2.1678006064324952e-07,-4.3009780859338386e-05,-9.487273680994666e-05,-2.270347479695317e-07,-4.3962360216568986e-05,-9.708739677341049e-05,-2.3764883213724053e-07,-4.492410772882661e-05,-9.932745015340184e-05,-2.4863060057134323e-07,-4.5894981755837946e-05,-0.00010159288973519005,-2.599884344056658e-07,-4.687494067860972e-05,-0.00010388370822230244,0.25
-1.7061408060628712e-07,-3.8385865276666e-05,-8.418058503117694e-05,-1.7919281294524784e-07,-3.929197852158038e-05,-8.62681725536754e-05,-1.880909118033185e-07,-4.020746843622797e-05,-8.838118833939552e-05,-1.9731619556181486e-07,-4.113229327644775e-05,-9.051962558267066e-05,-2.0687657647608686e-07,-4.206641131852087e-05,-9.268347739597503e-05,-2.1678006064324952e-07,-4.3009780859338386e-05,-9.487273680994666e-05,-2.270347479695317e-07,-4.3962360216568986e-05,-9.708739677341049e-05,-2.3764883213724053e-07,-4.492410772882661e-05,-9.932745015340184e-05,-2.4863060057134323e-07,-4.5894981755837946e-05,-0.00010159288973519005,-2.599884344056658e-07,-4.687494067860972e-05,-0.00010388370822230244,0.25
-1.7061408060628712e-07,-3.8385865276666e-05,-8.418058503117694e-05,-1.7919281294524784e-07,-3.929197852158038e-05,-8.62681725536754e-05,-1.880909118033185e-07,-4.020746843622797e-05,-8.838118833939552e-05,-1.9731619556181486e-07,-4.113229327644775e-05,-9.051962558267066e-05,-2.0687657647608686e-07,-4.206641131852087e-05,-9.268347739597503e-05,-2.1678006064324952e-07,-4.3009780859338386e-05,-9.487273680994666e-05,-2.270347479695317e-07,-4.3962360216568986e-05,-9.708739677341049e-05,-2.3764883213724053e-07,-4.492410772882661e-05,-9.932745015340184e-05,-2.4863060057134323e-07,-4.5894981755837946e-05,-0.00010159288973519005,-2.599884344056658e-07,-4.687494067860972e-05,-0.00010388370822230244,0.25
-1.7061408060628712e-07,-3.8385865276666e-05,-8.418058503117694e-05,-1.7919281294524784e-07,-3.929197852158038e-05,-8.62681725536754e-05,-1.880909118033185e-07,-4.020746843622797e-05,-8.838118833939552e-05,-1.9731619556181486e-07,-4.113229327644775e-05,-9.051962558267066e-05,-2.0687657647608686e-07,-4.206641131852087e-05,-9.268347739597503e-05,-2.1678006064324952e-07,-4.3009780859338386e-05,-9.487273680994666e-05,-2.270347479695317e-07,-4.3962360216568986e-05,-9.708739677341049e-05,-2.3764883213724053e-07,-4.492410772882661e-05,-9.932745015340184e-05,-2.4863060057134323e-07,-4.5894981755837946e-05,-0.00010159288973519005,-2.599884344056658e-07,-4.687494067860972e-05,-0.00010388370822230244,0.25
-1.7061408060628712e-07,-3.8385865276666e-05,-8.418058503117694e-05,-1.7919281294524784e-07,-3.929197852158038e-05,-8.62681725536754e-05,-1.880909118033185e-07,-4.020746843622797e-05,-8.838118833939552e-05,-1.9731619556181486e-07,-4.113229327644775e-05,-9.051962558267066e-05,-2.0687657647608686e-07,-4.206641131852087e-05,-9.268347739597503e-05,-2.1678006064324952e-07,-4.3009780859338386e-05,-9.487273680994666e-05,-2.270347479695317e-07,-4.3962360216568986e-05,-9.708739677341049e-05,-2.3764883213724053e-07,-4.492410772882661e-05,-9.932745015340184e-05,-2.4863060057134323e-07,-4.5894981755837946e-05,-0.00010159288973519005,-2.599884344056658e-07,-4.687494067860972e-05,-0.00010388370822230244,0.25
-1.7061408060628712e-07,-3.8385865276666e-05,-8.418058503117694e-05,-1.7919281294524784e-07,-3.929197852158038e-05,-8.62681725536754e-05,-1.880909118033185e-07,-4.020746843622797e-05,-8.838118833939552e-05,-1.9731619556181486e-07,-4.113229327644775e-05,-9.051962558267066e-05,-2.0687657647608686e-07,-4.206641131852087e-05,-9.268347739597503e-05,-2.1678006064324952e-07,-4.3009780859338386e-05,-9.487273680994666e-05,-2.270347479695317e-07,-4.3962360216568986e-05,-9.708739677341049e-05,-2.3764883213724053e-07,-4.492410772882661e-05,-9.932745015340184e-05,-2.4863060057134323e-07,-4.5894981755837946e-05,-0.00010159288973519005,-2.599884344056658e-07,-4.687494067860972e-05,-0.00010388370822230244,0.25
-1.7061408060628712e-07,-3.8385865276666e-05,-8.418058503117694e-05,-1.7919281294524784e-07,-3.929197852158038e-05,-8.62681725536754e-05,-1.880909118033185e-07,-4.020746843622797e-05,-8.838118833939552e-05,-1.9731619556181486e-07,-4.113229327644775e-05,-9.051962558267066e-05,-2.0687657647608686e-07,-4.206641131852087e-05,-9.268347739597503e-05,-2.1678006064324952e-07,-4.3009780859338386e-05,-9.487273680994666e-05,-2.270347479695317e-07,-4.3962360216568986e-05,-9.708739677341049e-05,-2.3764883213724053e-07,-4.492410772882661e-05,-9.932745015340184e-05,-2.4863060057134323e-07,-4.5894981755837946e-05,-0.00010159288973519005,-2.599884344056658e-07,-4.687494067860972e-05,-0.00010388370822230244,0.25
-1.7061408060628712e-07,-3.8385865276666e-05,-8.418058503117694e-05,-1.7919281294524784e-07,-3.929197852158038e-05,-8.62681725536754e-05,-1.880909118033185e-07,-4.020746843622797e-05,-8.838118833939552e-05,-1.9731619556181486e-07,-4.113229327644775e-05,-9.051962558267066e-05,-2.0687657647608686e-07,-4.206641131852087e-05,-9.268347739597503e-05,-2.1678006064324952e-07,-4.3009780859338386e-05,-9.487273680994666e-05,-2.270347479695317e-07,-4.3962360216568986e-05,-9.708739677341049e-05,-2.3764883213724053e-07,-4.492410772882661e-05,-9.932745015340184e-05,-2.4863060057134323e-07,-4.5894981755837946e-05,-0.00010159288973519005,-2.599884344056658e-07,-4.687494067860972e-05,-0.00010388370822230244,0.25
-1.7061408060628712e-07,-3.8385865276666e-05,-8.418058503117694e-05,-1.7919281294524784e-07,-3.929197852158038e-05,-8.62681725536754e-05,-1.880909118033185e-07,-4.020746843622797e-05,-8.838118833939552e-05,-1.9731619556181486e-07,-4.113229327644775e-05,-9.051962558267066e-05,-2.0687657647608686e-07,-4.206641131852087e-05,-9.268347739597503e-05,-2.1678006064324952e-07,-4.3009780859338386e-05,-9.487273680994666e-05,-2.270347479695317e-07,-4.3962360216568986e-05,-9.708739677341049e-05,-2.3764883213724053e-07,-4.492410772882661e-05,-9.932745015340184e-05,-2.4863060057134323e-07,-4.5894981755837946e-05,-0.00010159288973519005,-2.599884344056658e-07,-4.687494067860972e-05,-0.00010388370822230244,0.25
-1.7061408060628712e-07,-3.8385865276666e-05,-8.418058503117694e-05,-1.7919281294524784e-07,-3.929197852158038e-05,-8.62681725536754e-05,-1.880909118033185e-07,-4.020746843622797e-05,-8.838118833939552e-05,-1.9731619556181486e-07,-4.113229327644775e-05,-9.051962558267066e-05,-2.0687657647608686e-07,-4.206641131852087e-05,-9.268347739597503e-05,-2.1678006064324952e-07,-4.3009780859338386e-05,-9.487273680994666e-05,-2.270347479695317e-07,-4.3962360216568986e-05,-9.708739677341049e-05,-2.3764883213724053e-07,-4.492410772882661e-05,-9.932745015340184e-05,-2.4863060057134323e-07,-4.5894981755837946e-05,-0.00010159288973519005,-2.599884344056658e-07,-4.687494067860972e-05,-0.00010388370822230244,0.25
-1.7061408060628712e-07,-3.8385865276666e-05,-8.418058503117694e-05,-1.7919281294524784e-07,-3.929197852158038e-05,-8.62681725536754e-05,-1.880909118033185e-07,-4.020746843622797e-05,-8.838118833939552e-05,-1.9731619556181486e-07,-4.113229327644775e-05,-9.051962558267066e-05,-2.0687657647608686e-07,-4.206641131852087e-05,-9.268347739597503e-05,-2.1678006064324952e-07,-4.3009780859338386e-05,-9.487273680994666e-05,-2.270347479695317e-07,-4.3962360216568986e-05,-9.708739677341049e-05,-2.3764883213724053e-07,-4.492410772882661e-05,-9.932745015340184e-05,-2.4863060057134323e-07,-4.5894981755837946e-05,-0.00010159288973519005,-2.599884344056658e-07,-4.687494067860972e-05,-0.00010388370822230244,0.25
-1.7061408060628712e-07,-3.8385865276666e-05,-8.418058503117694e-05,-1.7919281294524784e-07,-3.929197852158038e-05,-8.62681725536754e-05,-1.880909118033185e-07,-4.020746843622797e-05,-8.838118833939552e-05,-1.9731619556181486e-07,-4.113229327644775e-05,-9.051962558267066e-05,-2.0687657647608686e-07,-4.206641131852087e-05,-9.268347739597503e-05,-2.1678006064324952e-07,-4.3009780859338386e-05,-9.487273680994666e-05,-2.270347479695317e-07,-4.3962360216568986e-05,-9.708739677341049e-05,-2.3764883213724053e-07,-4.492410772882661e-05,-9.932745015340184e-05,-2.4863060057134323e-07,-4.5894981755837946e-05,-0.00010159288973519005,-2.599884344056658e-07,-4.687494067860972e-05,-0.00010388370822230244,0.25
-1.7061408060628712e-07,-3.8385865276666e-05,-8.418058503117694e-05,-1.7919281294524784e-07,-3.929197852158038e-05,-8.62681725536754e-05,-1.880909118033185e-07,-4.020746843622797e-05,-8.838118833939552e-05,-1.9731619556181486e-07,-4.113229327644775e-05,-9.051962558267066e-05,-2.0687657647608686e-07,-4.206641131852087e-05,-9.268347739597503e-05,-2.1678006064324952e-07,-4.3009780859338386e-05,-9.487273680994666e-05,-2.270347479695317e-07,-4.3962360216568986e-05,-9.708739677341049e-05,-2.3764883213724053e-07,-4.492410772882661e-05,-9.932745015340184e-05,-2.4863060057134323e-07,-4.5894981755837946e-05,-0.00010159288973519005,-2.599884344056658e-07,-4.687494067860972e-05,-0.00010388370822230244,0.25
-1.7061408060628712e-07,-3.8385865276666e-05,-8.418058503117694e-05,-1.7919281294524784e-07,-3.929197852158038e-05,-8.62681725536754e-05,-1.880909118033185e-07,-4.020746843622797e-05,-8.838118833939552e-05,-1.9731619556181486e-07,-4.113229327644775e-05,-9.051962558267066e-05,-2.0687657647608686e-07,-4.206641131852087e-05,-9.268347739597503e-05,-2.1678006064324952e-07,-4.3009780859338386e-05,-9.487273680994666e-05,-2.270347479695317e-07,-4.3962360216568986e-05,-9.708739677341049e-05,-2.3764883213724053e-07,-4.492410772882661e-05,-9.932745015340184e-05,-2.4863060057134323e-07,-4.5894981755837946e-05,-0.00010159288973519005,-2.599884344056658e-07,-4.687494067860972e-05,-0.00010388370822230244,0.25
-1.7061408060628712e-07,-3.8385865276666e-05,-8.418058503117694e-05,-1.7919281294524784e-07,-3.929197852158038e-05,-8.62681725536754e-05,-1.880909118033185e-07,-4.020746843622797e-05,-8.838118833939552e-05,-1.9731619556181486e-07,-4.113229327644775e-05,-9.051962558267066e-05,-2.0687657647608686e-07,-4.206641131852087e-05,-9.268347739597503e-05,-2.1678006064324952e-07,-4.3009780859338386e-05,-9.487273680994666e-05,-2.270347479695317e-07,-4.3962360216568986e-05,-9.708739677341049e-05,-2.3764883213724053e-07,-4.492410772882661e-05,-9.932745015340184e-05,-2.4863060057134323e-07,-4.5894981755837946e-05,-0.00010159288973519005,-2.599884344056658e-07,-4.687494067860972e-05,-0.00010388370822230244,0.25
-1.7061408060628712e-07,-3.8385865276666e-05,-8.418058503117694e-05,-1.7919281294524784e-07,-3.929197852158038e-05,-8.62681725536754e-05,-1.880909118033185e-07,-4.020746843622797e-05,-8.838118833939552e-05,-1.9731619556181486e-07,-4.113229327644775e-05,-9.051962558267066e-05,-2.0687657647608686e-07,-4.206641131852087e-05,-9.268347739597503e-05,-2.1678006064324952e-07,-4.3009780859338386e-05,-9.487273680994666e-05,-2.270347479695317e-07,-4.3962360216568986e-05,-9.708739677341049e-05,-2.3764883213724053e-07,-4.492410772882661e-05,-9.932745015340184e-05,-2.4863060057134323e-07,-4.5894981755837946e-05,-0.00010159288973519005,-2.599884344056658e-07,-4.687494067860972e-05,-0.00010388370822230244,0.25
-1.7061408060628712e-07,-3.8385865276666e-05,-8.418058503117694e-05,-1.7919281294524784e-07,-3.929197852158038e-05,-8.62681725536754e-05,-1.880909118033185e-07,-4.020746843622797e-05,-8.838118833939552e-05,-1.9731619556181486e-07,-4.113229327644775e-05,-9.051962558267066e-05,-2.0687657647608686e-07,-4.206641131852087e-05,-9.268347739597503e-05,-2.1678006064324952e-07,-4.3009780859338386e-05,-9.487273680994666e-05,-2.270347479695317e-07,-4.3962360216568986e-05,-9.708739677341049e-05,-2.3764883213724053e-07,-4.492410772882661e-05,-9.932745015340184e-05,-2.4863060057134323e-07,-4.5894981755837946e-05,-0.00010159288973519005,-2.599884344056658e-07,-4.687494067860972e-05,-0.00010388370822230244,0.25
-1.7061408060628712e-07,-3.8385865276666e-05,-8.418058503117694e-05,-1.7919281294524784e-07,-3.929197852158038e-05,-8.62681725536754e-05,-1.880909118033185e-07,-4.020746843622797e-05,-8.838118833939552e-05,-1.9731619556181486e-07,-4.113229327644775e-05,-9.051962558267066e-05,-2.0687657647608686e-07,-4.206641131852087e-05,-9.268347739597503e-05,-2.1678006064324952e-07,-4.3009780859338386e-05,-9.487273680994666e-05,-2.270347479695317e-07,-4.3962360216568986e-05,-9.708739677341049e-05,-2.3764883213724053e-07,-4.492410772882661e-05,-9.932745015340184e-05,-2.4863060057134323e-07,-4.5894981755837946e-05,-0.00010159288973519005,-2.599884344056658e-07,-4.687494067860972e-05,-0.00010388370822230244,0.25
-1.7061408060628712e-07,-3.8385865276666e-05,-8.418058503117694e-05,-1.7919281294524784e-07,-3.929197852158038e-05,-8.62681725536754e-05,-1.880909118033185e-07,-4.020746843622797e-05,-8.838118833939552e-05,-1.9731619556181486e-07,-4.113229327644775e-05,-9.051962558267066e-05,-2.0687657647608686e-07,-4.206641131852087e-05,-9.268347739597503e-05,-2.1678006064324952e-07,-4.3009780859338386e-05,-9.487273680994666e-05,-2.270347479695317e-07,-4.3962360216568986e-05,-9.708739677341049e-05,-2.3764883213724053e-07,-4.492410772882661e-05,-9.932745015340184e-05,-2.4863060057134323e-07,-4.5894981755837946e-05,-0.00010159288973519005,-2.599884344056658e-07,-4.687494067860972e-05,-0.00010388370822230244,0.25
-1.7061408060628712e-07,-3.8385865276666e-05,-8.418058503117694e-05,-1.7919281294524784e-07,-3.929197852158038e-05,-8.62681725536754e-05,-1.880909118033185e-07,-4.020746843622797e-05,-8.838118833939552e-05,-1.9731619556181486e-07,-4.113229327644775e-05,-9.051962558267066e-05,-2.0687657647608686e-07,-4.206641131852087e-05,-9.268347739597503e-05,-2.1678006064324952e-07,-4.3009780859338386e-05,-9.487273680994666e-05,-2.270347479695317e-07,-4.3962360216568986e-05,-9.708739677341049e-05,-2.3764883213724053e-07,-4.492410772882661e-05,-9.932745015340184e-05,-2.4863060057134323e-07,-4.5894981755837946e-05,-0.00010159288973519005,-2.599884344056658e-07,-4.687494067860972e-05,-0.00010388370822230244,0.25
-1.7061408060628712e-07,-3.8385865276666e-05,-8.418058503117694e-05,-1.7919281294524784e-07,-3.929197852158038e-05,-8.62681725536754e-05,-1.880909118033185e-07,-4.020746843622797e-05,-8.838118833939552e-05,-1.9731619556181486e-07,-4.113229327644775e-05,-9.051962558267066e-05,-2.0687657647608686e-07,-4.206641131852087e-05,-9.268347739597503e-05,-2.1678006064324952e-07,-4.3009780859338386e-05,-9.487273680994666e-05,-2.270347479695317e-07,-4.3962360216568986e-05,-9.708739677341049e-05,-2.3764883213724053e-07,-4.492410772882661e-05,-9.932745015340184e-05,-2.4863060057134323e-07,-4.5894981755837946e-05,-0.00010159288973519005,-2.599884344056658e-07,-4.687494067860972e-05,-0.00010388370822230244,0.25
-1.7061408060628712e-07,-3.8385865276666e-05,-8.418058503117694e-05,-1.7919281294524784e-07,-3.929197852158038e-05,-8.62681725536754e-05,-1.880909118033185e-07,-4.020746843622797e-05,-8.838118833939552e-05,-1.9731619556181486e-07,-4.113229327644775e-05,-9.051962558267066e-05,-2.0687657647608686e-07,-4.206641131852087e-05,-9.268347739597503e-05,-2.1678006064324952e-07,-4.3009780859338386e-05,-9.487273680994666e-05,-2.270347479695317e-07,-4.3962360216568986e-05,-9.708739677341049e-05,-2.3764883213724053e-07,-4.492410772882661e-05,-9.932745015340184e-05,-2.4863060057134323e-07,-4.5894981755837946e-05,-0.00010159288973519005,-2.599884344056658e-07,-4.687494067860972e-05,-0.00010388370822230244,0.25
-1.7061408060628712e-07,-3.8385865276666e-05,-8.418058503117694e-05,-1.7919281294524784e-07,-3.929197852158038e-05,-8.62681725536754e-05,-1.880909118033185e-07,-4.020746843622797e-05,-8.838118833939552e-05,-1.9731619556181486e-07,-4.113229327644775e-05,-9.051962558267066e-05,-2.0687657647608686e-07,-4.206641131852087e-05,-9.268347739597503e-05,-2.1678006064324952e-07,-4.3009780859338386e-05,-9.487273680994666e-05,-2.270347479695317e-07,-4.3962360216568986e-05,-9.708739677341049e-05,-2.3764883213724053e-07,-4.492410772882661e-05,-9.932745015340184e-05,-2.4863060057134323e-07,-4.5894981755837946e-05,-0.00010159288973519005,-2.599884344056658e-07,-4.687494067860972e-05,-0.00010388370822230244,0.25
-1.7061408060628712e-07,-3.8385865276666e-05,-8.418058503117694e-05,-1.7919281294524784e-07,-3.929197852158038e-05,-8.62681725536754e-05,-1.880909118033185e-07,-4.020746843622797e-05,-8.838118833939552e-05,-1.9731619556181486e-07,-4.113229327644775e-05,-9.051962558267066e-05,-2.0687657647608686e-07,-4.206641131852087e-05,-9.268347739597503e-05,-2.1678006064324952e-07,-4.3009780859338386e-05,-9.487273680994666e-05,-2.270347479695317e-07,-4.3962360216568986e-05,-9.708739677341049e-05,-2.3764883213724053e-07,-4.492410772882661e-05,-9.932745015340184e-05,-2.4863060057134323e-07,-4.5894981755837946e-05,-0.00010159288973519005,-2.599884344056658e-07,-4.687494067860972e-05,-0.00010388370822230244,0.25
-1.7061408060628712e-07,-3.8385865276666e-05,-8.418058503117694e-05,-1.7919281294524784e-07,-3.929197852158038e-05,-8.62681725536754e-05,-1.880909118033185e-07,-4.020746843622797e-05,-8.838118833939552e-05,-1.9731619556181486e-07,-4.113229327644775e-05,-9.051962558267066e-05,-2.0687657647608686e-07,-4.206641131852087e-05,-9.268347739597503e-05,-2.1678006064324952e-07,-4.3009780859338386e-05,-9.487273680994666e-05,-2.270347479695317e-07,-4.3962360216568986e-05,-9.708739677341049e-05,-2.3764883213724053e-07,-4.492410772882661e-05,-9.932745015340184e-05,-2.4863060057134323e-07,-4.5894981755837946e-05,-0.00010159288973519005,-2.599884344056658e-07,-4.687494067860972e-05,-0.00010388370822230244,0.25
-1.7061408060628712e-07,-3.8385865276666e-05,-8.418058503117694e-05,-1.7919281294524784e-07,-3.929197852158038e-05,-8.62681725536754e-05,-1.880909118033185e-07,-4.020746843622797e-05,-8.838118833939552e-05,-1.9731619556181486e-07,-4.113229327644775e-05,-9.051962558267066e-05,-2.0687657647608686e-07,-4.206641131852087e-05,-9.268347739597503e-05,-2.1678006064324952e-07,-4.3009780859338386e-05,-9.487273680994666e-05,-2.270347479695317e-07,-4.3962360216568986e-05,-9.708739677341049e-05,-2.3764883213724053e-07,-4.492410772882661e-05,-9.932745015340184e-05,-2.4863060057134323e-07,-4.5894981755837946e-05,-0.00010159288973519005,-2.599884344056658e-07,-4.687494067860972e-05,-0.00010388370822230244,0.25
-1.7061408060628712e-07,-3.8385865276666e-05,-8.418058503117694e-05,-1.7919281294524784e-07,-3.929197852158038e-05,-8.62681725536754e-05,-1.880909118033185e-07,-4.020746843622797e-05,-8.838118833939552e-05,-1.9731619556181486e-07,-4.113229327644775e-05,-9.051962558267066e-05,-2.0687657647608686e-07,-4.206641131852087e-05,-9.268347739597503e-05,-2.1678006064324952e-07,-4.3009780859338386e-05,-9.487273680994666e-05,-2.270347479695317e-07,-4.3962360216568986e-05,-9.708739677341049e-05,-2.3764883213724053e-07,-4.492410772882661e-05,-9.932745015340184e-05,-2.4863060057134323e-07,-4.5894981755837946e-05,-0.00010159288973519005,-2.599884344056658e-07,-4.687494067860972e-05,-0.00010388370822230244,0.25
-1.7061408060628712e-07,-3.8385865276666e-05,-8.418058503117694e-05,-1.7919281294524784e-07,-3.929197852158038e-05,-8.62681725536754e-05,-1.880909118033185e-07,-4.020746843622797e-05,-8.838118833939552e-05,-1.9731619556181486e-07,-4.113229327644775e-05,-9.051962558267066e-05,-2.0687657647608686e-07,-4.206641131852087e-05,-9.268347739597503e-05,-2.1678006064324952e-07,-4.3009780859338386e-05,-9.487273680994666e-05,-2.270347479695317e-07,-4.3962360216568986e-05,-9.708739677341049e-05,-2.3764883213724053e-07,-4.492410772882661e-05,-9.932745015340184e-05,-2.4863060057134323e-07,-4.5894981755837946e-05,-0.00010159288973519005,-2.599884344056658e-07,-4.687494067860972e-05,-0.00010388370822230244,0.25
-1.7061408060628712e-07,-3.8385865276666e-05,-8.418058503117694e-05,-1.7919281294524784e-07,-3.929197852158038e-05,-8.62681725536754e-05,-1.880909118033185e-07,-4.020746843622797e-05,-8.838118833939552e-05,-1.9731619556181486e-07,-4.113229327644775e-05,-9.051962558267066e-05,-2.0687657647608686e-07,-4.206641131852087e-05,-9.268347739597503e-05,-2.1678006064324952e-07,-4.3009780859338386e-05,-9.487273680994666e-05,-2.270347479695317e-07,-4.3962360216568986e-05,-9.708739677341049e-05,-2.3764883213724053e-07,-4.492410772882661e-05,-9.932745015340184e-05,-2.4863060057134323e-07,-4.5894981755837946e-05,-0.00010159288973519005,-2.599884344056658e-07,-4.687494067860972e-05,-0.00010388370822230244,0.25
-1.7061408060628712e-07,-3.8385865276666e-05,-8.418058503117694e-05,-1.7919281294524784e-07,-3.929197852158038e-05,-8.62681725536754e-05,-1.880909118033185e-07,-4.020746843622797e-05,-8.838118833939552e-05,-1.9731619556181486e-07,-4.113229327644775e-05,-9.051962558267066e-05,-2.0687657647608686e-07,-4.206641131852087e-05,-9.268347739597503e-05,-2.1678006064324952e-07,-4.3009780859338386e-05,-9.487273680994666e-05,-2.270347479695317e-07,-4.3962360216568986e-05,-9.708739677341049e-05,-2.3764883213724053e-07,-4.492410772882661e-05,-9.932745015340184e-05,-2.4863060057134323e-07,-4.5894981755837946e-05,-0.00010159288973519005,-2.599884344056658e-07,-4.687494067860972e-05,-0.00010388370822230244,0.25
-1.7061408060628712e-07,-3.8385865276666e-05,-8.418058503117694e-05,-1.7919281294524784e-07,-3.929197852158038e-05,-8.62681725536754e-05,-1.880909118033185e-07,-4.020746843622797e-05,-8.838118833939552e-05,-1.9731619556181486e-07,-4.113229327644775e-05,-9.051962558267066e-05,-2.0687657647608686e-07,-4.206641131852087e-05,-9.268347739597503e-05,-2.1678006064324952e-07,-4.3009780859338386e-05,-9.487273680994666e-05,-2.270347479695317e-07,-4.3962360216568986e-05,-9.708739677341049e-05,-2.3764883213724053e-07,-4.492410772882661e-05,-9.932745015340184e-05,-2.4863060057134323e-07,-4.5894981755837946e-05,-0.00010159288973519005,-2.599884344056658e-07,-4.687494067860972e-05,-0.00010388370822230244,0.25
-1.7061408060628712e-07,-3.8385865276666e-05,-8.418058503117694e-05,-1.7919281294524784e-07,-3.929197852158038e-05,-8.62681725536754e-05,-1.880909118033185e-07,-4.020746843622797e-05,-8.838118833939552e-05,-1.9731619556181486e-07,-4.113229327644775e-05,-9.051962558267066e-05,-2.0687657647608686e-07,-4.206641131852087e-05,-9.268347739597503e-05,-2.1678006064324952e-07,-4.3009780859338386e-05,-9.487273680994666e-05,-2.270347479695317e-07,-4.3962360216568986e-05,-9.708739677341049e-05,-2.3764883213724053e-07,-4.492410772882661e-05,-9.932745015340184e-05,-2.4863060057134323e-07,-4.5894981755837946e-05,-0.00010159288973519005,-2.599884344056658e-07,-4.687494067860972e-05,-0.00010388370822230244,0.25
-1.7061408060628712e-07,-3.8385865276666e-05,-8.418058503117694e-05,-1.7919281294524784e-07,-3.929197852158038e-05,-8.62681725536754e-05,-1.880909118033185e-07,-4.020746843622797e-05,-8.838118833939552e-05,-1.9731619556181486e-07,-4.113229327644775e-05,-9.051962558267066e-05,-2.0687657647608686e-07,-4.206641131852087e-05,-9.268347739597503e-05,-2.1678006064324952e-07,-4.3009780859338386e-05,-9.487273680994666e-05,-2.270347479695317e-07,-4.3962360216568986e-05,-9.708739677341049e-05,-2.3764883213724053e-07,-4.492410772882661e-05,-9.932745015340184e-05,-2.4863060057134323e-07,-4.5894981755837946e-05,-0.00010159288973519005,-2.599884344056658e-07,-4.687494067860972e-05,-0.00010388370822230244,0.25
-1.7061408060628712e-07,-3.8385865276666e-05,-8.418058503117694e-05,-1.7919281294524784e-07,-3.929197852158038e-05,-8.62681725536754e-05,-1.880909118033185e-07,-4.020746843622797e-05,-8.838118833939552e-05,-1.9731619556181486e-07,-4.113229327644775e-05,-9.051962558267066e-05,-2.0687657647608686e-07,-4.206641131852087e-05,-9.268347739597503e-05,-2.1678006064324952e-07,-4.3009780859338386e-05,-9.487273680994666e-05,-2.270347479695317e-07,-4.3962360216568986e-05,-9.708739677341049e-05,-2.3764883213724053e-07,-4.492410772882661e-05,-9.932745015340184e-05,-2.4863060057134323e-07,-4.5894981755837946e-05,-0.00010159288973519005,-2.599884344056658e-07,-4.687494067860972e-05,-0.00010388370822230244,0.25
-1.7061408060628712e-07,-3.8385865276666e-05,-8.418058503117694e-05,-1.7919281294524784e-07,-3.929197852158038e-05,-8.62681725536754e-05,-1.880909118033185e-07,-4.020746843622797e-05,-8.838118833939552e-05,-1.9731619556181486e-07,-4.113229327644775e-05,-9.051962558267066e-05,-2.0687657647608686e-07,-4.206641131852087e-05,-9.268347739597503e-05,-2.1678006064324952e-07,-4.3009780859338386e-05,-9.487273680994666e-05,-2.270347479695317e-07,-4.3962360216568986e-05,-9.708739677341049e-05,-2.3764883213724053e-07,-4.492410772882661e-05,-9.932745015340184e-05,-2.4863060057134323e-07,-4.5894981755837946e-05,-0.00010159288973519005,-2.599884344056658e-07,-4.687494067860972e-05,-0.00010388370822230244,0.25
-1.7061408060628712e-07,-3.8385865276666e-05,-8.418058503117694e-05,-1.7919281294524784e-07,-3.929197852158038e-05,-8.62681725536754e-05,-1.880909118033185e-07,-4.020746843622797e-05,-8.838118833939552e-05,-1.9731619556181486e-07,-4.113229327644775e-05,-9.051962558267066e-05,-2.0687657647608686e-07,-4.206641131852087e-05,-9.268347739597503e-05,-2.1678006064324952e-07,-4.3009780859338386e-05,-9.487273680994666e-05,-2.270347479695317e-07,-4.3962360216568986e-05,-9.708739677341049e-05,-2.3764883213724053e-07,-4.492410772882661e-05,-9.932745015340184e-05,-2.4863060057134323e-07,-4.5894981755837946e-05,-0.00010159288973519005,-2.599884344056658e-07,-4.687494067860972e-05,-0.00010388370822230244,0.25
-1.7061408060628712e-07,-3.8385865276666e-05,-8.418058503117694e-05,-1.7919281294524784e-07,-3.929197852158038e-05,-8.62681725536754e-05,-1.880909118033185e-07,-4.020746843622797e-05,-8.838118833939552e-05,-1.9731619556181486e-07,-4.113229327644775e-05,-9.051962558267066e-05,-2.0687657647608686e-07,-4.206641131852087e-05,-9.268347739597503e-05,-2.1678006064324952e-07,-4.3009780859338386e-05,-9.487273680994666e-05,-2.270347479695317e-07,-4.3962360216568986e-05,-9.708739677341049e-05,-2.3764883213724053e-07,-4.492410772882661e-05,-9.932745015340184e-05,-2.4863060057134323e-07,-4.5894981755837946e-05,-0.00010159288973519005,-2.599884344056658e-07,-4.687494067860972e-05,-0.00010388370822230244,0.25
-1.7061408060628712e-07,-3.8385865276666e-05,-8.418058503117694e-05,-1.7919281294524784e-07,-3.929197852158038e-05,-8.62681725536754e-05,-1.880909118033185e-07,-4.020746843622797e-05,-8.838118833939552e-05,-1.9731619556181486e-07,-4.113229327644775e-05,-9.051962558267066e-05,-2.0687657647608686e-07,-4.206641131852087e-05,-9.268347739597503e-05,-2.1678006064324952e-07,-4.3009780859338386e-05,-9.487273680994666e-05,-2.270347479695317e-07,-4.3962360216568986e-05,-9.708739677341049e-05,-2.3764883213724053e-07,-4.492410772882661e-05,-9.932745015340184e-05,-2.4863060057134323e-07,-4.5894981755837946e-05,-0.00010159288973519005,-2.599884344056658e-07,-4.687494067860972e-05,-0.00010388370822230244,0.25
-1.7061408060628712e-07,-3.8385865276666e-05,-8.418058503117694e-05,-1.7919281294524784e-07,-3.929197852158038e-05,-8.62681725536754e-05,-1.880909118033185e-07,-4.020746843622797e-05,-8.838118833939552e-05,-1.9731619556181486e-07,-4.113229327644775e-05,-9.051962558267066e-05,-2.0687657647608686e-07,-4.206641131852087e-05,-9.268347739597503e-05,-2.1678006064324952e-07,-4.3009780859338386e-05,-9.487273680994666e-05,-2.270347479695317e-07,-4.3962360216568986e-05,-9.708739677341049e-05,-2.3764883213724053e-07,-4.492410772882661e-05,-9.932745015340184e-05,-2.4863060057134323e-07,-4.5894981755837946e-05,-0.00010159288973519005,-2.599884344056658e-07,-4.687494067860972e-05,-0.00010388370822230244,0.25
-1.7061408060628712e-07,-3.8385865276666e-05,-8.418058503117694e-05,-1.7919281294524784e-07,-3.929197852158038e-05,-8.62681725536754e-05,-1.880909118033185e-07,-4.020746843622797e-05,-8.838118833939552e-05,-1.9731619556181486e-07,-4.113229327644775e-05,-9.051962558267066e-05,-2.0687657647608686e-07,-4.206641131852087e-05,-9.268347739597503e-05,-2.1678006064324952e-07,-4.3009780859338386e-05,-9.487273680994666e-05,-2.270347479695317e-07,-4.3962360216568986e-05,-9.708739677341049e-05,-2.3764883213724053e-07,-4.492410772882661e-05,-9.932745015340184e-05,-2.4863060057134323e-07,-4.5894981755837946e-05,-0.00010159288973519005,-2.599884344056658e-07,-4.687494067860972e-05,-0.00010388370822230244,0.25
-1.7061408060628712e-07,-3.8385865276666e-05,-8.418058503117694e-05,-1.7919281294524784e-07,-3.929197852158038e-05,-8.62681725536754e-05,-1.880909118033185e-07,-4.020746843622797e-05,-8.838118833939552e-05,-1.9731619556181486e-07,-4.113229327644775e-05,-9.051962558267066e-05,-2.0687657647608686e-07,-4.206641131852087e-05,-9.268347739597503e-05,-2.1678006064324952e-07,-4.3009780859338386e-05,-9.487273680994666e-05,-2.270347479695317e-07,-4.3962360216568986e-05,-9.708739677341049e-05,-2.3764883213724053e-07,-4.492410772882661e-05,-9.932745015340184e-05,-2.4863060057134323e-07,-4.5894981755837946e-05,-0.00010159288973519005,-2.599884344056658e-07,-4.687494067860972e-05,-0.00010388370822230244,0.25
-1.7061408060628712e-07,-3.8385865276666e-05,-8.418058503117694e-05,-1.7919281294524784e-07,-3.929197852158038e-05,-8.62681725536754e-05,-1.880909118033185e-07,-4.020746843622797e-05,-8.838118833939552e-05,-1.9731619556181486e-07,-4.113229327644775e-05,-9.051962558267066e-05,-2.0687657647608686e-07,-4.206641131852087e-05,-9.268347739597503e-05,-2.1678006064324952e-07,-4.3009780859338386e-05,-9.487273680994666e-05,-2.270347479695317e-07,-4.3962360216568986e-05,-9.708739677341049e-05,-2.3764883213724053e-07,-4.492410772882661e-05,-9.932745015340184e-05,-2.4863060057134323e-07,-4.5894981755837946e-05,-0.00010159288973519005,-2.599884344056658e-07,-4.687494067860972e-05,-0.00010388370822230244,0.25
-1.7061408060628712e-07,-3.8385865276666e-05,-8.418058503117694e-05,-1.7919281294524784e-07,-3.929197852158038e-05,-8.62681725536754e-05,-1.880909118033185e-07,-4.020746843622797e-05,-8.838118833939552e-05,-1.9731619556181486e-07,-4.113229327644775e-05,-9.051962558267066e-05,-2.0687657647608686e-07,-4.206641131852087e-05,-9.268347739597503e-05,-2.1678006064324952e-07,-4.3009780859338386e-05,-9.487273680994666e-05,-2.270347479695317e-07,-4.3962360216568986e-05,-9.708739677341049e-05,-2.3764883213724053e-07,-4.492410772882661e-05,-9.932745015340184e-05,-2.4863060057134323e-07,-4.5894981755837946e-05,-0.00010159288973519005,-2.599884344056658e-07,-4.687494067860972e-05,-0.00010388370822230244,0.25
-1.7061408060628712e-07,-3.8385865276666e-05,-8.418058503117694e-05,-1.7919281294524784e-07,-3.929197852158038e-05,-8.62681725536754e-05,-1.880909118033185e-07,-4.020746843622797e-05,-8.838118833939552e-05,-1.9731619556181486e-07,-4.113229327644775e-05,-9.051962558267066e-05,-2.0687657647608686e-07,-4.206641131852087e-05,-9.268347739597503e-05,-2.1678006064324952e-07,-4.3009780859338386e-05,-9.487273680994666e-05,-2.270347479695317e-07,-4.3962360216568986e-05,-9.708739677341049e-05,-2.3764883213724053e-07,-4.492410772882661e-05,-9.932745015340184e-05,-2.4863060057134323e-07,-4.5894981755837946e-05,-0.00010159288973519005,-2.599884344056658e-07,-4.687494067860972e-05,-0.00010388370822230244,0.25
-1.7061408060628712e-07,-3.8385865276666e-05,-8.418058503117694e-05,-1.7919281294524784e-07,-3.929197852158038e-05,-8.62681725536754e-05,-1.880909118033185e-07,-4.020746843622797e-05,-8.838118833939552e-05,-1.9731619556181486e-07,-4.113229327644775e-05,-9.051962558267066e-05,-2.0687657647608686e-07,-4.206641131852087e-05,-9.268347739597503e-05,-2.1678006064324952e-07,-4.3009780859338386e-05,-9.487273680994666e-05,-2.270347479695317e-07,-4.3962360216568986e-05,-9.708739677341049e-05,-2.3764883213724053e-07,-4.492410772882661e-05,-9.932745015340184e-05,-2.4863060057134323e-07,-4.5894981755837946e-05,-0.00010159288973519005,-2.599884344056658e-07,-4.687494067860972e-05,-0.00010388370822230244,0.25
-1.7061408060628712e-07,-3.8385865276666e-05,-8.418058503117694e-05,-1.7919281294524784e-07,-3.929197852158038e-05,-8.62681725536754e-05,-1.880909118033185e-07,-4.020746843622797e-05,-8.838118833939552e-05,-1.9731619556181486e-07,-4.113229327644775e-05,-9.051962558267066e-05,-2.0687657647608686e-07,-4.206641131852087e-05,-9.268347739597503e-05,-2.1678006064324952e-07,-4.3009780859338386e-05,-9.487273680994666e-05,-2.270347479695317e-07,-4.3962360216568986e-05,-9.708739677341049e-05,-2.3764883213724053e-07,-4.492410772882661e-05,-9.932745015340184e-05,-2.4863060057134323e-07,-4.5894981755837946e-05,-0.00010159288973519005,-2.599884344056658e-07,-4.687494067860972e-05,-0.00010388370822230244,0.25
-1.7061408060628712e-07,-3.8385865276666e-05,-8.418058503117694e-05,-1.7919281294524784e-07,-3.929197852158038e-05,-8.62681725536754e-05,-1.880909118033185e-07,-4.020746843622797e-05,-8.838118833939552e-05,-1.9731619556181486e-07,-4.113229327644775e-05,-9.051962558267066e-05,-2.0687657647608686e-07,-4.206641131852087e-05,-9.268347739597503e-05,-2.1678006064324952e-07,-4.3009780859338386e-05,-9.487273680994666e-05,-2.270347479695317e-07,-4.3962360216568986e-05,-9.708739677341049e-05,-2.3764883213724053e-07,-4.492410772882661e-05,-9.932745015340184e-05,-2.4863060057134323e-07,-4.5894981755837946e-05,-0.00010159288973519005,-2.599884344056658e-07,-4.687494067860972e-05,-0.00010388370822230244,0.25
-1.7061408060628712e-07,-3.8385865276666e-05,-8.418058503117694e-05,-1.7919281294524784e-07,-3.929197852158038e-05,-8.62681725536754e-05,-1.880909118033185e-07,-4.020746843622797e-05,-8.838118833939552e-05,-1.9731619556181486e-07,-4.113229327644775e-05,-9.051962558267066e-05,-2.0687657647608686e-07,-4.206641131852087e-05,-9.268347739597503e-05,-2.1678006064324952e-07,-4.3009780859338386e-05,-9.487273680994666e-05,-2.270347479695317e-07,-4.3962360216568986e-05,-9.708739677341049e-05,-2.3764883213724053e-07,-4.492410772882661e-05,-9.932745015340184e-05,-2.4863060057134323e-07,-4.5894981755837946e-05,-0.00010159288973519005,-2.599884344056658e-07,-4.687494067860972e-05,-0.00010388370822230244,0.25
-1.7061408060628712e-07,-3.8385865276666e-05,-8.418058503117694e-05,-1.7919281294524784e-07,-3.929197852158038e-05,-8.62681725536754e-05,-1.880909118033185e-07,-4.020746843622797e-05,-8.838118833939552e-05,-1.9731619556181486e-07,-4.113229327644775e-05,-9.051962558267066e-05,-2.0687657647608686e-07,-4.206641131852087e-05,-9.268347739597503e-05,-2.1678006064324952e-07,-4.3009780859338386e-05,-9.487273680994666e-05,-2.270347479695317e-07,-4.3962360216568986e-05,-9.708739677341049e-05,-2.3764883213724053e-07,-4.492410772882661e-05,-9.932745015340184e-05,-2.4863060057134323e-07,-4.5894981755837946e-05,-0.00010159288973519005,-2.599884344056658e-07,-4.687494067860972e-05,-0.00010388370822230244,0.25
-1.7061408060628712e-07,-3.8385865276666e-05,-8.418058503117694e-05,-1.7919281294524784e-07,-3.929197852158038e-05,-8.62681725536754e-05,-1.880909118033185e-07,-4.020746843622797e-05,-8.838118833939552e-05,-1.9731619556181486e-07,-4.113229327644775e-05,-9.051962558267066e-05,-2.0687657647608686e-07,-4.206641131852087e-05,-9.268347739597503e-05,-2.1678006064324952e-07,-4.3009780859338386e-05,-9.487273680994666e-05,-2.270347479695317e-07,-4.3962360216568986e-05,-9.708739677341049e-05,-2.3764883213724053e-07,-4.492410772882661e-05,-9.932745015340184e-05,-2.4863060057134323e-07,-4.5894981755837946e-05,-0.00010159288973519005,-2.599884344056658e-07,-4.687494067860972e-05,-0.00010388370822230244,0.25
-1.7061408060628712e-07,-3.8385865276666e-05,-8.418058503117694e-05,-1.7919281294524784e-07,-3.929197852158038e-05,-8.62681725536754e-05,-1.880909118033185e-07,-4.020746843622797e-05,-8.838118833939552e-05,-1.9731619556181486e-07,-4.113229327644775e-05,-9.051962558267066e-05,-2.0687657647608686e-07,-4.206641131852087e-05,-9.268347739597503e-05,-2.1678006064324952e-07,-4.3009780859338386e-05,-9.487273680994666e-05,-2.270347479695317e-07,-4.3962360216568986e-05,-9.708739677341049e-05,-2.3764883213724053e-07,-4.492410772882661e-05,-9.932745015340184e-05,-2.4863060057134323e-07,-4.5894981755837946e-05,-0.00010159288973519005,-2.599884344056658e-07,-4.687494067860972e-05,-0.00010388370822230244,0.25
-1.7061408060628712e-07,-3.8385865276666e-05,-8.418058503117694e-05,-1.7919281294524784e-07,-3.929197852158038e-05,-8.62681725536754e-05,-1.880909118033185e-07,-4.020746843622797e-05,-8.838118833939552e-05,-1.9731619556181486e-07,-4.113229327644775e-05,-9.051962558267066e-05,-2.0687657647608686e-07,-4.206641131852087e-05,-9.268347739597503e-05,-2.1678006064324952e-07,-4.3009780859338386e-05,-9.487273680994666e-05,-2.270347479695317e-07,-4.3962360216568986e-05,-9.708739677341049e-05,-2.3764883213724053e-07,-4.492410772882661e-05,-9.932745015340184e-05,-2.4863060057134323e-07,-4.5894981755837946e-05,-0.00010159288973519005,-2.599884344056658e-07,-4.687494067860972e-05,-0.00010388370822230244,0.25
-1.7061408060628712e-07,-3.8385865276666e-05,-8.418058503117694e-05,-1.7919281294524784e-07,-3.929197852158038e-05,-8.62681725536754e-05,-1.880909118033185e-07,-4.020746843622797e-05,-8.838118833939552e-05,-1.9731619556181486e-07,-4.113229327644775e-05,-9.051962558267066e-05,-2.0687657647608686e-07,-4.206641131852087e-05,-9.268347739597503e-05,-2.1678006064324952e-07,-4.3009780859338386e-05,-9.487273680994666e-05,-2.270347479695317e-07,-4.3962360216568986e-05,-9.708739677341049e-05,-2.3764883213724053e-07,-4.492410772882661e-05,-9.932745015340184e-05,-2.4863060057134323e-07,-4.5894981755837946e-05,-0.00010159288973519005,-2.599884344056658e-07,-4.687494067860972e-05,-0.00010388370822230244,0.25
-1.7061408060628712e-07,-3.8385865276666e-05,-8.418058503117694e-05,-1.7919281294524784e-07,-3.929197852158038e-05,-8.62681725536754e-05,-1.880909118033185e-07,-4.020746843622797e-05,-8.838118833939552e-05,-1.9731619556181486e-07,-4.113229327644775e-05,-9.051962558267066e-05,-2.0687657647608686e-07,-4.206641131852087e-05,-9.268347739597503e-05,-2.1678006064324952e-07,-4.3009780859338386e-05,-9.487273680994666e-05,-2.270347479695317e-07,-4.3962360216568986e-05,-9.708739677341049e-05,-2.3764883213724053e-07,-4.492410772882661e-05,-9.932745015340184e-05,-2.4863060057134323e-07,-4.5894981755837946e-05,-0.00010159288973519005,-2.599884344056658e-07,-4.687494067860972e-05,-0.00010388370822230244,0.25
-1.7061408060628712e-07,-3.8385865276666e-05,-8.418058503117694e-05,-1.7919281294524784e-07,-3.929197852158038e-05,-8.62681725536754e-05,-1.880909118033185e-07,-4.020746843622797e-05,-8.838118833939552e-05,-1.9731619556181486e-07,-4.113229327644775e-05,-9.051962558267066e-05,-2.0687657647608686e-07,-4.206641131852087e-05,-9.268347739597503e-05,-2.1678006064324952e-07,-4.3009780859338386e-05,-9.487273680994666e-05,-2.270347479695317e-07,-4.3962360216568986e-05,-9.708739677341049e-05,-2.3764883213724053e-07,-4.492410772882661e-05,-9.932745015340184e-05,-2.4863060057134323e-07,-4.5894981755837946e-05,-0.00010159288973519005,-2.599884344056658e-07,-4.687494067860972e-05,-0.00010388370822230244,0.25
-1.7061408060628712e-07,-3.8385865276666e-05,-8.418058503117694e-05,-1.7919281294524784e-07,-3.929197852158038e-05,-8.62681725536754e-05,-1.880909118033185e-07,-4.020746843622797e-05,-8.838118833939552e-05,-1.9731619556181486e-07,-4.113229327644775e-05,-9.051962558267066e-05,-2.0687657647608686e-07,-4.206641131852087e-05,-9.268347739597503e-05,-2.1678006064324952e-07,-4.3009780859338386e-05,-9.487273680994666e-05,-2.270347479695317e-07,-4.3962360216568986e-05,-9.708739677341049e-05,-2.3764883213724053e-07,-4.492410772882661e-05,-9.932745015340184e-05,-2.4863060057134323e-07,-4.5894981755837946e-05,-0.00010159288973519005,-2.599884344056658e-07,-4.687494067860972e-05,-0.00010388370822230244,0.25
-1.7061408060628712e-07,-3.8385865276666e-05,-8.418058503117694e-05,-1.7919281294524784e-07,-3.929197852158038e-05,-8.62681725536754e-05,-1.880909118033185e-07,-4.020746843622797e-05,-8.838118833939552e-05,-1.9731619556181486e-07,-4.113229327644775e-05,-9.051962558267066e-05,-2.0687657647608686e-07,-4.206641131852087e-05,-9.268347739597503e-05,-2.1678006064324952e-07,-4.3009780859338386e-05,-9.487273680994666e-05,-2.270347479695317e-07,-4.3962360216568986e-05,-9.708739677341049e-05,-2.3764883213724053e-07,-4.492410772882661e-05,-9.932745015340184e-05,-2.4863060057134323e-07,-4.5894981755837946e-05,-0.00010159288973519005,-2.599884344056658e-07,-4.687494067860972e-05,-0.00010388370822230244,0.25
-1.7061408060628712e-07,-3.8385865276666e-05,-8.418058503117694e-05,-1.7919281294524784e-07,-3.929197852158038e-05,-8.62681725536754e-05,-1.880909118033185e-07,-4.020746843622797e-05,-8.838118833939552e-05,-1.9731619556181486e-07,-4.113229327644775e-05,-9.051962558267066e-05,-2.0687657647608686e-07,-4.206641131852087e-05,-9.268347739597503e-05,-2.1678006064324952e-07,-4.3009780859338386e-05,-9.487273680994666e-05,-2.270347479695317e-07,-4.3962360216568986e-05,-9.708739677341049e-05,-2.3764883213724053e-07,-4.492410772882661e-05,-9.932745015340184e-05,-2.4863060057134323e-07,-4.5894981755837946e-05,-0.00010159288973519005,-2.599884344056658e-07,-4.687494067860972e-05,-0.00010388370822230244,0.25
-1.7061408060628712e-07,-3.8385865276666e-05,-8.418058503117694e-05,-1.7919281294524784e-07,-3.929197852158038e-05,-8.62681725536754e-05,-1.880909118033185e-07,-4.020746843622797e-05,-8.838118833939552e-05,-1.9731619556181486e-07,-4.113229327644775e-05,-9.051962558267066e-05,-2.0687657647608686e-07,-4.206641131852087e-05,-9.268347739597503e-05,-2.1678006064324952e-07,-4.3009780859338386e-05,-9.487273680994666e-05,-2.270347479695317e-07,-4.3962360216568986e-05,-9.708739677341049e-05,-2.3764883213724053e-07,-4.492410772882661e-05,-9.932745015340184e-05,-2.4863060057134323e-07,-4.5894981755837946e-05,-0.00010159288973519005,-2.599884344056658e-07,-4.687494067860972e-05,-0.00010388370822230244,0.25
-1.7061408060628712e-07,-3.8385865276666e-05,-8.418058503117694e-05,-1.7919281294524784e-07,-3.929197852158038e-05,-8.62681725536754e-05,-1.880909118033185e-07,-4.020746843622797e-05,-8.838118833939552e-05,-1.9731619556181486e-07,-4.113229327644775e-05,-9.051962558267066e-05,-2.0687657647608686e-07,-4.206641131852087e-05,-9.268347739597503e-05,-2.1678006064324952e-07,-4.3009780859338386e-05,-9.487273680994666e-05,-2.270347479695317e-07,-4.3962360216568986e-05,-9.708739677341049e-05,-2.3764883213724053e-07,-4.492410772882661e-05,-9.932745015340184e-05,-2.4863060057134323e-07,-4.5894981755837946e-05,-0.00010159288973519005,-2.599884344056658e-07,-4.687494067860972e-05,-0.00010388370822230244,0.25
-1.7061408060628712e-07,-3.8385865276666e-05,-8.418058503117694e-05,-1.7919281294524784e-07,-3.929197852158038e-05,-8.62681725536754e-05,-1.880909118033185e-07,-4.020746843622797e-05,-8.838118833939552e-05,-1.9731619556181486e-07,-4.113229327644775e-05,-9.051962558267066e-05,-2.0687657647608686e-07,-4.206641131852087e-05,-9.268347739597503e-05,-2.1678006064324952e-07,-4.3009780859338386e-05,-9.487273680994666e-05,-2.270347479695317e-07,-4.3962360216568986e-05,-9.708739677341049e-05,-2.3764883213724053e-07,-4.492410772882661e-05,-9.932745015340184e-05,-2.4863060057134323e-07,-4.5894981755837946e-05,-0.00010159288973519005,-2.599884344056658e-07,-4.687494067860972e-05,-0.00010388370822230244,0.25
-1.7061408060628712e-07,-3.8385865276666e-05,-8.418058503117694e-05,-1.7919281294524784e-07,-3.929197852158038e-05,-8.62681725536754e-05,-1.880909118033185e-07,-4.020746843622797e-05,-8.838118833939552e-05,-1.9731619556181486e-07,-4.113229327644775e-05,-9.051962558267066e-05,-2.0687657647608686e-07,-4.206641131852087e-05,-9.268347739597503e-05,-2.1678006064324952e-07,-4.3009780859338386e-05,-9.487273680994666e-05,-2.270347479695317e-07,-4.3962360216568986e-05,-9.708739677341049e-05,-2.3764883213724053e-07,-4.492410772882661e-05,-9.932745015340184e-05,-2.4863060057134323e-07,-4.5894981755837946e-05,-0.00010159288973519005,-2.599884344056658e-07,-4.687494067860972e-05,-0.00010388370822230244,0.25
-1.7061408060628712e-07,-3.8385865276666e-05,-8.418058503117694e-05,-1.7919281294524784e-07,-3.929197852158038e-05,-8.62681725536754e-05,-1.880909118033185e-07,-4.020746843622797e-05,-8.838118833939552e-05,-1.9731619556181486e-07,-4.113229327644775e-05,-9.051962558267066e-05,-2.0687657647608686e-07,-4.206641131852087e-05,-9.268347739597503e-05,-2.1678006064324952e-07,-4.3009780859338386e-05,-9.487273680994666e-05,-2.270347479695317e-07,-4.3962360216568986e-05,-9.708739677341049e-05,-2.3764883213724053e-07,-4.492410772882661e-05,-9.932745015340184e-05,-2.4863060057134323e-07,-4.5894981755837946e-05,-0.00010159288973519005,-2.599884344056658e-07,-4.687494067860972e-05,-0.00010388370822230244,0.25
-1.7061408060628712e-07,-3.8385865276666e-05,-8.418058503117694e-05,-1.7919281294524784e-07,-3.929197852158038e-05,-8.62681725536754e-05,-1.880909118033185e-07,-4.020746843622797e-05,-8.838118833939552e-05,-1.9731619556181486e-07,-4.113229327644775e-05,-9.051962558267066e-05,-2.0687657647608686e-07,-4.206641131852087e-05,-9.268347739597503e-05,-2.1678006064324952e-07,-4.3009780859338386e-05,-9.487273680994666e-05,-2.270347479695317e-07,-4.3962360216568986e-05,-9.708739677341049e-05,-2.3764883213724053e-07,-4.492410772882661e-05,-9.932745015340184e-05,-2.4863060057134323e-07,-4.5894981755837946e-05,-0.00010159288973519005,-2.599884344056658e-07,-4.687494067860972e-05,-0.00010388370822230244,0.25
-1.7061408060628712e-07,-3.8385865276666e-05,-8.418058503117694e-05,-1.7919281294524784e-07,-3.929197852158038e-05,-8.62681725536754e-05,-1.880909118033185e-07,-4.020746843622797e-05,-8.838118833939552e-05,-1.9731619556181486e-07,-4.113229327644775e-05,-9.051962558267066e-05,-2.0687657647608686e-07,-4.206641131852087e-05,-9.268347739597503e-05,-2.1678006064324952e-07,-4.3009780859338386e-05,-9.487273680994666e-05,-2.270347479695317e-07,-4.3962360216568986e-05,-9.708739677341049e-05,-2.3764883213724053e-07,-4.492410772882661e-05,-9.932745015340184e-05,-2.4863060057134323e-07,-4.5894981755837946e-05,-0.00010159288973519005,-2.599884344056658e-07,-4.687494067860972e-05,-0.00010388370822230244,0.25
-1.7061408060628712e-07,-3.8385865276666e-05,-8.418058503117694e-05,-1.7919281294524784e-07,-3.929197852158038e-05,-8.62681725536754e-05,-1.880909118033185e-07,-4.020746843622797e-05,-8.838118833939552e-05,-1.9731619556181486e-07,-4.113229327644775e-05,-9.051962558267066e-05,-2.0687657647608686e-07,-4.206641131852087e-05,-9.268347739597503e-05,-2.1678006064324952e-07,-4.3009780859338386e-05,-9.487273680994666e-05,-2.270347479695317e-07,-4.3962360216568986e-05,-9.708739677341049e-05,-2.3764883213724053e-07,-4.492410772882661e-05,-9.932745015340184e-05,-2.4863060057134323e-07,-4.5894981755837946e-05,-0.00010159288973519005,-2.599884344056658e-07,-4.687494067860972e-05,-0.00010388370822230244,0.25
-1.7061408060628712e-07,-3.8385865276666e-05,-8.418058503117694e-05,-1.7919281294524784e-07,-3.929197852158038e-05,-8.62681725536754e-05,-1.880909118033185e-07,-4.020746843622797e-05,-8.838118833939552e-05,-1.9731619556181486e-07,-4.113229327644775e-05,-9.051962558267066e-05,-2.0687657647608686e-07,-4.206641131852087e-05,-9.268347739597503e-05,-2.1678006064324952e-07,-4.3009780859338386e-05,-9.487273680994666e-05,-2.270347479695317e-07,-4.3962360216568986e-05,-9.708739677341049e-05,-2.3764883213724053e-07,-4.492410772882661e-05,-9.932745015340184e-05,-2.4863060057134323e-07,-4.5894981755837946e-05,-0.00010159288973519005,-2.599884344056658e-07,-4.687494067860972e-05,-0.00010388370822230244,0.25
-1.7061408060628712e-07,-3.8385865276666e-05,-8.418058503117694e-05,-1.7919281294524784e-07,-3.929197852158038e-05,-8.62681725536754e-05,-1.880909118033185e-07,-4.020746843622797e-05,-8.838118833939552e-05,-1.9731619556181486e-07,-4.113229327644775e-05,-9.051962558267066e-05,-2.0687657647608686e-07,-4.206641131852087e-05,-9.268347739597503e-05,-2.1678006064324952e-07,-4.3009780859338386e-05,-9.487273680994666e-05,-2.270347479695317e-07,-4.3962360216568986e-05,-9.708739677341049e-05,-2.3764883213724053e-07,-4.492410772882661e-05,-9.932745015340184e-05,-2.4863060057134323e-07,-4.5894981755837946e-05,-0.00010159288973519005,-2.599884344056658e-07,-4.687494067860972e-05,-0.00010388370822230244,0.25
-1.7061408060628712e-07,-3.8385865276666e-05,-8.418058503117694e-05,-1.7919281294524784e-07,-3.929197852158038e-05,-8.62681725536754e-05,-1.880909118033185e-07,-4.020746843622797e-05,-8.838118833939552e-05,-1.9731619556181486e-07,-4.113229327644775e-05,-9.051962558267066e-05,-2.0687657647608686e-07,-4.206641131852087e-05,-9.268347739597503e-05,-2.1678006064324952e-07,-4.3009780859338386e-05,-9.487273680994666e-05,-2.270347479695317e-07,-4.3962360216568986e-05,-9.708739677341049e-05,-2.3764883213724053e-07,-4.492410772882661e-05,-9.932745015340184e-05,-2.4863060057134323e-07,-4.5894981755837946e-05,-0.00010159288973519005,-2.599884344056658e-07,-4.687494067860972e-05,-0.00010388370822230244,0.25
-1.7061408060628712e-07,-3.8385865276666e-05,-8.418058503117694e-05,-1.7919281294524784e-07,-3.929197852158038e-05,-8.62681725536754e-05,-1.880909118033185e-07,-4.020746843622797e-05,-8.838118833939552e-05,-1.9731619556181486e-07,-4.113229327644775e-05,-9.051962558267066e-05,-2.0687657647608686e-07,-4.206641131852087e-05,-9.268347739597503e-05,-2.1678006064324952e-07,-4.3009780859338386e-05,-9.487273680994666e-05,-2.270347479695317e-07,-4.3962360216568986e-05,-9.708739677341049e-05,-2.3764883213724053e-07,-4.492410772882661e-05,-9.932745015340184e-05,-2.4863060057134323e-07,-4.5894981755837946e-05,-0.00010159288973519005,-2.599884344056658e-07,-4.687494067860972e-05,-0.00010388370822230244,0.25
-1.7061408060628712e-07,-3.8385865276666e-05,-8.418058503117694e-05,-1.7919281294524784e-07,-3.929197852158038e-05,-8.62681725536754e-05,-1.880909118033185e-07,-4.020746843622797e-05,-8.838118833939552e-05,-1.9731619556181486e-07,-4.113229327644775e-05,-9.051962558267066e-05,-2.0687657647608686e-07,-4.206641131852087e-05,-9.268347739597503e-05,-2.1678006064324952e-07,-4.3009780859338386e-05,-9.487273680994666e-05,-2.270347479695317e-07,-4.3962360216568986e-05,-9.708739677341049e-05,-2.3764883213724053e-07,-4.492410772882661e-05,-9.932745015340184e-05,-2.4863060057134323e-07,-4.5894981755837946e-05,-0.00010159288973519005,-2.599884344056658e-07,-4.687494067860972e-05,-0.00010388370822230244,0.25
-1.7061408060628712e-07,-3.8385865276666e-05,-8.418058503117694e-05,-1.7919281294524784e-07,-3.929197852158038e-05,-8.62681725536754e-05,-1.880909118033185e-07,-4.020746843622797e-05,-8.838118833939552e-05,-1.9731619556181486e-07,-4.113229327644775e-05,-9.051962558267066e-05,-2.0687657647608686e-07,-4.206641131852087e-05,-9.268347739597503e-05,-2.1678006064324952e-07,-4.3009780859338386e-05,-9.487273680994666e-05,-2.270347479695317e-07,-4.3962360216568986e-05,-9.708739677341049e-05,-2.3764883213724053e-07,-4.492410772882661e-05,-9.932745015340184e-05,-2.4863060057134323e-07,-4.5894981755837946e-05,-0.00010159288973519005,-2.599884344056658e-07,-4.687494067860972e-05,-0.00010388370822230244,0.25
-1.7061408060628712e-07,-3.8385865276666e-05,-8.418058503117694e-05,-1.7919281294524784e-07,-3.929197852158038e-05,-8.62681725536754e-05,-1.880909118033185e-07,-4.020746843622797e-05,-8.838118833939552e-05,-1.9731619556181486e-07,-4.113229327644775e-05,-9.051962558267066e-05,-2.0687657647608686e-07,-4.206641131852087e-05,-9.268347739597503e-05,-2.1678006064324952e-07,-4.3009780859338386e-05,-9.487273680994666e-05,-2.270347479695317e-07,-4.3962360216568986e-05,-9.708739677341049e-05,-2.3764883213724053e-07,-4.492410772882661e-05,-9.932745015340184e-05,-2.4863060057134323e-07,-4.5894981755837946e-05,-0.00010159288973519005,-2.599884344056658e-07,-4.687494067860972e-05,-0.00010388370822230244,0.25
-1.7061408060628712e-07,-3.8385865276666e-05,-8.418058503117694e-05,-1.7919281294524784e-07,-3.929197852158038e-05,-8.62681725536754e-05,-1.880909118033185e-07,-4.020746843622797e-05,-8.838118833939552e-05,-1.9731619556181486e-07,-4.113229327644775e-05,-9.051962558267066e-05,-2.0687657647608686e-07,-4.206641131852087e-05,-9.268347739597503e-05,-2.1678006064324952e-07,-4.3009780859338386e-05,-9.487273680994666e-05,-2.270347479695317e-07,-4.3962360216568986e-05,-9.708739677341049e-05,-2.3764883213724053e-07,-4.492410772882661e-05,-9.932745015340184e-05,-2.4863060057134323e-07,-4.5894981755837946e-05,-0.00010159288973519005,-2.599884344056658e-07,-4.687494067860972e-05,-0.00010388370822230244,0.25
-1.7061408060628712e-07,-3.8385865276666e-05,-8.418058503117694e-05,-1.7919281294524784e-07,-3.929197852158038e-05,-8.62681725536754e-05,-1.880909118033185e-07,-4.020746843622797e-05,-8.838118833939552e-05,-1.9731619556181486e-07,-4.113229327644775e-05,-9.051962558267066e-05,-2.0687657647608686e-07,-4.206641131852087e-05,-9.268347739597503e-05,-2.1678006064324952e-07,-4.3009780859338386e-05,-9.487273680994666e-05,-2.270347479695317e-07,-4.3962360216568986e-05,-9.708739677341049e-05,-2.3764883213724053e-07,-4.492410772882661e-05,-9.932745015340184e-05,-2.4863060057134323e-07,-4.5894981755837946e-05,-0.00010159288973519005,-2.599884344056658e-07,-4.687494067860972e-05,-0.00010388370822230244,0.25
-1.7061408060628712e-07,-3.8385865276666e-05,-8.418058503117694e-05,-1.7919281294524784e-07,-3.929197852158038e-05,-8.62681725536754e-05,-1.880909118033185e-07,-4.020746843622797e-05,-8.838118833939552e-05,-1.9731619556181486e-07,-4.113229327644775e-05,-9.051962558267066e-05,-2.0687657647608686e-07,-4.206641131852087e-05,-9.268347739597503e-05,-2.1678006064324952e-07,-4.3009780859338386e-05,-9.487273680994666e-05,-2.270347479695317e-07,-4.3962360216568986e-05,-9.708739677341049e-05,-2.3764883213724053e-07,-4.492410772882661e-05,-9.932745015340184e-05,-2.4863060057134323e-07,-4.5894981755837946e-05,-0.00010159288973519005,-2.599884344056658e-07,-4.687494067860972e-05,-0.00010388370822230244,0.25
-1.7061408060628712e-07,-3.8385865276666e-05,-8.418058503117694e-05,-1.7919281294524784e-07,-3.929197852158038e-05,-8.62681725536754e-05,-1.880909118033185e-07,-4.020746843622797e-05,-8.838118833939552e-05,-1.9731619556181486e-07,-4.113229327644775e-05,-9.051962558267066e-05,-2.0687657647608686e-07,-4.206641131852087e-05,-9.268347739597503e-05,-2.1678006064324952e-07,-4.3009780859338386e-05,-9.487273680994666e-05,-2.270347479695317e-07,-4.3962360216568986e-05,-9.708739677341049e-05,-2.3764883213724053e-07,-4.492410772882661e-05,-9.932745015340184e-05,-2.4863060057134323e-07,-4.5894981755837946e-05,-0.00010159288973519005,-2.599884344056658e-07,-4.687494067860972e-05,-0.00010388370822230244,0.25
-1.7061408060628712e-07,-3.8385865276666e-05,-8.418058503117694e-05,-1.7919281294524784e-07,-3.929197852158038e-05,-8.62681725536754e-05,-1.880909118033185e-07,-4.020746843622797e-05,-8.838118833939552e-05,-1.9731619556181486e-07,-4.113229327644775e-05,-9.051962558267066e-05,-2.0687657647608686e-07,-4.206641131852087e-05,-9.268347739597503e-05,-2.1678006064324952e-07,-4.3009780859338386e-05,-9.487273680994666e-05,-2.270347479695317e-07,-4.3962360216568986e-05,-9.708739677341049e-05,-2.3764883213724053e-07,-4.492410772882661e-05,-9.932745015340184e-05,-2.4863060057134323e-07,-4.5894981755837946e-05,-0.00010159288973519005,-2.599884344056658e-07,-4.687494067860972e-05,-0.00010388370822230244,0.25
-1.7061408060628712e-07,-3.8385865276666e-05,-8.418058503117694e-05,-1.7919281294524784e-07,-3.929197852158038e-05,-8.62681725536754e-05,-1.880909118033185e-07,-4.020746843622797e-05,-8.838118833939552e-05,-1.9731619556181486e-07,-4.113229327644775e-05,-9.051962558267066e-05,-2.0687657647608686e-07,-4.206641131852087e-05,-9.268347739597503e-05,-2.1678006064324952e-07,-4.3009780859338386e-05,-9.487273680994666e-05,-2.270347479695317e-07,-4.3962360216568986e-05,-9.708739677341049e-05,-2.3764883213724053e-07,-4.492410772882661e-05,-9.932745015340184e-05,-2.4863060057134323e-07,-4.5894981755837946e-05,-0.00010159288973519005,-2.599884344056658e-07,-4.687494067860972e-05,-0.00010388370822230244,0.25
-1.7061408060628712e-07,-3.8385865276666e-05,-8.418058503117694e-05,-1.7919281294524784e-07,-3.929197852158038e-05,-8.62681725536754e-05,-1.880909118033185e-07,-4.020746843622797e-05,-8.838118833939552e-05,-1.9731619556181486e-07,-4.113229327644775e-05,-9.051962558267066e-05,-2.0687657647608686e-07,-4.206641131852087e-05,-9.268347739597503e-05,-2.1678006064324952e-07,-4.3009780859338386e-05,-9.487273680994666e-05,-2.270347479695317e-07,-4.3962360216568986e-05,-9.708739677341049e-05,-2.3764883213724053e-07,-4.492410772882661e-05,-9.932745015340184e-05,-2.4863060057134323e-07,-4.5894981755837946e-05,-0.00010159288973519005,-2.599884344056658e-07,-4.687494067860972e-05,-0.00010388370822230244,0.25
-1.7061408060628712e-07,-3.8385865276666e-05,-8.418058503117694e-05,-1.7919281294524784e-07,-3.929197852158038e-05,-8.62681725536754e-05,-1.880909118033185e-07,-4.020746843622797e-05,-8.838118833939552e-05,-1.9731619556181486e-07,-4.113229327644775e-05,-9.051962558267066e-05,-2.0687657647608686e-07,-4.206641131852087e-05,-9.268347739597503e-05,-2.1678006064324952e-07,-4.3009780859338386e-05,-9.487273680994666e-05,-2.270347479695317e-07,-4.3962360216568986e-05,-9.708739677341049e-05,-2.3764883213724053e-07,-4.492410772882661e-05,-9.932745015340184e-05,-2.4863060057134323e-07,-4.5894981755837946e-05,-0.00010159288973519005,-2.599884344056658e-07,-4.687494067860972e-05,-0.00010388370822230244,0.25
-1.7061408060628712e-07,-3.8385865276666e-05,-8.418058503117694e-05,-1.7919281294524784e-07,-3.929197852158038e-05,-8.62681725536754e-05,-1.880909118033185e-07,-4.020746843622797e-05,-8.838118833939552e-05,-1.9731619556181486e-07,-4.113229327644775e-05,-9.051962558267066e-05,-2.0687657647608686e-07,-4.206641131852087e-05,-9.268347739597503e-05,-2.1678006064324952e-07,-4.3009780859338386e-05,-9.487273680994666e-05,-2.270347479695317e-07,-4.3962360216568986e-05,-9.708739677341049e-05,-2.3764883213724053e-07,-4.492410772882661e-05,-9.932745015340184e-05,-2.4863060057134323e-07,-4.5894981755837946e-05,-0.00010159288973519005,-2.599884344056658e-07,-4.687494067860972e-05,-0.00010388370822230244,0.25
-1.7061408060628712e-07,-3.8385865276666e-05,-8.418058503117694e-05,-1.7919281294524784e-07,-3.929197852158038e-05,-8.62681725536754e-05,-1.880909118033185e-07,-4.020746843622797e-05,-8.838118833939552e-05,-1.9731619556181486e-07,-4.113229327644775e-05,-9.051962558267066e-05,-2.0687657647608686e-07,-4.206641131852087e-05,-9.268347739597503e-05,-2.1678006064324952e-07,-4.3009780859338386e-05,-9.487273680994666e-05,-2.270347479695317e-07,-4.3962360216568986e-05,-9.708739677341049e-05,-2.3764883213724053e-07,-4.492410772882661e-05,-9.932745015340184e-05,-2.4863060057134323e-07,-4.5894981755837946e-05,-0.00010159288973519005,-2.599884344056658e-07,-4.687494067860972e-05,-0.00010388370822230244,0.25
-1.7061408060628712e-07,-3.8385865276666e-05,-8.418058503117694e-05,-1.7919281294524784e-07,-3.929197852158038e-05,-8.62681725536754e-05,-1.880909118033185e-07,-4.020746843622797e-05,-8.838118833939552e-05,-1.9731619556181486e-07,-4.113229327644775e-05,-9.051962558267066e-05,-2.0687657647608686e-07,-4.206641131852087e-05,-9.268347739597503e-05,-2.1678006064324952e-07,-4.3009780859338386e-05,-9.487273680994666e-05,-2.270347479695317e-07,-4.3962360216568986e-05,-9.708739677341049e-05,-2.3764883213724053e-07,-4.492410772882661e-05,-9.932745015340184e-05,-2.4863060057134323e-07,-4.5894981755837946e-05,-0.00010159288973519005,-2.599884344056658e-07,-4.687494067860972e-05,-0.00010388370822230244,0.25
-1.7061408060628712e-07,-3.8385865276666e-05,-8.418058503117694e-05,-1.7919281294524784e-07,-3.929197852158038e-05,-8.62681725536754e-05,-1.880909118033185e-07,-4.020746843622797e-05,-8.838118833939552e-05,-1.9731619556181486e-07,-4.113229327644775e-05,-9.051962558267066e-05,-2.0687657647608686e-07,-4.206641131852087e-05,-9.268347739597503e-05,-2.1678006064324952e-07,-4.3009780859338386e-05,-9.487273680994666e-05,-2.270347479695317e-07,-4.3962360216568986e-05,-9.708739677341049e-05,-2.3764883213724053e-07,-4.492410772882661e-05,-9.932745015340184e-05,-2.4863060057134323e-07,-4.5894981755837946e-05,-0.00010159288973519005,-2.599884344056658e-07,-4.687494067860972e-05,-0.00010388370822230244,0.25
-1.7061408060628712e-07,-3.8385865276666e-05,-8.418058503117694e-05,-1.7919281294524784e-07,-3.929197852158038e-05,-8.62681725536754e-05,-1.880909118033185e-07,-4.020746843622797e-05,-8.838118833939552e-05,-1.9731619556181486e-07,-4.113229327644775e-05,-9.051962558267066e-05,-2.0687657647608686e-07,-4.206641131852087e-05,-9.268347739597503e-05,-2.1678006064324952e-07,-4.3009780859338386e-05,-9.487273680994666e-05,-2.270347479695317e-07,-4.3962360216568986e-05,-9.708739677341049e-05,-2.3764883213724053e-07,-4.492410772882661e-05,-9.932745015340184e-05,-2.4863060057134323e-07,-4.5894981755837946e-05,-0.00010159288973519005,-2.599884344056658e-07,-4.687494067860972e-05,-0.00010388370822230244,0.25
-1.7061408060628712e-07,-3.8385865276666e-05,-8.418058503117694e-05,-1.7919281294524784e-07,-3.929197852158038e-05,-8.62681725536754e-05,-1.880909118033185e-07,-4.020746843622797e-05,-8.838118833939552e-05,-1.9731619556181486e-07,-4.113229327644775e-05,-9.051962558267066e-05,-2.0687657647608686e-07,-4.206641131852087e-05,-9.268347739597503e-05,-2.1678006064324952e-07,-4.3009780859338386e-05,-9.487273680994666e-05,-2.270347479695317e-07,-4.3962360216568986e-05,-9.708739677341049e-05,-2.3764883213724053e-07,-4.492410772882661e-05,-9.932745015340184e-05,-2.4863060057134323e-07,-4.5894981755837946e-05,-0.00010159288973519005,-2.599884344056658e-07,-4.687494067860972e-05,-0.00010388370822230244,0.25
-1.7061408060628712e-07,-3.8385865276666e-05,-8.418058503117694e-05,-1.7919281294524784e-07,-3.929197852158038e-05,-8.62681725536754e-05,-1.880909118033185e-07,-4.020746843622797e-05,-8.838118833939552e-05,-1.9731619556181486e-07,-4.113229327644775e-05,-9.051962558267066e-05,-2.0687657647608686e-07,-4.206641131852087e-05,-9.268347739597503e-05,-2.1678006064324952e-07,-4.3009780859338386e-05,-9.487273680994666e-05,-2.270347479695317e-07,-4.3962360216568986e-05,-9.708739677341049e-05,-2.3764883213724053e-07,-4.492410772882661e-05,-9.932745015340184e-05,-2.4863060057134323e-07,-4.5894981755837946e-05,-0.00010159288973519005,-2.599884344056658e-07,-4.687494067860972e-05,-0.00010388370822230244,0.25
-1.7061408060628712e-07,-3.8385865276666e-05,-8.418058503117694e-05,-1.7919281294524784e-07,-3.929197852158038e-05,-8.62681725536754e-05,-1.880909118033185e-07,-4.020746843622797e-05,-8.838118833939552e-05,-1.9731619556181486e-07,-4.113229327644775e-05,-9.051962558267066e-05,-2.0687657647608686e-07,-4.206641131852087e-05,-9.268347739597503e-05,-2.1678006064324952e-07,-4.3009780859338386e-05,-9.487273680994666e-05,-2.270347479695317e-07,-4.3962360216568986e-05,-9.708739677341049e-05,-2.3764883213724053e-07,-4.492410772882661e-05,-9.932745015340184e-05,-2.4863060057134323e-07,-4.5894981755837946e-05,-0.00010159288973519005,-2.599884344056658e-07,-4.687494067860972e-05,-0.00010388370822230244,0.25
-1.7061408060628712e-07,-3.8385865276666e-05,-8.418058503117694e-05,-1.7919281294524784e-07,-3.929197852158038e-05,-8.62681725536754e-05,-1.880909118033185e-07,-4.020746843622797e-05,-8.838118833939552e-05,-1.9731619556181486e-07,-4.113229327644775e-05,-9.051962558267066e-05,-2.0687657647608686e-07,-4.206641131852087e-05,-9.268347739597503e-05,-2.1678006064324952e-07,-4.3009780859338386e-05,-9.487273680994666e-05,-2.270347479695317e-07,-4.3962360216568986e-05,-9.708739677341049e-05,-2.3764883213724053e-07,-4.492410772882661e-05,-9.932745015340184e-05,-2.4863060057134323e-07,-4.5894981755837946e-05,-0.00010159288973519005,-2.599884344056658e-07,-4.687494067860972e-05,-0.00010388370822230244,0.25
-1.7061408060628712e-07,-3.8385865276666e-05,-8.418058503117694e-05,-1.7919281294524784e-07,-3.929197852158038e-05,-8.62681725536754e-05,-1.880909118033185e-07,-4.020746843622797e-05,-8.838118833939552e-05,-1.9731619556181486e-07,-4.113229327644775e-05,-9.051962558267066e-05,-2.0687657647608686e-07,-4.206641131852087e-05,-9.268347739597503e-05,-2.1678006064324952e-07,-4.3009780859338386e-05,-9.487273680994666e-05,-2.270347479695317e-07,-4.3962360216568986e-05,-9.708739677341049e-05,-2.3764883213724053e-07,-4.492410772882661e-05,-9.932745015340184e-05,-2.4863060057134323e-07,-4.5894981755837946e-05,-0.00010159288973519005,-2.599884344056658e-07,-4.687494067860972e-05,-0.00010388370822230244,0.25
-1.7061408060628712e-07,-3.8385865276666e-05,-8.418058503117694e-05,-1.7919281294524784e-07,-3.929197852158038e-05,-8.62681725536754e-05,-1.880909118033185e-07,-4.020746843622797e-05,-8.838118833939552e-05,-1.9731619556181486e-07,-4.113229327644775e-05,-9.051962558267066e-05,-2.0687657647608686e-07,-4.206641131852087e-05,-9.268347739597503e-05,-2.1678006064324952e-07,-4.3009780859338386e-05,-9.487273680994666e-05,-2.270347479695317e-07,-4.3962360216568986e-05,-9.708739677341049e-05,-2.3764883213724053e-07,-4.492410772882661e-05,-9.932745015340184e-05,-2.4863060057134323e-07,-4.5894981755837946e-05,-0.00010159288973519005,-2.599884344056658e-07,-4.687494067860972e-05,-0.00010388370822230244,0.25
-1.7061408060628712e-07,-3.8385865276666e-05,-8.418058503117694e-05,-1.7919281294524784e-07,-3.929197852158038e-05,-8.62681725536754e-05,-1.880909118033185e-07,-4.020746843622797e-05,-8.838118833939552e-05,-1.9731619556181486e-07,-4.113229327644775e-05,-9.051962558267066e-05,-2.0687657647608686e-07,-4.206641131852087e-05,-9.268347739597503e-05,-2.1678006064324952e-07,-4.3009780859338386e-05,-9.487273680994666e-05,-2.270347479695317e-07,-4.3962360216568986e-05,-9.708739677341049e-05,-2.3764883213724053e-07,-4.492410772882661e-05,-9.932745015340184e-05,-2.4863060057134323e-07,-4.5894981755837946e-05,-0.00010159288973519005,-2.599884344056658e-07,-4.687494067860972e-05,-0.00010388370822230244,0.25
-1.7061408060628712e-07,-3.8385865276666e-05,-8.418058503117694e-05,-1.7919281294524784e-07,-3.929197852158038e-05,-8.62681725536754e-05,-1.880909118033185e-07,-4.020746843622797e-05,-8.838118833939552e-05,-1.9731619556181486e-07,-4.113229327644775e-05,-9.051962558267066e-05,-2.0687657647608686e-07,-4.206641131852087e-05,-9.268347739597503e-05,-2.1678006064324952e-07,-4.3009780859338386e-05,-9.487273680994666e-05,-2.270347479695317e-07,-4.3962360216568986e-05,-9.708739677341049e-05,-2.3764883213724053e-07,-4.492410772882661e-05,-9.932745015340184e-05,-2.4863060057134323e-07,-4.5894981755837946e-05,-0.00010159288973519005,-2.599884344056658e-07,-4.687494067860972e-05,-0.00010388370822230244,0.25
-1.7061408060628712e-07,-3.8385865276666e-05,-8.418058503117694e-05,-1.7919281294524784e-07,-3.929197852158038e-05,-8.62681725536754e-05,-1.880909118033185e-07,-4.020746843622797e-05,-8.838118833939552e-05,-1.9731619556181486e-07,-4.113229327644775e-05,-9.051962558267066e-05,-2.0687657647608686e-07,-4.206641131852087e-05,-9.268347739597503e-05,-2.1678006064324952e-07,-4.3009780859338386e-05,-9.487273680994666e-05,-2.270347479695317e-07,-4.3962360216568986e-05,-9.708739677341049e-05,-2.3764883213724053e-07,-4.492410772882661e-05,-9.932745015340184e-05,-2.4863060057134323e-07,-4.5894981755837946e-05,-0.00010159288973519005,-2.599884344056658e-07,-4.687494067860972e-05,-0.00010388370822230244,0.25
-1.7061408060628712e-07,-3.8385865276666e-05,-8.418058503117694e-05,-1.7919281294524784e-07,-3.929197852158038e-05,-8.62681725536754e-05,-1.880909118033185e-07,-4.020746843622797e-05,-8.838118833939552e-05,-1.9731619556181486e-07,-4.113229327644775e-05,-9.051962558267066e-05,-2.0687657647608686e-07,-4.206641131852087e-05,-9.268347739597503e-05,-2.1678006064324952e-07,-4.3009780859338386e-05,-9.487273680994666e-05,-2.270347479695317e-07,-4.3962360216568986e-05,-9.708739677341049e-05,-2.3764883213724053e-07,-4.492410772882661e-05,-9.932745015340184e-05,-2.4863060057134323e-07,-4.5894981755837946e-05,-0.00010159288973519005,-2.599884344056658e-07,-4.687494067860972e-05,-0.00010388370822230244,0.25
-1.7061408060628712e-07,-3.8385865276666e-05,-8.418058503117694e-05,-1.7919281294524784e-07,-3.929197852158038e-05,-8.62681725536754e-05,-1.880909118033185e-07,-4.020746843622797e-05,-8.838118833939552e-05,-1.9731619556181486e-07,-4.113229327644775e-05,-9.051962558267066e-05,-2.0687657647608686e-07,-4.206641131852087e-05,-9.268347739597503e-05,-2.1678006064324952e-07,-4.3009780859338386e-05,-9.487273680994666e-05,-2.270347479695317e-07,-4.3962360216568986e-05,-9.708739677341049e-05,-2.3764883213724053e-07,-4.492410772882661e-05,-9.932745015340184e-05,-2.4863060057134323e-07,-4.5894981755837946e-05,-0.00010159288973519005,-2.599884344056658e-07,-4.687494067860972e-05,-0.00010388370822230244,0.25
-1.7061408060628712e-07,-3.8385865276666e-05,-8.418058503117694e-05,-1.7919281294524784e-07,-3.929197852158038e-05,-8.62681725536754e-05,-1.880909118033185e-07,-4.020746843622797e-05,-8.838118833939552e-05,-1.9731619556181486e-07,-4.113229327644775e-05,-9.051962558267066e-05,-2.0687657647608686e-07,-4.206641131852087e-05,-9.268347739597503e-05,-2.1678006064324952e-07,-4.3009780859338386e-05,-9.487273680994666e-05,-2.270347479695317e-07,-4.3962360216568986e-05,-9.708739677341049e-05,-2.3764883213724053e-07,-4.492410772882661e-05,-9.932745015340184e-05,-2.4863060057134323e-07,-4.5894981755837946e-05,-0.00010159288973519005,-2.599884344056658e-07,-4.687494067860972e-05,-0.00010388370822230244,0.25
-1.7061408060628712e-07,-3.8385865276666e-05,-8.418058503117694e-05,-1.7919281294524784e-07,-3.929197852158038e-05,-8.62681725536754e-05,-1.880909118033185e-07,-4.020746843622797e-05,-8.838118833939552e-05,-1.9731619556181486e-07,-4.113229327644775e-05,-9.051962558267066e-05,-2.0687657647608686e-07,-4.206641131852087e-05,-9.268347739597503e-05,-2.1678006064324952e-07,-4.3009780859338386e-05,-9.487273680994666e-05,-2.270347479695317e-07,-4.3962360216568986e-05,-9.708739677341049e-05,-2.3764883213724053e-07,-4.492410772882661e-05,-9.932745015340184e-05,-2.4863060057134323e-07,-4.5894981755837946e-05,-0.00010159288973519005,-2.599884344056658e-07,-4.687494067860972e-05,-0.00010388370822230244,0.25
-1.7061408060628712e-07,-3.8385865276666e-05,-8.418058503117694e-05,-1.7919281294524784e-07,-3.929197852158038e-05,-8.62681725536754e-05,-1.880909118033185e-07,-4.020746843622797e-05,-8.838118833939552e-05,-1.9731619556181486e-07,-4.113229327644775e-05,-9.051962558267066e-05,-2.0687657647608686e-07,-4.206641131852087e-05,-9.268347739597503e-05,-2.1678006064324952e-07,-4.3009780859338386e-05,-9.487273680994666e-05,-2.270347479695317e-07,-4.3962360216568986e-05,-9.708739677341049e-05,-2.3764883213724053e-07,-4.492410772882661e-05,-9.932745015340184e-05,-2.4863060057134323e-07,-4.5894981755837946e-05,-0.00010159288973519005,-2.599884344056658e-07,-4.687494067860972e-05,-0.00010388370822230244,0.25
-1.7061408060628712e-07,-3.8385865276666e-05,-8.418058503117694e-05,-1.7919281294524784e-07,-3.929197852158038e-05,-8.62681725536754e-05,-1.880909118033185e-07,-4.020746843622797e-05,-8.838118833939552e-05,-1.9731619556181486e-07,-4.113229327644775e-05,-9.051962558267066e-05,-2.0687657647608686e-07,-4.206641131852087e-05,-9.268347739597503e-05,-2.1678006064324952e-07,-4.3009780859338386e-05,-9.487273680994666e-05,-2.270347479695317e-07,-4.3962360216568986e-05,-9.708739677341049e-05,-2.3764883213724053e-07,-4.492410772882661e-05,-9.932745015340184e-05,-2.4863060057134323e-07,-4.5894981755837946e-05,-0.00010159288973519005,-2.599884344056658e-07,-4.687494067860972e-05,-0.00010388370822230244,0.25
-1.7061408060628712e-07,-3.8385865276666e-05,-8.418058503117694e-05,-1.7919281294524784e-07,-3.929197852158038e-05,-8.62681725536754e-05,-1.880909118033185e-07,-4.020746843622797e-05,-8.838118833939552e-05,-1.9731619556181486e-07,-4.113229327644775e-05,-9.051962558267066e-05,-2.0687657647608686e-07,-4.206641131852087e-05,-9.268347739597503e-05,-2.1678006064324952e-07,-4.3009780859338386e-05,-9.487273680994666e-05,-2.270347479695317e-07,-4.3962360216568986e-05,-9.708739677341049e-05,-2.3764883213724053e-07,-4.492410772882661e-05,-9.932745015340184e-05,-2.4863060057134323e-07,-4.5894981755837946e-05,-0.00010159288973519005,-2.599884344056658e-07,-4.687494067860972e-05,-0.00010388370822230244,0.25
-1.7061408060628712e-07,-3.8385865276666e-05,-8.418058503117694e-05,-1.7919281294524784e-07,-3.929197852158038e-05,-8.62681725536754e-05,-1.880909118033185e-07,-4.020746843622797e-05,-8.838118833939552e-05,-1.9731619556181486e-07,-4.113229327644775e-05,-9.051962558267066e-05,-2.0687657647608686e-07,-4.206641131852087e-05,-9.268347739597503e-05,-2.1678006064324952e-07,-4.3009780859338386e-05,-9.487273680994666e-05,-2.270347479695317e-07,-4.3962360216568986e-05,-9.708739677341049e-05,-2.3764883213724053e-07,-4.492410772882661e-05,-9.932745015340184e-05,-2.4863060057134323e-07,-4.5894981755837946e-05,-0.00010159288973519005,-2.599884344056658e-07,-4.687494067860972e-05,-0.00010388370822230244,0.25
-1.7061408060628712e-07,-3.8385865276666e-05,-8.418058503117694e-05,-1.7919281294524784e-07,-3.929197852158038e-05,-8.62681725536754e-05,-1.880909118033185e-07,-4.020746843622797e-05,-8.838118833939552e-05,-1.9731619556181486e-07,-4.113229327644775e-05,-9.051962558267066e-05,-2.0687657647608686e-07,-4.206641131852087e-05,-9.268347739597503e-05,-2.1678006064324952e-07,-4.3009780859338386e-05,-9.487273680994666e-05,-2.270347479695317e-07,-4.3962360216568986e-05,-9.708739677341049e-05,-2.3764883213724053e-07,-4.492410772882661e-05,-9.932745015340184e-05,-2.4863060057134323e-07,-4.5894981755837946e-05,-0.00010159288973519005,-2.599884344056658e-07,-4.687494067860972e-05,-0.00010388370822230244,0.25
-1.7061408060628712e-07,-3.8385865276666e-05,-8.418058503117694e-05,-1.7919281294524784e-07,-3.929197852158038e-05,-8.62681725536754e-05,-1.880909118033185e-07,-4.020746843622797e-05,-8.838118833939552e-05,-1.9731619556181486e-07,-4.113229327644775e-05,-9.051962558267066e-05,-2.0687657647608686e-07,-4.206641131852087e-05,-9.268347739597503e-05,-2.1678006064324952e-07,-4.3009780859338386e-05,-9.487273680994666e-05,-2.270347479695317e-07,-4.3962360216568986e-05,-9.708739677341049e-05,-2.3764883213724053e-07,-4.492410772882661e-05,-9.932745015340184e-05,-2.4863060057134323e-07,-4.5894981755837946e-05,-0.00010159288973519005,-2.599884344056658e-07,-4.687494067860972e-05,-0.00010388370822230244,0.25
-1.7061408060628712e-07,-3.8385865276666e-05,-8.418058503117694e-05,-1.7919281294524784e-07,-3.929197852158038e-05,-8.62681725536754e-05,-1.880909118033185e-07,-4.020746843622797e-05,-8.838118833939552e-05,-1.9731619556181486e-07,-4.113229327644775e-05,-9.051962558267066e-05,-2.0687657647608686e-07,-4.206641131852087e-05,-9.268347739597503e-05,-2.1678006064324952e-07,-4.3009780859338386e-05,-9.487273680994666e-05,-2.270347479695317e-07,-4.3962360216568986e-05,-9.708739677341049e-05,-2.3764883213724053e-07,-4.492410772882661e-05,-9.932745015340184e-05,-2.4863060057134323e-07,-4.5894981755837946e-05,-0.00010159288973519005,-2.599884344056658e-07,-4.687494067860972e-05,-0.00010388370822230244,0.25
-1.7061408060628712e-07,-3.8385865276666e-05,-8.418058503117694e-05,-1.7919281294524784e-07,-3.929197852158038e-05,-8.62681725536754e-05,-1.880909118033185e-07,-4.020746843622797e-05,-8.838118833939552e-05,-1.9731619556181486e-07,-4.113229327644775e-05,-9.051962558267066e-05,-2.0687657647608686e-07,-4.206641131852087e-05,-9.268347739597503e-05,-2.1678006064324952e-07,-4.3009780859338386e-05,-9.487273680994666e-05,-2.270347479695317e-07,-4.3962360216568986e-05,-9.708739677341049e-05,-2.3764883213724053e-07,-4.492410772882661e-05,-9.932745015340184e-05,-2.4863060057134323e-07,-4.5894981755837946e-05,-0.00010159288973519005,-2.599884344056658e-07,-4.687494067860972e-05,-0.00010388370822230244,0.25
-1.7061408060628712e-07,-3.8385865276666e-05,-8.418058503117694e-05,-1.7919281294524784e-07,-3.929197852158038e-05,-8.62681725536754e-05,-1.880909118033185e-07,-4.020746843622797e-05,-8.838118833939552e-05,-1.9731619556181486e-07,-4.113229327644775e-05,-9.051962558267066e-05,-2.0687657647608686e-07,-4.206641131852087e-05,-9.268347739597503e-05,-2.1678006064324952e-07,-4.3009780859338386e-05,-9.487273680994666e-05,-2.270347479695317e-07,-4.3962360216568986e-05,-9.708739677341049e-05,-2.3764883213724053e-07,-4.492410772882661e-05,-9.932745015340184e-05,-2.4863060057134323e-07,-4.5894981755837946e-05,-0.00010159288973519005,-2.599884344056658e-07,-4.687494067860972e-05,-0.00010388370822230244,0.25
-1.7061408060628712e-07,-3.8385865276666e-05,-8.418058503117694e-05,-1.7919281294524784e-07,-3.929197852158038e-05,-8.62681725536754e-05,-1.880909118033185e-07,-4.020746843622797e-05,-8.838118833939552e-05,-1.9731619556181486e-07,-4.113229327644775e-05,-9.051962558267066e-05,-2.0687657647608686e-07,-4.206641131852087e-05,-9.268347739597503e-05,-2.1678006064324952e-07,-4.3009780859338386e-05,-9.487273680994666e-05,-2.270347479695317e-07,-4.3962360216568986e-05,-9.708739677341049e-05,-2.3764883213724053e-07,-4.492410772882661e-05,-9.932745015340184e-05,-2.4863060057134323e-07,-4.5894981755837946e-05,-0.00010159288973519005,-2.599884344056658e-07,-4.687494067860972e-05,-0.00010388370822230244,0.25
-1.7061408060628712e-07,-3.8385865276666e-05,-8.418058503117694e-05,-1.7919281294524784e-07,-3.929197852158038e-05,-8.62681725536754e-05,-1.880909118033185e-07,-4.020746843622797e-05,-8.838118833939552e-05,-1.9731619556181486e-07,-4.113229327644775e-05,-9.051962558267066e-05,-2.0687657647608686e-07,-4.206641131852087e-05,-9.268347739597503e-05,-2.1678006064324952e-07,-4.3009780859338386e-05,-9.487273680994666e-05,-2.270347479695317e-07,-4.3962360216568986e-05,-9.708739677341049e-05,-2.3764883213724053e-07,-4.492410772882661e-05,-9.932745015340184e-05,-2.4863060057134323e-07,-4.5894981755837946e-05,-0.00010159288973519005,-2.599884344056658e-07,-4.687494067860972e-05,-0.00010388370822230244,0.25
-1.7061408060628712e-07,-3.8385865276666e-05,-8.418058503117694e-05,-1.7919281294524784e-07,-3.929197852158038e-05,-8.62681725536754e-05,-1.880909118033185e-07,-4.020746843622797e-05,-8.838118833939552e-05,-1.9731619556181486e-07,-4.113229327644775e-05,-9.051962558267066e-05,-2.0687657647608686e-07,-4.206641131852087e-05,-9.268347739597503e-05,-2.1678006064324952e-07,-4.3009780859338386e-05,-9.487273680994666e-05,-2.270347479695317e-07,-4.3962360216568986e-05,-9.708739677341049e-05,-2.3764883213724053e-07,-4.492410772882661e-05,-9.932745015340184e-05,-2.4863060057134323e-07,-4.5894981755837946e-05,-0.00010159288973519005,-2.599884344056658e-07,-4.687494067860972e-05,-0.00010388370822230244,0.25
-1.7061408060628712e-07,-3.8385865276666e-05,-8.418058503117694e-05,-1.7919281294524784e-07,-3.929197852158038e-05,-8.62681725536754e-05,-1.880909118033185e-07,-4.020746843622797e-05,-8.838118833939552e-05,-1.9731619556181486e-07,-4.113229327644775e-05,-9.051962558267066e-05,-2.0687657647608686e-07,-4.206641131852087e-05,-9.268347739597503e-05,-2.1678006064324952e-07,-4.3009780859338386e-05,-9.487273680994666e-05,-2.270347479695317e-07,-4.3962360216568986e-05,-9.708739677341049e-05,-2.3764883213724053e-07,-4.492410772882661e-05,-9.932745015340184e-05,-2.4863060057134323e-07,-4.5894981755837946e-05,-0.00010159288973519005,-2.599884344056658e-07,-4.687494067860972e-05,-0.00010388370822230244,0.25
-1.7061408060628712e-07,-3.8385865276666e-05,-8.418058503117694e-05,-1.7919281294524784e-07,-3.929197852158038e-05,-8.62681725536754e-05,-1.880909118033185e-07,-4.020746843622797e-05,-8.838118833939552e-05,-1.9731619556181486e-07,-4.113229327644775e-05,-9.051962558267066e-05,-2.0687657647608686e-07,-4.206641131852087e-05,-9.268347739597503e-05,-2.1678006064324952e-07,-4.3009780859338386e-05,-9.487273680994666e-05,-2.270347479695317e-07,-4.3962360216568986e-05,-9.708739677341049e-05,-2.3764883213724053e-07,-4.492410772882661e-05,-9.932745015340184e-05,-2.4863060057134323e-07,-4.5894981755837946e-05,-0.00010159288973519005,-2.599884344056658e-07,-4.687494067860972e-05,-0.00010388370822230244,0.25
-1.7061408060628712e-07,-3.8385865276666e-05,-8.418058503117694e-05,-1.7919281294524784e-07,-3.929197852158038e-05,-8.62681725536754e-05,-1.880909118033185e-07,-4.020746843622797e-05,-8.838118833939552e-05,-1.9731619556181486e-07,-4.113229327644775e-05,-9.051962558267066e-05,-2.0687657647608686e-07,-4.206641131852087e-05,-9.268347739597503e-05,-2.1678006064324952e-07,-4.3009780859338386e-05,-9.487273680994666e-05,-2.270347479695317e-07,-4.3962360216568986e-05,-9.708739677341049e-05,-2.3764883213724053e-07,-4.492410772882661e-05,-9.932745015340184e-05,-2.4863060057134323e-07,-4.5894981755837946e-05,-0.00010159288973519005,-2.599884344056658e-07,-4.687494067860972e-05,-0.00010388370822230244,0.25
-1.7061408060628712e-07,-3.8385865276666e-05,-8.418058503117694e-05,-1.7919281294524784e-07,-3.929197852158038e-05,-8.62681725536754e-05,-1.880909118033185e-07,-4.020746843622797e-05,-8.838118833939552e-05,-1.9731619556181486e-07,-4.113229327644775e-05,-9.051962558267066e-05,-2.0687657647608686e-07,-4.206641131852087e-05,-9.268347739597503e-05,-2.1678006064324952e-07,-4.3009780859338386e-05,-9.487273680994666e-05,-2.270347479695317e-07,-4.3962360216568986e-05,-9.708739677341049e-05,-2.3764883213724053e-07,-4.492410772882661e-05,-9.932745015340184e-05,-2.4863060057134323e-07,-4.5894981755837946e-05,-0.00010159288973519005,-2.599884344056658e-07,-4.687494067860972e-05,-0.00010388370822230244,0.25
-1.7061408060628712e-07,-3.8385865276666e-05,-8.418058503117694e-05,-1.7919281294524784e-07,-3.929197852158038e-05,-8.62681725536754e-05,-1.880909118033185e-07,-4.020746843622797e-05,-8.838118833939552e-05,-1.9731619556181486e-07,-4.113229327644775e-05,-9.051962558267066e-05,-2.0687657647608686e-07,-4.206641131852087e-05,-9.268347739597503e-05,-2.1678006064324952e-07,-4.3009780859338386e-05,-9.487273680994666e-05,-2.270347479695317e-07,-4.3962360216568986e-05,-9.708739677341049e-05,-2.3764883213724053e-07,-4.492410772882661e-05,-9.932745015340184e-05,-2.4863060057134323e-07,-4.5894981755837946e-05,-0.00010159288973519005,-2.599884344056658e-07,-4.687494067860972e-05,-0.00010388370822230244,0.25
-1.7061408060628712e-07,-3.8385865276666e-05,-8.418058503117694e-05,-1.7919281294524784e-07,-3.929197852158038e-05,-8.62681725536754e-05,-1.880909118033185e-07,-4.020746843622797e-05,-8.838118833939552e-05,-1.9731619556181486e-07,-4.113229327644775e-05,-9.051962558267066e-05,-2.0687657647608686e-07,-4.206641131852087e-05,-9.268347739597503e-05,-2.1678006064324952e-07,-4.3009780859338386e-05,-9.487273680994666e-05,-2.270347479695317e-07,-4.3962360216568986e-05,-9.708739677341049e-05,-2.3764883213724053e-07,-4.492410772882661e-05,-9.932745015340184e-05,-2.4863060057134323e-07,-4.5894981755837946e-05,-0.00010159288973519005,-2.599884344056658e-07,-4.687494067860972e-05,-0.00010388370822230244,0.25
-1.7061408060628712e-07,-3.8385865276666e-05,-8.418058503117694e-05,-1.7919281294524784e-07,-3.929197852158038e-05,-8.62681725536754e-05,-1.880909118033185e-07,-4.020746843622797e-05,-8.838118833939552e-05,-1.9731619556181486e-07,-4.113229327644775e-05,-9.051962558267066e-05,-2.0687657647608686e-07,-4.206641131852087e-05,-9.268347739597503e-05,-2.1678006064324952e-07,-4.3009780859338386e-05,-9.487273680994666e-05,-2.270347479695317e-07,-4.3962360216568986e-05,-9.708739677341049e-05,-2.3764883213724053e-07,-4.492410772882661e-05,-9.932745015340184e-05,-2.4863060057134323e-07,-4.5894981755837946e-05,-0.00010159288973519005,-2.599884344056658e-07,-4.687494067860972e-05,-0.00010388370822230244,0.25
-1.7061408060628712e-07,-3.8385865276666e-05,-8.418058503117694e-05,-1.7919281294524784e-07,-3.929197852158038e-05,-8.62681725536754e-05,-1.880909118033185e-07,-4.020746843622797e-05,-8.838118833939552e-05,-1.9731619556181486e-07,-4.113229327644775e-05,-9.051962558267066e-05,-2.0687657647608686e-07,-4.206641131852087e-05,-9.268347739597503e-05,-2.1678006064324952e-07,-4.3009780859338386e-05,-9.487273680994666e-05,-2.270347479695317e-07,-4.3962360216568986e-05,-9.708739677341049e-05,-2.3764883213724053e-07,-4.492410772882661e-05,-9.932745015340184e-05,-2.4863060057134323e-07,-4.5894981755837946e-05,-0.00010159288973519005,-2.599884344056658e-07,-4.687494067860972e-05,-0.00010388370822230244,0.25
-1.7061408060628712e-07,-3.8385865276666e-05,-8.418058503117694e-05,-1.7919281294524784e-07,-3.929197852158038e-05,-8.62681725536754e-05,-1.880909118033185e-07,-4.020746843622797e-05,-8.838118833939552e-05,-1.9731619556181486e-07,-4.113229327644775e-05,-9.051962558267066e-05,-2.0687657647608686e-07,-4.206641131852087e-05,-9.268347739597503e-05,-2.1678006064324952e-07,-4.3009780859338386e-05,-9.487273680994666e-05,-2.270347479695317e-07,-4.3962360216568986e-05,-9.708739677341049e-05,-2.3764883213724053e-07,-4.492410772882661e-05,-9.932745015340184e-05,-2.4863060057134323e-07,-4.5894981755837946e-05,-0.00010159288973519005,-2.599884344056658e-07,-4.687494067860972e-05,-0.00010388370822230244,0.25
-1.7061408060628712e-07,-3.8385865276666e-05,-8.418058503117694e-05,-1.7919281294524784e-07,-3.929197852158038e-05,-8.62681725536754e-05,-1.880909118033185e-07,-4.020746843622797e-05,-8.838118833939552e-05,-1.9731619556181486e-07,-4.113229327644775e-05,-9.051962558267066e-05,-2.0687657647608686e-07,-4.206641131852087e-05,-9.268347739597503e-05,-2.1678006064324952e-07,-4.3009780859338386e-05,-9.487273680994666e-05,-2.270347479695317e-07,-4.3962360216568986e-05,-9.708739677341049e-05,-2.3764883213724053e-07,-4.492410772882661e-05,-9.932745015340184e-05,-2.4863060057134323e-07,-4.5894981755837946e-05,-0.00010159288973519005,-2.599884344056658e-07,-4.687494067860972e-05,-0.00010388370822230244,0.25
-1.7061408060628712e-07,-3.8385865276666e-05,-8.418058503117694e-05,-1.7919281294524784e-07,-3.929197852158038e-05,-8.62681725536754e-05,-1.880909118033185e-07,-4.020746843622797e-05,-8.838118833939552e-05,-1.9731619556181486e-07,-4.113229327644775e-05,-9.051962558267066e-05,-2.0687657647608686e-07,-4.206641131852087e-05,-9.268347739597503e-05,-2.1678006064324952e-07,-4.3009780859338386e-05,-9.487273680994666e-05,-2.270347479695317e-07,-4.3962360216568986e-05,-9.708739677341049e-05,-2.3764883213724053e-07,-4.492410772882661e-05,-9.932745015340184e-05,-2.4863060057134323e-07,-4.5894981755837946e-05,-0.00010159288973519005,-2.599884344056658e-07,-4.687494067860972e-05,-0.00010388370822230244,0.25
-1.7061408060628712e-07,-3.8385865276666e-05,-8.418058503117694e-05,-1.7919281294524784e-07,-3.929197852158038e-05,-8.62681725536754e-05,-1.880909118033185e-07,-4.020746843622797e-05,-8.838118833939552e-05,-1.9731619556181486e-07,-4.113229327644775e-05,-9.051962558267066e-05,-2.0687657647608686e-07,-4.206641131852087e-05,-9.268347739597503e-05,-2.1678006064324952e-07,-4.3009780859338386e-05,-9.487273680994666e-05,-2.270347479695317e-07,-4.3962360216568986e-05,-9.708739677341049e-05,-2.3764883213724053e-07,-4.492410772882661e-05,-9.932745015340184e-05,-2.4863060057134323e-07,-4.5894981755837946e-05,-0.00010159288973519005,-2.599884344056658e-07,-4.687494067860972e-05,-0.00010388370822230244,0.25
-1.3651727222674274e-07,-3.0714543587739055e-05,-6.735730012964776e-05,-1.4338156580055703e-07,-3.1439572305578784e-05,-6.902768836586923e-05,-1.505014012720017e-07,-3.2172103788431574e-05,-7.071842308858405e-05,-1.5788303453789083e-07,-3.291210463460243e-05,-7.242949885221402e-05,-1.6553279660857362e-07,-3.365954145875311e-05,-7.416091014568117e-05,-1.7345709358211488e-07,-3.441438089203648e-05,-7.591265139242604e-05,-1.816624066181681e-07,-3.5176589582230595e-05,-7.768471695042607e-05,-1.9015529191154252e-07,-3.594613419387292e-05,-7.947710111221447e-05,-1.98942380665463e-07,-3.672298140839427e-05,-8.128979810489919e-05,-2.080303790645243e-07,-3.7507097924252784e-05,-8.312280209018192e-05,0.30000000000000004
-1.3651727222674274e-07,-3.0714543587739055e-05,-6.735730012964776e-05,-1.4338156580055703e-07,-3.1439572305578784e-05,-6.902768836586923e-05,-1.505014012720017e-07,-3.2172103788431574e-05,-7.071842308858405e-05,-1.5788303453789083e-07,-3.291210463460243e-05,-7.242949885221402e-05,-1.6553279660857362e-07,-3.365954145875311e-05,-7.416091014568117e-05,-1.7345709358211488e-07,-3.441438089203648e-05,-7.591265139242604e-05,-1.816624066181681e-07,-3.5176589582230595e-05,-7.768471695042607e-05,-1.9015529191154252e-07,-3.594613419387292e-05,-7.947710111221447e-05,-1.98942380665463e-07,-3.672298140839427e-05,-8.128979810489919e-05,-2.080303790645243e-07,-3.7507097924252784e-05,-8.312280209018192e-05,0.30000000000000004
-1.3651727222674274e-07,-3.0714543587739055e-05,-6.735730012964776e-05,-1.4338156580055703e-07,-3.1439572305578784e-05,-6.902768836586923e-05,-1.505014012720017e-07,-3.2172103788431574e-05,-7.071842308858405e-05,-1.5788303453789083e-07,-3.291210463460243e-05,-7.242949885221402e-05,-1.6553279660857362e-07,-3.365954145875311e-05,-7.416091014568117e-05,-1.7345709358211488e-07,-3.441438089203648e-05,-7.591265139242604e-05,-1.816624066181681e-07,-3.5176589582230595e-05,-7.768471695042607e-05,-1.9015529191154252e-07,-3.594613419387292e-05,-7.947710111221447e-05,-1.98942380665463e-07,-3.672298140839427e-05,-8.128979810489919e-05,-2.080303790645243e-07,-3.7507097924252784e-05,-8.312280209018192e-05,0.30000000000000004
-1.3651727222674274e-07,-3.0714543587739055e-05,-6.735730012964776e-05,-1.4338156580055703e-07,-3.1439572305578784e-05,-6.902768836586923e-05,-1.505014012720017e-07,-3.2172103788431574e-05,-7.071842308858405e-05,-1.5788303453789083e-07,-3.291210463460243e-05,-7.242949885221402e-05,-1.6553279660857362e-07,-3.365954145875311e-05,-7.416091014568117e-05,-1.7345709358211488e-07,-3.441438089203648e-05,-7.591265139242604e-05,-1.816624066181681e-07,-3.5176589582230595e-05,-7.768471695042607e-05,-1.9015529191154252e-07,-3.594613419387292e-05,-7.947710111221447e-05,-1.98942380665463e-07,-3.672298140839427e-05,-8.128979810489919e-05,-2.080303790645243e-07,-3.7507097924252784e-05,-8.312280209018192e-05,0.30000000000000004
-1.3651727222674274e-07,-3.0714543587739055e-05,-6.735730012964776e-05,-1.4338156580055703e-07,-3.1439572305578784e-05,-6.902768836586923e-05,-1.505014012720017e-07,-3.2172103788431574e-05,-7.071842308858405e-05,-1.5788303453789083e-07,-3.291210463460243e-05,-7.242949885221402e-05,-1.6553279660857362e-07,-3.365954145875311e-05,-7.416091014568117e-05,-1.7345709358211488e-07,-3.441438089203648e-05,-7.591265139242604e-05,-1.816624066181681e-07,-3.5176589582230595e-05,-7.768471695042607e-05,-1.9015529191154252e-07,-3.594613419387292e-05,-7.947710111221447e-05,-1.98942380665463e-07,-3.672298140839427e-05,-8.128979810489919e-05,-2.080303790645243e-07,-3.7507097924252784e-05,-8.312280209018192e-05,0.30000000000000004
-1.3651727222674274e-07,-3.0714543587739055e-05,-6.735730012964776e-05,-1.4338156580055703e-07,-3.1439572305578784e-05,-6.902768836586923e-05,-1.505014012720017e-07,-3.2172103788431574e-05,-7.071842308858405e-05,-1.5788303453789083e-07,-3.291210463460243e-05,-7.242949885221402e-05,-1.6553279660857362e-07,-3.365954145875311e-05,-7.416091014568117e-05,-1.7345709358211488e-07,-3.441438089203648e-05,-7.591265139242604e-05,-1.816624066181681e-07,-3.5176589582230595e-05,-7.768471695042607e-05,-1.9015529191154252e-07,-3.594613419387292e-05,-7.947710111221447e-05,-1.98942380665463e-07,-3.672298140839427e-05,-8.128979810489919e-05,-2.080303790645243e-07,-3.7507097924252784e-05,-8.312280209018192e-05,0.30000000000000004
-1.3651727222674274e-07,-3.0714543587739055e-05,-6.735730012964776e-05,-1.4338156580055703e-07,-3.1439572305578784e-05,-6.902768836586923e-05,-1.505014012720017e-07,-3.2172103788431574e-05,-7.071842308858405e-05,-1.5788303453789083e-07,-3.291210463460243e-05,-7.242949885221402e-05,-1.6553279660857362e-07,-3.365954145875311e-05,-7.416091014568117e-05,-1.7345709358211488e-07,-3.441438089203648e-05,-7.591265139242604e-05,-1.816624066181681e-07,-3.5176589582230595e-05,-7.768471695042607e-05,-1.9015529191154252e-07,-3.594613419387292e-05,-7.947710111221447e-05,-1.98942380665463e-07,-3.672298140839427e-05,-8.128979810489919e-05,-2.080303790645243e-07,-3.7507097924252784e-05,-8.312280209018192e-05,0.30000000000000004
-1.3651727222674274e-07,-3.0714543587739055e-05,-6.735730012964776e-05,-1.4338156580055703e-07,-3.1439572305578784e-05,-6.902768836586923e-05,-1.505014012720017e-07,-3.2172103788431574e-05,-7.071842308858405e-05,-1.5788303453789083e-07,-3.291210463460243e-05,-7.242949885221402e-05,-1.6553279660857362e-07,-3.365954145875311e-05,-7.416091014568117e-05,-1.7345709358211488e-07,-3.441438089203648e-05,-7.591265139242604e-05,-1.816624066181681e-07,-3.5176589582230595e-05,-7.768471695042607e-05,-1.9015529191154252e-07,-3.594613419387292e-05,-7.947710111221447e-05,-1.98942380665463e-07,-3.672298140839427e-05,-8.128979810489919e-05,-2.080303790645243e-07,-3.7507097924252784e-05,-8.312280209018192e-05,0.30000000000000004
-1.3651727222674274e-07,-3.0714543587739055e-05,-6.735730012964776e-05,-1.4338156580055703e-07,-3.1439572305578784e-05,-6.902768836586923e-05,-1.505014012720017e-07,-3.2172103788431574e-05,-7.071842308858405e-05,-1.5788303453789083e-07,-3.291210463460243e-05,-7.242949885221402e-05,-1.6553279660857362e-07,-3.365954145875311e-05,-7.416091014568117e-05,-1.7345709358211488e-07,-3.441438089203648e-05,-7.591265139242604e-05,-1.816624066181681e-07,-3.5176589582230595e-05,-7.768471695042607e-05,-1.9015529191154252e-07,-3.594613419387292e-05,-7.947710111221447e-05,-1.98942380665463e-07,-3.672298140839427e-05,-8.128979810489919e-05,-2.080303790645243e-07,-3.7507097924252784e-05,-8.312280209018192e-05,0.30000000000000004
-1.3651727222674274e-07,-3.0714543587739055e-05,-6.735730012964776e-05,-1.4338156580055703e-07,-3.1439572305578784e-05,-6.902768836586923e-05,-1.505014012720017e-07,-3.2172103788431574e-05,-7.071842308858405e-05,-1.5788303453789083e-07,-3.291210463460243e-05,-7.242949885221402e-05,-1.6553279660857362e-07,-3.365954145875311e-05,-7.416091014568117e-05,-1.7345709358211488e-07,-3.441438089203648e-05,-7.591265139242604e-05,-1.816624066181681e-07,-3.5176589582230595e-05,-7.768471695042607e-05,-1.9015529191154252e-07,-3.594613419387292e-05,-7.947710111221447e-05,-1.98942380665463e-07,-3.672298140839427e-05,-8.128979810489919e-05,-2.080303790645243e-07,-3.7507097924252784e-05,-8.312280209018192e-05,0.30000000000000004
-1.3651727222674274e-07,-3.0714543587739055e-05,-6.735730012964776e-05,-1.4338156580055703e-07,-3.1439572305578784e-05,-6.902768836586923e-05,-1.505014012720017e-07,-3.2172103788431574e-05,-7.071842308858405e-05,-1.5788303453789083e-07,-3.291210463460243e-05,-7.242949885221402e-05,-1.6553279660857362e-07,-3.365954145875311e-05,-7.416091014568117e-05,-1.7345709358211488e-07,-3.441438089203648e-05,-7.591265139242604e-05,-1.816624066181681e-07,-3.5176589582230595e-05,-7.768471695042607e-05,-1.9015529191154252e-07,-3.594613419387292e-05,-7.947710111221447e-05,-1.98942380665463e-07,-3.672298140839427e-05,-8.128979810489919e-05,-2.080303790645243e-07,-3.7507097924252784e-05,-8.312280209018192e-05,0.30000000000000004
-1.3651727222674274e-07,-3.0714543587739055e-05,-6.735730012964776e-05,-1.4338156580055703e-07,-3.1439572305578784e-05,-6.902768836586923e-05,-1.505014012720017e-07,-3.2172103788431574e-05,-7.071842308858405e-05,-1.5788303453789083e-07,-3.291210463460243e-05,-7.242949885221402e-05,-1.6553279660857362e-07,-3.365954145875311e-05,-7.416091014568117e-05,-1.7345709358211488e-07,-3.441438089203648e-05,-7.591265139242604e-05,-1.816624066181681e-07,-3.5176589582230595e-05,-7.768471695042607e-05,-1.9015529191154252e-07,-3.594613419387292e-05,-7.947710111221447e-05,-1.98942380665463e-07,-3.672298140839427e-05,-8.128979810489919e-05,-2.080303790645243e-07,-3.7507097924252784e-05,-8.312280209018192e-05,0.30000000000000004
-1.3651727222674274e-07,-3.0714543587739055e-05,-6.735730012964776e-05,-1.4338156580055703e-07,-3.1439572305578784e-05,-6.902768836586923e-05,-1.505014012720017e-07,-3.2172103788431574e-05,-7.071842308858405e-05,-1.5788303453789083e-07,-3.291210463460243e-05,-7.242949885221402e-05,-1.6553279660857362e-07,-3.365954145875311e-05,-7.416091014568117e-05,-1.7345709358211488e-07,-3.441438089203648e-05,-7.591265139242604e-05,-1.816624066181681e-07,-3.5176589582230595e-05,-7.768471695042607e-05,-1.9015529191154252e-07,-3.594613419387292e-05,-7.947710111221447e-05,-1.98942380665463e-07,-3.672298140839427e-05,-8.128979810489919e-05,-2.080303790645243e-07,-3.7507097924252784e-05,-8.312280209018192e-05,0.30000000000000004
-1.3651727222674274e-07,-3.0714543587739055e-05,-6.735730012964776e-05,-1.4338156580055703e-07,-3.1439572305578784e-05,-6.902768836586923e-05,-1.505014012720017e-07,-3.2172103788431574e-05,-7.071842308858405e-05,-1.5788303453789083e-07,-3.291210463460243e-05,-7.242949885221402e-05,-1.6553279660857362e-07,-3.365954145875311e-05,-7.416091014568117e-05,-1.7345709358211488e-07,-3.441438089203648e-05,-7.591265139242604e-05,-1.816624066181681e-07,-3.5176589582230595e-05,-7.768471695042607e-05,-1.9015529191154252e-07,-3.594613419387292e-05,-7.947710111221447e-05,-1.98942380665463e-07,-3.672298140839427e-05,-8.128979810489919e-05,-2.080303790645243e-07,-3.7507097924252784e-05,-8.312280209018192e-05,0.30000000000000004
-1.3651727222674274e-07,-3.0714543587739055e-05,-6.735730012964776e-05,-1.4338156580055703e-07,-3.1439572305578784e-05,-6.902768836586923e-05,-1.505014012720017e-07,-3.2172103788431574e-05,-7.071842308858405e-05,-1.5788303453789083e-07,-3.291210463460243e-05,-7.242949885221402e-05,-1.6553279660857362e-07,-3.365954145875311e-05,-7.416091014568117e-05,-1.7345709358211488e-07,-3.441438089203648e-05,-7.591265139242604e-05,-1.816624066181681e-07,-3.5176589582230595e-05,-7.768471695042607e-05,-1.9015529191154252e-07,-3.594613419387292e-05,-7.947710111221447e-05,-1.98942380665463e-07,-3.672298140839427e-05,-8.128979810489919e-05,-2.080303790645243e-07,-3.7507097924252784e-05,-8.312280209018192e-05,0.30000000000000004
-1.3651727222674274e-07,-3.0714543587739055e-05,-6.735730012964776e-05,-1.4338156580055703e-07,-3.1439572305578784e-05,-6.902768836586923e-05,-1.505014012720017e-07,-3.2172103788431574e-05,-7.071842308858405e-05,-1.5788303453789083e-07,-3.291210463460243e-05,-7.242949885221402e-05,-1.6553279660857362e-07,-3.365954145875311e-05,-7.416091014568117e-05,-1.7345709358211488e-07,-3.441438089203648e-05,-7.591265139242604e-05,-1.816624066181681e-07,-3.5176589582230595e-05,-7.768471695042607e-05,-1.9015529191154252e-07,-3.594613419387292e-05,-7.947710111221447e-05,-1.98942380665463e-07,-3.672298140839427e-05,-8.128979810489919e-05,-2.080303790645243e-07,-3.7507097924252784e-05,-8.312280209018192e-05,0.30000000000000004
-1.3651727222674274e-07,-3.0714543587739055e-05,-6.735730012964776e-05,-1.4338156580055703e-07,-3.1439572305578784e-05,-6.902768836586923e-05,-1.505014012720017e-07,-3.2172103788431574e-05,-7.071842308858405e-05,-1.5788303453789083e-07,-3.291210463460243e-05,-7.242949885221402e-05,-1.6553279660857362e-07,-3.365954145875311e-05,-7.416091014568117e-05,-1.7345709358211488e-07,-3.441438089203648e-05,-7.591265139242604e-05,-1.816624066181681e-07,-3.5176589582230595e-05,-7.768471695042607e-05,-1.9015529191154252e-07,-3.594613419387292e-05,-7.947710111221447e-05,-1.98942380665463e-07,-3.672298140839427e-05,-8.128979810489919e-05,-2.080303790645243e-07,-3.7507097924252784e-05,-8.312280209018192e-05,0.30000000000000004
-1.3651727222674274e-07,-3.0714543587739055e-05,-6.735730012964776e-05,-1.4338156580055703e-07,-3.1439572305578784e-05,-6.902768836586923e-05,-1.505014012720017e-07,-3.2172103788431574e-05,-7.071842308858405e-05,-1.5788303453789083e-07,-3.291210463460243e-05,-7.242949885221402e-05,-1.6553279660857362e-07,-3.365954145875311e-05,-7.416091014568117e-05,-1.7345709358211488e-07,-3.441438089203648e-05,-7.591265139242604e-05,-1.816624066181681e-07,-3.5176589582230595e-05,-7.768471695042607e-05,-1.9015529191154252e-07,-3.594613419387292e-05,-7.947710111221447e-05,-1.98942380665463e-07,-3.672298140839427e-05,-8.128979810489919e-05,-2.080303790645243e-07,-3.7507097924252784e-05,-8.312280209018192e-05,0.30000000000000004
-1.3651727222674274e-07,-3.0714543587739055e-05,-6.735730012964776e-05,-1.4338156580055703e-07,-3.1439572305578784e-05,-6.902768836586923e-05,-1.505014012720017e-07,-3.2172103788431574e-05,-7.071842308858405e-05,-1.5788303453789083e-07,-3.291210463460243e-05,-7.242949885221402e-05,-1.6553279660857362e-07,-3.365954145875311e-05,-7.416091014568117e-05,-1.7345709358211488e-07,-3.441438089203648e-05,-7.591265139242604e-05,-1.816624066181681e-07,-3.5176589582230595e-05,-7.768471695042607e-05,-1.9015529191154252e-07,-3.594613419387292e-05,-7.947710111221447e-05,-1.98942380665463e-07,-3.672298140839427e-05,-8.128979810489919e-05,-2.080303790645243e-07,-3.7507097924252784e-05,-8.312280209018192e-05,0.30000000000000004
-1.3651727222674274e-07,-3.0714543587739055e-05,-6.735730012964776e-05,-1.4338156580055703e-07,-3.1439572305578784e-05,-6.902768836586923e-05,-1.505014012720017e-07,-3.2172103788431574e-05,-7.071842308858405e-05,-1.5788303453789083e-07,-3.291210463460243e-05,-7.242949885221402e-05,-1.6553279660857362e-07,-3.365954145875311e-05,-7.416091014568117e-05,-1.7345709358211488e-07,-3.441438089203648e-05,-7.591265139242604e-05,-1.816624066181681e-07,-3.5176589582230595e-05,-7.768471695042607e-05,-1.9015529191154252e-07,-3.594613419387292e-05,-7.947710111221447e-05,-1.98942380665463e-07,-3.672298140839427e-05,-8.128979810489919e-05,-2.080303790645243e-07,-3.7507097924252784e-05,-8.312280209018192e-05,0.30000000000000004
-1.3651727222674274e-07,-3.0714543587739055e-05,-6.735730012964776e-05,-1.4338156580055703e-07,-3.1439572305578784e-05,-6.902768836586923e-05,-1.505014012720017e-07,-3.2172103788431574e-05,-7.071842308858405e-05,-1.5788303453789083e-07,-3.291210463460243e-05,-7.242949885221402e-05,-1.6553279660857362e-07,-3.365954145875311e-05,-7.416091014568117e-05,-1.7345709358211488e-07,-3.441438089203648e-05,-7.591265139242604e-05,-1.816624066181681e-07,-3.5176589582230595e-05,-7.768471695042607e-05,-1.9015529191154252e-07,-3.594613419387292e-05,-7.947710111221447e-05,-1.98942380665463e-07,-3.672298140839427e-05,-8.128979810489919e-05,-2.080303790645243e-07,-3.7507097924252784e-05,-8.312280209018192e-05,0.30000000000000004
-1.3651727222674274e-07,-3.0714543587739055e-05,-6.735730012964776e-05,-1.4338156580055703e-07,-3.1439572305578784e-05,-6.902768836586923e-05,-1.505014012720017e-07,-3.2172103788431574e-05,-7.071842308858405e-05,-1.5788303453789083e-07,-3.291210463460243e-05,-7.242949885221402e-05,-1.6553279660857362e-07,-3.365954145875311e-05,-7.416091014568117e-05,-1.7345709358211488e-07,-3.441438089203648e-05,-7.591265139242604e-05,-1.816624066181681e-07,-3.5176589582230595e-05,-7.768471695042607e-05,-1.9015529191154252e-07,-3.594613419387292e-05,-7.947710111221447e-05,-1.98942380665463e-07,-3.672298140839427e-05,-8.128979810489919e-05,-2.080303790645243e-07,-3.7507097924252784e-05,-8.312280209018192e-05,0.30000000000000004
-1.3651727222674274e-07,-3.0714543587739055e-05,-6.735730012964776e-05,-1.4338156580055703e-07,-3.1439572305578784e-05,-6.902768836586923e-05,-1.505014012720017e-07,-3.2172103788431574e-05,-7.071842308858405e-05,-1.5788303453789083e-07,-3.291210463460243e-05,-7.242949885221402e-05,-1.6553279660857362e-07,-3.365954145875311e-05,-7.416091014568117e-05,-1.7345709358211488e-07,-3.441438089203648e-05,-7.591265139242604e-05,-1.816624066181681e-07,-3.5176589582230595e-05,-7.768471695042607e-05,-1.9015529191154252e-07,-3.594613419387292e-05,-7.947710111221447e-05,-1.98942380665463e-07,-3.672298140839427e-05,-8.128979810489919e-05,-2.080303790645243e-07,-3.7507097924252784e-05,-8.312280209018192e-05,0.30000000000000004
-1.3651727222674274e-07,-3.0714543587739055e-05,-6.735730012964776e-05,-1.4338156580055703e-07,-3.1439572305578784e-05,-6.902768836586923e-05,-1.505014012720017e-07,-3.2172103788431574e-05,-7.071842308858405e-05,-1.5788303453789083e-07,-3.291210463460243e-05,-7.242949885221402e-05,-1.6553279660857362e-07,-3.365954145875311e-05,-7.416091014568117e-05,-1.7345709358211488e-07,-3.441438089203648e-05,-7.591265139242604e-05,-1.816624066181681e-07,-3.5176589582230595e-05,-7.768471695042607e-05,-1.9015529191154252e-07,-3.594613419387292e-05,-7.947710111221447e-05,-1.98942380665463e-07,-3.672298140839427e-05,-8.128979810489919e-05,-2.080303790645243e-07,-3.7507097924252784e-05,-8.312280209018192e-05,0.30000000000000004
-1.3651727222674274e-07,-3.0714543587739055e-05,-6.735730012964776e-05,-1.4338156580055703e-07,-3.1439572305578784e-05,-6.902768836586923e-05,-1.505014012720017e-07,-3.2172103788431574e-05,-7.071842308858405e-05,-1.5788303453789083e-07,-3.291210463460243e-05,-7.242949885221402e-05,-1.6553279660857362e-07,-3.365954145875311e-05,-7.416091014568117e-05,-1.7345709358211488e-07,-3.441438089203648e-05,-7.591265139242604e-05,-1.816624066181681e-07,-3.5176589582230595e-05,-7.768471695042607e-05,-1.9015529191154252e-07,-3.594613419387292e-05,-7.947710111221447e-05,-1.98942380665463e-07,-3.672298140839427e-05,-8.128979810489919e-05,-2.080303790645243e-07,-3.7507097924252784e-05,-8.312280209018192e-05,0.30000000000000004
-1.3651727222674274e-07,-3.0714543587739055e-05,-6.735730012964776e-05,-1.4338156580055703e-07,-3.1439572305578784e-05,-6.902768836586923e-05,-1.505014012720017e-07,-3.2172103788431574e-05,-7.071842308858405e-05,-1.5788303453789083e-07,-3.291210463460243e-05,-7.242949885221402e-05,-1.6553279660857362e-07,-3.365954145875311e-05,-7.416091014568117e-05,-1.7345709358211488e-07,-3.441438089203648e-05,-7.591265139242604e-05,-1.816624066181681e-07,-3.5176589582230595e-05,-7.768471695042607e-05,-1.9015529191154252e-07,-3.594613419387292e-05,-7.947710111221447e-05,-1.98942380665463e-07,-3.672298140839427e-05,-8.128979810489919e-05,-2.080303790645243e-07,-3.7507097924252784e-05,-8.312280209018192e-05,0.30000000000000004
-1.3651727222674274e-07,-3.0714543587739055e-05,-6.735730012964776e-05,-1.4338156580055703e-07,-3.1439572305578784e-05,-6.902768836586923e-05,-1.505014012720017e-07,-3.2172103788431574e-05,-7.071842308858405e-05,-1.5788303453789083e-07,-3.291210463460243e-05,-7.242949885221402e-05,-1.6553279660857362e-07,-3.365954145875311e-05,-7.416091014568117e-05,-1.7345709358211488e-07,-3.441438089203648e-05,-7.591265139242604e-05,-1.816624066181681e-07,-3.5176589582230595e-05,-7.768471695042607e-05,-1.9015529191154252e-07,-3.594613419387292e-05,-7.947710111221447e-05,-1.98942380665463e-07,-3.672298140839427e-05,-8.128979810489919e-05,-2.080303790645243e-07,-3.7507097924252784e-05,-8.312280209018192e-05,0.30000000000000004
-1.3651727222674274e-07,-3.0714543587739055e-05,-6.735730012964776e-05,-1.4338156580055703e-07,-3.1439572305578784e-05,-6.902768836586923e-05,-1.505014012720017e-07,-3.2172103788431574e-05,-7.071842308858405e-05,-1.5788303453789083e-07,-3.291210463460243e-05,-7.242949885221402e-05,-1.6553279660857362e-07,-3.365954145875311e-05,-7.416091014568117e-05,-1.7345709358211488e-07,-3.441438089203648e-05,-7.591265139242604e-05,-1.816624066181681e-07,-3.5176589582230595e-05,-7.768471695042607e-05,-1.9015529191154252e-07,-3.594613419387292e-05,-7.947710111221447e-05,-1.98942380665463e-07,-3.672298140839427e-05,-8.128979810489919e-05,-2.080303790645243e-07,-3.7507097924252784e-05,-8.312280209018192e-05,0.30000000000000004
-1.3651727222674274e-07,-3.0714543587739055e-05,-6.735730012964776e-05,-1.4338156580055703e-07,-3.1439572305578784e-05,-6.902768836586923e-05,-1.505014012720017e-07,-3.2172103788431574e-05,-7.071842308858405e-05,-1.5788303453789083e-07,-3.291210463460243e-05,-7.242949885221402e-05,-1.6553279660857362e-07,-3.365954145875311e-05,-7.416091014568117e-05,-1.7345709358211488e-07,-3.441438089203648e-05,-7.591265139242604e-05,-1.816624066181681e-07,-3.5176589582230595e-05,-7.768471695042607e-05,-1.9015529191154252e-07,-3.594613419387292e-05,-7.947710111221447e-05,-1.98942380665463e-07,-3.672298140839427e-05,-8.128979810489919e-05,-2.080303790645243e-07,-3.7507097924252784e-05,-8.312280209018192e-05,0.30000000000000004
-1.3651727222674274e-07,-3.0714543587739055e-05,-6.735730012964776e-05,-1.4338156580055703e-07,-3.1439572305578784e-05,-6.902768836586923e-05,-1.505014012720017e-07,-3.2172103788431574e-05,-7.071842308858405e-05,-1.5788303453789083e-07,-3.291210463460243e-05,-7.242949885221402e-05,-1.6553279660857362e-07,-3.365954145875311e-05,-7.416091014568117e-05,-1.7345709358211488e-07,-3.441438089203648e-05,-7.591265139242604e-05,-1.816624066181681e-07,-3.5176589582230595e-05,-7.768471695042607e-05,-1.9015529191154252e-07,-3.594613419387292e-05,-7.947710111221447e-05,-1.98942380665463e-07,-3.672298140839427e-05,-8.128979810489919e-05,-2.080303790645243e-07,-3.7507097924252784e-05,-8.312280209018192e-05,0.30000000000000004
-1.3651727222674274e-07,-3.0714543587739055e-05,-6.735730012964776e-05,-1.4338156580055703e-07,-3.1439572305578784e-05,-6.902768836586923e-05,-1.505014012720017e-07,-3.2172103788431574e-05,-7.071842308858405e-05,-1.5788303453789083e-07,-3.291210463460243e-05,-7.242949885221402e-05,-1.6553279660857362e-07,-3.365954145875311e-05,-7.416091014568117e-05,-1.7345709358211488e-07,-3.441438089203648e-05,-7.591265139242604e-05,-1.816624066181681e-07,-3.5176589582230595e-05,-7.768471695042607e-05,-1.9015529191154252e-07,-3.594613419387292e-05,-7.947710111221447e-05,-1.98942380665463e-07,-3.672298140839427e-05,-8.128979810489919e-05,-2.080303790645243e-07,-3.7507097924252784e-05,-8.312280209018192e-05,0.30000000000000004
-1.3651727222674274e-07,-3.0714543587739055e-05,-6.735730012964776e-05,-1.4338156580055703e-07,-3.1439572305578784e-05,-6.902768836586923e-05,-1.505014012720017e-07,-3.2172103788431574e-05,-7.071842308858405e-05,-1.5788303453789083e-07,-3.291210463460243e-05,-7.242949885221402e-05,-1.6553279660857362e-07,-3.365954145875311e-05,-7.416091014568117e-05,-1.7345709358211488e-07,-3.441438089203648e-05,-7.591265139242604e-05,-1.816624066181681e-07,-3.5176589582230595e-05,-7.768471695042607e-05,-1.9015529191154252e-07,-3.594613419387292e-05,-7.947710111221447e-05,-1.98942380665463e-07,-3.672298140839427e-05,-8.128979810489919e-05,-2.080303790645243e-07,-3.7507097924252784e-05,-8.312280209018192e-05,0.30000000000000004
-1.3651727222674274e-07,-3.0714543587739055e-05,-6.735730012964776e-05,-1.4338156580055703e-07,-3.1439572305578784e-05,-6.902768836586923e-05,-1.505014012720017e-07,-3.2172103788431574e-05,-7.071842308858405e-05,-1.5788303453789083e-07,-3.291210463460243e-05,-7.242949885221402e-05,-1.6553279660857362e-07,-3.365954145875311e-05,-7.416091014568117e-05,-1.7345709358211488e-07,-3.441438089203648e-05,-7.591265139242604e-05,-1.816624066181681e-07,-3.5176589582230595e-05,-7.768471695042607e-05,-1.9015529191154252e-07,-3.594613419387292e-05,-7.947710111221447e-05,-1.98942380665463e-07,-3.672298140839427e-05,-8.128979810489919e-05,-2.080303790645243e-07,-3.7507097924252784e-05,-8.312280209018192e-05,0.30000000000000004
-1.3651727222674274e-07,-3.0714543587739055e-05,-6.735730012964776e-05,-1.4338156580055703e-07,-3.1439572305578784e-05,-6.902768836586923e-05,-1.505014012720017e-07,-3.2172103788431574e-05,-7.071842308858405e-05,-1.5788303453789083e-07,-3.291210463460243e-05,-7.242949885221402e-05,-1.6553279660857362e-07,-3.365954145875311e-05,-7.416091014568117e-05,-1.7345709358211488e-07,-3.441438089203648e-05,-7.591265139242604e-05,-1.816624066181681e-07,-3.5176589582230595e-05,-7.768471695042607e-05,-1.9015529191154252e-07,-3.594613419387292e-05,-7.947710111221447e-05,-1.98942380665463e-07,-3.672298140839427e-05,-8.128979810489919e-05,-2.080303790645243e-07,-3.7507097924252784e-05,-8.312280209018192e-05,0.30000000000000004
-1.3651727222674274e-07,-3.0714543587739055e-05,-6.735730012964776e-05,-1.4338156580055703e-07,-3.1439572305578784e-05,-6.902768836586923e-05,-1.505014012720017e-07,-3.2172103788431574e-05,-7.071842308858405e-05,-1.5788303453789083e-07,-3.291210463460243e-05,-7.242949885221402e-05,-1.6553279660857362e-07,-3.365954145875311e-05,-7.416091014568117e-05,-1.7345709358211488e-07,-3.441438089203648e-05,-7.591265139242604e-05,-1.816624066181681e-07,-3.5176589582230595e-05,-7.768471695042607e-05,-1.9015529191154252e-07,-3.594613419387292e-05,-7.947710111221447e-05,-1.98942380665463e-07,-3.672298140839427e-05,-8.128979810489919e-05,-2.080303790645243e-07,-3.7507097924252784e-05,-8.312280209018192e-05,0.30000000000000004
-1.3651727222674274e-07,-3.0714543587739055e-05,-6.735730012964776e-05,-1.4338156580055703e-07,-3.1439572305578784e-05,-6.902768836586923e-05,-1.505014012720017e-07,-3.2172103788431574e-05,-7.071842308858405e-05,-1.5788303453789083e-07,-3.291210463460243e-05,-7.242949885221402e-05,-1.6553279660857362e-07,-3.365954145875311e-05,-7.416091014568117e-05,-1.7345709358211488e-07,-3.441438089203648e-05,-7.591265139242604e-05,-1.816624066181681e-07,-3.5176589582230595e-05,-7.768471695042607e-05,-1.9015529191154252e-07,-3.594613419387292e-05,-7.947710111221447e-05,-1.98942380665463e-07,-3.672298140839427e-05,-8.128979810489919e-05,-2.080303790645243e-07,-3.7507097924252784e-05,-8.312280209018192e-05,0.30000000000000004
-1.3651727222674274e-07,-3.0714543587739055e-05,-6.735730012964776e-05,-1.4338156580055703e-07,-3.1439572305578784e-05,-6.902768836586923e-05,-1.505014012720017e-07,-3.2172103788431574e-05,-7.071842308858405e-05,-1.5788303453789083e-07,-3.291210463460243e-05,-7.242949885221402e-05,-1.6553279660857362e-07,-3.365954145875311e-05,-7.416091014568117e-05,-1.7345709358211488e-07,-3.441438089203648e-05,-7.591265139242604e-05,-1.816624066181681e-07,-3.5176589582230595e-05,-7.768471695042607e-05,-1.9015529191154252e-07,-3.594613419387292e-05,-7.947710111221447e-05,-1.98942380665463e-07,-3.672298140839427e-05,-8.128979810489919e-05,-2.080303790645243e-07,-3.7507097924252784e-05,-8.312280209018192e-05,0.30000000000000004
-1.3651727222674274e-07,-3.0714543587739055e-05,-6.735730012964776e-05,-1.4338156580055703e-07,-3.1439572305578784e-05,-6.902768836586923e-05,-1.505014012720017e-07,-3.2172103788431574e-05,-7.071842308858405e-05,-1.5788303453789083e-07,-3.291210463460243e-05,-7.242949885221402e-05,-1.6553279660857362e-07,-3.365954145875311e-05,-7.416091014568117e-05,-1.7345709358211488e-07,-3.441438089203648e-05,-7.591265139242604e-05,-1.816624066181681e-07,-3.5176589582230595e-05,-7.768471695042607e-05,-1.9015529191154252e-07,-3.594613419387292e-05,-7.947710111221447e-05,-1.98942380665463e-07,-3.672298140839427e-05,-8.128979810489919e-05,-2.080303790645243e-07,-3.7507097924252784e-05,-8.312280209018192e-05,0.30000000000000004
-1.3651727222674274e-07,-3.0714543587739055e-05,-6.735730012964776e-05,-1.4338156580055703e-07,-3.1439572305578784e-05,-6.902768836586923e-05,-1.505014012720017e-07,-3.2172103788431574e-05,-7.071842308858405e-05,-1.5788303453789083e-07,-3.291210463460243e-05,-7.242949885221402e-05,-1.6553279660857362e-07,-3.365954145875311e-05,-7.416091014568117e-05,-1.7345709358211488e-07,-3.441438089203648e-05,-7.591265139242604e-05,-1.816624066181681e-07,-3.5176589582230595e-05,-7.768471695042607e-05,-1.9015529191154252e-07,-3.594613419387292e-05,-7.947710111221447e-05,-1.98942380665463e-07,-3.672298140839427e-05,-8.128979810489919e-05,-2.080303790645243e-07,-3.7507097924252784e-05,-8.312280209018192e-05,0.30000000000000004
-1.3651727222674274e-07,-3.0714543587739055e-05,-6.735730012964776e-05,-1.4338156580055703e-07,-3.1439572305578784e-05,-6.902768836586923e-05,-1.505014012720017e-07,-3.2172103788431574e-05,-7.071842308858405e-05,-1.5788303453789083e-07,-3.291210463460243e-05,-7.242949885221402e-05,-1.6553279660857362e-07,-3.365954145875311e-05,-7.416091014568117e-05,-1.7345709358211488e-07,-3.441438089203648e-05,-7.591265139242604e-05,-1.816624066181681e-07,-3.5176589582230595e-05,-7.768471695042607e-05,-1.9015529191154252e-07,-3.594613419387292e-05,-7.947710111221447e-05,-1.98942380665463e-07,-3.672298140839427e-05,-8.128979810489919e-05,-2.080303790645243e-07,-3.7507097924252784e-05,-8.312280209018192e-05,0.30000000000000004
-1.3651727222674274e-07,-3.0714543587739055e-05,-6.735730012964776e-05,-1.4338156580055703e-07,-3.1439572305578784e-05,-6.902768836586923e-05,-1.505014012720017e-07,-3.2172103788431574e-05,-7.071842308858405e-05,-1.5788303453789083e-07,-3.291210463460243e-05,-7.242949885221402e-05,-1.6553279660857362e-07,-3.365954145875311e-05,-7.416091014568117e-05,-1.7345709358211488e-07,-3.441438089203648e-05,-7.591265139242604e-05,-1.816624066181681e-07,-3.5176589582230595e-05,-7.768471695042607e-05,-1.9015529191154252e-07,-3.594613419387292e-05,-7.947710111221447e-05,-1.98942380665463e-07,-3.672298140839427e-05,-8.128979810489919e-05,-2.080303790645243e-07,-3.7507097924252784e-05,-8.312280209018192e-05,0.30000000000000004
-1.3651727222674274e-07,-3.0714543587739055e-05,-6.735730012964776e-05,-1.4338156580055703e-07,-3.1439572305578784e-05,-6.902768836586923e-05,-1.505014012720017e-07,-3.2172103788431574e-05,-7.071842308858405e-05,-1.5788303453789083e-07,-3.291210463460243e-05,-7.242949885221402e-05,-1.6553279660857362e-07,-3.365954145875311e-05,-7.416091014568117e-05,-1.7345709358211488e-07,-3.441438089203648e-05,-7.591265139242604e-05,-1.816624066181681e-07,-3.5176589582230595e-05,-7.768471695042607e-05,-1.9015529191154252e-07,-3.594613419387292e-05,-7.947710111221447e-05,-1.98942380665463e-07,-3.672298140839427e-05,-8.128979810489919e-05,-2.080303790645243e-07,-3.7507097924252784e-05,-8.312280209018192e-05,0.30000000000000004
-1.3651727222674274e-07,-3.0714543587739055e-05,-6.735730012964776e-05,-1.4338156580055703e-07,-3.1439572305578784e-05,-6.902768836586923e-05,-1.505014012720017e-07,-3.2172103788431574e-05,-7.071842308858405e-05,-1.5788303453789083e-07,-3.291210463460243e-05,-7.242949885221402e-05,-1.6553279660857362e-07,-3.365954145875311e-05,-7.416091014568117e-05,-1.7345709358211488e-07,-3.441438089203648e-05,-7.591265139242604e-05,-1.816624066181681e-07,-3.5176589582230595e-05,-7.768471695042607e-05,-1.9015529191154252e-07,-3.594613419387292e-05,-7.947710111221447e-05,-1.98942380665463e-07,-3.672298140839427e-05,-8.128979810489919e-05,-2.080303790645243e-07,-3.7507097924252784e-05,-8.312280209018192e-05,0.30000000000000004
-1.3651727222674274e-07,-3.0714543587739055e-05,-6.735730012964776e-05,-1.4338156580055703e-07,-3.1439572305578784e-05,-6.902768836586923e-05,-1.505014012720017e-07,-3.2172103788431574e-05,-7.071842308858405e-05,-1.5788303453789083e-07,-3.291210463460243e-05,-7.242949885221402e-05,-1.6553279660857362e-07,-3.365954145875311e-05,-7.416091014568117e-05,-1.7345709358211488e-07,-3.441438089203648e-05,-7.591265139242604e-05,-1.816624066181681e-07,-3.5176589582230595e-05,-7.768471695042607e-05,-1.9015529191154252e-07,-3.594613419387292e-05,-7.947710111221447e-05,-1.98942380665463e-07,-3.672298140839427e-05,-8.128979810489919e-05,-2.080303790645243e-07,-3.7507097924252784e-05,-8.312280209018192e-05,0.30000000000000004
-1.3651727222674274e-07,-3.0714543587739055e-05,-6.735730012964776e-05,-1.4338156580055703e-07,-3.1439572305578784e-05,-6.902768836586923e-05,-1.505014012720017e-07,-3.2172103788431574e-05,-7.071842308858405e-05,-1.5788303453789083e-07,-3.291210463460243e-05,-7.242949885221402e-05,-1.6553279660857362e-07,-3.365954145875311e-05,-7.416091014568117e-05,-1.7345709358211488e-07,-3.441438089203648e-05,-7.591265139242604e-05,-1.816624066181681e-07,-3.5176589582230595e-05,-7.768471695042607e-05,-1.9015529191154252e-07,-3.594613419387292e-05,-7.947710111221447e-05,-1.98942380665463e-07,-3.672298140839427e-05,-8.128979810489919e-05,-2.080303790645243e-07,-3.7507097924252784e-05,-8.312280209018192e-05,0.30000000000000004
-1.3651727222674274e-07,-3.0714543587739055e-05,-6.735730012964776e-05,-1.4338156580055703e-07,-3.1439572305578784e-05,-6.902768836586923e-05,-1.505014012720017e-07,-3.2172103788431574e-05,-7.071842308858405e-05,-1.5788303453789083e-07,-3.291210463460243e-05,-7.242949885221402e-05,-1.6553279660857362e-07,-3.365954145875311e-05,-7.416091014568117e-05,-1.7345709358211488e-07,-3.441438089203648e-05,-7.591265139242604e-05,-1.816624066181681e-07,-3.5176589582230595e-05,-7.768471695042607e-05,-1.9015529191154252e-07,-3.594613419387292e-05,-7.947710111221447e-05,-1.98942380665463e-07,-3.672298140839427e-05,-8.128979810489919e-05,-2.080303790645243e-07,-3.7507097924252784e-05,-8.312280209018192e-05,0.30000000000000004
-1.3651727222674274e-07,-3.0714543587739055e-05,-6.735730012964776e-05,-1.4338156580055703e-07,-3.1439572305578784e-05,-6.902768836586923e-05,-1.505014012720017e-07,-3.2172103788431574e-05,-7.071842308858405e-05,-1.5788303453789083e-07,-3.291210463460243e-05,-7.242949885221402e-05,-1.6553279660857362e-07,-3.365954145875311e-05,-7.416091014568117e-05,-1.7345709358211488e-07,-3.441438089203648e-05,-7.591265139242604e-05,-1.816624066181681e-07,-3.5176589582230595e-05,-7.768471695042607e-05,-1.9015529191154252e-07,-3.594613419387292e-05,-7.947710111221447e-05,-1.98942380665463e-07,-3.672298140839427e-05,-8.128979810489919e-05,-2.080303790645243e-07,-3.7507097924252784e-05,-8.312280209018192e-05,0.30000000000000004
-1.3651727222674274e-07,-3.0714543587739055e-05,-6.735730012964776e-05,-1.4338156580055703e-07,-3.1439572305578784e-05,-6.902768836586923e-05,-1.505014012720017e-07,-3.2172103788431574e-05,-7.071842308858405e-05,-1.5788303453789083e-07,-3.291210463460243e-05,-7.242949885221402e-05,-1.6553279660857362e-07,-3.365954145875311e-05,-7.416091014568117e-05,-1.7345709358211488e-07,-3.441438089203648e-05,-7.591265139242604e-05,-1.816624066181681e-07,-3.5176589582230595e-05,-7.768471695042607e-05,-1.9015529191154252e-07,-3.594613419387292e-05,-7.947710111221447e-05,-1.98942380665463e-07,-3.672298140839427e-05,-8.128979810489919e-05,-2.080303790645243e-07,-3.7507097924252784e-05,-8.312280209018192e-05,0.30000000000000004
-1.3651727222674274e-07,-3.0714543587739055e-05,-6.735730012964776e-05,-1.4338156580055703e-07,-3.1439572305578784e-05,-6.902768836586923e-05,-1.505014012720017e-07,-3.2172103788431574e-05,-7.071842308858405e-05,-1.5788303453789083e-07,-3.291210463460243e-05,-7.242949885221402e-05,-1.6553279660857362e-07,-3.365954145875311e-05,-7.416091014568117e-05,-1.7345709358211488e-07,-3.441438089203648e-05,-7.591265139242604e-05,-1.816624066181681e-07,-3.5176589582230595e-05,-7.768471695042607e-05,-1.9015529191154252e-07,-3.594613419387292e-05,-7.947710111221447e-05,-1.98942380665463e-07,-3.672298140839427e-05,-8.128979810489919e-05,-2.080303790645243e-07,-3.7507097924252784e-05,-8.312280209018192e-05,0.30000000000000004
-1.3651727222674274e-07,-3.0714543587739055e-05,-6.735730012964776e-05,-1.4338156580055703e-07,-3.1439572305578784e-05,-6.902768836586923e-05,-1.505014012720017e-07,-3.2172103788431574e-05,-7.071842308858405e-05,-1.5788303453789083e-07,-3.291210463460243e-05,-7.242949885221402e-05,-1.6553279660857362e-07,-3.365954145875311e-05,-7.416091014568117e-05,-1.7345709358211488e-07,-3.441438089203648e-05,-7.591265139242604e-05,-1.816624066181681e-07,-3.5176589582230595e-05,-7.768471695042607e-05,-1.9015529191154252e-07,-3.594613419387292e-05,-7.947710111221447e-05,-1.98942380665463e-07,-3.672298140839427e-05,-8.128979810489919e-05,-2.080303790645243e-07,-3.7507097924252784e-05,-8.312280209018192e-05,0.30000000000000004
-1.3651727222674274e-07,-3.0714543587739055e-05,-6.735730012964776e-05,-1.4338156580055703e-07,-3.1439572305578784e-05,-6.902768836586923e-05,-1.505014012720017e-07,-3.2172103788431574e-05,-7.071842308858405e-05,-1.5788303453789083e-07,-3.291210463460243e-05,-7.242949885221402e-05,-1.6553279660857362e-07,-3.365954145875311e-05,-7.416091014568117e-05,-1.7345709358211488e-07,-3.441438089203648e-05,-7.591265139242604e-05,-1.816624066181681e-07,-3.5176589582230595e-05,-7.768471695042607e-05,-1.9015529191154252e-07,-3.594613419387292e-05,-7.947710111221447e-05,-1.98942380665463e-07,-3.672298140839427e-05,-8.128979810489919e-05,-2.080303790645243e-07,-3.7507097924252784e-05,-8.312280209018192e-05,0.30000000000000004
-1.3651727222674274e-07,-3.0714543587739055e-05,-6.735730012964776e-05,-1.4338156580055703e-07,-3.1439572305578784e-05,-6.902768836586923e-05,-1.505014012720017e-07,-3.2172103788431574e-05,-7.071842308858405e-05,-1.5788303453789083e-07,-3.291210463460243e-05,-7.242949885221402e-05,-1.6553279660857362e-07,-3.365954145875311e-05,-7.416091014568117e-05,-1.7345709358211488e-07,-3.441438089203648e-05,-7.591265139242604e-05,-1.816624066181681e-07,-3.5176589582230595e-05,-7.768471695042607e-05,-1.9015529191154252e-07,-3.594613419387292e-05,-7.947710111221447e-05,-1.98942380665463e-07,-3.672298140839427e-05,-8.128979810489919e-05,-2.080303790645243e-07,-3.7507097924252784e-05,-8.312280209018192e-05,0.30000000000000004
-1.3651727222674274e-07,-3.0714543587739055e-05,-6.735730012964776e-05,-1.4338156580055703e-07,-3.1439572305578784e-05,-6.902768836586923e-05,-1.505014012720017e-07,-3.2172103788431574e-05,-7.071842308858405e-05,-1.5788303453789083e-07,-3.291210463460243e-05,-7.242949885221402e-05,-1.6553279660857362e-07,-3.365954145875311e-05,-7.416091014568117e-05,-1.7345709358211488e-07,-3.441438089203648e-05,-7.591265139242604e-05,-1.816624066181681e-07,-3.5176589582230595e-05,-7.768471695042607e-05,-1.9015529191154252e-07,-3.594613419387292e-05,-7.947710111221447e-05,-1.98942380665463e-07,-3.672298140839427e-05,-8.128979810489919e-05,-2.080303790645243e-07,-3.7507097924252784e-05,-8.312280209018192e-05,0.30000000000000004
-1.3651727222674274e-07,-3.0714543587739055e-05,-6.735730012964776e-05,-1.4338156580055703e-07,-3.1439572305578784e-05,-6.902768836586923e-05,-1.505014012720017e-07,-3.2172103788431574e-05,-7.071842308858405e-05,-1.5788303453789083e-07,-3.291210463460243e-05,-7.242949885221402e-05,-1.6553279660857362e-07,-3.365954145875311e-05,-7.416091014568117e-05,-1.7345709358211488e-07,-3.441438089203648e-05,-7.591265139242604e-05,-1.816624066181681e-07,-3.5176589582230595e-05,-7.768471695042607e-05,-1.9015529191154252e-07,-3.594613419387292e-05,-7.947710111221447e-05,-1.98942380665463e-07,-3.672298140839427e-05,-8.128979810489919e-05,-2.080303790645243e-07,-3.7507097924252784e-05,-8.312280209018192e-05,0.30000000000000004
-1.3651727222674274e-07,-3.0714543587739055e-05,-6.735730012964776e-05,-1.4338156580055703e-07,-3.1439572305578784e-05,-6.902768836586923e-05,-1.505014012720017e-07,-3.2172103788431574e-05,-7.071842308858405e-05,-1.5788303453789083e-07,-3.291210463460243e-05,-7.242949885221402e-05,-1.6553279660857362e-07,-3.365954145875311e-05,-7.416091014568117e-05,-1.7345709358211488e-07,-3.441438089203648e-05,-7.591265139242604e-05,-1.816624066181681e-07,-3.5176589582230595e-05,-7.768471695042607e-05,-1.9015529191154252e-07,-3.594613419387292e-05,-7.947710111221447e-05,-1.98942380665463e-07,-3.672298140839427e-05,-8.128979810489919e-05,-2.080303790645243e-07,-3.7507097924252784e-05,-8.312280209018192e-05,0.30000000000000004
-1.3651727222674274e-07,-3.0714543587739055e-05,-6.735730012964776e-05,-1.4338156580055703e-07,-3.1439572305578784e-05,-6.902768836586923e-05,-1.505014012720017e-07,-3.2172103788431574e-05,-7.071842308858405e-05,-1.5788303453789083e-07,-3.291210463460243e-05,-7.242949885221402e-05,-1.6553279660857362e-07,-3.365954145875311e-05,-7.416091014568117e-05,-1.7345709358211488e-07,-3.441438089203648e-05,-7.591265139242604e-05,-1.816624066181681e-07,-3.5176589582230595e-05,-7.768471695042607e-05,-1.9015529191154252e-07,-3.594613419387292e-05,-7.947710111221447e-05,-1.98942380665463e-07,-3.672298140839427e-05,-8.128979810489919e-05,-2.080303790645243e-07,-3.7507097924252784e-05,-8.312280209018192e-05,0.30000000000000004
-1.3651727222674274e-07,-3.0714543587739055e-05,-6.735730012964776e-05,-1.4338156580055703e-07,-3.1439572305578784e-05,-6.902768836586923e-05,-1.505014012720017e-07,-3.2172103788431574e-05,-7.071842308858405e-05,-1.5788303453789083e-07,-3.291210463460243e-05,-7.242949885221402e-05,-1.6553279660857362e-07,-3.365954145875311e-05,-7.416091014568117e-05,-1.7345709358211488e-07,-3.441438089203648e-05,-7.591265139242604e-05,-1.816624066181681e-07,-3.5176589582230595e-05,-7.768471695042607e-05,-1.9015529191154252e-07,-3.594613419387292e-05,-7.947710111221447e-05,-1.98942380665463e-07,-3.672298140839427e-05,-8.128979810489919e-05,-2.080303790645243e-07,-3.7507097924252784e-05,-8.312280209018192e-05,0.30000000000000004
-1.3651727222674274e-07,-3.0714543587739055e-05,-6.735730012964776e-05,-1.4338156580055703e-07,-3.1439572305578784e-05,-6.902768836586923e-05,-1.505014012720017e-07,-3.2172103788431574e-05,-7.071842308858405e-05,-1.5788303453789083e-07,-3.291210463460243e-05,-7.242949885221402e-05,-1.6553279660857362e-07,-3.365954145875311e-05,-7.416091014568117e-05,-1.7345709358211488e-07,-3.441438089203648e-05,-7.591265139242604e-05,-1.816624066181681e-07,-3.5176589582230595e-05,-7.768471695042607e-05,-1.9015529191154252e-07,-3.594613419387292e-05,-7.947710111221447e-05,-1.98942380665463e-07,-3.672298140839427e-05,-8.128979810489919e-05,-2.080303790645243e-07,-3.7507097924252784e-05,-8.312280209018192e-05,0.30000000000000004
-1.3651727222674274e-07,-3.0714543587739055e-05,-6.735730012964776e-05,-1.4338156580055703e-07,-3.1439572305578784e-05,-6.902768836586923e-05,-1.505014012720017e-07,-3.2172103788431574e-05,-7.071842308858405e-05,-1.5788303453789083e-07,-3.291210463460243e-05,-7.242949885221402e-05,-1.6553279660857362e-07,-3.365954145875311e-05,-7.416091014568117e-05,-1.7345709358211488e-07,-3.441438089203648e-05,-7.591265139242604e-05,-1.816624066181681e-07,-3.5176589582230595e-05,-7.768471695042607e-05,-1.9015529191154252e-07,-3.594613419387292e-05,-7.947710111221447e-05,-1.98942380665463e-07,-3.672298140839427e-05,-8.128979810489919e-05,-2.080303790645243e-07,-3.7507097924252784e-05,-8.312280209018192e-05,0.30000000000000004
-1.3651727222674274e-07,-3.0714543587739055e-05,-6.735730012964776e-05,-1.4338156580055703e-07,-3.1439572305578784e-05,-6.902768836586923e-05,-1.505014012720017e-07,-3.2172103788431574e-05,-7.071842308858405e-05,-1.5788303453789083e-07,-3.291210463460243e-05,-7.242949885221402e-05,-1.6553279660857362e-07,-3.365954145875311e-05,-7.416091014568117e-05,-1.7345709358211488e-07,-3.441438089203648e-05,-7.591265139242604e-05,-1.816624066181681e-07,-3.5176589582230595e-05,-7.768471695042607e-05,-1.9015529191154252e-07,-3.594613419387292e-05,-7.947710111221447e-05,-1.98942380665463e-07,-3.672298140839427e-05,-8.128979810489919e-05,-2.080303790645243e-07,-3.7507097924252784e-05,-8.312280209018192e-05,0.30000000000000004
-1.3651727222674274e-07,-3.0714543587739055e-05,-6.735730012964776e-05,-1.4338156580055703e-07,-3.1439572305578784e-05,-6.902768836586923e-05,-1.505014012720017e-07,-3.2172103788431574e-05,-7.071842308858405e-05,-1.5788303453789083e-07,-3.291210463460243e-05,-7.242949885221402e-05,-1.6553279660857362e-07,-3.365954145875311e-05,-7.416091014568117e-05,-1.7345709358211488e-07,-3.441438089203648e-05,-7.591265139242604e-05,-1.816624066181681e-07,-3.5176589582230595e-05,-7.768471695042607e-05,-1.9015529191154252e-07,-3.594613419387292e-05,-7.947710111221447e-05,-1.98942380665463e-07,-3.672298140839427e-05,-8.128979810489919e-05,-2.080303790645243e-07,-3.7507097924252784e-05,-8.312280209018192e-05,0.30000000000000004
-1.3651727222674274e-07,-3.0714543587739055e-05,-6.735730012964776e-05,-1.4338156580055703e-07,-3.1439572305578784e-05,-6.902768836586923e-05,-1.505014012720017e-07,-3.2172103788431574e-05,-7.071842308858405e-05,-1.5788303453789083e-07,-3.291210463460243e-05,-7.242949885221402e-05,-1.6553279660857362e-07,-3.365954145875311e-05,-7.416091014568117e-05,-1.7345709358211488e-07,-3.441438089203648e-05,-7.591265139242604e-05,-1.816624066181681e-07,-3.5176589582230595e-05,-7.768471695042607e-05,-1.9015529191154252e-07,-3.594613419387292e-05,-7.947710111221447e-05,-1.98942380665463e-07,-3.672298140839427e-05,-8.128979810489919e-05,-2.080303790645243e-07,-3.7507097924252784e-05,-8.312280209018192e-05,0.30000000000000004
-1.3651727222674274e-07,-3.0714543587739055e-05,-6.735730012964776e-05,-1.4338156580055703e-07,-3.1439572305578784e-05,-6.902768836586923e-05,-1.505014012720017e-07,-3.2172103788431574e-05,-7.071842308858405e-05,-1.5788303453789083e-07,-3.291210463460243e-05,-7.242949885221402e-05,-1.6553279660857362e-07,-3.365954145875311e-05,-7.416091014568117e-05,-1.7345709358211488e-07,-3.441438089203648e-05,-7.591265139242604e-05,-1.816624066181681e-07,-3.5176589582230595e-05,-7.768471695042607e-05,-1.9015529191154252e-07,-3.594613419387292e-05,-7.947710111221447e-05,-1.98942380665463e-07,-3.672298140839427e-05,-8.128979810489919e-05,-2.080303790645243e-07,-3.7507097924252784e-05,-8.312280209018192e-05,0.30000000000000004
-1.3651727222674274e-07,-3.0714543587739055e-05,-6.735730012964776e-05,-1.4338156580055703e-07,-3.1439572305578784e-05,-6.902768836586923e-05,-1.505014012720017e-07,-3.2172103788431574e-05,-7.071842308858405e-05,-1.5788303453789083e-07,-3.291210463460243e-05,-7.242949885221402e-05,-1.6553279660857362e-07,-3.365954145875311e-05,-7.416091014568117e-05,-1.7345709358211488e-07,-3.441438089203648e-05,-7.591265139242604e-05,-1.816624066181681e-07,-3.5176589582230595e-05,-7.768471695042607e-05,-1.9015529191154252e-07,-3.594613419387292e-05,-7.947710111221447e-05,-1.98942380665463e-07,-3.672298140839427e-05,-8.128979810489919e-05,-2.080303790645243e-07,-3.7507097924252784e-05,-8.312280209018192e-05,0.30000000000000004
-1.3651727222674274e-07,-3.0714543587739055e-05,-6.735730012964776e-05,-1.4338156580055703e-07,-3.1439572305578784e-05,-6.902768836586923e-05,-1.505014012720017e-07,-3.2172103788431574e-05,-7.071842308858405e-05,-1.5788303453789083e-07,-3.291210463460243e-05,-7.242949885221402e-05,-1.6553279660857362e-07,-3.365954145875311e-05,-7.416091014568117e-05,-1.7345709358211488e-07,-3.441438089203648e-05,-7.591265139242604e-05,-1.816624066181681e-07,-3.5176589582230595e-05,-7.768471695042607e-05,-1.9015529191154252e-07,-3.594613419387292e-05,-7.947710111221447e-05,-1.98942380665463e-07,-3.672298140839427e-05,-8.128979810489919e-05,-2.080303790645243e-07,-3.7507097924252784e-05,-8.312280209018192e-05,0.30000000000000004
-1.3651727222674274e-07,-3.0714543587739055e-05,-6.735730012964776e-05,-1.4338156580055703e-07,-3.1439572305578784e-05,-6.902768836586923e-05,-1.505014012720017e-07,-3.2172103788431574e-05,-7.071842308858405e-05,-1.5788303453789083e-07,-3.291210463460243e-05,-7.242949885221402e-05,-1.6553279660857362e-07,-3.365954145875311e-05,-7.416091014568117e-05,-1.7345709358211488e-07,-3.441438089203648e-05,-7.591265139242604e-05,-1.816624066181681e-07,-3.5176589582230595e-05,-7.768471695042607e-05,-1.9015529191154252e-07,-3.594613419387292e-05,-7.947710111221447e-05,-1.98942380665463e-07,-3.672298140839427e-05,-8.128979810489919e-05,-2.080303790645243e-07,-3.7507097924252784e-05,-8.312280209018192e-05,0.30000000000000004
-1.3651727222674274e-07,-3.0714543587739055e-05,-6.735730012964776e-05,-1.4338156580055703e-07,-3.1439572305578784e-05,-6.902768836586923e-05,-1.505014012720017e-07,-3.2172103788431574e-05,-7.071842308858405e-05,-1.5788303453789083e-07,-3.291210463460243e-05,-7.242949885221402e-05,-1.6553279660857362e-07,-3.365954145875311e-05,-7.416091014568117e-05,-1.7345709358211488e-07,-3.441438089203648e-05,-7.591265139242604e-05,-1.816624066181681e-07,-3.5176589582230595e-05,-7.768471695042607e-05,-1.9015529191154252e-07,-3.594613419387292e-05,-7.947710111221447e-05,-1.98942380665463e-07,-3.672298140839427e-05,-8.128979810489919e-05,-2.080303790645243e-07,-3.7507097924252784e-05,-8.312280209018192e-05,0.30000000000000004
-1.3651727222674274e-07,-3.0714543587739055e-05,-6.735730012964776e-05,-1.4338156580055703e-07,-3.1439572305578784e-05,-6.902768836586923e-05,-1.505014012720017e-07,-3.2172103788431574e-05,-7.071842308858405e-05,-1.5788303453789083e-07,-3.291210463460243e-05,-7.242949885221402e-05,-1.6553279660857362e-07,-3.365954145875311e-05,-7.416091014568117e-05,-1.7345709358211488e-07,-3.441438089203648e-05,-7.591265139242604e-05,-1.816624066181681e-07,-3.5176589582230595e-05,-7.768471695042607e-05,-1.9015529191154252e-07,-3.594613419387292e-05,-7.947710111221447e-05,-1.98942380665463e-07,-3.672298140839427e-05,-8.128979810489919e-05,-2.080303790645243e-07,-3.7507097924252784e-05,-8.312280209018192e-05,0.30000000000000004
-1.3651727222674274e-07,-3.0714543587739055e-05,-6.735730012964776e-05,-1.4338156580055703e-07,-3.1439572305578784e-05,-6.902768836586923e-05,-1.505014012720017e-07,-3.2172103788431574e-05,-7.071842308858405e-05,-1.5788303453789083e-07,-3.291210463460243e-05,-7.242949885221402e-05,-1.6553279660857362e-07,-3.365954145875311e-05,-7.416091014568117e-05,-1.7345709358211488e-07,-3.441438089203648e-05,-7.591265139242604e-05,-1.816624066181681e-07,-3.5176589582230595e-05,-7.768471695042607e-05,-1.9015529191154252e-07,-3.594613419387292e-05,-7.947710111221447e-05,-1.98942380665463e-07,-3.672298140839427e-05,-8.128979810489919e-05,-2.080303790645243e-07,-3.7507097924252784e-05,-8.312280209018192e-05,0.30000000000000004
-1.3651727222674274e-07,-3.0714543587739055e-05,-6.735730012964776e-05,-1.4338156580055703e-07,-3.1439572305578784e-05,-6.902768836586923e-05,-1.505014012720017e-07,-3.2172103788431574e-05,-7.071842308858405e-05,-1.5788303453789083e-07,-3.291210463460243e-05,-7.242949885221402e-05,-1.6553279660857362e-07,-3.365954145875311e-05,-7.416091014568117e-05,-1.7345709358211488e-07,-3.441438089203648e-05,-7.591265139242604e-05,-1.816624066181681e-07,-3.5176589582230595e-05,-7.768471695042607e-05,-1.9015529191154252e-07,-3.594613419387292e-05,-7.947710111221447e-05,-1.98942380665463e-07,-3.672298140839427e-05,-8.128979810489919e-05,-2.080303790645243e-07,-3.7507097924252784e-05,-8.312280209018192e-05,0.30000000000000004
-1.3651727222674274e-07,-3.0714543587739055e-05,-6.735730012964776e-05,-1.4338156580055703e-07,-3.1439572305578784e-05,-6.902768836586923e-05,-1.505014012720017e-07,-3.2172103788431574e-05,-7.071842308858405e-05,-1.5788303453789083e-07,-3.291210463460243e-05,-7.242949885221402e-05,-1.6553279660857362e-07,-3.365954145875311e-05,-7.416091014568117e-05,-1.7345709358211488e-07,-3.441438089203648e-05,-7.591265139242604e-05,-1.816624066181681e-07,-3.5176589582230595e-05,-7.768471695042607e-05,-1.9015529191154252e-07,-3.594613419387292e-05,-7.947710111221447e-05,-1.98942380665463e-07,-3.672298140839427e-05,-8.128979810489919e-05,-2.080303790645243e-07,-3.7507097924252784e-05,-8.312280209018192e-05,0.30000000000000004
-1.3651727222674274e-07,-3.0714543587739055e-05,-6.735730012964776e-05,-1.4338156580055703e-07,-3.1439572305578784e-05,-6.902768836586923e-05,-1.505014012720017e-07,-3.2172103788431574e-05,-7.071842308858405e-05,-1.5788303453789083e-07,-3.291210463460243e-05,-7.242949885221402e-05,-1.6553279660857362e-07,-3.365954145875311e-05,-7.416091014568117e-05,-1.7345709358211488e-07,-3.441438089203648e-05,-7.591265139242604e-05,-1.816624066181681e-07,-3.5176589582230595e-05,-7.768471695042607e-05,-1.9015529191154252e-07,-3.594613419387292e-05,-7.947710111221447e-05,-1.98942380665463e-07,-3.672298140839427e-05,-8.128979810489919e-05,-2.080303790645243e-07,-3.7507097924252784e-05,-8.312280209018192e-05,0.30000000000000004
-1.3651727222674274e-07,-3.0714543587739055e-05,-6.735730012964776e-05,-1.4338156580055703e-07,-3.1439572305578784e-05,-6.902768836586923e-05,-1.505014012720017e-07,-3.2172103788431574e-05,-7.071842308858405e-05,-1.5788303453789083e-07,-3.291210463460243e-05,-7.242949885221402e-05,-1.6553279660857362e-07,-3.365954145875311e-05,-7.416091014568117e-05,-1.7345709358211488e-07,-3.441438089203648e-05,-7.591265139242604e-05,-1.816624066181681e-07,-3.5176589582230595e-05,-7.768471695042607e-05,-1.9015529191154252e-07,-3.594613419387292e-05,-7.947710111221447e-05,-1.98942380665463e-07,-3.672298140839427e-05,-8.128979810489919e-05,-2.080303790645243e-07,-3.7507097924252784e-05,-8.312280209018192e-05,0.30000000000000004
-1.3651727222674274e-07,-3.0714543587739055e-05,-6.735730012964776e-05,-1.4338156580055703e-07,-3.1439572305578784e-05,-6.902768836586923e-05,-1.505014012720017e-07,-3.2172103788431574e-05,-7.071842308858405e-05,-1.5788303453789083e-07,-3.291210463460243e-05,-7.242949885221402e-05,-1.6553279660857362e-07,-3.365954145875311e-05,-7.416091014568117e-05,-1.7345709358211488e-07,-3.441438089203648e-05,-7.591265139242604e-05,-1.816624066181681e-07,-3.5176589582230595e-05,-7.768471695042607e-05,-1.9015529191154252e-07,-3.594613419387292e-05,-7.947710111221447e-05,-1.98942380665463e-07,-3.672298140839427e-05,-8.128979810489919e-05,-2.080303790645243e-07,-3.7507097924252784e-05,-8.312280209018192e-05,0.30000000000000004
-1.3651727222674274e-07,-3.0714543587739055e-05,-6.735730012964776e-05,-1.4338156580055703e-07,-3.1439572305578784e-05,-6.902768836586923e-05,-1.505014012720017e-07,-3.2172103788431574e-05,-7.071842308858405e-05,-1.5788303453789083e-07,-3.291210463460243e-05,-7.242949885221402e-05,-1.6553279660857362e-07,-3.365954145875311e-05,-7.416091014568117e-05,-1.7345709358211488e-07,-3.441438089203648e-05,-7.591265139242604e-05,-1.816624066181681e-07,-3.5176589582230595e-05,-7.768471695042607e-05,-1.9015529191154252e-07,-3.594613419387292e-05,-7.947710111221447e-05,-1.98942380665463e-07,-3.672298140839427e-05,-8.128979810489919e-05,-2.080303790645243e-07,-3.7507097924252784e-05,-8.312280209018192e-05,0.30000000000000004
-1.3651727222674274e-07,-3.0714543587739055e-05,-6.735730012964776e-05,-1.4338156580055703e-07,-3.1439572305578784e-05,-6.902768836586923e-05,-1.505014012720017e-07,-3.2172103788431574e-05,-7.071842308858405e-05,-1.5788303453789083e-07,-3.291210463460243e-05,-7.242949885221402e-05,-1.6553279660857362e-07,-3.365954145875311e-05,-7.416091014568117e-05,-1.7345709358211488e-07,-3.441438089203648e-05,-7.591265139242604e-05,-1.816624066181681e-07,-3.5176589582230595e-05,-7.768471695042607e-05,-1.9015529191154252e-07,-3.594613419387292e-05,-7.947710111221447e-05,-1.98942380665463e-07,-3.672298140839427e-05,-8.128979810489919e-05,-2.080303790645243e-07,-3.7507097924252784e-05,-8.312280209018192e-05,0.30000000000000004
-1.3651727222674274e-07,-3.0714543587739055e-05,-6.735730012964776e-05,-1.4338156580055703e-07,-3.1439572305578784e-05,-6.902768836586923e-05,-1.505014012720017e-07,-3.2172103788431574e-05,-7.071842308858405e-05,-1.5788303453789083e-07,-3.291210463460243e-05,-7.242949885221402e-05,-1.6553279660857362e-07,-3.365954145875311e-05,-7.416091014568117e-05,-1.7345709358211488e-07,-3.441438089203648e-05,-7.591265139242604e-05,-1.816624066181681e-07,-3.5176589582230595e-05,-7.768471695042607e-05,-1.9015529191154252e-07,-3.594613419387292e-05,-7.947710111221447e-05,-1.98942380665463e-07,-3.672298140839427e-05,-8.128979810489919e-05,-2.080303790645243e-07,-3.7507097924252784e-05,-8.312280209018192e-05,0.30000000000000004
-1.3651727222674274e-07,-3.0714543587739055e-05,-6.735730012964776e-05,-1.4338156580055703e-07,-3.1439572305578784e-05,-6.902768836586923e-05,-1.505014012720017e-07,-3.2172103788431574e-05,-7.071842308858405e-05,-1.5788303453789083e-07,-3.291210463460243e-05,-7.242949885221402e-05,-1.6553279660857362e-07,-3.365954145875311e-05,-7.416091014568117e-05,-1.7345709358211488e-07,-3.441438089203648e-05,-7.591265139242604e-05,-1.816624066181681e-07,-3.5176589582230595e-05,-7.768471695042607e-05,-1.9015529191154252e-07,-3.594613419387292e-05,-7.947710111221447e-05,-1.98942380665463e-07,-3.672298140839427e-05,-8.128979810489919e-05,-2.080303790645243e-07,-3.7507097924252784e-05,-8.312280209018192e-05,0.30000000000000004
-1.3651727222674274e-07,-3.0714543587739055e-05,-6.735730012964776e-05,-1.4338156580055703e-07,-3.1439572305578784e-05,-6.902768836586923e-05,-1.505014012720017e-07,-3.2172103788431574e-05,-7.071842308858405e-05,-1.5788303453789083e-07,-3.291210463460243e-05,-7.242949885221402e-05,-1.6553279660857362e-07,-3.365954145875311e-05,-7.416091014568117e-05,-1.7345709358211488e-07,-3.441438089203648e-05,-7.591265139242604e-05,-1.816624066181681e-07,-3.5176589582230595e-05,-7.768471695042607e-05,-1.9015529191154252e-07,-3.594613419387292e-05,-7.947710111221447e-05,-1.98942380665463e-07,-3.672298140839427e-05,-8.128979810489919e-05,-2.080303790645243e-07,-3.7507097924252784e-05,-8.312280209018192e-05,0.30000000000000004
-1.3651727222674274e-07,-3.0714543587739055e-05,-6.735730012964776e-05,-1.4338156580055703e-07,-3.1439572305578784e-05,-6.902768836586923e-05,-1.505014012720017e-07,-3.2172103788431574e-05,-7.071842308858405e-05,-1.5788303453789083e-07,-3.291210463460243e-05,-7.242949885221402e-05,-1.6553279660857362e-07,-3.365954145875311e-05,-7.416091014568117e-05,-1.7345709358211488e-07,-3.441438089203648e-05,-7.591265139242604e-05,-1.816624066181681e-07,-3.5176589582230595e-05,-7.768471695042607e-05,-1.9015529191154252e-07,-3.594613419387292e-05,-7.947710111221447e-05,-1.98942380665463e-07,-3.672298140839427e-05,-8.128979810489919e-05,-2.080303790645243e-07,-3.7507097924252784e-05,-8.312280209018192e-05,0.30000000000000004
-1.3651727222674274e-07,-3.0714543587739055e-05,-6.735730012964776e-05,-1.4338156580055703e-07,-3.1439572305578784e-05,-6.902768836586923e-05,-1.505014012720017e-07,-3.2172103788431574e-05,-7.071842308858405e-05,-1.5788303453789083e-07,-3.291210463460243e-05,-7.242949885221402e-05,-1.6553279660857362e-07,-3.365954145875311e-05,-7.416091014568117e-05,-1.7345709358211488e-07,-3.441438089203648e-05,-7.591265139242604e-05,-1.816624066181681e-07,-3.5176589582230595e-05,-7.768471695042607e-05,-1.9015529191154252e-07,-3.594613419387292e-05,-7.947710111221447e-05,-1.98942380665463e-07,-3.672298140839427e-05,-8.128979810489919e-05,-2.080303790645243e-07,-3.7507097924252784e-05,-8.312280209018192e-05,0.30000000000000004
-1.3651727222674274e-07,-3.0714543587739055e-05,-6.735730012964776e-05,-1.4338156580055703e-07,-3.1439572305578784e-05,-6.902768836586923e-05,-1.505014012720017e-07,-3.2172103788431574e-05,-7.071842308858405e-05,-1.5788303453789083e-07,-3.291210463460243e-05,-7.242949885221402e-05,-1.6553279660857362e-07,-3.365954145875311e-05,-7.416091014568117e-05,-1.7345709358211488e-07,-3.441438089203648e-05,-7.591265139242604e-05,-1.816624066181681e-07,-3.5176589582230595e-05,-7.768471695042607e-05,-1.9015529191154252e-07,-3.594613419387292e-05,-7.947710111221447e-05,-1.98942380665463e-07,-3.672298140839427e-05,-8.128979810489919e-05,-2.080303790645243e-07,-3.7507097924252784e-05,-8.312280209018192e-05,0.30000000000000004
-1.3651727222674274e-07,-3.0714543587739055e-05,-6.735730012964776e-05,-1.4338156580055703e-07,-3.1439572305578784e-05,-6.902768836586923e-05,-1.505014012720017e-07,-3.2172103788431574e-05,-7.071842308858405e-05,-1.5788303453789083e-07,-3.291210463460243e-05,-7.242949885221402e-05,-1.6553279660857362e-07,-3.365954145875311e-05,-7.416091014568117e-05,-1.7345709358211488e-07,-3.441438089203648e-05,-7.591265139242604e-05,-1.816624066181681e-07,-3.5176589582230595e-05,-7.768471695042607e-05,-1.9015529191154252e-07,-3.594613419387292e-05,-7.947710111221447e-05,-1.98942380665463e-07,-3.672298140839427e-05,-8.128979810489919e-05,-2.080303790645243e-07,-3.7507097924252784e-05,-8.312280209018192e-05,0.30000000000000004
-1.3651727222674274e-07,-3.0714543587739055e-05,-6.735730012964776e-05,-1.4338156580055703e-07,-3.1439572305578784e-05,-6.902768836586923e-05,-1.505014012720017e-07,-3.2172103788431574e-05,-7.071842308858405e-05,-1.5788303453789083e-07,-3.291210463460243e-05,-7.242949885221402e-05,-1.6553279660857362e-07,-3.365954145875311e-05,-7.416091014568117e-05,-1.7345709358211488e-07,-3.441438089203648e-05,-7.591265139242604e-05,-1.816624066181681e-07,-3.5176589582230595e-05,-7.768471695042607e-05,-1.9015529191154252e-07,-3.594613419387292e-05,-7.947710111221447e-05,-1.98942380665463e-07,-3.672298140839427e-05,-8.128979810489919e-05,-2.080303790645243e-07,-3.7507097924252784e-05,-8.312280209018192e-05,0.30000000000000004
-1.3651727222674274e-07,-3.0714543587739055e-05,-6.735730012964776e-05,-1.4338156580055703e-07,-3.1439572305578784e-05,-6.902768836586923e-05,-1.505014012720017e-07,-3.2172103788431574e-05,-7.071842308858405e-05,-1.5788303453789083e-07,-3.291210463460243e-05,-7.242949885221402e-05,-1.6553279660857362e-07,-3.365954145875311e-05,-7.416091014568117e-05,-1.7345709358211488e-07,-3.441438089203648e-05,-7.591265139242604e-05,-1.816624066181681e-07,-3.5176589582230595e-05,-7.768471695042607e-05,-1.9015529191154252e-07,-3.594613419387292e-05,-7.947710111221447e-05,-1.98942380665463e-07,-3.672298140839427e-05,-8.128979810489919e-05,-2.080303790645243e-07,-3.7507097924252784e-05,-8.312280209018192e-05,0.30000000000000004
-1.3651727222674274e-07,-3.0714543587739055e-05,-6.735730012964776e-05,-1.4338156580055703e-07,-3.1439572305578784e-05,-6.902768836586923e-05,-1.505014012720017e-07,-3.2172103788431574e-05,-7.071842308858405e-05,-1.5788303453789083e-07,-3.291210463460243e-05,-7.242949885221402e-05,-1.6553279660857362e-07,-3.365954145875311e-05,-7.416091014568117e-05,-1.7345709358211488e-07,-3.441438089203648e-05,-7.591265139242604e-05,-1.816624066181681e-07,-3.5176589582230595e-05,-7.768471695042607e-05,-1.9015529191154252e-07,-3.594613419387292e-05,-7.947710111221447e-05,-1.98942380665463e-07,-3.672298140839427e-05,-8.128979810489919e-05,-2.080303790645243e-07,-3.7507097924252784e-05,-8.312280209018192e-05,0.30000000000000004
-1.3651727222674274e-07,-3.0714543587739055e-05,-6.735730012964776e-05,-1.4338156580055703e-07,-3.1439572305578784e-05,-6.902768836586923e-05,-1.505014012720017e-07,-3.2172103788431574e-05,-7.071842308858405e-05,-1.5788303453789083e-07,-3.291210463460243e-05,-7.242949885221402e-05,-1.6553279660857362e-07,-3.365954145875311e-05,-7.416091014568117e-05,-1.7345709358211488e-07,-3.441438089203648e-05,-7.591265139242604e-05,-1.816624066181681e-07,-3.5176589582230595e-05,-7.768471695042607e-05,-1.9015529191154252e-07,-3.594613419387292e-05,-7.947710111221447e-05,-1.98942380665463e-07,-3.672298140839427e-05,-8.128979810489919e-05,-2.080303790645243e-07,-3.7507097924252784e-05,-8.312280209018192e-05,0.30000000000000004
-1.3651727222674274e-07,-3.0714543587739055e-05,-6.735730012964776e-05,-1.4338156580055703e-07,-3.1439572305578784e-05,-6.902768836586923e-05,-1.505014012720017e-07,-3.2172103788431574e-05,-7.071842308858405e-05,-1.5788303453789083e-07,-3.291210463460243e-05,-7.242949885221402e-05,-1.6553279660857362e-07,-3.365954145875311e-05,-7.416091014568117e-05,-1.7345709358211488e-07,-3.441438089203648e-05,-7.591265139242604e-05,-1.816624066181681e-07,-3.5176589582230595e-05,-7.768471695042607e-05,-1.9015529191154252e-07,-3.594613419387292e-05,-7.947710111221447e-05,-1.98942380665463e-07,-3.672298140839427e-05,-8.128979810489919e-05,-2.080303790645243e-07,-3.7507097924252784e-05,-8.312280209018192e-05,0.30000000000000004
-1.3651727222674274e-07,-3.0714543587739055e-05,-6.735730012964776e-05,-1.4338156580055703e-07,-3.1439572305578784e-05,-6.902768836586923e-05,-1.505014012720017e-07,-3.2172103788431574e-05,-7.071842308858405e-05,-1.5788303453789083e-07,-3.291210463460243e-05,-7.242949885221402e-05,-1.6553279660857362e-07,-3.365954145875311e-05,-7.416091014568117e-05,-1.7345709358211488e-07,-3.441438089203648e-05,-7.591265139242604e-05,-1.816624066181681e-07,-3.5176589582230595e-05,-7.768471695042607e-05,-1.9015529191154252e-07,-3.594613419387292e-05,-7.947710111221447e-05,-1.98942380665463e-07,-3.672298140839427e-05,-8.128979810489919e-05,-2.080303790645243e-07,-3.7507097924252784e-05,-8.312280209018192e-05,0.30000000000000004
-1.3651727222674274e-07,-3.0714543587739055e-05,-6.735730012964776e-05,-1.4338156580055703e-07,-3.1439572305578784e-05,-6.902768836586923e-05,-1.505014012720017e-07,-3.2172103788431574e-05,-7.071842308858405e-05,-1.5788303453789083e-07,-3.291210463460243e-05,-7.242949885221402e-05,-1.6553279660857362e-07,-3.365954145875311e-05,-7.416091014568117e-05,-1.7345709358211488e-07,-3.441438089203648e-05,-7.591265139242604e-05,-1.816624066181681e-07,-3.5176589582230595e-05,-7.768471695042607e-05,-1.9015529191154252e-07,-3.594613419387292e-05,-7.947710111221447e-05,-1.98942380665463e-07,-3.672298140839427e-05,-8.128979810489919e-05,-2.080303790645243e-07,-3.7507097924252784e-05,-8.312280209018192e-05,0.30000000000000004
-1.3651727222674274e-07,-3.0714543587739055e-05,-6.735730012964776e-05,-1.4338156580055703e-07,-3.1439572305578784e-05,-6.902768836586923e-05,-1.505014012720017e-07,-3.2172103788431574e-05,-7.071842308858405e-05,-1.5788303453789083e-07,-3.291210463460243e-05,-7.242949885221402e-05,-1.6553279660857362e-07,-3.365954145875311e-05,-7.416091014568117e-05,-1.7345709358211488e-07,-3.441438089203648e-05,-7.591265139242604e-05,-1.816624066181681e-07,-3.5176589582230595e-05,-7.768471695042607e-05,-1.9015529191154252e-07,-3.594613419387292e-05,-7.947710111221447e-05,-1.98942380665463e-07,-3.672298140839427e-05,-8.128979810489919e-05,-2.080303790645243e-07,-3.7507097924252784e-05,-8.312280209018192e-05,0.30000000000000004
-1.3651727222674274e-07,-3.0714543587739055e-05,-6.735730012964776e-05,-1.4338156580055703e-07,-3.1439572305578784e-05,-6.902768836586923e-05,-1.505014012720017e-07,-3.2172103788431574e-05,-7.071842308858405e-05,-1.5788303453789083e-07,-3.291210463460243e-05,-7.242949885221402e-05,-1.6553279660857362e-07,-3.365954145875311e-05,-7.416091014568117e-05,-1.7345709358211488e-07,-3.441438089203648e-05,-7.591265139242604e-05,-1.816624066181681e-07,-3.5176589582230595e-05,-7.768471695042607e-05,-1.9015529191154252e-07,-3.594613419387292e-05,-7.947710111221447e-05,-1.98942380665463e-07,-3.672298140839427e-05,-8.128979810489919e-05,-2.080303790645243e-07,-3.7507097924252784e-05,-8.312280209018192e-05,0.30000000000000004
-1.3651727222674274e-07,-3.0714543587739055e-05,-6.735730012964776e-05,-1.4338156580055703e-07,-3.1439572305578784e-05,-6.902768836586923e-05,-1.505014012720017e-07,-3.2172103788431574e-05,-7.071842308858405e-05,-1.5788303453789083e-07,-3.291210463460243e-05,-7.242949885221402e-05,-1.6553279660857362e-07,-3.365954145875311e-05,-7.416091014568117e-05,-1.7345709358211488e-07,-3.441438089203648e-05,-7.591265139242604e-05,-1.816624066181681e-07,-3.5176589582230595e-05,-7.768471695042607e-05,-1.9015529191154252e-07,-3.594613419387292e-05,-7.947710111221447e-05,-1.98942380665463e-07,-3.672298140839427e-05,-8.128979810489919e-05,-2.080303790645243e-07,-3.7507097924252784e-05,-8.312280209018192e-05,0.30000000000000004
-1.3651727222674274e-07,-3.0714543587739055e-05,-6.735730012964776e-05,-1.4338156580055703e-07,-3.1439572305578784e-05,-6.902768836586923e-05,-1.505014012720017e-07,-3.2172103788431574e-05,-7.071842308858405e-05,-1.5788303453789083e-07,-3.291210463460243e-05,-7.242949885221402e-05,-1.6553279660857362e-07,-3.365954145875311e-05,-7.416091014568117e-05,-1.7345709358211488e-07,-3.441438089203648e-05,-7.591265139242604e-05,-1.816624066181681e-07,-3.5176589582230595e-05,-7.768471695042607e-05,-1.9015529191154252e-07,-3.594613419387292e-05,-7.947710111221447e-05,-1.98942380665463e-07,-3.672298140839427e-05,-8.128979810489919e-05,-2.080303790645243e-07,-3.7507097924252784e-05,-8.312280209018192e-05,0.30000000000000004
-1.3651727222674274e-07,-3.0714543587739055e-05,-6.735730012964776e-05,-1.4338156580055703e-07,-3.1439572305578784e-05,-6.902768836586923e-05,-1.505014012720017e-07,-3.2172103788431574e-05,-7.071842308858405e-05,-1.5788303453789083e-07,-3.291210463460243e-05,-7.242949885221402e-05,-1.6553279660857362e-07,-3.365954145875311e-05,-7.416091014568117e-05,-1.7345709358211488e-07,-3.441438089203648e-05,-7.591265139242604e-05,-1.816624066181681e-07,-3.5176589582230595e-05,-7.768471695042607e-05,-1.9015529191154252e-07,-3.594613419387292e-05,-7.947710111221447e-05,-1.98942380665463e-07,-3.672298140839427e-05,-8.128979810489919e-05,-2.080303790645243e-07,-3.7507097924252784e-05,-8.312280209018192e-05,0.30000000000000004
-1.3651727222674274e-07,-3.0714543587739055e-05,-6.735730012964776e-05,-1.4338156580055703e-07,-3.1439572305578784e-05,-6.902768836586923e-05,-1.505014012720017e-07,-3.2172103788431574e-05,-7.071842308858405e-05,-1.5788303453789083e-07,-3.291210463460243e-05,-7.242949885221402e-05,-1.6553279660857362e-07,-3.365954145875311e-05,-7.416091014568117e-05,-1.7345709358211488e-07,-3.441438089203648e-05,-7.591265139242604e-05,-1.816624066181681e-07,-3.5176589582230595e-05,-7.768471695042607e-05,-1.9015529191154252e-07,-3.594613419387292e-05,-7.947710111221447e-05,-1.98942380665463e-07,-3.672298140839427e-05,-8.128979810489919e-05,-2.080303790645243e-07,-3.7507097924252784e-05,-8.312280209018192e-05,0.30000000000000004
-1.3651727222674274e-07,-3.0714543587739055e-05,-6.735730012964776e-05,-1.4338156580055703e-07,-3.1439572305578784e-05,-6.902768836586923e-05,-1.505014012720017e-07,-3.2172103788431574e-05,-7.071842308858405e-05,-1.5788303453789083e-07,-3.291210463460243e-05,-7.242949885221402e-05,-1.6553279660857362e-07,-3.365954145875311e-05,-7.416091014568117e-05,-1.7345709358211488e-07,-3.441438089203648e-05,-7.591265139242604e-05,-1.816624066181681e-07,-3.5176589582230595e-05,-7.768471695042607e-05,-1.9015529191154252e-07,-3.594613419387292e-05,-7.947710111221447e-05,-1.98942380665463e-07,-3.672298140839427e-05,-8.128979810489919e-05,-2.080303790645243e-07,-3.7507097924252784e-05,-8.312280209018192e-05,0.30000000000000004
-1.3651727222674274e-07,-3.0714543587739055e-05,-6.735730012964776e-05,-1.4338156580055703e-07,-3.1439572305578784e-05,-6.902768836586923e-05,-1.505014012720017e-07,-3.2172103788431574e-05,-7.071842308858405e-05,-1.5788303453789083e-07,-3.291210463460243e-05,-7.242949885221402e-05,-1.6553279660857362e-07,-3.365954145875311e-05,-7.416091014568117e-05,-1.7345709358211488e-07,-3.441438089203648e-05,-7.591265139242604e-05,-1.816624066181681e-07,-3.5176589582230595e-05,-7.768471695042607e-05,-1.9015529191154252e-07,-3.594613419387292e-05,-7.947710111221447e-05,-1.98942380665463e-07,-3.672298140839427e-05,-8.128979810489919e-05,-2.080303790645243e-07,-3.7507097924252784e-05,-8.312280209018192e-05,0.30000000000000004
-1.3651727222674274e-07,-3.0714543587739055e-05,-6.735730012964776e-05,-1.4338156580055703e-07,-3.1439572305578784e-05,-6.902768836586923e-05,-1.505014012720017e-07,-3.2172103788431574e-05,-7.071842308858405e-05,-1.5788303453789083e-07,-3.291210463460243e-05,-7.242949885221402e-05,-1.6553279660857362e-07,-3.365954145875311e-05,-7.416091014568117e-05,-1.7345709358211488e-07,-3.441438089203648e-05,-7.591265139242604e-05,-1.816624066181681e-07,-3.5176589582230595e-05,-7.768471695042607e-05,-1.9015529191154252e-07,-3.594613419387292e-05,-7.947710111221447e-05,-1.98942380665463e-07,-3.672298140839427e-05,-8.128979810489919e-05,-2.080303790645243e-07,-3.7507097924252784e-05,-8.312280209018192e-05,0.30000000000000004
-1.3651727222674274e-07,-3.0714543587739055e-05,-6.735730012964776e-05,-1.4338156580055703e-07,-3.1439572305578784e-05,-6.902768836586923e-05,-1.505014012720017e-07,-3.2172103788431574e-05,-7.071842308858405e-05,-1.5788303453789083e-07,-3.291210463460243e-05,-7.242949885221402e-05,-1.6553279660857362e-07,-3.365954145875311e-05,-7.416091014568117e-05,-1.7345709358211488e-07,-3.441438089203648e-05,-7.591265139242604e-05,-1.816624066181681e-07,-3.5176589582230595e-05,-7.768471695042607e-05,-1.9015529191154252e-07,-3.594613419387292e-05,-7.947710111221447e-05,-1.98942380665463e-07,-3.672298140839427e-05,-8.128979810489919e-05,-2.080303790645243e-07,-3.7507097924252784e-05,-8.312280209018192e-05,0.30000000000000004
-1.3651727222674274e-07,-3.0714543587739055e-05,-6.735730012964776e-05,-1.4338156580055703e-07,-3.1439572305578784e-05,-6.902768836586923e-05,-1.505014012720017e-07,-3.2172103788431574e-05,-7.071842308858405e-05,-1.5788303453789083e-07,-3.291210463460243e-05,-7.242949885221402e-05,-1.6553279660857362e-07,-3.365954145875311e-05,-7.416091014568117e-05,-1.7345709358211488e-07,-3.441438089203648e-05,-7.591265139242604e-05,-1.816624066181681e-07,-3.5176589582230595e-05,-7.768471695042607e-05,-1.9015529191154252e-07,-3.594613419387292e-05,-7.947710111221447e-05,-1.98942380665463e-07,-3.672298140839427e-05,-8.128979810489919e-05,-2.080303790645243e-07,-3.7507097924252784e-05,-8.312280209018192e-05,0.30000000000000004
-1.3651727222674274e-07,-3.0714543587739055e-05,-6.735730012964776e-05,-1.4338156580055703e-07,-3.1439572305578784e-05,-6.902768836586923e-05,-1.505014012720017e-07,-3.2172103788431574e-05,-7.071842308858405e-05,-1.5788303453789083e-07,-3.291210463460243e-05,-7.242949885221402e-05,-1.6553279660857362e-07,-3.365954145875311e-05,-7.416091014568117e-05,-1.7345709358211488e-07,-3.441438089203648e-05,-7.591265139242604e-05,-1.816624066181681e-07,-3.5176589582230595e-05,-7.768471695042607e-05,-1.9015529191154252e-07,-3.594613419387292e-05,-7.947710111221447e-05,-1.98942380665463e-07,-3.672298140839427e-05,-8.128979810489919e-05,-2.080303790645243e-07,-3.7507097924252784e-05,-8.312280209018192e-05,0.30000000000000004
-1.3651727222674274e-07,-3.0714543587739055e-05,-6.735730012964776e-05,-1.4338156580055703e-07,-3.1439572305578784e-05,-6.902768836586923e-05,-1.505014012720017e-07,-3.2172103788431574e-05,-7.071842308858405e-05,-1.5788303453789083e-07,-3.291210463460243e-05,-7.242949885221402e-05,-1.6553279660857362e-07,-3.365954145875311e-05,-7.416091014568117e-05,-1.7345709358211488e-07,-3.441438089203648e-05,-7.591265139242604e-05,-1.816624066181681e-07,-3.5176589582230595e-05,-7.768471695042607e-05,-1.9015529191154252e-07,-3.594613419387292e-05,-7.947710111221447e-05,-1.98942380665463e-07,-3.672298140839427e-05,-8.128979810489919e-05,-2.080303790645243e-07,-3.7507097924252784e-05,-8.312280209018192e-05,0.30000000000000004
-1.3651727222674274e-07,-3.0714543587739055e-05,-6.735730012964776e-05,-1.4338156580055703e-07,-3.1439572305578784e-05,-6.902768836586923e-05,-1.505014012720017e-07,-3.2172103788431574e-05,-7.071842308858405e-05,-1.5788303453789083e-07,-3.291210463460243e-05,-7.242949885221402e-05,-1.6553279660857362e-07,-3.365954145875311e-05,-7.416091014568117e-05,-1.7345709358211488e-07,-3.441438089203648e-05,-7.591265139242604e-05,-1.816624066181681e-07,-3.5176589582230595e-05,-7.768471695042607e-05,-1.9015529191154252e-07,-3.594613419387292e-05,-7.947710111221447e-05,-1.98942380665463e-07,-3.672298140839427e-05,-8.128979810489919e-05,-2.080303790645243e-07,-3.7507097924252784e-05,-8.312280209018192e-05,0.30000000000000004
-1.3651727222674274e-07,-3.0714543587739055e-05,-6.735730012964776e-05,-1.4338156580055703e-07,-3.1439572305578784e-05,-6.902768836586923e-05,-1.505014012720017e-07,-3.2172103788431574e-05,-7.071842308858405e-05,-1.5788303453789083e-07,-3.291210463460243e-05,-7.242949885221402e-05,-1.6553279660857362e-07,-3.365954145875311e-05,-7.416091014568117e-05,-1.7345709358211488e-07,-3.441438089203648e-05,-7.591265139242604e-05,-1.816624066181681e-07,-3.5176589582230595e-05,-7.768471695042607e-05,-1.9015529191154252e-07,-3.594613419387292e-05,-7.947710111221447e-05,-1.98942380665463e-07,-3.672298140839427e-05,-8.128979810489919e-05,-2.080303790645243e-07,-3.7507097924252784e-05,-8.312280209018192e-05,0.30000000000000004
-1.3651727222674274e-07,-3.0714543587739055e-05,-6.735730012964776e-05,-1.4338156580055703e-07,-3.1439572305578784e-05,-6.902768836586923e-05,-1.505014012720017e-07,-3.2172103788431574e-05,-7.071842308858405e-05,-1.5788303453789083e-07,-3.291210463460243e-05,-7.242949885221402e-05,-1.6553279660857362e-07,-3.365954145875311e-05,-7.416091014568117e-05,-1.7345709358211488e-07,-3.441438089203648e-05,-7.591265139242604e-05,-1.816624066181681e-07,-3.5176589582230595e-05,-7.768471695042607e-05,-1.9015529191154252e-07,-3.594613419387292e-05,-7.947710111221447e-05,-1.98942380665463e-07,-3.672298140839427e-05,-8.128979810489919e-05,-2.080303790645243e-07,-3.7507097924252784e-05,-8.312280209018192e-05,0.30000000000000004
-1.3651727222674274e-07,-3.0714543587739055e-05,-6.735730012964776e-05,-1.4338156580055703e-07,-3.1439572305578784e-05,-6.902768836586923e-05,-1.505014012720017e-07,-3.2172103788431574e-05,-7.071842308858405e-05,-1.5788303453789083e-07,-3.291210463460243e-05,-7.242949885221402e-05,-1.6553279660857362e-07,-3.365954145875311e-05,-7.416091014568117e-05,-1.7345709358211488e-07,-3.441438089203648e-05,-7.591265139242604e-05,-1.816624066181681e-07,-3.5176589582230595e-05,-7.768471695042607e-05,-1.9015529191154252e-07,-3.594613419387292e-05,-7.947710111221447e-05,-1.98942380665463e-07,-3.672298140839427e-05,-8.128979810489919e-05,-2.080303790645243e-07,-3.7507097924252784e-05,-8.312280209018192e-05,0.30000000000000004
-1.3651727222674274e-07,-3.0714543587739055e-05,-6.735730012964776e-05,-1.4338156580055703e-07,-3.1439572305578784e-05,-6.902768836586923e-05,-1.505014012720017e-07,-3.2172103788431574e-05,-7.071842308858405e-05,-1.5788303453789083e-07,-3.291210463460243e-05,-7.242949885221402e-05,-1.6553279660857362e-07,-3.365954145875311e-05,-7.416091014568117e-05,-1.7345709358211488e-07,-3.441438089203648e-05,-7.591265139242604e-05,-1.816624066181681e-07,-3.5176589582230595e-05,-7.768471695042607e-05,-1.9015529191154252e-07,-3.594613419387292e-05,-7.947710111221447e-05,-1.98942380665463e-07,-3.672298140839427e-05,-8.128979810489919e-05,-2.080303790645243e-07,-3.7507097924252784e-05,-8.312280209018192e-05,0.30000000000000004
-1.3651727222674274e-07,-3.0714543587739055e-05,-6.735730012964776e-05,-1.4338156580055703e-07,-3.1439572305578784e-05,-6.902768836586923e-05,-1.505014012720017e-07,-3.2172103788431574e-05,-7.071842308858405e-05,-1.5788303453789083e-07,-3.291210463460243e-05,-7.242949885221402e-05,-1.6553279660857362e-07,-3.365954145875311e-05,-7.416091014568117e-05,-1.7345709358211488e-07,-3.441438089203648e-05,-7.591265139242604e-05,-1.816624066181681e-07,-3.5176589582230595e-05,-7.768471695042607e-05,-1.9015529191154252e-07,-3.594613419387292e-05,-7.947710111221447e-05,-1.98942380665463e-07,-3.672298140839427e-05,-8.128979810489919e-05,-2.080303790645243e-07,-3.7507097924252784e-05,-8.312280209018192e-05,0.30000000000000004
-1.3651727222674274e-07,-3.0714543587739055e-05,-6.735730012964776e-05,-1.4338156580055703e-07,-3.1439572305578784e-05,-6.902768836586923e-05,-1.505014012720017e-07,-3.2172103788431574e-05,-7.071842308858405e-05,-1.5788303453789083e-07,-3.291210463460243e-05,-7.242949885221402e-05,-1.6553279660857362e-07,-3.365954145875311e-05,-7.416091014568117e-05,-1.7345709358211488e-07,-3.441438089203648e-05,-7.591265139242604e-05,-1.816624066181681e-07,-3.5176589582230595e-05,-7.768471695042607e-05,-1.9015529191154252e-07,-3.594613419387292e-05,-7.947710111221447e-05,-1.98942380665463e-07,-3.672298140839427e-05,-8.128979810489919e-05,-2.080303790645243e-07,-3.7507097924252784e-05,-8.312280209018192e-05,0.30000000000000004
-1.3651727222674274e-07,-3.0714543587739055e-05,-6.735730012964776e-05,-1.4338156580055703e-07,-3.1439572305578784e-05,-6.902768836586923e-05,-1.505014012720017e-07,-3.2172103788431574e-05,-7.071842308858405e-05,-1.5788303453789083e-07,-3.291210463460243e-05,-7.242949885221402e-05,-1.6553279660857362e-07,-3.365954145875311e-05,-7.416091014568117e-05,-1.7345709358211488e-07,-3.441438089203648e-05,-7.591265139242604e-05,-1.816624066181681e-07,-3.5176589582230595e-05,-7.768471695042607e-05,-1.9015529191154252e-07,-3.594613419387292e-05,-7.947710111221447e-05,-1.98942380665463e-07,-3.672298140839427e-05,-8.128979810489919e-05,-2.080303790645243e-07,-3.7507097924252784e-05,-8.312280209018192e-05,0.30000000000000004
-1.3651727222674274e-07,-3.0714543587739055e-05,-6.735730012964776e-05,-1.4338156580055703e-07,-3.1439572305578784e-05,-6.902768836586923e-05,-1.505014012720017e-07,-3.2172103788431574e-05,-7.071842308858405e-05,-1.5788303453789083e-07,-3.291210463460243e-05,-7.242949885221402e-05,-1.6553279660857362e-07,-3.365954145875311e-05,-7.416091014568117e-05,-1.7345709358211488e-07,-3.441438089203648e-05,-7.591265139242604e-05,-1.816624066181681e-07,-3.5176589582230595e-05,-7.768471695042607e-05,-1.9015529191154252e-07,-3.594613419387292e-05,-7.947710111221447e-05,-1.98942380665463e-07,-3.672298140839427e-05,-8.128979810489919e-05,-2.080303790645243e-07,-3.7507097924252784e-05,-8.312280209018192e-05,0.30000000000000004
-1.3651727222674274e-07,-3.0714543587739055e-05,-6.735730012964776e-05,-1.4338156580055703e-07,-3.1439572305578784e-05,-6.902768836586923e-05,-1.505014012720017e-07,-3.2172103788431574e-05,-7.071842308858405e-05,-1.5788303453789083e-07,-3.291210463460243e-05,-7.242949885221402e-05,-1.6553279660857362e-07,-3.365954145875311e-05,-7.416091014568117e-05,-1.7345709358211488e-07,-3.441438089203648e-05,-7.591265139242604e-05,-1.816624066181681e-07,-3.5176589582230595e-05,-7.768471695042607e-05,-1.9015529191154252e-07,-3.594613419387292e-05,-7.947710111221447e-05,-1.98942380665463e-07,-3.672298140839427e-05,-8.128979810489919e-05,-2.080303790645243e-07,-3.7507097924252784e-05,-8.312280209018192e-05,0.30000000000000004
-1.3651727222674274e-07,-3.0714543587739055e-05,-6.735730012964776e-05,-1.4338156580055703e-07,-3.1439572305578784e-05,-6.902768836586923e-05,-1.505014012720017e-07,-3.2172103788431574e-05,-7.071842308858405e-05,-1.5788303453789083e-07,-3.291210463460243e-05,-7.242949885221402e-05,-1.6553279660857362e-07,-3.365954145875311e-05,-7.416091014568117e-05,-1.7345709358211488e-07,-3.441438089203648e-05,-7.591265139242604e-05,-1.816624066181681e-07,-3.5176589582230595e-05,-7.768471695042607e-05,-1.9015529191154252e-07,-3.594613419387292e-05,-7.947710111221447e-05,-1.98942380665463e-07,-3.672298140839427e-05,-8.128979810489919e-05,-2.080303790645243e-07,-3.7507097924252784e-05,-8.312280209018192e-05,0.30000000000000004
-1.3651727222674274e-07,-3.0714543587739055e-05,-6.735730012964776e-05,-1.4338156580055703e-07,-3.1439572305578784e-05,-6.902768836586923e-05,-1.505014012720017e-07,-3.2172103788431574e-05,-7.071842308858405e-05,-1.5788303453789083e-07,-3.291210463460243e-05,-7.242949885221402e-05,-1.6553279660857362e-07,-3.365954145875311e-05,-7.416091014568117e-05,-1.7345709358211488e-07,-3.441438089203648e-05,-7.591265139242604e-05,-1.816624066181681e-07,-3.5176589582230595e-05,-7.768471695042607e-05,-1.9015529191154252e-07,-3.594613419387292e-05,-7.947710111221447e-05,-1.98942380665463e-07,-3.672298140839427e-05,-8.128979810489919e-05,-2.080303790645243e-07,-3.7507097924252784e-05,-8.312280209018192e-05,0.30000000000000004
-1.3651727222674274e-07,-3.0714543587739055e-05,-6.735730012964776e-05,-1.4338156580055703e-07,-3.1439572305578784e-05,-6.902768836586923e-05,-1.505014012720017e-07,-3.2172103788431574e-05,-7.071842308858405e-05,-1.5788303453789083e-07,-3.291210463460243e-05,-7.242949885221402e-05,-1.6553279660857362e-07,-3.365954145875311e-05,-7.416091014568117e-05,-1.7345709358211488e-07,-3.441438089203648e-05,-7.591265139242604e-05,-1.816624066181681e-07,-3.5176589582230595e-05,-7.768471695042607e-05,-1.9015529191154252e-07,-3.594613419387292e-05,-7.947710111221447e-05,-1.98942380665463e-07,-3.672298140839427e-05,-8.128979810489919e-05,-2.080303790645243e-07,-3.7507097924252784e-05,-8.312280209018192e-05,0.30000000000000004
-1.3651727222674274e-07,-3.0714543587739055e-05,-6.735730012964776e-05,-1.4338156580055703e-07,-3.1439572305578784e-05,-6.902768836586923e-05,-1.505014012720017e-07,-3.2172103788431574e-05,-7.071842308858405e-05,-1.5788303453789083e-07,-3.291210463460243e-05,-7.242949885221402e-05,-1.6553279660857362e-07,-3.365954145875311e-05,-7.416091014568117e-05,-1.7345709358211488e-07,-3.441438089203648e-05,-7.591265139242604e-05,-1.816624066181681e-07,-3.5176589582230595e-05,-7.768471695042607e-05,-1.9015529191154252e-07,-3.594613419387292e-05,-7.947710111221447e-05,-1.98942380665463e-07,-3.672298140839427e-05,-8.128979810489919e-05,-2.080303790645243e-07,-3.7507097924252784e-05,-8.312280209018192e-05,0.30000000000000004
-1.3651727222674274e-07,-3.0714543587739055e-05,-6.735730012964776e-05,-1.4338156580055703e-07,-3.1439572305578784e-05,-6.902768836586923e-05,-1.505014012720017e-07,-3.2172103788431574e-05,-7.071842308858405e-05,-1.5788303453789083e-07,-3.291210463460243e-05,-7.242949885221402e-05,-1.6553279660857362e-07,-3.365954145875311e-05,-7.416091014568117e-05,-1.7345709358211488e-07,-3.441438089203648e-05,-7.591265139242604e-05,-1.816624066181681e-07,-3.5176589582230595e-05,-7.768471695042607e-05,-1.9015529191154252e-07,-3.594613419387292e-05,-7.947710111221447e-05,-1.98942380665463e-07,-3.672298140839427e-05,-8.128979810489919e-05,-2.080303790645243e-07,-3.7507097924252784e-05,-8.312280209018192e-05,0.30000000000000004
-1.3651727222674274e-07,-3.0714543587739055e-05,-6.735730012964776e-05,-1.4338156580055703e-07,-3.1439572305578784e-05,-6.902768836586923e-05,-1.505014012720017e-07,-3.2172103788431574e-05,-7.071842308858405e-05,-1.5788303453789083e-07,-3.291210463460243e-05,-7.242949885221402e-05,-1.6553279660857362e-07,-3.365954145875311e-05,-7.416091014568117e-05,-1.7345709358211488e-07,-3.441438089203648e-05,-7.591265139242604e-05,-1.816624066181681e-07,-3.5176589582230595e-05,-7.768471695042607e-05,-1.9015529191154252e-07,-3.594613419387292e-05,-7.947710111221447e-05,-1.98942380665463e-07,-3.672298140839427e-05,-8.128979810489919e-05,-2.080303790645243e-07,-3.7507097924252784e-05,-8.312280209018192e-05,0.30000000000000004
-1.3651727222674274e-07,-3.0714543587739055e-05,-6.735730012964776e-05,-1.4338156580055703e-07,-3.1439572305578784e-05,-6.902768836586923e-05,-1.505014012720017e-07,-3.2172103788431574e-05,-7.071842308858405e-05,-1.5788303453789083e-07,-3.291210463460243e-05,-7.242949885221402e-05,-1.6553279660857362e-07,-3.365954145875311e-05,-7.416091014568117e-05,-1.7345709358211488e-07,-3.441438089203648e-05,-7.591265139242604e-05,-1.816624066181681e-07,-3.5176589582230595e-05,-7.768471695042607e-05,-1.9015529191154252e-07,-3.594613419387292e-05,-7.947710111221447e-05,-1.98942380665463e-07,-3.672298140839427e-05,-8.128979810489919e-05,-2.080303790645243e-07,-3.7507097924252784e-05,-8.312280209018192e-05,0.30000000000000004
-1.3651727222674274e-07,-3.0714543587739055e-05,-6.735730012964776e-05,-1.4338156580055703e-07,-3.1439572305578784e-05,-6.902768836586923e-05,-1.505014012720017e-07,-3.2172103788431574e-05,-7.071842308858405e-05,-1.5788303453789083e-07,-3.291210463460243e-05,-7.242949885221402e-05,-1.6553279660857362e-07,-3.365954145875311e-05,-7.416091014568117e-05,-1.7345709358211488e-07,-3.441438089203648e-05,-7.591265139242604e-05,-1.816624066181681e-07,-3.5176589582230595e-05,-7.768471695042607e-05,-1.9015529191154252e-07,-3.594613419387292e-05,-7.947710111221447e-05,-1.98942380665463e-07,-3.672298140839427e-05,-8.128979810489919e-05,-2.080303790645243e-07,-3.7507097924252784e-05,-8.312280209018192e-05,0.30000000000000004
-1.3651727222674274e-07,-3.0714543587739055e-05,-6.735730012964776e-05,-1.4338156580055703e-07,-3.1439572305578784e-05,-6.902768836586923e-05,-1.505014012720017e-07,-3.2172103788431574e-05,-7.071842308858405e-05,-1.5788303453789083e-07,-3.291210463460243e-05,-7.242949885221402e-05,-1.6553279660857362e-07,-3.365954145875311e-05,-7.416091014568117e-05,-1.7345709358211488e-07,-3.441438089203648e-05,-7.591265139242604e-05,-1.816624066181681e-07,-3.5176589582230595e-05,-7.768471695042607e-05,-1.9015529191154252e-07,-3.594613419387292e-05,-7.947710111221447e-05,-1.98942380665463e-07,-3.672298140839427e-05,-8.128979810489919e-05,-2.080303790645243e-07,-3.7507097924252784e-05,-8.312280209018192e-05,0.30000000000000004
-1.3651727222674274e-07,-3.0714543587739055e-05,-6.735730012964776e-05,-1.4338156580055703e-07,-3.1439572305578784e-05,-6.902768836586923e-05,-1.505014012720017e-07,-3.2172103788431574e-05,-7.071842308858405e-05,-1.5788303453789083e-07,-3.291210463460243e-05,-7.242949885221402e-05,-1.6553279660857362e-07,-3.365954145875311e-05,-7.416091014568117e-05,-1.7345709358211488e-07,-3.441438089203648e-05,-7.591265139242604e-05,-1.816624066181681e-07,-3.5176589582230595e-05,-7.768471695042607e-05,-1.9015529191154252e-07,-3.594613419387292e-05,-7.947710111221447e-05,-1.98942380665463e-07,-3.672298140839427e-05,-8.128979810489919e-05,-2.080303790645243e-07,-3.7507097924252784e-05,-8.312280209018192e-05,0.30000000000000004
-1.3651727222674274e-07,-3.0714543587739055e-05,-6.735730012964776e-05,-1.4338156580055703e-07,-3.1439572305578784e-05,-6.902768836586923e-05,-1.505014012720017e-07,-3.2172103788431574e-05,-7.071842308858405e-05,-1.5788303453789083e-07,-3.291210463460243e-05,-7.242949885221402e-05,-1.6553279660857362e-07,-3.365954145875311e-05,-7.416091014568117e-05,-1.7345709358211488e-07,-3.441438089203648e-05,-7.591265139242604e-05,-1.816624066181681e-07,-3.5176589582230595e-05,-7.768471695042607e-05,-1.9015529191154252e-07,-3.594613419387292e-05,-7.947710111221447e-05,-1.98942380665463e-07,-3.672298140839427e-05,-8.128979810489919e-05,-2.080303790645243e-07,-3.7507097924252784e-05,-8.312280209018192e-05,0.30000000000000004
-1.3651727222674274e-07,-3.0714543587739055e-05,-6.735730012964776e-05,-1.4338156580055703e-07,-3.1439572305578784e-05,-6.902768836586923e-05,-1.505014012720017e-07,-3.2172103788431574e-05,-7.071842308858405e-05,-1.5788303453789083e-07,-3.291210463460243e-05,-7.242949885221402e-05,-1.6553279660857362e-07,-3.365954145875311e-05,-7.416091014568117e-05,-1.7345709358211488e-07,-3.441438089203648e-05,-7.591265139242604e-05,-1.816624066181681e-07,-3.5176589582230595e-05,-7.768471695042607e-05,-1.9015529191154252e-07,-3.594613419387292e-05,-7.947710111221447e-05,-1.98942380665463e-07,-3.672298140839427e-05,-8.128979810489919e-05,-2.080303790645243e-07,-3.7507097924252784e-05,-8.312280209018192e-05,0.30000000000000004
-1.3651727222674274e-07,-3.0714543587739055e-05,-6.735730012964776e-05,-1.4338156580055703e-07,-3.1439572305578784e-05,-6.902768836586923e-05,-1.505014012720017e-07,-3.2172103788431574e-05,-7.071842308858405e-05,-1.5788303453789083e-07,-3.291210463460243e-05,-7.242949885221402e-05,-1.6553279660857362e-07,-3.365954145875311e-05,-7.416091014568117e-05,-1.7345709358211488e-07,-3.441438089203648e-05,-7.591265139242604e-05,-1.816624066181681e-07,-3.5176589582230595e-05,-7.768471695042607e-05,-1.9015529191154252e-07,-3.594613419387292e-05,-7.947710111221447e-05,-1.98942380665463e-07,-3.672298140839427e-05,-8.128979810489919e-05,-2.080303790645243e-07,-3.7507097924252784e-05,-8.312280209018192e-05,0.30000000000000004
-1.3651727222674274e-07,-3.0714543587739055e-05,-6.735730012964776e-05,-1.4338156580055703e-07,-3.1439572305578784e-05,-6.902768836586923e-05,-1.505014012720017e-07,-3.2172103788431574e-05,-7.071842308858405e-05,-1.5788303453789083e-07,-3.291210463460243e-05,-7.242949885221402e-05,-1.6553279660857362e-07,-3.365954145875311e-05,-7.416091014568117e-05,-1.7345709358211488e-07,-3.441438089203648e-05,-7.591265139242604e-05,-1.816624066181681e-07,-3.5176589582230595e-05,-7.768471695042607e-05,-1.9015529191154252e-07,-3.594613419387292e-05,-7.947710111221447e-05,-1.98942380665463e-07,-3.672298140839427e-05,-8.128979810489919e-05,-2.080303790645243e-07,-3.7507097924252784e-05,-8.312280209018192e-05,0.30000000000000004
-1.3651727222674274e-07,-3.0714543587739055e-05,-6.735730012964776e-05,-1.4338156580055703e-07,-3.1439572305578784e-05,-6.902768836586923e-05,-1.505014012720017e-07,-3.2172103788431574e-05,-7.071842308858405e-05,-1.5788303453789083e-07,-3.291210463460243e-05,-7.242949885221402e-05,-1.6553279660857362e-07,-3.365954145875311e-05,-7.416091014568117e-05,-1.7345709358211488e-07,-3.441438089203648e-05,-7.591265139242604e-05,-1.816624066181681e-07,-3.5176589582230595e-05,-7.768471695042607e-05,-1.9015529191154252e-07,-3.594613419387292e-05,-7.947710111221447e-05,-1.98942380665463e-07,-3.672298140839427e-05,-8.128979810489919e-05,-2.080303790645243e-07,-3.7507097924252784e-05,-8.312280209018192e-05,0.30000000000000004
-1.3651727222674274e-07,-3.0714543587739055e-05,-6.735730012964776e-05,-1.4338156580055703e-07,-3.1439572305578784e-05,-6.902768836586923e-05,-1.505014012720017e-07,-3.2172103788431574e-05,-7.071842308858405e-05,-1.5788303453789083e-07,-3.291210463460243e-05,-7.242949885221402e-05,-1.6553279660857362e-07,-3.365954145875311e-05,-7.416091014568117e-05,-1.7345709358211488e-07,-3.441438089203648e-05,-7.591265139242604e-05,-1.816624066181681e-07,-3.5176589582230595e-05,-7.768471695042607e-05,-1.9015529191154252e-07,-3.594613419387292e-05,-7.947710111221447e-05,-1.98942380665463e-07,-3.672298140839427e-05,-8.128979810489919e-05,-2.080303790645243e-07,-3.7507097924252784e-05,-8.312280209018192e-05,0.30000000000000004
-1.3651727222674274e-07,-3.0714543587739055e-05,-6.735730012964776e-05,-1.4338156580055703e-07,-3.1439572305578784e-05,-6.902768836586923e-05,-1.505014012720017e-07,-3.2172103788431574e-05,-7.071842308858405e-05,-1.5788303453789083e-07,-3.291210463460243e-05,-7.242949885221402e-05,-1.6553279660857362e-07,-3.365954145875311e-05,-7.416091014568117e-05,-1.7345709358211488e-07,-3.441438089203648e-05,-7.591265139242604e-05,-1.816624066181681e-07,-3.5176589582230595e-05,-7.768471695042607e-05,-1.9015529191154252e-07,-3.594613419387292e-05,-7.947710111221447e-05,-1.98942380665463e-07,-3.672298140839427e-05,-8.128979810489919e-05,-2.080303790645243e-07,-3.7507097924252784e-05,-8.312280209018192e-05,0.30000000000000004
-1.3651727222674274e-07,-3.0714543587739055e-05,-6.735730012964776e-05,-1.4338156580055703e-07,-3.1439572305578784e-05,-6.902768836586923e-05,-1.505014012720017e-07,-3.2172103788431574e-05,-7.071842308858405e-05,-1.5788303453789083e-07,-3.291210463460243e-05,-7.242949885221402e-05,-1.6553279660857362e-07,-3.365954145875311e-05,-7.416091014568117e-05,-1.7345709358211488e-07,-3.441438089203648e-05,-7.591265139242604e-05,-1.816624066181681e-07,-3.5176589582230595e-05,-7.768471695042607e-05,-1.9015529191154252e-07,-3.594613419387292e-05,-7.947710111221447e-05,-1.98942380665463e-07,-3.672298140839427e-05,-8.128979810489919e-05,-2.080303790645243e-07,-3.7507097924252784e-05,-8.312280209018192e-05,0.30000000000000004
-1.3651727222674274e-07,-3.0714543587739055e-05,-6.735730012964776e-05,-1.4338156580055703e-07,-3.1439572305578784e-05,-6.902768836586923e-05,-1.505014012720017e-07,-3.2172103788431574e-05,-7.071842308858405e-05,-1.5788303453789083e-07,-3.291210463460243e-05,-7.242949885221402e-05,-1.6553279660857362e-07,-3.365954145875311e-05,-7.416091014568117e-05,-1.7345709358211488e-07,-3.441438089203648e-05,-7.591265139242604e-05,-1.816624066181681e-07,-3.5176589582230595e-05,-7.768471695042607e-05,-1.9015529191154252e-07,-3.594613419387292e-05,-7.947710111221447e-05,-1.98942380665463e-07,-3.672298140839427e-05,-8.128979810489919e-05,-2.080303790645243e-07,-3.7507097924252784e-05,-8.312280209018192e-05,0.30000000000000004
-1.3651727222674274e-07,-3.0714543587739055e-05,-6.735730012964776e-05,-1.4338156580055703e-07,-3.1439572305578784e-05,-6.902768836586923e-05,-1.505014012720017e-07,-3.2172103788431574e-05,-7.071842308858405e-05,-1.5788303453789083e-07,-3.291210463460243e-05,-7.242949885221402e-05,-1.6553279660857362e-07,-3.365954145875311e-05,-7.416091014568117e-05,-1.7345709358211488e-07,-3.441438089203648e-05,-7.591265139242604e-05,-1.816624066181681e-07,-3.5176589582230595e-05,-7.768471695042607e-05,-1.9015529191154252e-07,-3.594613419387292e-05,-7.947710111221447e-05,-1.98942380665463e-07,-3.672298140839427e-05,-8.128979810489919e-05,-2.080303790645243e-07,-3.7507097924252784e-05,-8.312280209018192e-05,0.30000000000000004
-1.3651727222674274e-07,-3.0714543587739055e-05,-6.735730012964776e-05,-1.4338156580055703e-07,-3.1439572305578784e-05,-6.902768836586923e-05,-1.505014012720017e-07,-3.2172103788431574e-05,-7.071842308858405e-05,-1.5788303453789083e-07,-3.291210463460243e-05,-7.242949885221402e-05,-1.6553279660857362e-07,-3.365954145875311e-05,-7.416091014568117e-05,-1.7345709358211488e-07,-3.441438089203648e-05,-7.591265139242604e-05,-1.816624066181681e-07,-3.5176589582230595e-05,-7.768471695042607e-05,-1.9015529191154252e-07,-3.594613419387292e-05,-7.947710111221447e-05,-1.98942380665463e-07,-3.672298140839427e-05,-8.128979810489919e-05,-2.080303790645243e-07,-3.7507097924252784e-05,-8.312280209018192e-05,0.30000000000000004
-1.3651727222674274e-07,-3.0714543587739055e-05,-6.735730012964776e-05,-1.4338156580055703e-07,-3.1439572305578784e-05,-6.902768836586923e-05,-1.505014012720017e-07,-3.2172103788431574e-05,-7.071842308858405e-05,-1.5788303453789083e-07,-3.291210463460243e-05,-7.242949885221402e-05,-1.6553279660857362e-07,-3.365954145875311e-05,-7.416091014568117e-05,-1.7345709358211488e-07,-3.441438089203648e-05,-7.591265139242604e-05,-1.816624066181681e-07,-3.5176589582230595e-05,-7.768471695042607e-05,-1.9015529191154252e-07,-3.594613419387292e-05,-7.947710111221447e-05,-1.98942380665463e-07,-3.672298140839427e-05,-8.128979810489919e-05,-2.080303790645243e-07,-3.7507097924252784e-05,-8.312280209018192e-05,0.30000000000000004
-1.3651727222674274e-07,-3.0714543587739055e-05,-6.735730012964776e-05,-1.4338156580055703e-07,-3.1439572305578784e-05,-6.902768836586923e-05,-1.505014012720017e-07,-3.2172103788431574e-05,-7.071842308858405e-05,-1.5788303453789083e-07,-3.291210463460243e-05,-7.242949885221402e-05,-1.6553279660857362e-07,-3.365954145875311e-05,-7.416091014568117e-05,-1.7345709358211488e-07,-3.441438089203648e-05,-7.591265139242604e-05,-1.816624066181681e-07,-3.5176589582230595e-05,-7.768471695042607e-05,-1.9015529191154252e-07,-3.594613419387292e-05,-7.947710111221447e-05,-1.98942380665463e-07,-3.672298140839427e-05,-8.128979810489919e-05,-2.080303790645243e-07,-3.7507097924252784e-05,-8.312280209018192e-05,0.30000000000000004
-1.3651727222674274e-07,-3.0714543587739055e-05,-6.735730012964776e-05,-1.4338156580055703e-07,-3.1439572305578784e-05,-6.902768836586923e-05,-1.505014012720017e-07,-3.2172103788431574e-05,-7.071842308858405e-05,-1.5788303453789083e-07,-3.291210463460243e-05,-7.242949885221402e-05,-1.6553279660857362e-07,-3.365954145875311e-05,-7.416091014568117e-05,-1.7345709358211488e-07,-3.441438089203648e-05,-7.591265139242604e-05,-1.816624066181681e-07,-3.5176589582230595e-05,-7.768471695042607e-05,-1.9015529191154252e-07,-3.594613419387292e-05,-7.947710111221447e-05,-1.98942380665463e-07,-3.672298140839427e-05,-8.128979810489919e-05,-2.080303790645243e-07,-3.7507097924252784e-05,-8.312280209018192e-05,0.30000000000000004
-1.3651727222674274e-07,-3.0714543587739055e-05,-6.735730012964776e-05,-1.4338156580055703e-07,-3.1439572305578784e-05,-6.902768836586923e-05,-1.505014012720017e-07,-3.2172103788431574e-05,-7.071842308858405e-05,-1.5788303453789083e-07,-3.291210463460243e-05,-7.242949885221402e-05,-1.6553279660857362e-07,-3.365954145875311e-05,-7.416091014568117e-05,-1.7345709358211488e-07,-3.441438089203648e-05,-7.591265139242604e-05,-1.816624066181681e-07,-3.5176589582230595e-05,-7.768471695042607e-05,-1.9015529191154252e-07,-3.594613419387292e-05,-7.947710111221447e-05,-1.98942380665463e-07,-3.672298140839427e-05,-8.128979810489919e-05,-2.080303790645243e-07,-3.7507097924252784e-05,-8.312280209018192e-05,0.30000000000000004
-1.3651727222674274e-07,-3.0714543587739055e-05,-6.735730012964776e-05,-1.4338156580055703e-07,-3.1439572305578784e-05,-6.902768836586923e-05,-1.505014012720017e-07,-3.2172103788431574e-05,-7.071842308858405e-05,-1.5788303453789083e-07,-3.291210463460243e-05,-7.242949885221402e-05,-1.6553279660857362e-07,-3.365954145875311e-05,-7.416091014568117e-05,-1.7345709358211488e-07,-3.441438089203648e-05,-7.591265139242604e-05,-1.816624066181681e-07,-3.5176589582230595e-05,-7.768471695042607e-05,-1.9015529191154252e-07,-3.594613419387292e-05,-7.947710111221447e-05,-1.98942380665463e-07,-3.672298140839427e-05,-8.128979810489919e-05,-2.080303790645243e-07,-3.7507097924252784e-05,-8.312280209018192e-05,0.30000000000000004
-1.3651727222674274e-07,-3.0714543587739055e-05,-6.735730012964776e-05,-1.4338156580055703e-07,-3.1439572305578784e-05,-6.902768836586923e-05,-1.505014012720017e-07,-3.2172103788431574e-05,-7.071842308858405e-05,-1.5788303453789083e-07,-3.291210463460243e-05,-7.242949885221402e-05,-1.6553279660857362e-07,-3.365954145875311e-05,-7.416091014568117e-05,-1.7345709358211488e-07,-3.441438089203648e-05,-7.591265139242604e-05,-1.816624066181681e-07,-3.5176589582230595e-05,-7.768471695042607e-05,-1.9015529191154252e-07,-3.594613419387292e-05,-7.947710111221447e-05,-1.98942380665463e-07,-3.672298140839427e-05,-8.128979810489919e-05,-2.080303790645243e-07,-3.7507097924252784e-05,-8.312280209018192e-05,0.30000000000000004
-1.3651727222674274e-07,-3.0714543587739055e-05,-6.735730012964776e-05,-1.4338156580055703e-07,-3.1439572305578784e-05,-6.902768836586923e-05,-1.505014012720017e-07,-3.2172103788431574e-05,-7.071842308858405e-05,-1.5788303453789083e-07,-3.291210463460243e-05,-7.242949885221402e-05,-1.6553279660857362e-07,-3.365954145875311e-05,-7.416091014568117e-05,-1.7345709358211488e-07,-3.441438089203648e-05,-7.591265139242604e-05,-1.816624066181681e-07,-3.5176589582230595e-05,-7.768471695042607e-05,-1.9015529191154252e-07,-3.594613419387292e-05,-7.947710111221447e-05,-1.98942380665463e-07,-3.672298140839427e-05,-8.128979810489919e-05,-2.080303790645243e-07,-3.7507097924252784e-05,-8.312280209018192e-05,0.30000000000000004
-1.3651727222674274e-07,-3.0714543587739055e-05,-6.735730012964776e-05,-1.4338156580055703e-07,-3.1439572305578784e-05,-6.902768836586923e-05,-1.505014012720017e-07,-3.2172103788431574e-05,-7.071842308858405e-05,-1.5788303453789083e-07,-3.291210463460243e-05,-7.242949885221402e-05,-1.6553279660857362e-07,-3.365954145875311e-05,-7.416091014568117e-05,-1.7345709358211488e-07,-3.441438089203648e-05,-7.591265139242604e-05,-1.816624066181681e-07,-3.5176589582230595e-05,-7.768471695042607e-05,-1.9015529191154252e-07,-3.594613419387292e-05,-7.947710111221447e-05,-1.98942380665463e-07,-3.672298140839427e-05,-8.128979810489919e-05,-2.080303790645243e-07,-3.7507097924252784e-05,-8.312280209018192e-05,0.30000000000000004
-1.3651727222674274e-07,-3.0714543587739055e-05,-6.735730012964776e-05,-1.4338156580055703e-07,-3.1439572305578784e-05,-6.902768836586923e-05,-1.505014012720017e-07,-3.2172103788431574e-05,-7.071842308858405e-05,-1.5788303453789083e-07,-3.291210463460243e-05,-7.242949885221402e-05,-1.6553279660857362e-07,-3.365954145875311e-05,-7.416091014568117e-05,-1.7345709358211488e-07,-3.441438089203648e-05,-7.591265139242604e-05,-1.816624066181681e-07,-3.5176589582230595e-05,-7.768471695042607e-05,-1.9015529191154252e-07,-3.594613419387292e-05,-7.947710111221447e-05,-1.98942380665463e-07,-3.672298140839427e-05,-8.128979810489919e-05,-2.080303790645243e-07,-3.7507097924252784e-05,-8.312280209018192e-05,0.30000000000000004
-1.3651727222674274e-07,-3.0714543587739055e-05,-6.735730012964776e-05,-1.4338156580055703e-07,-3.1439572305578784e-05,-6.902768836586923e-05,-1.505014012720017e-07,-3.2172103788431574e-05,-7.071842308858405e-05,-1.5788303453789083e-07,-3.291210463460243e-05,-7.242949885221402e-05,-1.6553279660857362e-07,-3.365954145875311e-05,-7.416091014568117e-05,-1.7345709358211488e-07,-3.441438089203648e-05,-7.591265139242604e-05,-1.816624066181681e-07,-3.5176589582230595e-05,-7.768471695042607e-05,-1.9015529191154252e-07,-3.594613419387292e-05,-7.947710111221447e-05,-1.98942380665463e-07,-3.672298140839427e-05,-8.128979810489919e-05,-2.080303790645243e-07,-3.7507097924252784e-05,-8.312280209018192e-05,0.30000000000000004
-1.3651727222674274e-07,-3.0714543587739055e-05,-6.735730012964776e-05,-1.4338156580055703e-07,-3.1439572305578784e-05,-6.902768836586923e-05,-1.505014012720017e-07,-3.2172103788431574e-05,-7.071842308858405e-05,-1.5788303453789083e-07,-3.291210463460243e-05,-7.242949885221402e-05,-1.6553279660857362e-07,-3.365954145875311e-05,-7.416091014568117e-05,-1.7345709358211488e-07,-3.441438089203648e-05,-7.591265139242604e-05,-1.816624066181681e-07,-3.5176589582230595e-05,-7.768471695042607e-05,-1.9015529191154252e-07,-3.594613419387292e-05,-7.947710111221447e-05,-1.98942380665463e-07,-3.672298140839427e-05,-8.128979810489919e-05,-2.080303790645243e-07,-3.7507097924252784e-05,-8.312280209018192e-05,0.30000000000000004
-1.3651727222674274e-07,-3.0714543587739055e-05,-6.735730012964776e-05,-1.4338156580055703e-07,-3.1439572305578784e-05,-6.902768836586923e-05,-1.505014012720017e-07,-3.2172103788431574e-05,-7.071842308858405e-05,-1.5788303453789083e-07,-3.291210463460243e-05,-7.242949885221402e-05,-1.6553279660857362e-07,-3.365954145875311e-05,-7.416091014568117e-05,-1.7345709358211488e-07,-3.441438089203648e-05,-7.591265139242604e-05,-1.816624066181681e-07,-3.5176589582230595e-05,-7.768471695042607e-05,-1.9015529191154252e-07,-3.594613419387292e-05,-7.947710111221447e-05,-1.98942380665463e-07,-3.672298140839427e-05,-8.128979810489919e-05,-2.080303790645243e-07,-3.7507097924252784e-05,-8.312280209018192e-05,0.30000000000000004
-1.3651727222674274e-07,-3.0714543587739055e-05,-6.735730012964776e-05,-1.4338156580055703e-07,-3.1439572305578784e-05,-6.902768836586923e-05,-1.505014012720017e-07,-3.2172103788431574e-05,-7.071842308858405e-05,-1.5788303453789083e-07,-3.291210463460243e-05,-7.242949885221402e-05,-1.6553279660857362e-07,-3.365954145875311e-05,-7.416091014568117e-05,-1.7345709358211488e-07,-3.441438089203648e-05,-7.591265139242604e-05,-1.816624066181681e-07,-3.5176589582230595e-05,-7.768471695042607e-05,-1.9015529191154252e-07,-3.594613419387292e-05,-7.947710111221447e-05,-1.98942380665463e-07,-3.672298140839427e-05,-8.128979810489919e-05,-2.080303790645243e-07,-3.7507097924252784e-05,-8.312280209018192e-05,0.30000000000000004
-1.3651727222674274e-07,-3.0714543587739055e-05,-6.735730012964776e-05,-1.4338156580055703e-07,-3.1439572305578784e-05,-6.902768836586923e-05,-1.505014012720017e-07,-3.2172103788431574e-05,-7.071842308858405e-05,-1.5788303453789083e-07,-3.291210463460243e-05,-7.242949885221402e-05,-1.6553279660857362e-07,-3.365954145875311e-05,-7.416091014568117e-05,-1.7345709358211488e-07,-3.441438089203648e-05,-7.591265139242604e-05,-1.816624066181681e-07,-3.5176589582230595e-05,-7.768471695042607e-05,-1.9015529191154252e-07,-3.594613419387292e-05,-7.947710111221447e-05,-1.98942380665463e-07,-3.672298140839427e-05,-8.128979810489919e-05,-2.080303790645243e-07,-3.7507097924252784e-05,-8.312280209018192e-05,0.30000000000000004
-1.3651727222674274e-07,-3.0714543587739055e-05,-6.735730012964776e-05,-1.4338156580055703e-07,-3.1439572305578784e-05,-6.902768836586923e-05,-1.505014012720017e-07,-3.2172103788431574e-05,-7.071842308858405e-05,-1.5788303453789083e-07,-3.291210463460243e-05,-7.242949885221402e-05,-1.6553279660857362e-07,-3.365954145875311e-05,-7.416091014568117e-05,-1.7345709358211488e-07,-3.441438089203648e-05,-7.591265139242604e-05,-1.816624066181681e-07,-3.5176589582230595e-05,-7.768471695042607e-05,-1.9015529191154252e-07,-3.594613419387292e-05,-7.947710111221447e-05,-1.98942380665463e-07,-3.672298140839427e-05,-8.128979810489919e-05,-2.080303790645243e-07,-3.7507097924252784e-05,-8.312280209018192e-05,0.30000000000000004
-1.3651727222674274e-07,-3.0714543587739055e-05,-6.735730012964776e-05,-1.4338156580055703e-07,-3.1439572305578784e-05,-6.902768836586923e-05,-1.505014012720017e-07,-3.2172103788431574e-05,-7.071842308858405e-05,-1.5788303453789083e-07,-3.291210463460243e-05,-7.242949885221402e-05,-1.6553279660857362e-07,-3.365954145875311e-05,-7.416091014568117e-05,-1.7345709358211488e-07,-3.441438089203648e-05,-7.591265139242604e-05,-1.816624066181681e-07,-3.5176589582230595e-05,-7.768471695042607e-05,-1.9015529191154252e-07,-3.594613419387292e-05,-7.947710111221447e-05,-1.98942380665463e-07,-3.672298140839427e-05,-8.128979810489919e-05,-2.080303790645243e-07,-3.7507097924252784e-05,-8.312280209018192e-05,0.30000000000000004
-1.3651727222674274e-07,-3.0714543587739055e-05,-6.735730012964776e-05,-1.4338156580055703e-07,-3.1439572305578784e-05,-6.902768836586923e-05,-1.505014012720017e-07,-3.2172103788431574e-05,-7.071842308858405e-05,-1.5788303453789083e-07,-3.291210463460243e-05,-7.242949885221402e-05,-1.6553279660857362e-07,-3.365954145875311e-05,-7.416091014568117e-05,-1.7345709358211488e-07,-3.441438089203648e-05,-7.591265139242604e-05,-1.816624066181681e-07,-3.5176589582230595e-05,-7.768471695042607e-05,-1.9015529191154252e-07,-3.594613419387292e-05,-7.947710111221447e-05,-1.98942380665463e-07,-3.672298140839427e-05,-8.128979810489919e-05,-2.080303790645243e-07,-3.7507097924252784e-05,-8.312280209018192e-05,0.30000000000000004
-1.3651727222674274e-07,-3.0714543587739055e-05,-6.735730012964776e-05,-1.4338156580055703e-07,-3.1439572305578784e-05,-6.902768836586923e-05,-1.505014012720017e-07,-3.2172103788431574e-05,-7.071842308858405e-05,-1.5788303453789083e-07,-3.291210463460243e-05,-7.242949885221402e-05,-1.6553279660857362e-07,-3.365954145875311e-05,-7.416091014568117e-05,-1.7345709358211488e-07,-3.441438089203648e-05,-7.591265139242604e-05,-1.816624066181681e-07,-3.5176589582230595e-05,-7.768471695042607e-05,-1.9015529191154252e-07,-3.594613419387292e-05,-7.947710111221447e-05,-1.98942380665463e-07,-3.672298140839427e-05,-8.128979810489919e-05,-2.080303790645243e-07,-3.7507097924252784e-05,-8.312280209018192e-05,0.30000000000000004
-1.3651727222674274e-07,-3.0714543587739055e-05,-6.735730012964776e-05,-1.4338156580055703e-07,-3.1439572305578784e-05,-6.902768836586923e-05,-1.505014012720017e-07,-3.2172103788431574e-05,-7.071842308858405e-05,-1.5788303453789083e-07,-3.291210463460243e-05,-7.242949885221402e-05,-1.6553279660857362e-07,-3.365954145875311e-05,-7.416091014568117e-05,-1.7345709358211488e-07,-3.441438089203648e-05,-7.591265139242604e-05,-1.816624066181681e-07,-3.5176589582230595e-05,-7.768471695042607e-05,-1.9015529191154252e-07,-3.594613419387292e-05,-7.947710111221447e-05,-1.98942380665463e-07,-3.672298140839427e-05,-8.128979810489919e-05,-2.080303790645243e-07,-3.7507097924252784e-05,-8.312280209018192e-05,0.30000000000000004
-1.3651727222674274e-07,-3.0714543587739055e-05,-6.735730012964776e-05,-1.4338156580055703e-07,-3.1439572305578784e-05,-6.902768836586923e-05,-1.505014012720017e-07,-3.2172103788431574e-05,-7.071842308858405e-05,-1.5788303453789083e-07,-3.291210463460243e-05,-7.242949885221402e-05,-1.6553279660857362e-07,-3.365954145875311e-05,-7.416091014568117e-05,-1.7345709358211488e-07,-3.441438089203648e-05,-7.591265139242604e-05,-1.816624066181681e-07,-3.5176589582230595e-05,-7.768471695042607e-05,-1.9015529191154252e-07,-3.594613419387292e-05,-7.947710111221447e-05,-1.98942380665463e-07,-3.672298140839427e-05,-8.128979810489919e-05,-2.080303790645243e-07,-3.7507097924252784e-05,-8.312280209018192e-05,0.30000000000000004
-1.3651727222674274e-07,-3.0714543587739055e-05,-6.735730012964776e-05,-1.4338156580055703e-07,-3.1439572305578784e-05,-6.902768836586923e-05,-1.505014012720017e-07,-3.2172103788431574e-05,-7.071842308858405e-05,-1.5788303453789083e-07,-3.291210463460243e-05,-7.242949885221402e-05,-1.6553279660857362e-07,-3.365954145875311e-05,-7.416091014568117e-05,-1.7345709358211488e-07,-3.441438089203648e-05,-7.591265139242604e-05,-1.816624066181681e-07,-3.5176589582230595e-05,-7.768471695042607e-05,-1.9015529191154252e-07,-3.594613419387292e-05,-7.947710111221447e-05,-1.98942380665463e-07,-3.672298140839427e-05,-8.128979810489919e-05,-2.080303790645243e-07,-3.7507097924252784e-05,-8.312280209018192e-05,0.30000000000000004
-1.3651727222674274e-07,-3.0714543587739055e-05,-6.735730012964776e-05,-1.4338156580055703e-07,-3.1439572305578784e-05,-6.902768836586923e-05,-1.505014012720017e-07,-3.2172103788431574e-05,-7.071842308858405e-05,-1.5788303453789083e-07,-3.291210463460243e-05,-7.242949885221402e-05,-1.6553279660857362e-07,-3.365954145875311e-05,-7.416091014568117e-05,-1.7345709358211488e-07,-3.441438089203648e-05,-7.591265139242604e-05,-1.816624066181681e-07,-3.5176589582230595e-05,-7.768471695042607e-05,-1.9015529191154252e-07,-3.594613419387292e-05,-7.947710111221447e-05,-1.98942380665463e-07,-3.672298140839427e-05,-8.128979810489919e-05,-2.080303790645243e-07,-3.7507097924252784e-05,-8.312280209018192e-05,0.30000000000000004
-1.3651727222674274e-07,-3.0714543587739055e-05,-6.735730012964776e-05,-1.4338156580055703e-07,-3.1439572305578784e-05,-6.902768836586923e-05,-1.505014012720017e-07,-3.2172103788431574e-05,-7.071842308858405e-05,-1.5788303453789083e-07,-3.291210463460243e-05,-7.242949885221402e-05,-1.6553279660857362e-07,-3.365954145875311e-05,-7.416091014568117e-05,-1.7345709358211488e-07,-3.441438089203648e-05,-7.591265139242604e-05,-1.816624066181681e-07,-3.5176589582230595e-05,-7.768471695042607e-05,-1.9015529191154252e-07,-3.594613419387292e-05,-7.947710111221447e-05,-1.98942380665463e-07,-3.672298140839427e-05,-8.128979810489919e-05,-2.080303790645243e-07,-3.7507097924252784e-05,-8.312280209018192e-05,0.30000000000000004
-1.3651727222674274e-07,-3.0714543587739055e-05,-6.735730012964776e-05,-1.4338156580055703e-07,-3.1439572305578784e-05,-6.902768836586923e-05,-1.505014012720017e-07,-3.2172103788431574e-05,-7.071842308858405e-05,-1.5788303453789083e-07,-3.291210463460243e-05,-7.242949885221402e-05,-1.6553279660857362e-07,-3.365954145875311e-05,-7.416091014568117e-05,-1.7345709358211488e-07,-3.441438089203648e-05,-7.591265139242604e-05,-1.816624066181681e-07,-3.5176589582230595e-05,-7.768471695042607e-05,-1.9015529191154252e-07,-3.594613419387292e-05,-7.947710111221447e-05,-1.98942380665463e-07,-3.672298140839427e-05,-8.128979810489919e-05,-2.080303790645243e-07,-3.7507097924252784e-05,-8.312280209018192e-05,0.30000000000000004
-1.3651727222674274e-07,-3.0714543587739055e-05,-6.735730012964776e-05,-1.4338156580055703e-07,-3.1439572305578784e-05,-6.902768836586923e-05,-1.505014012720017e-07,-3.2172103788431574e-05,-7.071842308858405e-05,-1.5788303453789083e-07,-3.291210463460243e-05,-7.242949885221402e-05,-1.6553279660857362e-07,-3.365954145875311e-05,-7.416091014568117e-05,-1.7345709358211488e-07,-3.441438089203648e-05,-7.591265139242604e-05,-1.816624066181681e-07,-3.5176589582230595e-05,-7.768471695042607e-05,-1.9015529191154252e-07,-3.594613419387292e-05,-7.947710111221447e-05,-1.98942380665463e-07,-3.672298140839427e-05,-8.128979810489919e-05,-2.080303790645243e-07,-3.7507097924252784e-05,-8.312280209018192e-05,0.30000000000000004
-1.3651727222674274e-07,-3.0714543587739055e-05,-6.735730012964776e-05,-1.4338156580055703e-07,-3.1439572305578784e-05,-6.902768836586923e-05,-1.505014012720017e-07,-3.2172103788431574e-05,-7.071842308858405e-05,-1.5788303453789083e-07,-3.291210463460243e-05,-7.242949885221402e-05,-1.6553279660857362e-07,-3.365954145875311e-05,-7.416091014568117e-05,-1.7345709358211488e-07,-3.441438089203648e-05,-7.591265139242604e-05,-1.816624066181681e-07,-3.5176589582230595e-05,-7.768471695042607e-05,-1.9015529191154252e-07,-3.594613419387292e-05,-7.947710111221447e-05,-1.98942380665463e-07,-3.672298140839427e-05,-8.128979810489919e-05,-2.080303790645243e-07,-3.7507097924252784e-05,-8.312280209018192e-05,0.30000000000000004
-1.3651727222674274e-07,-3.0714543587739055e-05,-6.735730012964776e-05,-1.4338156580055703e-07,-3.1439572305578784e-05,-6.902768836586923e-05,-1.505014012720017e-07,-3.2172103788431574e-05,-7.071842308858405e-05,-1.5788303453789083e-07,-3.291210463460243e-05,-7.242949885221402e-05,-1.6553279660857362e-07,-3.365954145875311e-05,-7.416091014568117e-05,-1.7345709358211488e-07,-3.441438089203648e-05,-7.591265139242604e-05,-1.816624066181681e-07,-3.5176589582230595e-05,-7.768471695042607e-05,-1.9015529191154252e-07,-3.594613419387292e-05,-7.947710111221447e-05,-1.98942380665463e-07,-3.672298140839427e-05,-8.128979810489919e-05,-2.080303790645243e-07,-3.7507097924252784e-05,-8.312280209018192e-05,0.30000000000000004
-1.3651727222674274e-07,-3.0714543587739055e-05,-6.735730012964776e-05,-1.4338156580055703e-07,-3.1439572305578784e-05,-6.902768836586923e-05,-1.505014012720017e-07,-3.2172103788431574e-05,-7.071842308858405e-05,-1.5788303453789083e-07,-3.291210463460243e-05,-7.242949885221402e-05,-1.6553279660857362e-07,-3.365954145875311e-05,-7.416091014568117e-05,-1.7345709358211488e-07,-3.441438089203648e-05,-7.591265139242604e-05,-1.816624066181681e-07,-3.5176589582230595e-05,-7.768471695042607e-05,-1.9015529191154252e-07,-3.594613419387292e-05,-7.947710111221447e-05,-1.98942380665463e-07,-3.672298140839427e-05,-8.128979810489919e-05,-2.080303790645243e-07,-3.7507097924252784e-05,-8.312280209018192e-05,0.30000000000000004
-1.3651727222674274e-07,-3.0714543587739055e-05,-6.735730012964776e-05,-1.4338156580055703e-07,-3.1439572305578784e-05,-6.902768836586923e-05,-1.505014012720017e-07,-3.2172103788431574e-05,-7.071842308858405e-05,-1.5788303453789083e-07,-3.291210463460243e-05,-7.242949885221402e-05,-1.6553279660857362e-07,-3.365954145875311e-05,-7.416091014568117e-05,-1.7345709358211488e-07,-3.441438089203648e-05,-7.591265139242604e-05,-1.816624066181681e-07,-3.5176589582230595e-05,-7.768471695042607e-05,-1.9015529191154252e-07,-3.594613419387292e-05,-7.947710111221447e-05,-1.98942380665463e-07,-3.672298140839427e-05,-8.128979810489919e-05,-2.080303790645243e-07,-3.7507097924252784e-05,-8.312280209018192e-05,0.30000000000000004
-1.3651727222674274e-07,-3.0714543587739055e-05,-6.735730012964776e-05,-1.4338156580055703e-07,-3.1439572305578784e-05,-6.902768836586923e-05,-1.505014012720017e-07,-3.2172103788431574e-05,-7.071842308858405e-05,-1.5788303453789083e-07,-3.291210463460243e-05,-7.242949885221402e-05,-1.6553279660857362e-07,-3.365954145875311e-05,-7.416091014568117e-05,-1.7345709358211488e-07,-3.441438089203648e-05,-7.591265139242604e-05,-1.816624066181681e-07,-3.5176589582230595e-05,-7.768471695042607e-05,-1.9015529191154252e-07,-3.594613419387292e-05,-7.947710111221447e-05,-1.98942380665463e-07,-3.672298140839427e-05,-8.128979810489919e-05,-2.080303790645243e-07,-3.7507097924252784e-05,-8.312280209018192e-05,0.30000000000000004
-1.3651727222674274e-07,-3.0714543587739055e-05,-6.735730012964776e-05,-1.4338156580055703e-07,-3.1439572305578784e-05,-6.902768836586923e-05,-1.505014012720017e-07,-3.2172103788431574e-05,-7.071842308858405e-05,-1.5788303453789083e-07,-3.291210463460243e-05,-7.242949885221402e-05,-1.6553279660857362e-07,-3.365954145875311e-05,-7.416091014568117e-05,-1.7345709358211488e-07,-3.441438089203648e-05,-7.591265139242604e-05,-1.816624066181681e-07,-3.5176589582230595e-05,-7.768471695042607e-05,-1.9015529191154252e-07,-3.594613419387292e-05,-7.947710111221447e-05,-1.98942380665463e-07,-3.672298140839427e-05,-8.128979810489919e-05,-2.080303790645243e-07,-3.7507097924252784e-05,-8.312280209018192e-05,0.30000000000000004
-1.3651727222674274e-07,-3.0714543587739055e-05,-6.735730012964776e-05,-1.4338156580055703e-07,-3.1439572305578784e-05,-6.902768836586923e-05,-1.505014012720017e-07,-3.2172103788431574e-05,-7.071842308858405e-05,-1.5788303453789083e-07,-3.291210463460243e-05,-7.242949885221402e-05,-1.6553279660857362e-07,-3.365954145875311e-05,-7.416091014568117e-05,-1.7345709358211488e-07,-3.441438089203648e-05,-7.591265139242604e-05,-1.816624066181681e-07,-3.5176589582230595e-05,-7.768471695042607e-05,-1.9015529191154252e-07,-3.594613419387292e-05,-7.947710111221447e-05,-1.98942380665463e-07,-3.672298140839427e-05,-8.128979810489919e-05,-2.080303790645243e-07,-3.7507097924252784e-05,-8.312280209018192e-05,0.30000000000000004
-1.3651727222674274e-07,-3.0714543587739055e-05,-6.735730012964776e-05,-1.4338156580055703e-07,-3.1439572305578784e-05,-6.902768836586923e-05,-1.505014012720017e-07,-3.2172103788431574e-05,-7.071842308858405e-05,-1.5788303453789083e-07,-3.291210463460243e-05,-7.242949885221402e-05,-1.6553279660857362e-07,-3.365954145875311e-05,-7.416091014568117e-05,-1.7345709358211488e-07,-3.441438089203648e-05,-7.591265139242604e-05,-1.816624066181681e-07,-3.5176589582230595e-05,-7.768471695042607e-05,-1.9015529191154252e-07,-3.594613419387292e-05,-7.947710111221447e-05,-1.98942380665463e-07,-3.672298140839427e-05,-8.128979810489919e-05,-2.080303790645243e-07,-3.7507097924252784e-05,-8.312280209018192e-05,0.30000000000000004
-1.3651727222674274e-07,-3.0714543587739055e-05,-6.735730012964776e-05,-1.4338156580055703e-07,-3.1439572305578784e-05,-6.902768836586923e-05,-1.505014012720017e-07,-3.2172103788431574e-05,-7.071842308858405e-05,-1.5788303453789083e-07,-3.291210463460243e-05,-7.242949885221402e-05,-1.6553279660857362e-07,-3.365954145875311e-05,-7.416091014568117e-05,-1.7345709358211488e-07,-3.441438089203648e-05,-7.591265139242604e-05,-1.816624066181681e-07,-3.5176589582230595e-05,-7.768471695042607e-05,-1.9015529191154252e-07,-3.594613419387292e-05,-7.947710111221447e-05,-1.98942380665463e-07,-3.672298140839427e-05,-8.128979810489919e-05,-2.080303790645243e-07,-3.7507097924252784e-05,-8.312280209018192e-05,0.30000000000000004
-1.3651727222674274e-07,-3.0714543587739055e-05,-6.735730012964776e-05,-1.4338156580055703e-07,-3.1439572305578784e-05,-6.902768836586923e-05,-1.505014012720017e-07,-3.2172103788431574e-05,-7.071842308858405e-05,-1.5788303453789083e-07,-3.291210463460243e-05,-7.242949885221402e-05,-1.6553279660857362e-07,-3.365954145875311e-05,-7.416091014568117e-05,-1.7345709358211488e-07,-3.441438089203648e-05,-7.591265139242604e-05,-1.816624066181681e-07,-3.5176589582230595e-05,-7.768471695042607e-05,-1.9015529191154252e-07,-3.594613419387292e-05,-7.947710111221447e-05,-1.98942380665463e-07,-3.672298140839427e-05,-8.128979810489919e-05,-2.080303790645243e-07,-3.7507097924252784e-05,-8.312280209018192e-05,0.30000000000000004
-1.3651727222674274e-07,-3.0714543587739055e-05,-6.735730012964776e-05,-1.4338156580055703e-07,-3.1439572305578784e-05,-6.902768836586923e-05,-1.505014012720017e-07,-3.2172103788431574e-05,-7.071842308858405e-05,-1.5788303453789083e-07,-3.291210463460243e-05,-7.242949885221402e-05,-1.6553279660857362e-07,-3.365954145875311e-05,-7.416091014568117e-05,-1.7345709358211488e-07,-3.441438089203648e-05,-7.591265139242604e-05,-1.816624066181681e-07,-3.5176589582230595e-05,-7.768471695042607e-05,-1.9015529191154252e-07,-3.594613419387292e-05,-7.947710111221447e-05,-1.98942380665463e-07,-3.672298140839427e-05,-8.128979810489919e-05,-2.080303790645243e-07,-3.7507097924252784e-05,-8.312280209018192e-05,0.30000000000000004
-1.3651727222674274e-07,-3.0714543587739055e-05,-6.735730012964776e-05,-1.4338156580055703e-07,-3.1439572305578784e-05,-6.902768836586923e-05,-1.505014012720017e-07,-3.2172103788431574e-05,-7.071842308858405e-05,-1.5788303453789083e-07,-3.291210463460243e-05,-7.242949885221402e-05,-1.6553279660857362e-07,-3.365954145875311e-05,-7.416091014568117e-05,-1.7345709358211488e-07,-3.441438089203648e-05,-7.591265139242604e-05,-1.816624066181681e-07,-3.5176589582230595e-05,-7.768471695042607e-05,-1.9015529191154252e-07,-3.594613419387292e-05,-7.947710111221447e-05,-1.98942380665463e-07,-3.672298140839427e-05,-8.128979810489919e-05,-2.080303790645243e-07,-3.7507097924252784e-05,-8.312280209018192e-05,0.30000000000000004
-1.3651727222674274e-07,-3.0714543587739055e-05,-6.735730012964776e-05,-1.4338156580055703e-07,-3.1439572305578784e-05,-6.902768836586923e-05,-1.505014012720017e-07,-3.2172103788431574e-05,-7.071842308858405e-05,-1.5788303453789083e-07,-3.291210463460243e-05,-7.242949885221402e-05,-1.6553279660857362e-07,-3.365954145875311e-05,-7.416091014568117e-05,-1.7345709358211488e-07,-3.441438089203648e-05,-7.591265139242604e-05,-1.816624066181681e-07,-3.5176589582230595e-05,-7.768471695042607e-05,-1.9015529191154252e-07,-3.594613419387292e-05,-7.947710111221447e-05,-1.98942380665463e-07,-3.672298140839427e-05,-8.128979810489919e-05,-2.080303790645243e-07,-3.7507097924252784e-05,-8.312280209018192e-05,0.30000000000000004
-1.3651727222674274e-07,-3.0714543587739055e-05,-6.735730012964776e-05,-1.4338156580055703e-07,-3.1439572305578784e-05,-6.902768836586923e-05,-1.505014012720017e-07,-3.2172103788431574e-05,-7.071842308858405e-05,-1.5788303453789083e-07,-3.291210463460243e-05,-7.242949885221402e-05,-1.6553279660857362e-07,-3.365954145875311e-05,-7.416091014568117e-05,-1.7345709358211488e-07,-3.441438089203648e-05,-7.591265139242604e-05,-1.816624066181681e-07,-3.5176589582230595e-05,-7.768471695042607e-05,-1.9015529191154252e-07,-3.594613419387292e-05,-7.947710111221447e-05,-1.98942380665463e-07,-3.672298140839427e-05,-8.128979810489919e-05,-2.080303790645243e-07,-3.7507097924252784e-05,-8.312280209018192e-05,0.30000000000000004
-1.3651727222674274e-07,-3.0714543587739055e-05,-6.735730012964776e-05,-1.4338156580055703e-07,-3.1439572305578784e-05,-6.902768836586923e-05,-1.505014012720017e-07,-3.2172103788431574e-05,-7.071842308858405e-05,-1.5788303453789083e-07,-3.291210463460243e-05,-7.242949885221402e-05,-1.6553279660857362e-07,-3.365954145875311e-05,-7.416091014568117e-05,-1.7345709358211488e-07,-3.441438089203648e-05,-7.591265139242604e-05,-1.816624066181681e-07,-3.5176589582230595e-05,-7.768471695042607e-05,-1.9015529191154252e-07,-3.594613419387292e-05,-7.947710111221447e-05,-1.98942380665463e-07,-3.672298140839427e-05,-8.128979810489919e-05,-2.080303790645243e-07,-3.7507097924252784e-05,-8.312280209018192e-05,0.30000000000000004
-1.3651727222674274e-07,-3.0714543587739055e-05,-6.735730012964776e-05,-1.4338156580055703e-07,-3.1439572305578784e-05,-6.902768836586923e-05,-1.505014012720017e-07,-3.2172103788431574e-05,-7.071842308858405e-05,-1.5788303453789083e-07,-3.291210463460243e-05,-7.242949885221402e-05,-1.6553279660857362e-07,-3.365954145875311e-05,-7.416091014568117e-05,-1.7345709358211488e-07,-3.441438089203648e-05,-7.591265139242604e-05,-1.816624066181681e-07,-3.5176589582230595e-05,-7.768471695042607e-05,-1.9015529191154252e-07,-3.594613419387292e-05,-7.947710111221447e-05,-1.98942380665463e-07,-3.672298140839427e-05,-8.128979810489919e-05,-2.080303790645243e-07,-3.7507097924252784e-05,-8.312280209018192e-05,0.30000000000000004
-1.3651727222674274e-07,-3.0714543587739055e-05,-6.735730012964776e-05,-1.4338156580055703e-07,-3.1439572305578784e-05,-6.902768836586923e-05,-1.505014012720017e-07,-3.2172103788431574e-05,-7.071842308858405e-05,-1.5788303453789083e-07,-3.291210463460243e-05,-7.242949885221402e-05,-1.6553279660857362e-07,-3.365954145875311e-05,-7.416091014568117e-05,-1.7345709358211488e-07,-3.441438089203648e-05,-7.591265139242604e-05,-1.816624066181681e-07,-3.5176589582230595e-05,-7.768471695042607e-05,-1.9015529191154252e-07,-3.594613419387292e-05,-7.947710111221447e-05,-1.98942380665463e-07,-3.672298140839427e-05,-8.128979810489919e-05,-2.080303790645243e-07,-3.7507097924252784e-05,-8.312280209018192e-05,0.30000000000000004
-1.3651727222674274e-07,-3.0714543587739055e-05,-6.735730012964776e-05,-1.4338156580055703e-07,-3.1439572305578784e-05,-6.902768836586923e-05,-1.505014012720017e-07,-3.2172103788431574e-05,-7.071842308858405e-05,-1.5788303453789083e-07,-3.291210463460243e-05,-7.242949885221402e-05,-1.6553279660857362e-07,-3.365954145875311e-05,-7.416091014568117e-05,-1.7345709358211488e-07,-3.441438089203648e-05,-7.591265139242604e-05,-1.816624066181681e-07,-3.5176589582230595e-05,-7.768471695042607e-05,-1.9015529191154252e-07,-3.594613419387292e-05,-7.947710111221447e-05,-1.98942380665463e-07,-3.672298140839427e-05,-8.128979810489919e-05,-2.080303790645243e-07,-3.7507097924252784e-05,-8.312280209018192e-05,0.30000000000000004
-1.3651727222674274e-07,-3.0714543587739055e-05,-6.735730012964776e-05,-1.4338156580055703e-07,-3.1439572305578784e-05,-6.902768836586923e-05,-1.505014012720017e-07,-3.2172103788431574e-05,-7.071842308858405e-05,-1.5788303453789083e-07,-3.291210463460243e-05,-7.242949885221402e-05,-1.6553279660857362e-07,-3.365954145875311e-05,-7.416091014568117e-05,-1.7345709358211488e-07,-3.441438089203648e-05,-7.591265139242604e-05,-1.816624066181681e-07,-3.5176589582230595e-05,-7.768471695042607e-05,-1.9015529191154252e-07,-3.594613419387292e-05,-7.947710111221447e-05,-1.98942380665463e-07,-3.672298140839427e-05,-8.128979810489919e-05,-2.080303790645243e-07,-3.7507097924252784e-05,-8.312280209018192e-05,0.30000000000000004
-1.3651727222674274e-07,-3.0714543587739055e-05,-6.735730012964776e-05,-1.4338156580055703e-07,-3.1439572305578784e-05,-6.902768836586923e-05,-1.505014012720017e-07,-3.2172103788431574e-05,-7.071842308858405e-05,-1.5788303453789083e-07,-3.291210463460243e-05,-7.242949885221402e-05,-1.6553279660857362e-07,-3.365954145875311e-05,-7.416091014568117e-05,-1.7345709358211488e-07,-3.441438089203648e-05,-7.591265139242604e-05,-1.816624066181681e-07,-3.5176589582230595e-05,-7.768471695042607e-05,-1.9015529191154252e-07,-3.594613419387292e-05,-7.947710111221447e-05,-1.98942380665463e-07,-3.672298140839427e-05,-8.128979810489919e-05,-2.080303790645243e-07,-3.7507097924252784e-05,-8.312280209018192e-05,0.30000000000000004
-1.3651727222674274e-07,-3.0714543587739055e-05,-6.735730012964776e-05,-1.4338156580055703e-07,-3.1439572305578784e-05,-6.902768836586923e-05,-1.505014012720017e-07,-3.2172103788431574e-05,-7.071842308858405e-05,-1.5788303453789083e-07,-3.291210463460243e-05,-7.242949885221402e-05,-1.6553279660857362e-07,-3.365954145875311e-05,-7.416091014568117e-05,-1.7345709358211488e-07,-3.441438089203648e-05,-7.591265139242604e-05,-1.816624066181681e-07,-3.5176589582230595e-05,-7.768471695042607e-05,-1.9015529191154252e-07,-3.594613419387292e-05,-7.947710111221447e-05,-1.98942380665463e-07,-3.672298140839427e-05,-8.128979810489919e-05,-2.080303790645243e-07,-3.7507097924252784e-05,-8.312280209018192e-05,0.30000000000000004
-1.3651727222674274e-07,-3.0714543587739055e-05,-6.735730012964776e-05,-1.4338156580055703e-07,-3.1439572305578784e-05,-6.902768836586923e-05,-1.505014012720017e-07,-3.2172103788431574e-05,-7.071842308858405e-05,-1.5788303453789083e-07,-3.291210463460243e-05,-7.242949885221402e-05,-1.6553279660857362e-07,-3.365954145875311e-05,-7.416091014568117e-05,-1.7345709358211488e-07,-3.441438089203648e-05,-7.591265139242604e-05,-1.816624066181681e-07,-3.5176589582230595e-05,-7.768471695042607e-05,-1.9015529191154252e-07,-3.594613419387292e-05,-7.947710111221447e-05,-1.98942380665463e-07,-3.672298140839427e-05,-8.128979810489919e-05,-2.080303790645243e-07,-3.7507097924252784e-05,-8.312280209018192e-05,0.30000000000000004
-1.3651727222674274e-07,-3.0714543587739055e-05,-6.735730012964776e-05,-1.4338156580055703e-07,-3.1439572305578784e-05,-6.902768836586923e-05,-1.505014012720017e-07,-3.2172103788431574e-05,-7.071842308858405e-05,-1.5788303453789083e-07,-3.291210463460243e-05,-7.242949885221402e-05,-1.6553279660857362e-07,-3.365954145875311e-05,-7.416091014568117e-05,-1.7345709358211488e-07,-3.441438089203648e-05,-7.591265139242604e-05,-1.816624066181681e-07,-3.5176589582230595e-05,-7.768471695042607e-05,-1.9015529191154252e-07,-3.594613419387292e-05,-7.947710111221447e-05,-1.98942380665463e-07,-3.672298140839427e-05,-8.128979810489919e-05,-2.080303790645243e-07,-3.7507097924252784e-05,-8.312280209018192e-05,0.30000000000000004
-1.3651727222674274e-07,-3.0714543587739055e-05,-6.735730012964776e-05,-1.4338156580055703e-07,-3.1439572305578784e-05,-6.902768836586923e-05,-1.505014012720017e-07,-3.2172103788431574e-05,-7.071842308858405e-05,-1.5788303453789083e-07,-3.291210463460243e-05,-7.242949885221402e-05,-1.6553279660857362e-07,-3.365954145875311e-05,-7.416091014568117e-05,-1.7345709358211488e-07,-3.441438089203648e-05,-7.591265139242604e-05,-1.816624066181681e-07,-3.5176589582230595e-05,-7.768471695042607e-05,-1.9015529191154252e-07,-3.594613419387292e-05,-7.947710111221447e-05,-1.98942380665463e-07,-3.672298140839427e-05,-8.128979810489919e-05,-2.080303790645243e-07,-3.7507097924252784e-05,-8.312280209018192e-05,0.30000000000000004
-1.3651727222674274e-07,-3.0714543587739055e-05,-6.735730012964776e-05,-1.4338156580055703e-07,-3.1439572305578784e-05,-6.902768836586923e-05,-1.505014012720017e-07,-3.2172103788431574e-05,-7.071842308858405e-05,-1.5788303453789083e-07,-3.291210463460243e-05,-7.242949885221402e-05,-1.6553279660857362e-07,-3.365954145875311e-05,-7.416091014568117e-05,-1.7345709358211488e-07,-3.441438089203648e-05,-7.591265139242604e-05,-1.816624066181681e-07,-3.5176589582230595e-05,-7.768471695042607e-05,-1.9015529191154252e-07,-3.594613419387292e-05,-7.947710111221447e-05,-1.98942380665463e-07,-3.672298140839427e-05,-8.128979810489919e-05,-2.080303790645243e-07,-3.7507097924252784e-05,-8.312280209018192e-05,0.30000000000000004
-1.3651727222674274e-07,-3.0714543587739055e-05,-6.735730012964776e-05,-1.4338156580055703e-07,-3.1439572305578784e-05,-6.902768836586923e-05,-1.505014012720017e-07,-3.2172103788431574e-05,-7.071842308858405e-05,-1.5788303453789083e-07,-3.291210463460243e-05,-7.242949885221402e-05,-1.6553279660857362e-07,-3.365954145875311e-05,-7.416091014568117e-05,-1.7345709358211488e-07,-3.441438089203648e-05,-7.591265139242604e-05,-1.816624066181681e-07,-3.5176589582230595e-05,-7.768471695042607e-05,-1.9015529191154252e-07,-3.594613419387292e-05,-7.947710111221447e-05,-1.98942380665463e-07,-3.672298140839427e-05,-8.128979810489919e-05,-2.080303790645243e-07,-3.7507097924252784e-05,-8.312280209018192e-05,0.30000000000000004
-1.3651727222674274e-07,-3.0714543587739055e-05,-6.735730012964776e-05,-1.4338156580055703e-07,-3.1439572305578784e-05,-6.902768836586923e-05,-1.505014012720017e-07,-3.2172103788431574e-05,-7.071842308858405e-05,-1.5788303453789083e-07,-3.291210463460243e-05,-7.242949885221402e-05,-1.6553279660857362e-07,-3.365954145875311e-05,-7.416091014568117e-05,-1.7345709358211488e-07,-3.441438089203648e-05,-7.591265139242604e-05,-1.816624066181681e-07,-3.5176589582230595e-05,-7.768471695042607e-05,-1.9015529191154252e-07,-3.594613419387292e-05,-7.947710111221447e-05,-1.98942380665463e-07,-3.672298140839427e-05,-8.128979810489919e-05,-2.080303790645243e-07,-3.7507097924252784e-05,-8.312280209018192e-05,0.30000000000000004
-1.3651727222674274e-07,-3.0714543587739055e-05,-6.735730012964776e-05,-1.4338156580055703e-07,-3.1439572305578784e-05,-6.902768836586923e-05,-1.505014012720017e-07,-3.2172103788431574e-05,-7.071842308858405e-05,-1.5788303453789083e-07,-3.291210463460243e-05,-7.242949885221402e-05,-1.6553279660857362e-07,-3.365954145875311e-05,-7.416091014568117e-05,-1.7345709358211488e-07,-3.441438089203648e-05,-7.591265139242604e-05,-1.816624066181681e-07,-3.5176589582230595e-05,-7.768471695042607e-05,-1.9015529191154252e-07,-3.594613419387292e-05,-7.947710111221447e-05,-1.98942380665463e-07,-3.672298140839427e-05,-8.128979810489919e-05,-2.080303790645243e-07,-3.7507097924252784e-05,-8.312280209018192e-05,0.30000000000000004
-1.3651727222674274e-07,-3.0714543587739055e-05,-6.735730012964776e-05,-1.4338156580055703e-07,-3.1439572305578784e-05,-6.902768836586923e-05,-1.505014012720017e-07,-3.2172103788431574e-05,-7.071842308858405e-05,-1.5788303453789083e-07,-3.291210463460243e-05,-7.242949885221402e-05,-1.6553279660857362e-07,-3.365954145875311e-05,-7.416091014568117e-05,-1.7345709358211488e-07,-3.441438089203648e-05,-7.591265139242604e-05,-1.816624066181681e-07,-3.5176589582230595e-05,-7.768471695042607e-05,-1.9015529191154252e-07,-3.594613419387292e-05,-7.947710111221447e-05,-1.98942380665463e-07,-3.672298140839427e-05,-8.128979810489919e-05,-2.080303790645243e-07,-3.7507097924252784e-05,-8.312280209018192e-05,0.30000000000000004
-1.3651727222674274e-07,-3.0714543587739055e-05,-6.735730012964776e-05,-1.4338156580055703e-07,-3.1439572305578784e-05,-6.902768836586923e-05,-1.505014012720017e-07,-3.2172103788431574e-05,-7.071842308858405e-05,-1.5788303453789083e-07,-3.291210463460243e-05,-7.242949885221402e-05,-1.6553279660857362e-07,-3.365954145875311e-05,-7.416091014568117e-05,-1.7345709358211488e-07,-3.441438089203648e-05,-7.591265139242604e-05,-1.816624066181681e-07,-3.5176589582230595e-05,-7.768471695042607e-05,-1.9015529191154252e-07,-3.594613419387292e-05,-7.947710111221447e-05,-1.98942380665463e-07,-3.672298140839427e-05,-8.128979810489919e-05,-2.080303790645243e-07,-3.7507097924252784e-05,-8.312280209018192e-05,0.30000000000000004
-1.3651727222674274e-07,-3.0714543587739055e-05,-6.735730012964776e-05,-1.4338156580055703e-07,-3.1439572305578784e-05,-6.902768836586923e-05,-1.505014012720017e-07,-3.2172103788431574e-05,-7.071842308858405e-05,-1.5788303453789083e-07,-3.291210463460243e-05,-7.242949885221402e-05,-1.6553279660857362e-07,-3.365954145875311e-05,-7.416091014568117e-05,-1.7345709358211488e-07,-3.441438089203648e-05,-7.591265139242604e-05,-1.816624066181681e-07,-3.5176589582230595e-05,-7.768471695042607e-05,-1.9015529191154252e-07,-3.594613419387292e-05,-7.947710111221447e-05,-1.98942380665463e-07,-3.672298140839427e-05,-8.128979810489919e-05,-2.080303790645243e-07,-3.7507097924252784e-05,-8.312280209018192e-05,0.30000000000000004
-1.3651727222674274e-07,-3.0714543587739055e-05,-6.735730012964776e-05,-1.4338156580055703e-07,-3.1439572305578784e-05,-6.902768836586923e-05,-1.505014012720017e-07,-3.2172103788431574e-05,-7.071842308858405e-05,-1.5788303453789083e-07,-3.291210463460243e-05,-7.242949885221402e-05,-1.6553279660857362e-07,-3.365954145875311e-05,-7.416091014568117e-05,-1.7345709358211488e-07,-3.441438089203648e-05,-7.591265139242604e-05,-1.816624066181681e-07,-3.5176589582230595e-05,-7.768471695042607e-05,-1.9015529191154252e-07,-3.594613419387292e-05,-7.947710111221447e-05,-1.98942380665463e-07,-3.672298140839427e-05,-8.128979810489919e-05,-2.080303790645243e-07,-3.7507097924252784e-05,-8.312280209018192e-05,0.30000000000000004
-1.3651727222674274e-07,-3.0714543587739055e-05,-6.735730012964776e-05,-1.4338156580055703e-07,-3.1439572305578784e-05,-6.902768836586923e-05,-1.505014012720017e-07,-3.2172103788431574e-05,-7.071842308858405e-05,-1.5788303453789083e-07,-3.291210463460243e-05,-7.242949885221402e-05,-1.6553279660857362e-07,-3.365954145875311e-05,-7.416091014568117e-05,-1.7345709358211488e-07,-3.441438089203648e-05,-7.591265139242604e-05,-1.816624066181681e-07,-3.5176589582230595e-05,-7.768471695042607e-05,-1.9015529191154252e-07,-3.594613419387292e-05,-7.947710111221447e-05,-1.98942380665463e-07,-3.672298140839427e-05,-8.128979810489919e-05,-2.080303790645243e-07,-3.7507097924252784e-05,-8.312280209018192e-05,0.30000000000000004
-1.3651727222674274e-07,-3.0714543587739055e-05,-6.735730012964776e-05,-1.4338156580055703e-07,-3.1439572305578784e-05,-6.902768836586923e-05,-1.505014012720017e-07,-3.2172103788431574e-05,-7.071842308858405e-05,-1.5788303453789083e-07,-3.291210463460243e-05,-7.242949885221402e-05,-1.6553279660857362e-07,-3.365954145875311e-05,-7.416091014568117e-05,-1.7345709358211488e-07,-3.441438089203648e-05,-7.591265139242604e-05,-1.816624066181681e-07,-3.5176589582230595e-05,-7.768471695042607e-05,-1.9015529191154252e-07,-3.594613419387292e-05,-7.947710111221447e-05,-1.98942380665463e-07,-3.672298140839427e-05,-8.128979810489919e-05,-2.080303790645243e-07,-3.7507097924252784e-05,-8.312280209018192e-05,0.30000000000000004
-1.3651727222674274e-07,-3.0714543587739055e-05,-6.735730012964776e-05,-1.4338156580055703e-07,-3.1439572305578784e-05,-6.902768836586923e-05,-1.505014012720017e-07,-3.2172103788431574e-05,-7.071842308858405e-05,-1.5788303453789083e-07,-3.291210463460243e-05,-7.242949885221402e-05,-1.6553279660857362e-07,-3.365954145875311e-05,-7.416091014568117e-05,-1.7345709358211488e-07,-3.441438089203648e-05,-7.591265139242604e-05,-1.816624066181681e-07,-3.5176589582230595e-05,-7.768471695042607e-05,-1.9015529191154252e-07,-3.594613419387292e-05,-7.947710111221447e-05,-1.98942380665463e-07,-3.672298140839427e-05,-8.128979810489919e-05,-2.080303790645243e-07,-3.7507097924252784e-05,-8.312280209018192e-05,0.30000000000000004
-1.3651727222674274e-07,-3.0714543587739055e-05,-6.735730012964776e-05,-1.4338156580055703e-07,-3.1439572305578784e-05,-6.902768836586923e-05,-1.505014012720017e-07,-3.2172103788431574e-05,-7.071842308858405e-05,-1.5788303453789083e-07,-3.291210463460243e-05,-7.242949885221402e-05,-1.6553279660857362e-07,-3.365954145875311e-05,-7.416091014568117e-05,-1.7345709358211488e-07,-3.441438089203648e-05,-7.591265139242604e-05,-1.816624066181681e-07,-3.5176589582230595e-05,-7.768471695042607e-05,-1.9015529191154252e-07,-3.594613419387292e-05,-7.947710111221447e-05,-1.98942380665463e-07,-3.672298140839427e-05,-8.128979810489919e-05,-2.080303790645243e-07,-3.7507097924252784e-05,-8.312280209018192e-05,0.30000000000000004
-1.3651727222674274e-07,-3.0714543587739055e-05,-6.735730012964776e-05,-1.4338156580055703e-07,-3.1439572305578784e-05,-6.902768836586923e-05,-1.505014012720017e-07,-3.2172103788431574e-05,-7.071842308858405e-05,-1.5788303453789083e-07,-3.291210463460243e-05,-7.242949885221402e-05,-1.6553279660857362e-07,-3.365954145875311e-05,-7.416091014568117e-05,-1.7345709358211488e-07,-3.441438089203648e-05,-7.591265139242604e-05,-1.816624066181681e-07,-3.5176589582230595e-05,-7.768471695042607e-05,-1.9015529191154252e-07,-3.594613419387292e-05,-7.947710111221447e-05,-1.98942380665463e-07,-3.672298140839427e-05,-8.128979810489919e-05,-2.080303790645243e-07,-3.7507097924252784e-05,-8.312280209018192e-05,0.30000000000000004
-1.3651727222674274e-07,-3.0714543587739055e-05,-6.735730012964776e-05,-1.4338156580055703e-07,-3.1439572305578784e-05,-6.902768836586923e-05,-1.505014012720017e-07,-3.2172103788431574e-05,-7.071842308858405e-05,-1.5788303453789083e-07,-3.291210463460243e-05,-7.242949885221402e-05,-1.6553279660857362e-07,-3.365954145875311e-05,-7.416091014568117e-05,-1.7345709358211488e-07,-3.441438089203648e-05,-7.591265139242604e-05,-1.816624066181681e-07,-3.5176589582230595e-05,-7.768471695042607e-05,-1.9015529191154252e-07,-3.594613419387292e-05,-7.947710111221447e-05,-1.98942380665463e-07,-3.672298140839427e-05,-8.128979810489919e-05,-2.080303790645243e-07,-3.7507097924252784e-05,-8.312280209018192e-05,0.30000000000000004
-1.3651727222674274e-07,-3.0714543587739055e-05,-6.735730012964776e-05,-1.4338156580055703e-07,-3.1439572305578784e-05,-6.902768836586923e-05,-1.505014012720017e-07,-3.2172103788431574e-05,-7.071842308858405e-05,-1.5788303453789083e-07,-3.291210463460243e-05,-7.242949885221402e-05,-1.6553279660857362e-07,-3.365954145875311e-05,-7.416091014568117e-05,-1.7345709358211488e-07,-3.441438089203648e-05,-7.591265139242604e-05,-1.816624066181681e-07,-3.5176589582230595e-05,-7.768471695042607e-05,-1.9015529191154252e-07,-3.594613419387292e-05,-7.947710111221447e-05,-1.98942380665463e-07,-3.672298140839427e-05,-8.128979810489919e-05,-2.080303790645243e-07,-3.7507097924252784e-05,-8.312280209018192e-05,0.30000000000000004
-1.3651727222674274e-07,-3.0714543587739055e-05,-6.735730012964776e-05,-1.4338156580055703e-07,-3.1439572305578784e-05,-6.902768836586923e-05,-1.505014012720017e-07,-3.2172103788431574e-05,-7.071842308858405e-05,-1.5788303453789083e-07,-3.291210463460243e-05,-7.242949885221402e-05,-1.6553279660857362e-07,-3.365954145875311e-05,-7.416091014568117e-05,-1.7345709358211488e-07,-3.441438089203648e-05,-7.591265139242604e-05,-1.816624066181681e-07,-3.5176589582230595e-05,-7.768471695042607e-05,-1.9015529191154252e-07,-3.594613419387292e-05,-7.947710111221447e-05,-1.98942380665463e-07,-3.672298140839427e-05,-8.128979810489919e-05,-2.080303790645243e-07,-3.7507097924252784e-05,-8.312280209018192e-05,0.30000000000000004
-1.3651727222674274e-07,-3.0714543587739055e-05,-6.735730012964776e-05,-1.4338156580055703e-07,-3.1439572305578784e-05,-6.902768836586923e-05,-1.505014012720017e-07,-3.2172103788431574e-05,-7.071842308858405e-05,-1.5788303453789083e-07,-3.291210463460243e-05,-7.242949885221402e-05,-1.6553279660857362e-07,-3.365954145875311e-05,-7.416091014568117e-05,-1.7345709358211488e-07,-3.441438089203648e-05,-7.591265139242604e-05,-1.816624066181681e-07,-3.5176589582230595e-05,-7.768471695042607e-05,-1.9015529191154252e-07,-3.594613419387292e-05,-7.947710111221447e-05,-1.98942380665463e-07,-3.672298140839427e-05,-8.128979810489919e-05,-2.080303790645243e-07,-3.7507097924252784e-05,-8.312280209018192e-05,0.30000000000000004
-1.3651727222674274e-07,-3.0714543587739055e-05,-6.735730012964776e-05,-1.4338156580055703e-07,-3.1439572305578784e-05,-6.902768836586923e-05,-1.505014012720017e-07,-3.2172103788431574e-05,-7.071842308858405e-05,-1.5788303453789083e-07,-3.291210463460243e-05,-7.242949885221402e-05,-1.6553279660857362e-07,-3.365954145875311e-05,-7.416091014568117e-05,-1.7345709358211488e-07,-3.441438089203648e-05,-7.591265139242604e-05,-1.816624066181681e-07,-3.5176589582230595e-05,-7.768471695042607e-05,-1.9015529191154252e-07,-3.594613419387292e-05,-7.947710111221447e-05,-1.98942380665463e-07,-3.672298140839427e-05,-8.128979810489919e-05,-2.080303790645243e-07,-3.7507097924252784e-05,-8.312280209018192e-05,0.30000000000000004
-1.3651727222674274e-07,-3.0714543587739055e-05,-6.735730012964776e-05,-1.4338156580055703e-07,-3.1439572305578784e-05,-6.902768836586923e-05,-1.505014012720017e-07,-3.2172103788431574e-05,-7.071842308858405e-05,-1.5788303453789083e-07,-3.291210463460243e-05,-7.242949885221402e-05,-1.6553279660857362e-07,-3.365954145875311e-05,-7.416091014568117e-05,-1.7345709358211488e-07,-3.441438089203648e-05,-7.591265139242604e-05,-1.816624066181681e-07,-3.5176589582230595e-05,-7.768471695042607e-05,-1.9015529191154252e-07,-3.594613419387292e-05,-7.947710111221447e-05,-1.98942380665463e-07,-3.672298140839427e-05,-8.128979810489919e-05,-2.080303790645243e-07,-3.7507097924252784e-05,-8.312280209018192e-05,0.30000000000000004
-1.3651727222674274e-07,-3.0714543587739055e-05,-6.735730012964776e-05,-1.4338156580055703e-07,-3.1439572305578784e-05,-6.902768836586923e-05,-1.505014012720017e-07,-3.2172103788431574e-05,-7.071842308858405e-05,-1.5788303453789083e-07,-3.291210463460243e-05,-7.242949885221402e-05,-1.6553279660857362e-07,-3.365954145875311e-05,-7.416091014568117e-05,-1.7345709358211488e-07,-3.441438089203648e-05,-7.591265139242604e-05,-1.816624066181681e-07,-3.5176589582230595e-05,-7.768471695042607e-05,-1.9015529191154252e-07,-3.594613419387292e-05,-7.947710111221447e-05,-1.98942380665463e-07,-3.672298140839427e-05,-8.128979810489919e-05,-2.080303790645243e-07,-3.7507097924252784e-05,-8.312280209018192e-05,0.30000000000000004
-1.3651727222674274e-07,-3.0714543587739055e-05,-6.735730012964776e-05,-1.4338156580055703e-07,-3.1439572305578784e-05,-6.902768836586923e-05,-1.505014012720017e-07,-3.2172103788431574e-05,-7.071842308858405e-05,-1.5788303453789083e-07,-3.291210463460243e-05,-7.242949885221402e-05,-1.6553279660857362e-07,-3.365954145875311e-05,-7.416091014568117e-05,-1.7345709358211488e-07,-3.441438089203648e-05,-7.591265139242604e-05,-1.816624066181681e-07,-3.5176589582230595e-05,-7.768471695042607e-05,-1.9015529191154252e-07,-3.594613419387292e-05,-7.947710111221447e-05,-1.98942380665463e-07,-3.672298140839427e-05,-8.128979810489919e-05,-2.080303790645243e-07,-3.7507097924252784e-05,-8.312280209018192e-05,0.30000000000000004
-1.3651727222674274e-07,-3.0714543587739055e-05,-6.735730012964776e-05,-1.4338156580055703e-07,-3.1439572305578784e-05,-6.902768836586923e-05,-1.505014012720017e-07,-3.2172103788431574e-05,-7.071842308858405e-05,-1.5788303453789083e-07,-3.291210463460243e-05,-7.242949885221402e-05,-1.6553279660857362e-07,-3.365954145875311e-05,-7.416091014568117e-05,-1.7345709358211488e-07,-3.441438089203648e-05,-7.591265139242604e-05,-1.816624066181681e-07,-3.5176589582230595e-05,-7.768471695042607e-05,-1.9015529191154252e-07,-3.594613419387292e-05,-7.947710111221447e-05,-1.98942380665463e-07,-3.672298140839427e-05,-8.128979810489919e-05,-2.080303790645243e-07,-3.7507097924252784e-05,-8.312280209018192e-05,0.30000000000000004
-1.3651727222674274e-07,-3.0714543587739055e-05,-6.735730012964776e-05,-1.4338156580055703e-07,-3.1439572305578784e-05,-6.902768836586923e-05,-1.505014012720017e-07,-3.2172103788431574e-05,-7.071842308858405e-05,-1.5788303453789083e-07,-3.291210463460243e-05,-7.242949885221402e-05,-1.6553279660857362e-07,-3.365954145875311e-05,-7.416091014568117e-05,-1.7345709358211488e-07,-3.441438089203648e-05,-7.591265139242604e-05,-1.816624066181681e-07,-3.5176589582230595e-05,-7.768471695042607e-05,-1.9015529191154252e-07,-3.594613419387292e-05,-7.947710111221447e-05,-1.98942380665463e-07,-3.672298140839427e-05,-8.128979810489919e-05,-2.080303790645243e-07,-3.7507097924252784e-05,-8.312280209018192e-05,0.30000000000000004
-1.3651727222674274e-07,-3.0714543587739055e-05,-6.735730012964776e-05,-1.4338156580055703e-07,-3.1439572305578784e-05,-6.902768836586923e-05,-1.505014012720017e-07,-3.2172103788431574e-05,-7.071842308858405e-05,-1.5788303453789083e-07,-3.291210463460243e-05,-7.242949885221402e-05,-1.6553279660857362e-07,-3.365954145875311e-05,-7.416091014568117e-05,-1.7345709358211488e-07,-3.441438089203648e-05,-7.591265139242604e-05,-1.816624066181681e-07,-3.5176589582230595e-05,-7.768471695042607e-05,-1.9015529191154252e-07,-3.594613419387292e-05,-7.947710111221447e-05,-1.98942380665463e-07,-3.672298140839427e-05,-8.128979810489919e-05,-2.080303790645243e-07,-3.7507097924252784e-05,-8.312280209018192e-05,0.30000000000000004
-1.3651727222674274e-07,-3.0714543587739055e-05,-6.735730012964776e-05,-1.4338156580055703e-07,-3.1439572305578784e-05,-6.902768836586923e-05,-1.505014012720017e-07,-3.2172103788431574e-05,-7.071842308858405e-05,-1.5788303453789083e-07,-3.291210463460243e-05,-7.242949885221402e-05,-1.6553279660857362e-07,-3.365954145875311e-05,-7.416091014568117e-05,-1.7345709358211488e-07,-3.441438089203648e-05,-7.591265139242604e-05,-1.816624066181681e-07,-3.5176589582230595e-05,-7.768471695042607e-05,-1.9015529191154252e-07,-3.594613419387292e-05,-7.947710111221447e-05,-1.98942380665463e-07,-3.672298140839427e-05,-8.128979810489919e-05,-2.080303790645243e-07,-3.7507097924252784e-05,-8.312280209018192e-05,0.30000000000000004
-1.3651727222674274e-07,-3.0714543587739055e-05,-6.735730012964776e-05,-1.4338156580055703e-07,-3.1439572305578784e-05,-6.902768836586923e-05,-1.505014012720017e-07,-3.2172103788431574e-05,-7.071842308858405e-05,-1.5788303453789083e-07,-3.291210463460243e-05,-7.242949885221402e-05,-1.6553279660857362e-07,-3.365954145875311e-05,-7.416091014568117e-05,-1.7345709358211488e-07,-3.441438089203648e-05,-7.591265139242604e-05,-1.816624066181681e-07,-3.5176589582230595e-05,-7.768471695042607e-05,-1.9015529191154252e-07,-3.594613419387292e-05,-7.947710111221447e-05,-1.98942380665463e-07,-3.672298140839427e-05,-8.128979810489919e-05,-2.080303790645243e-07,-3.7507097924252784e-05,-8.312280209018192e-05,0.30000000000000004
-1.3651727222674274e-07,-3.0714543587739055e-05,-6.735730012964776e-05,-1.4338156580055703e-07,-3.1439572305578784e-05,-6.902768836586923e-05,-1.505014012720017e-07,-3.2172103788431574e-05,-7.071842308858405e-05,-1.5788303453789083e-07,-3.291210463460243e-05,-7.242949885221402e-05,-1.6553279660857362e-07,-3.365954145875311e-05,-7.416091014568117e-05,-1.7345709358211488e-07,-3.441438089203648e-05,-7.591265139242604e-05,-1.816624066181681e-07,-3.5176589582230595e-05,-7.768471695042607e-05,-1.9015529191154252e-07,-3.594613419387292e-05,-7.947710111221447e-05,-1.98942380665463e-07,-3.672298140839427e-05,-8.128979810489919e-05,-2.080303790645243e-07,-3.7507097924252784e-05,-8.312280209018192e-05,0.30000000000000004
-1.3651727222674274e-07,-3.0714543587739055e-05,-6.735730012964776e-05,-1.4338156580055703e-07,-3.1439572305578784e-05,-6.902768836586923e-05,-1.505014012720017e-07,-3.2172103788431574e-05,-7.071842308858405e-05,-1.5788303453789083e-07,-3.291210463460243e-05,-7.242949885221402e-05,-1.6553279660857362e-07,-3.365954145875311e-05,-7.416091014568117e-05,-1.7345709358211488e-07,-3.441438089203648e-05,-7.591265139242604e-05,-1.816624066181681e-07,-3.5176589582230595e-05,-7.768471695042607e-05,-1.9015529191154252e-07,-3.594613419387292e-05,-7.947710111221447e-05,-1.98942380665463e-07,-3.672298140839427e-05,-8.128979810489919e-05,-2.080303790645243e-07,-3.7507097924252784e-05,-8.312280209018192e-05,0.30000000000000004
-1.3651727222674274e-07,-3.0714543587739055e-05,-6.735730012964776e-05,-1.4338156580055703e-07,-3.1439572305578784e-05,-6.902768836586923e-05,-1.505014012720017e-07,-3.2172103788431574e-05,-7.071842308858405e-05,-1.5788303453789083e-07,-3.291210463460243e-05,-7.242949885221402e-05,-1.6553279660857362e-07,-3.365954145875311e-05,-7.416091014568117e-05,-1.7345709358211488e-07,-3.441438089203648e-05,-7.591265139242604e-05,-1.816624066181681e-07,-3.5176589582230595e-05,-7.768471695042607e-05,-1.9015529191154252e-07,-3.594613419387292e-05,-7.947710111221447e-05,-1.98942380665463e-07,-3.672298140839427e-05,-8.128979810489919e-05,-2.080303790645243e-07,-3.7507097924252784e-05,-8.312280209018192e-05,0.30000000000000004
-1.3651727222674274e-07,-3.0714543587739055e-05,-6.735730012964776e-05,-1.4338156580055703e-07,-3.1439572305578784e-05,-6.902768836586923e-05,-1.505014012720017e-07,-3.2172103788431574e-05,-7.071842308858405e-05,-1.5788303453789083e-07,-3.291210463460243e-05,-7.242949885221402e-05,-1.6553279660857362e-07,-3.365954145875311e-05,-7.416091014568117e-05,-1.7345709358211488e-07,-3.441438089203648e-05,-7.591265139242604e-05,-1.816624066181681e-07,-3.5176589582230595e-05,-7.768471695042607e-05,-1.9015529191154252e-07,-3.594613419387292e-05,-7.947710111221447e-05,-1.98942380665463e-07,-3.672298140839427e-05,-8.128979810489919e-05,-2.080303790645243e-07,-3.7507097924252784e-05,-8.312280209018192e-05,0.30000000000000004
-1.3651727222674274e-07,-3.0714543587739055e-05,-6.735730012964776e-05,-1.4338156580055703e-07,-3.1439572305578784e-05,-6.902768836586923e-05,-1.505014012720017e-07,-3.2172103788431574e-05,-7.071842308858405e-05,-1.5788303453789083e-07,-3.291210463460243e-05,-7.242949885221402e-05,-1.6553279660857362e-07,-3.365954145875311e-05,-7.416091014568117e-05,-1.7345709358211488e-07,-3.441438089203648e-05,-7.591265139242604e-05,-1.816624066181681e-07,-3.5176589582230595e-05,-7.768471695042607e-05,-1.9015529191154252e-07,-3.594613419387292e-05,-7.947710111221447e-05,-1.98942380665463e-07,-3.672298140839427e-05,-8.128979810489919e-05,-2.080303790645243e-07,-3.7507097924252784e-05,-8.312280209018192e-05,0.30000000000000004
-1.3651727222674274e-07,-3.0714543587739055e-05,-6.735730012964776e-05,-1.4338156580055703e-07,-3.1439572305578784e-05,-6.902768836586923e-05,-1.505014012720017e-07,-3.2172103788431574e-05,-7.071842308858405e-05,-1.5788303453789083e-07,-3.291210463460243e-05,-7.242949885221402e-05,-1.6553279660857362e-07,-3.365954145875311e-05,-7.416091014568117e-05,-1.7345709358211488e-07,-3.441438089203648e-05,-7.591265139242604e-05,-1.816624066181681e-07,-3.5176589582230595e-05,-7.768471695042607e-05,-1.9015529191154252e-07,-3.594613419387292e-05,-7.947710111221447e-05,-1.98942380665463e-07,-3.672298140839427e-05,-8.128979810489919e-05,-2.080303790645243e-07,-3.7507097924252784e-05,-8.312280209018192e-05,0.30000000000000004
-1.3651727222674274e-07,-3.0714543587739055e-05,-6.735730012964776e-05,-1.4338156580055703e-07,-3.1439572305578784e-05,-6.902768836586923e-05,-1.505014012720017e-07,-3.2172103788431574e-05,-7.071842308858405e-05,-1.5788303453789083e-07,-3.291210463460243e-05,-7.242949885221402e-05,-1.6553279660857362e-07,-3.365954145875311e-05,-7.416091014568117e-05,-1.7345709358211488e-07,-3.441438089203648e-05,-7.591265139242604e-05,-1.816624066181681e-07,-3.5176589582230595e-05,-7.768471695042607e-05,-1.9015529191154252e-07,-3.594613419387292e-05,-7.947710111221447e-05,-1.98942380665463e-07,-3.672298140839427e-05,-8.128979810489919e-05,-2.080303790645243e-07,-3.7507097924252784e-05,-8.312280209018192e-05,0.30000000000000004
-1.3651727222674274e-07,-3.0714543587739055e-05,-6.735730012964776e-05,-1.4338156580055703e-07,-3.1439572305578784e-05,-6.902768836586923e-05,-1.505014012720017e-07,-3.2172103788431574e-05,-7.071842308858405e-05,-1.5788303453789083e-07,-3.291210463460243e-05,-7.242949885221402e-05,-1.6553279660857362e-07,-3.365954145875311e-05,-7.416091014568117e-05,-1.7345709358211488e-07,-3.441438089203648e-05,-7.591265139242604e-05,-1.816624066181681e-07,-3.5176589582230595e-05,-7.768471695042607e-05,-1.9015529191154252e-07,-3.594613419387292e-05,-7.947710111221447e-05,-1.98942380665463e-07,-3.672298140839427e-05,-8.128979810489919e-05,-2.080303790645243e-07,-3.7507097924252784e-05,-8.312280209018192e-05,0.30000000000000004
-1.3651727222674274e-07,-3.0714543587739055e-05,-6.735730012964776e-05,-1.4338156580055703e-07,-3.1439572305578784e-05,-6.902768836586923e-05,-1.505014012720017e-07,-3.2172103788431574e-05,-7.071842308858405e-05,-1.5788303453789083e-07,-3.291210463460243e-05,-7.242949885221402e-05,-1.6553279660857362e-07,-3.365954145875311e-05,-7.416091014568117e-05,-1.7345709358211488e-07,-3.441438089203648e-05,-7.591265139242604e-05,-1.816624066181681e-07,-3.5176589582230595e-05,-7.768471695042607e-05,-1.9015529191154252e-07,-3.594613419387292e-05,-7.947710111221447e-05,-1.98942380665463e-07,-3.672298140839427e-05,-8.128979810489919e-05,-2.080303790645243e-07,-3.7507097924252784e-05,-8.312280209018192e-05,0.30000000000000004
-1.3651727222674274e-07,-3.0714543587739055e-05,-6.735730012964776e-05,-1.4338156580055703e-07,-3.1439572305578784e-05,-6.902768836586923e-05,-1.505014012720017e-07,-3.2172103788431574e-05,-7.071842308858405e-05,-1.5788303453789083e-07,-3.291210463460243e-05,-7.242949885221402e-05,-1.6553279660857362e-07,-3.365954145875311e-05,-7.416091014568117e-05,-1.7345709358211488e-07,-3.441438089203648e-05,-7.591265139242604e-05,-1.816624066181681e-07,-3.5176589582230595e-05,-7.768471695042607e-05,-1.9015529191154252e-07,-3.594613419387292e-05,-7.947710111221447e-05,-1.98942380665463e-07,-3.672298140839427e-05,-8.128979810489919e-05,-2.080303790645243e-07,-3.7507097924252784e-05,-8.312280209018192e-05,0.30000000000000004
-1.3651727222674274e-07,-3.0714543587739055e-05,-6.735730012964776e-05,-1.4338156580055703e-07,-3.1439572305578784e-05,-6.902768836586923e-05,-1.505014012720017e-07,-3.2172103788431574e-05,-7.071842308858405e-05,-1.5788303453789083e-07,-3.291210463460243e-05,-7.242949885221402e-05,-1.6553279660857362e-07,-3.365954145875311e-05,-7.416091014568117e-05,-1.7345709358211488e-07,-3.441438089203648e-05,-7.591265139242604e-05,-1.816624066181681e-07,-3.5176589582230595e-05,-7.768471695042607e-05,-1.9015529191154252e-07,-3.594613419387292e-05,-7.947710111221447e-05,-1.98942380665463e-07,-3.672298140839427e-05,-8.128979810489919e-05,-2.080303790645243e-07,-3.7507097924252784e-05,-8.312280209018192e-05,0.30000000000000004
-1.3651727222674274e-07,-3.0714543587739055e-05,-6.735730012964776e-05,-1.4338156580055703e-07,-3.1439572305578784e-05,-6.902768836586923e-05,-1.505014012720017e-07,-3.2172103788431574e-05,-7.071842308858405e-05,-1.5788303453789083e-07,-3.291210463460243e-05,-7.242949885221402e-05,-1.6553279660857362e-07,-3.365954145875311e-05,-7.416091014568117e-05,-1.7345709358211488e-07,-3.441438089203648e-05,-7.591265139242604e-05,-1.816624066181681e-07,-3.5176589582230595e-05,-7.768471695042607e-05,-1.9015529191154252e-07,-3.594613419387292e-05,-7.947710111221447e-05,-1.98942380665463e-07,-3.672298140839427e-05,-8.128979810489919e-05,-2.080303790645243e-07,-3.7507097924252784e-05,-8.312280209018192e-05,0.30000000000000004
-1.3651727222674274e-07,-3.0714543587739055e-05,-6.735730012964776e-05,-1.4338156580055703e-07,-3.1439572305578784e-05,-6.902768836586923e-05,-1.505014012720017e-07,-3.2172103788431574e-05,-7.071842308858405e-05,-1.5788303453789083e-07,-3.291210463460243e-05,-7.242949885221402e-05,-1.6553279660857362e-07,-3.365954145875311e-05,-7.416091014568117e-05,-1.7345709358211488e-07,-3.441438089203648e-05,-7.591265139242604e-05,-1.816624066181681e-07,-3.5176589582230595e-05,-7.768471695042607e-05,-1.9015529191154252e-07,-3.594613419387292e-05,-7.947710111221447e-05,-1.98942380665463e-07,-3.672298140839427e-05,-8.128979810489919e-05,-2.080303790645243e-07,-3.7507097924252784e-05,-8.312280209018192e-05,0.30000000000000004
-1.3651727222674274e-07,-3.0714543587739055e-05,-6.735730012964776e-05,-1.4338156580055703e-07,-3.1439572305578784e-05,-6.902768836586923e-05,-1.505014012720017e-07,-3.2172103788431574e-05,-7.071842308858405e-05,-1.5788303453789083e-07,-3.291210463460243e-05,-7.242949885221402e-05,-1.6553279660857362e-07,-3.365954145875311e-05,-7.416091014568117e-05,-1.7345709358211488e-07,-3.441438089203648e-05,-7.591265139242604e-05,-1.816624066181681e-07,-3.5176589582230595e-05,-7.768471695042607e-05,-1.9015529191154252e-07,-3.594613419387292e-05,-7.947710111221447e-05,-1.98942380665463e-07,-3.672298140839427e-05,-8.128979810489919e-05,-2.080303790645243e-07,-3.7507097924252784e-05,-8.312280209018192e-05,0.30000000000000004
-1.3651727222674274e-07,-3.0714543587739055e-05,-6.735730012964776e-05,-1.4338156580055703e-07,-3.1439572305578784e-05,-6.902768836586923e-05,-1.505014012720017e-07,-3.2172103788431574e-05,-7.071842308858405e-05,-1.5788303453789083e-07,-3.291210463460243e-05,-7.242949885221402e-05,-1.6553279660857362e-07,-3.365954145875311e-05,-7.416091014568117e-05,-1.7345709358211488e-07,-3.441438089203648e-05,-7.591265139242604e-05,-1.816624066181681e-07,-3.5176589582230595e-05,-7.768471695042607e-05,-1.9015529191154252e-07,-3.594613419387292e-05,-7.947710111221447e-05,-1.98942380665463e-07,-3.672298140839427e-05,-8.128979810489919e-05,-2.080303790645243e-07,-3.7507097924252784e-05,-8.312280209018192e-05,0.30000000000000004
-1.3651727222674274e-07,-3.0714543587739055e-05,-6.735730012964776e-05,-1.4338156580055703e-07,-3.1439572305578784e-05,-6.902768836586923e-05,-1.505014012720017e-07,-3.2172103788431574e-05,-7.071842308858405e-05,-1.5788303453789083e-07,-3.291210463460243e-05,-7.242949885221402e-05,-1.6553279660857362e-07,-3.365954145875311e-05,-7.416091014568117e-05,-1.7345709358211488e-07,-3.441438089203648e-05,-7.591265139242604e-05,-1.816624066181681e-07,-3.5176589582230595e-05,-7.768471695042607e-05,-1.9015529191154252e-07,-3.594613419387292e-05,-7.947710111221447e-05,-1.98942380665463e-07,-3.672298140839427e-05,-8.128979810489919e-05,-2.080303790645243e-07,-3.7507097924252784e-05,-8.312280209018192e-05,0.30000000000000004
-1.3651727222674274e-07,-3.0714543587739055e-05,-6.735730012964776e-05,-1.4338156580055703e-07,-3.1439572305578784e-05,-6.902768836586923e-05,-1.505014012720017e-07,-3.2172103788431574e-05,-7.071842308858405e-05,-1.5788303453789083e-07,-3.291210463460243e-05,-7.242949885221402e-05,-1.6553279660857362e-07,-3.365954145875311e-05,-7.416091014568117e-05,-1.7345709358211488e-07,-3.441438089203648e-05,-7.591265139242604e-05,-1.816624066181681e-07,-3.5176589582230595e-05,-7.768471695042607e-05,-1.9015529191154252e-07,-3.594613419387292e-05,-7.947710111221447e-05,-1.98942380665463e-07,-3.672298140839427e-05,-8.128979810489919e-05,-2.080303790645243e-07,-3.7507097924252784e-05,-8.312280209018192e-05,0.30000000000000004
-1.3651727222674274e-07,-3.0714543587739055e-05,-6.735730012964776e-05,-1.4338156580055703e-07,-3.1439572305578784e-05,-6.902768836586923e-05,-1.505014012720017e-07,-3.2172103788431574e-05,-7.071842308858405e-05,-1.5788303453789083e-07,-3.291210463460243e-05,-7.242949885221402e-05,-1.6553279660857362e-07,-3.365954145875311e-05,-7.416091014568117e-05,-1.7345709358211488e-07,-3.441438089203648e-05,-7.591265139242604e-05,-1.816624066181681e-07,-3.5176589582230595e-05,-7.768471695042607e-05,-1.9015529191154252e-07,-3.594613419387292e-05,-7.947710111221447e-05,-1.98942380665463e-07,-3.672298140839427e-05,-8.128979810489919e-05,-2.080303790645243e-07,-3.7507097924252784e-05,-8.312280209018192e-05,0.30000000000000004
-1.3651727222674274e-07,-3.0714543587739055e-05,-6.735730012964776e-05,-1.4338156580055703e-07,-3.1439572305578784e-05,-6.902768836586923e-05,-1.505014012720017e-07,-3.2172103788431574e-05,-7.071842308858405e-05,-1.5788303453789083e-07,-3.291210463460243e-05,-7.242949885221402e-05,-1.6553279660857362e-07,-3.365954145875311e-05,-7.416091014568117e-05,-1.7345709358211488e-07,-3.441438089203648e-05,-7.591265139242604e-05,-1.816624066181681e-07,-3.5176589582230595e-05,-7.768471695042607e-05,-1.9015529191154252e-07,-3.594613419387292e-05,-7.947710111221447e-05,-1.98942380665463e-07,-3.672298140839427e-05,-8.128979810489919e-05,-2.080303790645243e-07,-3.7507097924252784e-05,-8.312280209018192e-05,0.30000000000000004
-1.3651727222674274e-07,-3.0714543587739055e-05,-6.735730012964776e-05,-1.4338156580055703e-07,-3.1439572305578784e-05,-6.902768836586923e-05,-1.505014012720017e-07,-3.2172103788431574e-05,-7.071842308858405e-05,-1.5788303453789083e-07,-3.291210463460243e-05,-7.242949885221402e-05,-1.6553279660857362e-07,-3.365954145875311e-05,-7.416091014568117e-05,-1.7345709358211488e-07,-3.441438089203648e-05,-7.591265139242604e-05,-1.816624066181681e-07,-3.5176589582230595e-05,-7.768471695042607e-05,-1.9015529191154252e-07,-3.594613419387292e-05,-7.947710111221447e-05,-1.98942380665463e-07,-3.672298140839427e-05,-8.128979810489919e-05,-2.080303790645243e-07,-3.7507097924252784e-05,-8.312280209018192e-05,0.30000000000000004
-1.3651727222674274e-07,-3.0714543587739055e-05,-6.735730012964776e-05,-1.4338156580055703e-07,-3.1439572305578784e-05,-6.902768836586923e-05,-1.505014012720017e-07,-3.2172103788431574e-05,-7.071842308858405e-05,-1.5788303453789083e-07,-3.291210463460243e-05,-7.242949885221402e-05,-1.6553279660857362e-07,-3.365954145875311e-05,-7.416091014568117e-05,-1.7345709358211488e-07,-3.441438089203648e-05,-7.591265139242604e-05,-1.816624066181681e-07,-3.5176589582230595e-05,-7.768471695042607e-05,-1.9015529191154252e-07,-3.594613419387292e-05,-7.947710111221447e-05,-1.98942380665463e-07,-3.672298140839427e-05,-8.128979810489919e-05,-2.080303790645243e-07,-3.7507097924252784e-05,-8.312280209018192e-05,0.30000000000000004
-1.3651727222674274e-07,-3.0714543587739055e-05,-6.735730012964776e-05,-1.4338156580055703e-07,-3.1439572305578784e-05,-6.902768836586923e-05,-1.505014012720017e-07,-3.2172103788431574e-05,-7.071842308858405e-05,-1.5788303453789083e-07,-3.291210463460243e-05,-7.242949885221402e-05,-1.6553279660857362e-07,-3.365954145875311e-05,-7.416091014568117e-05,-1.7345709358211488e-07,-3.441438089203648e-05,-7.591265139242604e-05,-1.816624066181681e-07,-3.5176589582230595e-05,-7.768471695042607e-05,-1.9015529191154252e-07,-3.594613419387292e-05,-7.947710111221447e-05,-1.98942380665463e-07,-3.672298140839427e-05,-8.128979810489919e-05,-2.080303790645243e-07,-3.7507097924252784e-05,-8.312280209018192e-05,0.30000000000000004
-1.3651727222674274e-07,-3.0714543587739055e-05,-6.735730012964776e-05,-1.4338156580055703e-07,-3.1439572305578784e-05,-6.902768836586923e-05,-1.505014012720017e-07,-3.2172103788431574e-05,-7.071842308858405e-05,-1.5788303453789083e-07,-3.291210463460243e-05,-7.242949885221402e-05,-1.6553279660857362e-07,-3.365954145875311e-05,-7.416091014568117e-05,-1.7345709358211488e-07,-3.441438089203648e-05,-7.591265139242604e-05,-1.816624066181681e-07,-3.5176589582230595e-05,-7.768471695042607e-05,-1.9015529191154252e-07,-3.594613419387292e-05,-7.947710111221447e-05,-1.98942380665463e-07,-3.672298140839427e-05,-8.128979810489919e-05,-2.080303790645243e-07,-3.7507097924252784e-05,-8.312280209018192e-05,0.30000000000000004
-1.3651727222674274e-07,-3.0714543587739055e-05,-6.735730012964776e-05,-1.4338156580055703e-07,-3.1439572305578784e-05,-6.902768836586923e-05,-1.505014012720017e-07,-3.2172103788431574e-05,-7.071842308858405e-05,-1.5788303453789083e-07,-3.291210463460243e-05,-7.242949885221402e-05,-1.6553279660857362e-07,-3.365954145875311e-05,-7.416091014568117e-05,-1.7345709358211488e-07,-3.441438089203648e-05,-7.591265139242604e-05,-1.816624066181681e-07,-3.5176589582230595e-05,-7.768471695042607e-05,-1.9015529191154252e-07,-3.594613419387292e-05,-7.947710111221447e-05,-1.98942380665463e-07,-3.672298140839427e-05,-8.128979810489919e-05,-2.080303790645243e-07,-3.7507097924252784e-05,-8.312280209018192e-05,0.30000000000000004
-1.3651727222674274e-07,-3.0714543587739055e-05,-6.735730012964776e-05,-1.4338156580055703e-07,-3.1439572305578784e-05,-6.902768836586923e-05,-1.505014012720017e-07,-3.2172103788431574e-05,-7.071842308858405e-05,-1.5788303453789083e-07,-3.291210463460243e-05,-7.242949885221402e-05,-1.6553279660857362e-07,-3.365954145875311e-05,-7.416091014568117e-05,-1.7345709358211488e-07,-3.441438089203648e-05,-7.591265139242604e-05,-1.816624066181681e-07,-3.5176589582230595e-05,-7.768471695042607e-05,-1.9015529191154252e-07,-3.594613419387292e-05,-7.947710111221447e-05,-1.98942380665463e-07,-3.672298140839427e-05,-8.128979810489919e-05,-2.080303790645243e-07,-3.7507097924252784e-05,-8.312280209018192e-05,0.30000000000000004
-1.3651727222674274e-07,-3.0714543587739055e-05,-6.735730012964776e-05,-1.4338156580055703e-07,-3.1439572305578784e-05,-6.902768836586923e-05,-1.505014012720017e-07,-3.2172103788431574e-05,-7.071842308858405e-05,-1.5788303453789083e-07,-3.291210463460243e-05,-7.242949885221402e-05,-1.6553279660857362e-07,-3.365954145875311e-05,-7.416091014568117e-05,-1.7345709358211488e-07,-3.441438089203648e-05,-7.591265139242604e-05,-1.816624066181681e-07,-3.5176589582230595e-05,-7.768471695042607e-05,-1.9015529191154252e-07,-3.594613419387292e-05,-7.947710111221447e-05,-1.98942380665463e-07,-3.672298140839427e-05,-8.128979810489919e-05,-2.080303790645243e-07,-3.7507097924252784e-05,-8.312280209018192e-05,0.30000000000000004
-1.3651727222674274e-07,-3.0714543587739055e-05,-6.735730012964776e-05,-1.4338156580055703e-07,-3.1439572305578784e-05,-6.902768836586923e-05,-1.505014012720017e-07,-3.2172103788431574e-05,-7.071842308858405e-05,-1.5788303453789083e-07,-3.291210463460243e-05,-7.242949885221402e-05,-1.6553279660857362e-07,-3.365954145875311e-05,-7.416091014568117e-05,-1.7345709358211488e-07,-3.441438089203648e-05,-7.591265139242604e-05,-1.816624066181681e-07,-3.5176589582230595e-05,-7.768471695042607e-05,-1.9015529191154252e-07,-3.594613419387292e-05,-7.947710111221447e-05,-1.98942380665463e-07,-3.672298140839427e-05,-8.128979810489919e-05,-2.080303790645243e-07,-3.7507097924252784e-05,-8.312280209018192e-05,0.30000000000000004
-1.3651727222674274e-07,-3.0714543587739055e-05,-6.735730012964776e-05,-1.4338156580055703e-07,-3.1439572305578784e-05,-6.902768836586923e-05,-1.505014012720017e-07,-3.2172103788431574e-05,-7.071842308858405e-05,-1.5788303453789083e-07,-3.291210463460243e-05,-7.242949885221402e-05,-1.6553279660857362e-07,-3.365954145875311e-05,-7.416091014568117e-05,-1.7345709358211488e-07,-3.441438089203648e-05,-7.591265139242604e-05,-1.816624066181681e-07,-3.5176589582230595e-05,-7.768471695042607e-05,-1.9015529191154252e-07,-3.594613419387292e-05,-7.947710111221447e-05,-1.98942380665463e-07,-3.672298140839427e-05,-8.128979810489919e-05,-2.080303790645243e-07,-3.7507097924252784e-05,-8.312280209018192e-05,0.30000000000000004
-1.3651727222674274e-07,-3.0714543587739055e-05,-6.735730012964776e-05,-1.4338156580055703e-07,-3.1439572305578784e-05,-6.902768836586923e-05,-1.505014012720017e-07,-3.2172103788431574e-05,-7.071842308858405e-05,-1.5788303453789083e-07,-3.291210463460243e-05,-7.242949885221402e-05,-1.6553279660857362e-07,-3.365954145875311e-05,-7.416091014568117e-05,-1.7345709358211488e-07,-3.441438089203648e-05,-7.591265139242604e-05,-1.816624066181681e-07,-3.5176589582230595e-05,-7.768471695042607e-05,-1.9015529191154252e-07,-3.594613419387292e-05,-7.947710111221447e-05,-1.98942380665463e-07,-3.672298140839427e-05,-8.128979810489919e-05,-2.080303790645243e-07,-3.7507097924252784e-05,-8.312280209018192e-05,0.30000000000000004
-1.3651727222674274e-07,-3.0714543587739055e-05,-6.735730012964776e-05,-1.4338156580055703e-07,-3.1439572305578784e-05,-6.902768836586923e-05,-1.505014012720017e-07,-3.2172103788431574e-05,-7.071842308858405e-05,-1.5788303453789083e-07,-3.291210463460243e-05,-7.242949885221402e-05,-1.6553279660857362e-07,-3.365954145875311e-05,-7.416091014568117e-05,-1.7345709358211488e-07,-3.441438089203648e-05,-7.591265139242604e-05,-1.816624066181681e-07,-3.5176589582230595e-05,-7.768471695042607e-05,-1.9015529191154252e-07,-3.594613419387292e-05,-7.947710111221447e-05,-1.98942380665463e-07,-3.672298140839427e-05,-8.128979810489919e-05,-2.080303790645243e-07,-3.7507097924252784e-05,-8.312280209018192e-05,0.30000000000000004
-1.3651727222674274e-07,-3.0714543587739055e-05,-6.735730012964776e-05,-1.4338156580055703e-07,-3.1439572305578784e-05,-6.902768836586923e-05,-1.505014012720017e-07,-3.2172103788431574e-05,-7.071842308858405e-05,-1.5788303453789083e-07,-3.291210463460243e-05,-7.242949885221402e-05,-1.6553279660857362e-07,-3.365954145875311e-05,-7.416091014568117e-05,-1.7345709358211488e-07,-3.441438089203648e-05,-7.591265139242604e-05,-1.816624066181681e-07,-3.5176589582230595e-05,-7.768471695042607e-05,-1.9015529191154252e-07,-3.594613419387292e-05,-7.947710111221447e-05,-1.98942380665463e-07,-3.672298140839427e-05,-8.128979810489919e-05,-2.080303790645243e-07,-3.7507097924252784e-05,-8.312280209018192e-05,0.30000000000000004
-1.3651727222674274e-07,-3.0714543587739055e-05,-6.735730012964776e-05,-1.4338156580055703e-07,-3.1439572305578784e-05,-6.902768836586923e-05,-1.505014012720017e-07,-3.2172103788431574e-05,-7.071842308858405e-05,-1.5788303453789083e-07,-3.291210463460243e-05,-7.242949885221402e-05,-1.6553279660857362e-07,-3.365954145875311e-05,-7.416091014568117e-05,-1.7345709358211488e-07,-3.441438089203648e-05,-7.591265139242604e-05,-1.816624066181681e-07,-3.5176589582230595e-05,-7.768471695042607e-05,-1.9015529191154252e-07,-3.594613419387292e-05,-7.947710111221447e-05,-1.98942380665463e-07,-3.672298140839427e-05,-8.128979810489919e-05,-2.080303790645243e-07,-3.7507097924252784e-05,-8.312280209018192e-05,0.30000000000000004
-1.3651727222674274e-07,-3.0714543587739055e-05,-6.735730012964776e-05,-1.4338156580055703e-07,-3.1439572305578784e-05,-6.902768836586923e-05,-1.505014012720017e-07,-3.2172103788431574e-05,-7.071842308858405e-05,-1.5788303453789083e-07,-3.291210463460243e-05,-7.242949885221402e-05,-1.6553279660857362e-07,-3.365954145875311e-05,-7.416091014568117e-05,-1.7345709358211488e-07,-3.441438089203648e-05,-7.591265139242604e-05,-1.816624066181681e-07,-3.5176589582230595e-05,-7.768471695042607e-05,-1.9015529191154252e-07,-3.594613419387292e-05,-7.947710111221447e-05,-1.98942380665463e-07,-3.672298140839427e-05,-8.128979810489919e-05,-2.080303790645243e-07,-3.7507097924252784e-05,-8.312280209018192e-05,0.30000000000000004
-1.3651727222674274e-07,-3.0714543587739055e-05,-6.735730012964776e-05,-1.4338156580055703e-07,-3.1439572305578784e-05,-6.902768836586923e-05,-1.505014012720017e-07,-3.2172103788431574e-05,-7.071842308858405e-05,-1.5788303453789083e-07,-3.291210463460243e-05,-7.242949885221402e-05,-1.6553279660857362e-07,-3.365954145875311e-05,-7.416091014568117e-05,-1.7345709358211488e-07,-3.441438089203648e-05,-7.591265139242604e-05,-1.816624066181681e-07,-3.5176589582230595e-05,-7.768471695042607e-05,-1.9015529191154252e-07,-3.594613419387292e-05,-7.947710111221447e-05,-1.98942380665463e-07,-3.672298140839427e-05,-8.128979810489919e-05,-2.080303790645243e-07,-3.7507097924252784e-05,-8.312280209018192e-05,0.30000000000000004
-1.3651727222674274e-07,-3.0714543587739055e-05,-6.735730012964776e-05,-1.4338156580055703e-07,-3.1439572305578784e-05,-6.902768836586923e-05,-1.505014012720017e-07,-3.2172103788431574e-05,-7.071842308858405e-05,-1.5788303453789083e-07,-3.291210463460243e-05,-7.242949885221402e-05,-1.6553279660857362e-07,-3.365954145875311e-05,-7.416091014568117e-05,-1.7345709358211488e-07,-3.441438089203648e-05,-7.591265139242604e-05,-1.816624066181681e-07,-3.5176589582230595e-05,-7.768471695042607e-05,-1.9015529191154252e-07,-3.594613419387292e-05,-7.947710111221447e-05,-1.98942380665463e-07,-3.672298140839427e-05,-8.128979810489919e-05,-2.080303790645243e-07,-3.7507097924252784e-05,-8.312280209018192e-05,0.30000000000000004
-1.3651727222674274e-07,-3.0714543587739055e-05,-6.735730012964776e-05,-1.4338156580055703e-07,-3.1439572305578784e-05,-6.902768836586923e-05,-1.505014012720017e-07,-3.2172103788431574e-05,-7.071842308858405e-05,-1.5788303453789083e-07,-3.291210463460243e-05,-7.242949885221402e-05,-1.6553279660857362e-07,-3.365954145875311e-05,-7.416091014568117e-05,-1.7345709358211488e-07,-3.441438089203648e-05,-7.591265139242604e-05,-1.816624066181681e-07,-3.5176589582230595e-05,-7.768471695042607e-05,-1.9015529191154252e-07,-3.594613419387292e-05,-7.947710111221447e-05,-1.98942380665463e-07,-3.672298140839427e-05,-8.128979810489919e-05,-2.080303790645243e-07,-3.7507097924252784e-05,-8.312280209018192e-05,0.30000000000000004
-1.3651727222674274e-07,-3.0714543587739055e-05,-6.735730012964776e-05,-1.4338156580055703e-07,-3.1439572305578784e-05,-6.902768836586923e-05,-1.505014012720017e-07,-3.2172103788431574e-05,-7.071842308858405e-05,-1.5788303453789083e-07,-3.291210463460243e-05,-7.242949885221402e-05,-1.6553279660857362e-07,-3.365954145875311e-05,-7.416091014568117e-05,-1.7345709358211488e-07,-3.441438089203648e-05,-7.591265139242604e-05,-1.816624066181681e-07,-3.5176589582230595e-05,-7.768471695042607e-05,-1.9015529191154252e-07,-3.594613419387292e-05,-7.947710111221447e-05,-1.98942380665463e-07,-3.672298140839427e-05,-8.128979810489919e-05,-2.080303790645243e-07,-3.7507097924252784e-05,-8.312280209018192e-05,0.30000000000000004
-1.3651727222674274e-07,-3.0714543587739055e-05,-6.735730012964776e-05,-1.4338156580055703e-07,-3.1439572305578784e-05,-6.902768836586923e-05,-1.505014012720017e-07,-3.2172103788431574e-05,-7.071842308858405e-05,-1.5788303453789083e-07,-3.291210463460243e-05,-7.242949885221402e-05,-1.6553279660857362e-07,-3.365954145875311e-05,-7.416091014568117e-05,-1.7345709358211488e-07,-3.441438089203648e-05,-7.591265139242604e-05,-1.816624066181681e-07,-3.5176589582230595e-05,-7.768471695042607e-05,-1.9015529191154252e-07,-3.594613419387292e-05,-7.947710111221447e-05,-1.98942380665463e-07,-3.672298140839427e-05,-8.128979810489919e-05,-2.080303790645243e-07,-3.7507097924252784e-05,-8.312280209018192e-05,0.30000000000000004
-1.3651727222674274e-07,-3.0714543587739055e-05,-6.735730012964776e-05,-1.4338156580055703e-07,-3.1439572305578784e-05,-6.902768836586923e-05,-1.505014012720017e-07,-3.2172103788431574e-05,-7.071842308858405e-05,-1.5788303453789083e-07,-3.291210463460243e-05,-7.242949885221402e-05,-1.6553279660857362e-07,-3.365954145875311e-05,-7.416091014568117e-05,-1.7345709358211488e-07,-3.441438089203648e-05,-7.591265139242604e-05,-1.816624066181681e-07,-3.5176589582230595e-05,-7.768471695042607e-05,-1.9015529191154252e-07,-3.594613419387292e-05,-7.947710111221447e-05,-1.98942380665463e-07,-3.672298140839427e-05,-8.128979810489919e-05,-2.080303790645243e-07,-3.7507097924252784e-05,-8.312280209018192e-05,0.30000000000000004
-1.3651727222674274e-07,-3.0714543587739055e-05,-6.735730012964776e-05,-1.4338156580055703e-07,-3.1439572305578784e-05,-6.902768836586923e-05,-1.505014012720017e-07,-3.2172103788431574e-05,-7.071842308858405e-05,-1.5788303453789083e-07,-3.291210463460243e-05,-7.242949885221402e-05,-1.6553279660857362e-07,-3.365954145875311e-05,-7.416091014568117e-05,-1.7345709358211488e-07,-3.441438089203648e-05,-7.591265139242604e-05,-1.816624066181681e-07,-3.5176589582230595e-05,-7.768471695042607e-05,-1.9015529191154252e-07,-3.594613419387292e-05,-7.947710111221447e-05,-1.98942380665463e-07,-3.672298140839427e-05,-8.128979810489919e-05,-2.080303790645243e-07,-3.7507097924252784e-05,-8.312280209018192e-05,0.30000000000000004
-1.3651727222674274e-07,-3.0714543587739055e-05,-6.735730012964776e-05,-1.4338156580055703e-07,-3.1439572305578784e-05,-6.902768836586923e-05,-1.505014012720017e-07,-3.2172103788431574e-05,-7.071842308858405e-05,-1.5788303453789083e-07,-3.291210463460243e-05,-7.242949885221402e-05,-1.6553279660857362e-07,-3.365954145875311e-05,-7.416091014568117e-05,-1.7345709358211488e-07,-3.441438089203648e-05,-7.591265139242604e-05,-1.816624066181681e-07,-3.5176589582230595e-05,-7.768471695042607e-05,-1.9015529191154252e-07,-3.594613419387292e-05,-7.947710111221447e-05,-1.98942380665463e-07,-3.672298140839427e-05,-8.128979810489919e-05,-2.080303790645243e-07,-3.7507097924252784e-05,-8.312280209018192e-05,0.30000000000000004
-1.3651727222674274e-07,-3.0714543587739055e-05,-6.735730012964776e-05,-1.4338156580055703e-07,-3.1439572305578784e-05,-6.902768836586923e-05,-1.505014012720017e-07,-3.2172103788431574e-05,-7.071842308858405e-05,-1.5788303453789083e-07,-3.291210463460243e-05,-7.242949885221402e-05,-1.6553279660857362e-07,-3.365954145875311e-05,-7.416091014568117e-05,-1.7345709358211488e-07,-3.441438089203648e-05,-7.591265139242604e-05,-1.816624066181681e-07,-3.5176589582230595e-05,-7.768471695042607e-05,-1.9015529191154252e-07,-3.594613419387292e-05,-7.947710111221447e-05,-1.98942380665463e-07,-3.672298140839427e-05,-8.128979810489919e-05,-2.080303790645243e-07,-3.7507097924252784e-05,-8.312280209018192e-05,0.30000000000000004
-1.3651727222674274e-07,-3.0714543587739055e-05,-6.735730012964776e-05,-1.4338156580055703e-07,-3.1439572305578784e-05,-6.902768836586923e-05,-1.505014012720017e-07,-3.2172103788431574e-05,-7.071842308858405e-05,-1.5788303453789083e-07,-3.291210463460243e-05,-7.242949885221402e-05,-1.6553279660857362e-07,-3.365954145875311e-05,-7.416091014568117e-05,-1.7345709358211488e-07,-3.441438089203648e-05,-7.591265139242604e-05,-1.816624066181681e-07,-3.5176589582230595e-05,-7.768471695042607e-05,-1.9015529191154252e-07,-3.594613419387292e-05,-7.947710111221447e-05,-1.98942380665463e-07,-3.672298140839427e-05,-8.128979810489919e-05,-2.080303790645243e-07,-3.7507097924252784e-05,-8.312280209018192e-05,0.30000000000000004
-1.3651727222674274e-07,-3.0714543587739055e-05,-6.735730012964776e-05,-1.4338156580055703e-07,-3.1439572305578784e-05,-6.902768836586923e-05,-1.505014012720017e-07,-3.2172103788431574e-05,-7.071842308858405e-05,-1.5788303453789083e-07,-3.291210463460243e-05,-7.242949885221402e-05,-1.6553279660857362e-07,-3.365954145875311e-05,-7.416091014568117e-05,-1.7345709358211488e-07,-3.441438089203648e-05,-7.591265139242604e-05,-1.816624066181681e-07,-3.5176589582230595e-05,-7.768471695042607e-05,-1.9015529191154252e-07,-3.594613419387292e-05,-7.947710111221447e-05,-1.98942380665463e-07,-3.672298140839427e-05,-8.128979810489919e-05,-2.080303790645243e-07,-3.7507097924252784e-05,-8.312280209018192e-05,0.30000000000000004
-1.3651727222674274e-07,-3.0714543587739055e-05,-6.735730012964776e-05,-1.4338156580055703e-07,-3.1439572305578784e-05,-6.902768836586923e-05,-1.505014012720017e-07,-3.2172103788431574e-05,-7.071842308858405e-05,-1.5788303453789083e-07,-3.291210463460243e-05,-7.242949885221402e-05,-1.6553279660857362e-07,-3.365954145875311e-05,-7.416091014568117e-05,-1.7345709358211488e-07,-3.441438089203648e-05,-7.591265139242604e-05,-1.816624066181681e-07,-3.5176589582230595e-05,-7.768471695042607e-05,-1.9015529191154252e-07,-3.594613419387292e-05,-7.947710111221447e-05,-1.98942380665463e-07,-3.672298140839427e-05,-8.128979810489919e-05,-2.080303790645243e-07,-3.7507097924252784e-05,-8.312280209018192e-05,0.30000000000000004
-1.3651727222674274e-07,-3.0714543587739055e-05,-6.735730012964776e-05,-1.4338156580055703e-07,-3.1439572305578784e-05,-6.902768836586923e-05,-1.505014012720017e-07,-3.2172103788431574e-05,-7.071842308858405e-05,-1.5788303453789083e-07,-3.291210463460243e-05,-7.242949885221402e-05,-1.6553279660857362e-07,-3.365954145875311e-05,-7.416091014568117e-05,-1.7345709358211488e-07,-3.441438089203648e-05,-7.591265139242604e-05,-1.816624066181681e-07,-3.5176589582230595e-05,-7.768471695042607e-05,-1.9015529191154252e-07,-3.594613419387292e-05,-7.947710111221447e-05,-1.98942380665463e-07,-3.672298140839427e-05,-8.128979810489919e-05,-2.080303790645243e-07,-3.7507097924252784e-05,-8.312280209018192e-05,0.30000000000000004
-1.3651727222674274e-07,-3.0714543587739055e-05,-6.735730012964776e-05,-1.4338156580055703e-07,-3.1439572305578784e-05,-6.902768836586923e-05,-1.505014012720017e-07,-3.2172103788431574e-05,-7.071842308858405e-05,-1.5788303453789083e-07,-3.291210463460243e-05,-7.242949885221402e-05,-1.6553279660857362e-07,-3.365954145875311e-05,-7.416091014568117e-05,-1.7345709358211488e-07,-3.441438089203648e-05,-7.591265139242604e-05,-1.816624066181681e-07,-3.5176589582230595e-05,-7.768471695042607e-05,-1.9015529191154252e-07,-3.594613419387292e-05,-7.947710111221447e-05,-1.98942380665463e-07,-3.672298140839427e-05,-8.128979810489919e-05,-2.080303790645243e-07,-3.7507097924252784e-05,-8.312280209018192e-05,0.30000000000000004
-1.3651727222674274e-07,-3.0714543587739055e-05,-6.735730012964776e-05,-1.4338156580055703e-07,-3.1439572305578784e-05,-6.902768836586923e-05,-1.505014012720017e-07,-3.2172103788431574e-05,-7.071842308858405e-05,-1.5788303453789083e-07,-3.291210463460243e-05,-7.242949885221402e-05,-1.6553279660857362e-07,-3.365954145875311e-05,-7.416091014568117e-05,-1.7345709358211488e-07,-3.441438089203648e-05,-7.591265139242604e-05,-1.816624066181681e-07,-3.5176589582230595e-05,-7.768471695042607e-05,-1.9015529191154252e-07,-3.594613419387292e-05,-7.947710111221447e-05,-1.98942380665463e-07,-3.672298140839427e-05,-8.128979810489919e-05,-2.080303790645243e-07,-3.7507097924252784e-05,-8.312280209018192e-05,0.30000000000000004
-1.3651727222674274e-07,-3.0714543587739055e-05,-6.735730012964776e-05,-1.4338156580055703e-07,-3.1439572305578784e-05,-6.902768836586923e-05,-1.505014012720017e-07,-3.2172103788431574e-05,-7.071842308858405e-05,-1.5788303453789083e-07,-3.291210463460243e-05,-7.242949885221402e-05,-1.6553279660857362e-07,-3.365954145875311e-05,-7.416091014568117e-05,-1.7345709358211488e-07,-3.441438089203648e-05,-7.591265139242604e-05,-1.816624066181681e-07,-3.5176589582230595e-05,-7.768471695042607e-05,-1.9015529191154252e-07,-3.594613419387292e-05,-7.947710111221447e-05,-1.98942380665463e-07,-3.672298140839427e-05,-8.128979810489919e-05,-2.080303790645243e-07,-3.7507097924252784e-05,-8.312280209018192e-05,0.30000000000000004
-1.3651727222674274e-07,-3.0714543587739055e-05,-6.735730012964776e-05,-1.4338156580055703e-07,-3.1439572305578784e-05,-6.902768836586923e-05,-1.505014012720017e-07,-3.2172103788431574e-05,-7.071842308858405e-05,-1.5788303453789083e-07,-3.291210463460243e-05,-7.242949885221402e-05,-1.6553279660857362e-07,-3.365954145875311e-05,-7.416091014568117e-05,-1.7345709358211488e-07,-3.441438089203648e-05,-7.591265139242604e-05,-1.816624066181681e-07,-3.5176589582230595e-05,-7.768471695042607e-05,-1.9015529191154252e-07,-3.594613419387292e-05,-7.947710111221447e-05,-1.98942380665463e-07,-3.672298140839427e-05,-8.128979810489919e-05,-2.080303790645243e-07,-3.7507097924252784e-05,-8.312280209018192e-05,0.30000000000000004
-1.3651727222674274e-07,-3.0714543587739055e-05,-6.735730012964776e-05,-1.4338156580055703e-07,-3.1439572305578784e-05,-6.902768836586923e-05,-1.505014012720017e-07,-3.2172103788431574e-05,-7.071842308858405e-05,-1.5788303453789083e-07,-3.291210463460243e-05,-7.242949885221402e-05,-1.6553279660857362e-07,-3.365954145875311e-05,-7.416091014568117e-05,-1.7345709358211488e-07,-3.441438089203648e-05,-7.591265139242604e-05,-1.816624066181681e-07,-3.5176589582230595e-05,-7.768471695042607e-05,-1.9015529191154252e-07,-3.594613419387292e-05,-7.947710111221447e-05,-1.98942380665463e-07,-3.672298140839427e-05,-8.128979810489919e-05,-2.080303790645243e-07,-3.7507097924252784e-05,-8.312280209018192e-05,0.30000000000000004
-1.3651727222674274e-07,-3.0714543587739055e-05,-6.735730012964776e-05,-1.4338156580055703e-07,-3.1439572305578784e-05,-6.902768836586923e-05,-1.505014012720017e-07,-3.2172103788431574e-05,-7.071842308858405e-05,-1.5788303453789083e-07,-3.291210463460243e-05,-7.242949885221402e-05,-1.6553279660857362e-07,-3.365954145875311e-05,-7.416091014568117e-05,-1.7345709358211488e-07,-3.441438089203648e-05,-7.591265139242604e-05,-1.816624066181681e-07,-3.5176589582230595e-05,-7.768471695042607e-05,-1.9015529191154252e-07,-3.594613419387292e-05,-7.947710111221447e-05,-1.98942380665463e-07,-3.672298140839427e-05,-8.128979810489919e-05,-2.080303790645243e-07,-3.7507097924252784e-05,-8.312280209018192e-05,0.30000000000000004
-1.3651727222674274e-07,-3.0714543587739055e-05,-6.735730012964776e-05,-1.4338156580055703e-07,-3.1439572305578784e-05,-6.902768836586923e-05,-1.505014012720017e-07,-3.2172103788431574e-05,-7.071842308858405e-05,-1.5788303453789083e-07,-3.291210463460243e-05,-7.242949885221402e-05,-1.6553279660857362e-07,-3.365954145875311e-05,-7.416091014568117e-05,-1.7345709358211488e-07,-3.441438089203648e-05,-7.591265139242604e-05,-1.816624066181681e-07,-3.5176589582230595e-05,-7.768471695042607e-05,-1.9015529191154252e-07,-3.594613419387292e-05,-7.947710111221447e-05,-1.98942380665463e-07,-3.672298140839427e-05,-8.128979810489919e-05,-2.080303790645243e-07,-3.7507097924252784e-05,-8.312280209018192e-05,0.30000000000000004
-1.3651727222674274e-07,-3.0714543587739055e-05,-6.735730012964776e-05,-1.4338156580055703e-07,-3.1439572305578784e-05,-6.902768836586923e-05,-1.505014012720017e-07,-3.2172103788431574e-05,-7.071842308858405e-05,-1.5788303453789083e-07,-3.291210463460243e-05,-7.242949885221402e-05,-1.6553279660857362e-07,-3.365954145875311e-05,-7.416091014568117e-05,-1.7345709358211488e-07,-3.441438089203648e-05,-7.591265139242604e-05,-1.816624066181681e-07,-3.5176589582230595e-05,-7.768471695042607e-05,-1.9015529191154252e-07,-3.594613419387292e-05,-7.947710111221447e-05,-1.98942380665463e-07,-3.672298140839427e-05,-8.128979810489919e-05,-2.080303790645243e-07,-3.7507097924252784e-05,-8.312280209018192e-05,0.30000000000000004
-1.3651727222674274e-07,-3.0714543587739055e-05,-6.735730012964776e-05,-1.4338156580055703e-07,-3.1439572305578784e-05,-6.902768836586923e-05,-1.505014012720017e-07,-3.2172103788431574e-05,-7.071842308858405e-05,-1.5788303453789083e-07,-3.291210463460243e-05,-7.242949885221402e-05,-1.6553279660857362e-07,-3.365954145875311e-05,-7.416091014568117e-05,-1.7345709358211488e-07,-3.441438089203648e-05,-7.591265139242604e-05,-1.816624066181681e-07,-3.5176589582230595e-05,-7.768471695042607e-05,-1.9015529191154252e-07,-3.594613419387292e-05,-7.947710111221447e-05,-1.98942380665463e-07,-3.672298140839427e-05,-8.128979810489919e-05,-2.080303790645243e-07,-3.7507097924252784e-05,-8.312280209018192e-05,0.30000000000000004
-1.3651727222674274e-07,-3.0714543587739055e-05,-6.735730012964776e-05,-1.4338156580055703e-07,-3.1439572305578784e-05,-6.902768836586923e-05,-1.505014012720017e-07,-3.2172103788431574e-05,-7.071842308858405e-05,-1.5788303453789083e-07,-3.291210463460243e-05,-7.242949885221402e-05,-1.6553279660857362e-07,-3.365954145875311e-05,-7.416091014568117e-05,-1.7345709358211488e-07,-3.441438089203648e-05,-7.591265139242604e-05,-1.816624066181681e-07,-3.5176589582230595e-05,-7.768471695042607e-05,-1.9015529191154252e-07,-3.594613419387292e-05,-7.947710111221447e-05,-1.98942380665463e-07,-3.672298140839427e-05,-8.128979810489919e-05,-2.080303790645243e-07,-3.7507097924252784e-05,-8.312280209018192e-05,0.30000000000000004
-1.3651727222674274e-07,-3.0714543587739055e-05,-6.735730012964776e-05,-1.4338156580055703e-07,-3.1439572305578784e-05,-6.902768836586923e-05,-1.505014012720017e-07,-3.2172103788431574e-05,-7.071842308858405e-05,-1.5788303453789083e-07,-3.291210463460243e-05,-7.242949885221402e-05,-1.6553279660857362e-07,-3.365954145875311e-05,-7.416091014568117e-05,-1.7345709358211488e-07,-3.441438089203648e-05,-7.591265139242604e-05,-1.816624066181681e-07,-3.5176589582230595e-05,-7.768471695042607e-05,-1.9015529191154252e-07,-3.594613419387292e-05,-7.947710111221447e-05,-1.98942380665463e-07,-3.672298140839427e-05,-8.128979810489919e-05,-2.080303790645243e-07,-3.7507097924252784e-05,-8.312280209018192e-05,0.30000000000000004
-1.3651727222674274e-07,-3.0714543587739055e-05,-6.735730012964776e-05,-1.4338156580055703e-07,-3.1439572305578784e-05,-6.902768836586923e-05,-1.505014012720017e-07,-3.2172103788431574e-05,-7.071842308858405e-05,-1.5788303453789083e-07,-3.291210463460243e-05,-7.242949885221402e-05,-1.6553279660857362e-07,-3.365954145875311e-05,-7.416091014568117e-05,-1.7345709358211488e-07,-3.441438089203648e-05,-7.591265139242604e-05,-1.816624066181681e-07,-3.5176589582230595e-05,-7.768471695042607e-05,-1.9015529191154252e-07,-3.594613419387292e-05,-7.947710111221447e-05,-1.98942380665463e-07,-3.672298140839427e-05,-8.128979810489919e-05,-2.080303790645243e-07,-3.7507097924252784e-05,-8.312280209018192e-05,0.30000000000000004
-1.3651727222674274e-07,-3.0714543587739055e-05,-6.735730012964776e-05,-1.4338156580055703e-07,-3.1439572305578784e-05,-6.902768836586923e-05,-1.505014012720017e-07,-3.2172103788431574e-05,-7.071842308858405e-05,-1.5788303453789083e-07,-3.291210463460243e-05,-7.242949885221402e-05,-1.6553279660857362e-07,-3.365954145875311e-05,-7.416091014568117e-05,-1.7345709358211488e-07,-3.441438089203648e-05,-7.591265139242604e-05,-1.816624066181681e-07,-3.5176589582230595e-05,-7.768471695042607e-05,-1.9015529191154252e-07,-3.594613419387292e-05,-7.947710111221447e-05,-1.98942380665463e-07,-3.672298140839427e-05,-8.128979810489919e-05,-2.080303790645243e-07,-3.7507097924252784e-05,-8.312280209018192e-05,0.30000000000000004
-1.3651727222674274e-07,-3.0714543587739055e-05,-6.735730012964776e-05,-1.4338156580055703e-07,-3.1439572305578784e-05,-6.902768836586923e-05,-1.505014012720017e-07,-3.2172103788431574e-05,-7.071842308858405e-05,-1.5788303453789083e-07,-3.291210463460243e-05,-7.242949885221402e-05,-1.6553279660857362e-07,-3.365954145875311e-05,-7.416091014568117e-05,-1.7345709358211488e-07,-3.441438089203648e-05,-7.591265139242604e-05,-1.816624066181681e-07,-3.5176589582230595e-05,-7.768471695042607e-05,-1.9015529191154252e-07,-3.594613419387292e-05,-7.947710111221447e-05,-1.98942380665463e-07,-3.672298140839427e-05,-8.128979810489919e-05,-2.080303790645243e-07,-3.7507097924252784e-05,-8.312280209018192e-05,0.30000000000000004
-1.3651727222674274e-07,-3.0714543587739055e-05,-6.735730012964776e-05,-1.4338156580055703e-07,-3.1439572305578784e-05,-6.902768836586923e-05,-1.505014012720017e-07,-3.2172103788431574e-05,-7.071842308858405e-05,-1.5788303453789083e-07,-3.291210463460243e-05,-7.242949885221402e-05,-1.6553279660857362e-07,-3.365954145875311e-05,-7.416091014568117e-05,-1.7345709358211488e-07,-3.441438089203648e-05,-7.591265139242604e-05,-1.816624066181681e-07,-3.5176589582230595e-05,-7.768471695042607e-05,-1.9015529191154252e-07,-3.594613419387292e-05,-7.947710111221447e-05,-1.98942380665463e-07,-3.672298140839427e-05,-8.128979810489919e-05,-2.080303790645243e-07,-3.7507097924252784e-05,-8.312280209018192e-05,0.30000000000000004
-1.3651727222674274e-07,-3.0714543587739055e-05,-6.735730012964776e-05,-1.4338156580055703e-07,-3.1439572305578784e-05,-6.902768836586923e-05,-1.505014012720017e-07,-3.2172103788431574e-05,-7.071842308858405e-05,-1.5788303453789083e-07,-3.291210463460243e-05,-7.242949885221402e-05,-1.6553279660857362e-07,-3.365954145875311e-05,-7.416091014568117e-05,-1.7345709358211488e-07,-3.441438089203648e-05,-7.591265139242604e-05,-1.816624066181681e-07,-3.5176589582230595e-05,-7.768471695042607e-05,-1.9015529191154252e-07,-3.594613419387292e-05,-7.947710111221447e-05,-1.98942380665463e-07,-3.672298140839427e-05,-8.128979810489919e-05,-2.080303790645243e-07,-3.7507097924252784e-05,-8.312280209018192e-05,0.30000000000000004
-1.3651727222674274e-07,-3.0714543587739055e-05,-6.735730012964776e-05,-1.4338156580055703e-07,-3.1439572305578784e-05,-6.902768836586923e-05,-1.505014012720017e-07,-3.2172103788431574e-05,-7.071842308858405e-05,-1.5788303453789083e-07,-3.291210463460243e-05,-7.242949885221402e-05,-1.6553279660857362e-07,-3.365954145875311e-05,-7.416091014568117e-05,-1.7345709358211488e-07,-3.441438089203648e-05,-7.591265139242604e-05,-1.816624066181681e-07,-3.5176589582230595e-05,-7.768471695042607e-05,-1.9015529191154252e-07,-3.594613419387292e-05,-7.947710111221447e-05,-1.98942380665463e-07,-3.672298140839427e-05,-8.128979810489919e-05,-2.080303790645243e-07,-3.7507097924252784e-05,-8.312280209018192e-05,0.30000000000000004
-1.3651727222674274e-07,-3.0714543587739055e-05,-6.735730012964776e-05,-1.4338156580055703e-07,-3.1439572305578784e-05,-6.902768836586923e-05,-1.505014012720017e-07,-3.2172103788431574e-05,-7.071842308858405e-05,-1.5788303453789083e-07,-3.291210463460243e-05,-7.242949885221402e-05,-1.6553279660857362e-07,-3.365954145875311e-05,-7.416091014568117e-05,-1.7345709358211488e-07,-3.441438089203648e-05,-7.591265139242604e-05,-1.816624066181681e-07,-3.5176589582230595e-05,-7.768471695042607e-05,-1.9015529191154252e-07,-3.594613419387292e-05,-7.947710111221447e-05,-1.98942380665463e-07,-3.672298140839427e-05,-8.128979810489919e-05,-2.080303790645243e-07,-3.7507097924252784e-05,-8.312280209018192e-05,0.30000000000000004
-1.3651727222674274e-07,-3.0714543587739055e-05,-6.735730012964776e-05,-1.4338156580055703e-07,-3.1439572305578784e-05,-6.902768836586923e-05,-1.505014012720017e-07,-3.2172103788431574e-05,-7.071842308858405e-05,-1.5788303453789083e-07,-3.291210463460243e-05,-7.242949885221402e-05,-1.6553279660857362e-07,-3.365954145875311e-05,-7.416091014568117e-05,-1.7345709358211488e-07,-3.441438089203648e-05,-7.591265139242604e-05,-1.816624066181681e-07,-3.5176589582230595e-05,-7.768471695042607e-05,-1.9015529191154252e-07,-3.594613419387292e-05,-7.947710111221447e-05,-1.98942380665463e-07,-3.672298140839427e-05,-8.128979810489919e-05,-2.080303790645243e-07,-3.7507097924252784e-05,-8.312280209018192e-05,0.30000000000000004
-1.3651727222674274e-07,-3.0714543587739055e-05,-6.735730012964776e-05,-1.4338156580055703e-07,-3.1439572305578784e-05,-6.902768836586923e-05,-1.505014012720017e-07,-3.2172103788431574e-05,-7.071842308858405e-05,-1.5788303453789083e-07,-3.291210463460243e-05,-7.242949885221402e-05,-1.6553279660857362e-07,-3.365954145875311e-05,-7.416091014568117e-05,-1.7345709358211488e-07,-3.441438089203648e-05,-7.591265139242604e-05,-1.816624066181681e-07,-3.5176589582230595e-05,-7.768471695042607e-05,-1.9015529191154252e-07,-3.594613419387292e-05,-7.947710111221447e-05,-1.98942380665463e-07,-3.672298140839427e-05,-8.128979810489919e-05,-2.080303790645243e-07,-3.7507097924252784e-05,-8.312280209018192e-05,0.30000000000000004
-1.3651727222674274e-07,-3.0714543587739055e-05,-6.735730012964776e-05,-1.4338156580055703e-07,-3.1439572305578784e-05,-6.902768836586923e-05,-1.505014012720017e-07,-3.2172103788431574e-05,-7.071842308858405e-05,-1.5788303453789083e-07,-3.291210463460243e-05,-7.242949885221402e-05,-1.6553279660857362e-07,-3.365954145875311e-05,-7.416091014568117e-05,-1.7345709358211488e-07,-3.441438089203648e-05,-7.591265139242604e-05,-1.816624066181681e-07,-3.5176589582230595e-05,-7.768471695042607e-05,-1.9015529191154252e-07,-3.594613419387292e-05,-7.947710111221447e-05,-1.98942380665463e-07,-3.672298140839427e-05,-8.128979810489919e-05,-2.080303790645243e-07,-3.7507097924252784e-05,-8.312280209018192e-05,0.30000000000000004
-1.3651727222674274e-07,-3.0714543587739055e-05,-6.735730012964776e-05,-1.4338156580055703e-07,-3.1439572305578784e-05,-6.902768836586923e-05,-1.505014012720017e-07,-3.2172103788431574e-05,-7.071842308858405e-05,-1.5788303453789083e-07,-3.291210463460243e-05,-7.242949885221402e-05,-1.6553279660857362e-07,-3.365954145875311e-05,-7.416091014568117e-05,-1.7345709358211488e-07,-3.441438089203648e-05,-7.591265139242604e-05,-1.816624066181681e-07,-3.5176589582230595e-05,-7.768471695042607e-05,-1.9015529191154252e-07,-3.594613419387292e-05,-7.947710111221447e-05,-1.98942380665463e-07,-3.672298140839427e-05,-8.128979810489919e-05,-2.080303790645243e-07,-3.7507097924252784e-05,-8.312280209018192e-05,0.30000000000000004
-1.3651727222674274e-07,-3.0714543587739055e-05,-6.735730012964776e-05,-1.4338156580055703e-07,-3.1439572305578784e-05,-6.902768836586923e-05,-1.505014012720017e-07,-3.2172103788431574e-05,-7.071842308858405e-05,-1.5788303453789083e-07,-3.291210463460243e-05,-7.242949885221402e-05,-1.6553279660857362e-07,-3.365954145875311e-05,-7.416091014568117e-05,-1.7345709358211488e-07,-3.441438089203648e-05,-7.591265139242604e-05,-1.816624066181681e-07,-3.5176589582230595e-05,-7.768471695042607e-05,-1.9015529191154252e-07,-3.594613419387292e-05,-7.947710111221447e-05,-1.98942380665463e-07,-3.672298140839427e-05,-8.128979810489919e-05,-2.080303790645243e-07,-3.7507097924252784e-05,-8.312280209018192e-05,0.30000000000000004
-1.3651727222674274e-07,-3.0714543587739055e-05,-6.735730012964776e-05,-1.4338156580055703e-07,-3.1439572305578784e-05,-6.902768836586923e-05,-1.505014012720017e-07,-3.2172103788431574e-05,-7.071842308858405e-05,-1.5788303453789083e-07,-3.291210463460243e-05,-7.242949885221402e-05,-1.6553279660857362e-07,-3.365954145875311e-05,-7.416091014568117e-05,-1.7345709358211488e-07,-3.441438089203648e-05,-7.591265139242604e-05,-1.816624066181681e-07,-3.5176589582230595e-05,-7.768471695042607e-05,-1.9015529191154252e-07,-3.594613419387292e-05,-7.947710111221447e-05,-1.98942380665463e-07,-3.672298140839427e-05,-8.128979810489919e-05,-2.080303790645243e-07,-3.7507097924252784e-05,-8.312280209018192e-05,0.30000000000000004
-1.3651727222674274e-07,-3.0714543587739055e-05,-6.735730012964776e-05,-1.4338156580055703e-07,-3.1439572305578784e-05,-6.902768836586923e-05,-1.505014012720017e-07,-3.2172103788431574e-05,-7.071842308858405e-05,-1.5788303453789083e-07,-3.291210463460243e-05,-7.242949885221402e-05,-1.6553279660857362e-07,-3.365954145875311e-05,-7.416091014568117e-05,-1.7345709358211488e-07,-3.441438089203648e-05,-7.591265139242604e-05,-1.816624066181681e-07,-3.5176589582230595e-05,-7.768471695042607e-05,-1.9015529191154252e-07,-3.594613419387292e-05,-7.947710111221447e-05,-1.98942380665463e-07,-3.672298140839427e-05,-8.128979810489919e-05,-2.080303790645243e-07,-3.7507097924252784e-05,-8.312280209018192e-05,0.30000000000000004
-1.3651727222674274e-07,-3.0714543587739055e-05,-6.735730012964776e-05,-1.4338156580055703e-07,-3.1439572305578784e-05,-6.902768836586923e-05,-1.505014012720017e-07,-3.2172103788431574e-05,-7.071842308858405e-05,-1.5788303453789083e-07,-3.291210463460243e-05,-7.242949885221402e-05,-1.6553279660857362e-07,-3.365954145875311e-05,-7.416091014568117e-05,-1.7345709358211488e-07,-3.441438089203648e-05,-7.591265139242604e-05,-1.816624066181681e-07,-3.5176589582230595e-05,-7.768471695042607e-05,-1.9015529191154252e-07,-3.594613419387292e-05,-7.947710111221447e-05,-1.98942380665463e-07,-3.672298140839427e-05,-8.128979810489919e-05,-2.080303790645243e-07,-3.7507097924252784e-05,-8.312280209018192e-05,0.30000000000000004
-1.3651727222674274e-07,-3.0714543587739055e-05,-6.735730012964776e-05,-1.4338156580055703e-07,-3.1439572305578784e-05,-6.902768836586923e-05,-1.505014012720017e-07,-3.2172103788431574e-05,-7.071842308858405e-05,-1.5788303453789083e-07,-3.291210463460243e-05,-7.242949885221402e-05,-1.6553279660857362e-07,-3.365954145875311e-05,-7.416091014568117e-05,-1.7345709358211488e-07,-3.441438089203648e-05,-7.591265139242604e-05,-1.816624066181681e-07,-3.5176589582230595e-05,-7.768471695042607e-05,-1.9015529191154252e-07,-3.594613419387292e-05,-7.947710111221447e-05,-1.98942380665463e-07,-3.672298140839427e-05,-8.128979810489919e-05,-2.080303790645243e-07,-3.7507097924252784e-05,-8.312280209018192e-05,0.30000000000000004
-1.3651727222674274e-07,-3.0714543587739055e-05,-6.735730012964776e-05,-1.4338156580055703e-07,-3.1439572305578784e-05,-6.902768836586923e-05,-1.505014012720017e-07,-3.2172103788431574e-05,-7.071842308858405e-05,-1.5788303453789083e-07,-3.291210463460243e-05,-7.242949885221402e-05,-1.6553279660857362e-07,-3.365954145875311e-05,-7.416091014568117e-05,-1.7345709358211488e-07,-3.441438089203648e-05,-7.591265139242604e-05,-1.816624066181681e-07,-3.5176589582230595e-05,-7.768471695042607e-05,-1.9015529191154252e-07,-3.594613419387292e-05,-7.947710111221447e-05,-1.98942380665463e-07,-3.672298140839427e-05,-8.128979810489919e-05,-2.080303790645243e-07,-3.7507097924252784e-05,-8.312280209018192e-05,0.30000000000000004
-1.3651727222674274e-07,-3.0714543587739055e-05,-6.735730012964776e-05,-1.4338156580055703e-07,-3.1439572305578784e-05,-6.902768836586923e-05,-1.505014012720017e-07,-3.2172103788431574e-05,-7.071842308858405e-05,-1.5788303453789083e-07,-3.291210463460243e-05,-7.242949885221402e-05,-1.6553279660857362e-07,-3.365954145875311e-05,-7.416091014568117e-05,-1.7345709358211488e-07,-3.441438089203648e-05,-7.591265139242604e-05,-1.816624066181681e-07,-3.5176589582230595e-05,-7.768471695042607e-05,-1.9015529191154252e-07,-3.594613419387292e-05,-7.947710111221447e-05,-1.98942380665463e-07,-3.672298140839427e-05,-8.128979810489919e-05,-2.080303790645243e-07,-3.7507097924252784e-05,-8.312280209018192e-05,0.30000000000000004
-1.3651727222674274e-07,-3.0714543587739055e-05,-6.735730012964776e-05,-1.4338156580055703e-07,-3.1439572305578784e-05,-6.902768836586923e-05,-1.505014012720017e-07,-3.2172103788431574e-05,-7.071842308858405e-05,-1.5788303453789083e-07,-3.291210463460243e-05,-7.242949885221402e-05,-1.6553279660857362e-07,-3.365954145875311e-05,-7.416091014568117e-05,-1.7345709358211488e-07,-3.441438089203648e-05,-7.591265139242604e-05,-1.816624066181681e-07,-3.5176589582230595e-05,-7.768471695042607e-05,-1.9015529191154252e-07,-3.594613419387292e-05,-7.947710111221447e-05,-1.98942380665463e-07,-3.672298140839427e-05,-8.128979810489919e-05,-2.080303790645243e-07,-3.7507097924252784e-05,-8.312280209018192e-05,0.30000000000000004
-1.3651727222674274e-07,-3.0714543587739055e-05,-6.735730012964776e-05,-1.4338156580055703e-07,-3.1439572305578784e-05,-6.902768836586923e-05,-1.505014012720017e-07,-3.2172103788431574e-05,-7.071842308858405e-05,-1.5788303453789083e-07,-3.291210463460243e-05,-7.242949885221402e-05,-1.6553279660857362e-07,-3.365954145875311e-05,-7.416091014568117e-05,-1.7345709358211488e-07,-3.441438089203648e-05,-7.591265139242604e-05,-1.816624066181681e-07,-3.5176589582230595e-05,-7.768471695042607e-05,-1.9015529191154252e-07,-3.594613419387292e-05,-7.947710111221447e-05,-1.98942380665463e-07,-3.672298140839427e-05,-8.128979810489919e-05,-2.080303790645243e-07,-3.7507097924252784e-05,-8.312280209018192e-05,0.30000000000000004
-1.3651727222674274e-07,-3.0714543587739055e-05,-6.735730012964776e-05,-1.4338156580055703e-07,-3.1439572305578784e-05,-6.902768836586923e-05,-1.505014012720017e-07,-3.2172103788431574e-05,-7.071842308858405e-05,-1.5788303453789083e-07,-3.291210463460243e-05,-7.242949885221402e-05,-1.6553279660857362e-07,-3.365954145875311e-05,-7.416091014568117e-05,-1.7345709358211488e-07,-3.441438089203648e-05,-7.591265139242604e-05,-1.816624066181681e-07,-3.5176589582230595e-05,-7.768471695042607e-05,-1.9015529191154252e-07,-3.594613419387292e-05,-7.947710111221447e-05,-1.98942380665463e-07,-3.672298140839427e-05,-8.128979810489919e-05,-2.080303790645243e-07,-3.7507097924252784e-05,-8.312280209018192e-05,0.30000000000000004
-1.3651727222674274e-07,-3.0714543587739055e-05,-6.735730012964776e-05,-1.4338156580055703e-07,-3.1439572305578784e-05,-6.902768836586923e-05,-1.505014012720017e-07,-3.2172103788431574e-05,-7.071842308858405e-05,-1.5788303453789083e-07,-3.291210463460243e-05,-7.242949885221402e-05,-1.6553279660857362e-07,-3.365954145875311e-05,-7.416091014568117e-05,-1.7345709358211488e-07,-3.441438089203648e-05,-7.591265139242604e-05,-1.816624066181681e-07,-3.5176589582230595e-05,-7.768471695042607e-05,-1.9015529191154252e-07,-3.594613419387292e-05,-7.947710111221447e-05,-1.98942380665463e-07,-3.672298140839427e-05,-8.128979810489919e-05,-2.080303790645243e-07,-3.7507097924252784e-05,-8.312280209018192e-05,0.30000000000000004
-1.3651727222674274e-07,-3.0714543587739055e-05,-6.735730012964776e-05,-1.4338156580055703e-07,-3.1439572305578784e-05,-6.902768836586923e-05,-1.505014012720017e-07,-3.2172103788431574e-05,-7.071842308858405e-05,-1.5788303453789083e-07,-3.291210463460243e-05,-7.242949885221402e-05,-1.6553279660857362e-07,-3.365954145875311e-05,-7.416091014568117e-05,-1.7345709358211488e-07,-3.441438089203648e-05,-7.591265139242604e-05,-1.816624066181681e-07,-3.5176589582230595e-05,-7.768471695042607e-05,-1.9015529191154252e-07,-3.594613419387292e-05,-7.947710111221447e-05,-1.98942380665463e-07,-3.672298140839427e-05,-8.128979810489919e-05,-2.080303790645243e-07,-3.7507097924252784e-05,-8.312280209018192e-05,0.30000000000000004
-1.3651727222674274e-07,-3.0714543587739055e-05,-6.735730012964776e-05,-1.4338156580055703e-07,-3.1439572305578784e-05,-6.902768836586923e-05,-1.505014012720017e-07,-3.2172103788431574e-05,-7.071842308858405e-05,-1.5788303453789083e-07,-3.291210463460243e-05,-7.242949885221402e-05,-1.6553279660857362e-07,-3.365954145875311e-05,-7.416091014568117e-05,-1.7345709358211488e-07,-3.441438089203648e-05,-7.591265139242604e-05,-1.816624066181681e-07,-3.5176589582230595e-05,-7.768471695042607e-05,-1.9015529191154252e-07,-3.594613419387292e-05,-7.947710111221447e-05,-1.98942380665463e-07,-3.672298140839427e-05,-8.128979810489919e-05,-2.080303790645243e-07,-3.7507097924252784e-05,-8.312280209018192e-05,0.30000000000000004
-1.3651727222674274e-07,-3.0714543587739055e-05,-6.735730012964776e-05,-1.4338156580055703e-07,-3.1439572305578784e-05,-6.902768836586923e-05,-1.505014012720017e-07,-3.2172103788431574e-05,-7.071842308858405e-05,-1.5788303453789083e-07,-3.291210463460243e-05,-7.242949885221402e-05,-1.6553279660857362e-07,-3.365954145875311e-05,-7.416091014568117e-05,-1.7345709358211488e-07,-3.441438089203648e-05,-7.591265139242604e-05,-1.816624066181681e-07,-3.5176589582230595e-05,-7.768471695042607e-05,-1.9015529191154252e-07,-3.594613419387292e-05,-7.947710111221447e-05,-1.98942380665463e-07,-3.672298140839427e-05,-8.128979810489919e-05,-2.080303790645243e-07,-3.7507097924252784e-05,-8.312280209018192e-05,0.30000000000000004
-1.3651727222674274e-07,-3.0714543587739055e-05,-6.735730012964776e-05,-1.4338156580055703e-07,-3.1439572305578784e-05,-6.902768836586923e-05,-1.505014012720017e-07,-3.2172103788431574e-05,-7.071842308858405e-05,-1.5788303453789083e-07,-3.291210463460243e-05,-7.242949885221402e-05,-1.6553279660857362e-07,-3.365954145875311e-05,-7.416091014568117e-05,-1.7345709358211488e-07,-3.441438089203648e-05,-7.591265139242604e-05,-1.816624066181681e-07,-3.5176589582230595e-05,-7.768471695042607e-05,-1.9015529191154252e-07,-3.594613419387292e-05,-7.947710111221447e-05,-1.98942380665463e-07,-3.672298140839427e-05,-8.128979810489919e-05,-2.080303790645243e-07,-3.7507097924252784e-05,-8.312280209018192e-05,0.30000000000000004
-1.3651727222674274e-07,-3.0714543587739055e-05,-6.735730012964776e-05,-1.4338156580055703e-07,-3.1439572305578784e-05,-6.902768836586923e-05,-1.505014012720017e-07,-3.2172103788431574e-05,-7.071842308858405e-05,-1.5788303453789083e-07,-3.291210463460243e-05,-7.242949885221402e-05,-1.6553279660857362e-07,-3.365954145875311e-05,-7.416091014568117e-05,-1.7345709358211488e-07,-3.441438089203648e-05,-7.591265139242604e-05,-1.816624066181681e-07,-3.5176589582230595e-05,-7.768471695042607e-05,-1.9015529191154252e-07,-3.594613419387292e-05,-7.947710111221447e-05,-1.98942380665463e-07,-3.672298140839427e-05,-8.128979810489919e-05,-2.080303790645243e-07,-3.7507097924252784e-05,-8.312280209018192e-05,0.30000000000000004
-1.3651727222674274e-07,-3.0714543587739055e-05,-6.735730012964776e-05,-1.4338156580055703e-07,-3.1439572305578784e-05,-6.902768836586923e-05,-1.505014012720017e-07,-3.2172103788431574e-05,-7.071842308858405e-05,-1.5788303453789083e-07,-3.291210463460243e-05,-7.242949885221402e-05,-1.6553279660857362e-07,-3.365954145875311e-05,-7.416091014568117e-05,-1.7345709358211488e-07,-3.441438089203648e-05,-7.591265139242604e-05,-1.816624066181681e-07,-3.5176589582230595e-05,-7.768471695042607e-05,-1.9015529191154252e-07,-3.594613419387292e-05,-7.947710111221447e-05,-1.98942380665463e-07,-3.672298140839427e-05,-8.128979810489919e-05,-2.080303790645243e-07,-3.7507097924252784e-05,-8.312280209018192e-05,0.30000000000000004
-1.3651727222674274e-07,-3.0714543587739055e-05,-6.735730012964776e-05,-1.4338156580055703e-07,-3.1439572305578784e-05,-6.902768836586923e-05,-1.505014012720017e-07,-3.2172103788431574e-05,-7.071842308858405e-05,-1.5788303453789083e-07,-3.291210463460243e-05,-7.242949885221402e-05,-1.6553279660857362e-07,-3.365954145875311e-05,-7.416091014568117e-05,-1.7345709358211488e-07,-3.441438089203648e-05,-7.591265139242604e-05,-1.816624066181681e-07,-3.5176589582230595e-05,-7.768471695042607e-05,-1.9015529191154252e-07,-3.594613419387292e-05,-7.947710111221447e-05,-1.98942380665463e-07,-3.672298140839427e-05,-8.128979810489919e-05,-2.080303790645243e-07,-3.7507097924252784e-05,-8.312280209018192e-05,0.30000000000000004
-1.3651727222674274e-07,-3.0714543587739055e-05,-6.735730012964776e-05,-1.4338156580055703e-07,-3.1439572305578784e-05,-6.902768836586923e-05,-1.505014012720017e-07,-3.2172103788431574e-05,-7.071842308858405e-05,-1.5788303453789083e-07,-3.291210463460243e-05,-7.242949885221402e-05,-1.6553279660857362e-07,-3.365954145875311e-05,-7.416091014568117e-05,-1.7345709358211488e-07,-3.441438089203648e-05,-7.591265139242604e-05,-1.816624066181681e-07,-3.5176589582230595e-05,-7.768471695042607e-05,-1.9015529191154252e-07,-3.594613419387292e-05,-7.947710111221447e-05,-1.98942380665463e-07,-3.672298140839427e-05,-8.128979810489919e-05,-2.080303790645243e-07,-3.7507097924252784e-05,-8.312280209018192e-05,0.30000000000000004
-1.3651727222674274e-07,-3.0714543587739055e-05,-6.735730012964776e-05,-1.4338156580055703e-07,-3.1439572305578784e-05,-6.902768836586923e-05,-1.505014012720017e-07,-3.2172103788431574e-05,-7.071842308858405e-05,-1.5788303453789083e-07,-3.291210463460243e-05,-7.242949885221402e-05,-1.6553279660857362e-07,-3.365954145875311e-05,-7.416091014568117e-05,-1.7345709358211488e-07,-3.441438089203648e-05,-7.591265139242604e-05,-1.816624066181681e-07,-3.5176589582230595e-05,-7.768471695042607e-05,-1.9015529191154252e-07,-3.594613419387292e-05,-7.947710111221447e-05,-1.98942380665463e-07,-3.672298140839427e-05,-8.128979810489919e-05,-2.080303790645243e-07,-3.7507097924252784e-05,-8.312280209018192e-05,0.30000000000000004
-1.3651727222674274e-07,-3.0714543587739055e-05,-6.735730012964776e-05,-1.4338156580055703e-07,-3.1439572305578784e-05,-6.902768836586923e-05,-1.505014012720017e-07,-3.2172103788431574e-05,-7.071842308858405e-05,-1.5788303453789083e-07,-3.291210463460243e-05,-7.242949885221402e-05,-1.6553279660857362e-07,-3.365954145875311e-05,-7.416091014568117e-05,-1.7345709358211488e-07,-3.441438089203648e-05,-7.591265139242604e-05,-1.816624066181681e-07,-3.5176589582230595e-05,-7.768471695042607e-05,-1.9015529191154252e-07,-3.594613419387292e-05,-7.947710111221447e-05,-1.98942380665463e-07,-3.672298140839427e-05,-8.128979810489919e-05,-2.080303790645243e-07,-3.7507097924252784e-05,-8.312280209018192e-05,0.30000000000000004
-1.3651727222674274e-07,-3.0714543587739055e-05,-6.735730012964776e-05,-1.4338156580055703e-07,-3.1439572305578784e-05,-6.902768836586923e-05,-1.505014012720017e-07,-3.2172103788431574e-05,-7.071842308858405e-05,-1.5788303453789083e-07,-3.291210463460243e-05,-7.242949885221402e-05,-1.6553279660857362e-07,-3.365954145875311e-05,-7.416091014568117e-05,-1.7345709358211488e-07,-3.441438089203648e-05,-7.591265139242604e-05,-1.816624066181681e-07,-3.5176589582230595e-05,-7.768471695042607e-05,-1.9015529191154252e-07,-3.594613419387292e-05,-7.947710111221447e-05,-1.98942380665463e-07,-3.672298140839427e-05,-8.128979810489919e-05,-2.080303790645243e-07,-3.7507097924252784e-05,-8.312280209018192e-05,0.30000000000000004
-1.3651727222674274e-07,-3.0714543587739055e-05,-6.735730012964776e-05,-1.4338156580055703e-07,-3.1439572305578784e-05,-6.902768836586923e-05,-1.505014012720017e-07,-3.2172103788431574e-05,-7.071842308858405e-05,-1.5788303453789083e-07,-3.291210463460243e-05,-7.242949885221402e-05,-1.6553279660857362e-07,-3.365954145875311e-05,-7.416091014568117e-05,-1.7345709358211488e-07,-3.441438089203648e-05,-7.591265139242604e-05,-1.816624066181681e-07,-3.5176589582230595e-05,-7.768471695042607e-05,-1.9015529191154252e-07,-3.594613419387292e-05,-7.947710111221447e-05,-1.98942380665463e-07,-3.672298140839427e-05,-8.128979810489919e-05,-2.080303790645243e-07,-3.7507097924252784e-05,-8.312280209018192e-05,0.30000000000000004
-1.3651727222674274e-07,-3.0714543587739055e-05,-6.735730012964776e-05,-1.4338156580055703e-07,-3.1439572305578784e-05,-6.902768836586923e-05,-1.505014012720017e-07,-3.2172103788431574e-05,-7.071842308858405e-05,-1.5788303453789083e-07,-3.291210463460243e-05,-7.242949885221402e-05,-1.6553279660857362e-07,-3.365954145875311e-05,-7.416091014568117e-05,-1.7345709358211488e-07,-3.441438089203648e-05,-7.591265139242604e-05,-1.816624066181681e-07,-3.5176589582230595e-05,-7.768471695042607e-05,-1.9015529191154252e-07,-3.594613419387292e-05,-7.947710111221447e-05,-1.98942380665463e-07,-3.672298140839427e-05,-8.128979810489919e-05,-2.080303790645243e-07,-3.7507097924252784e-05,-8.312280209018192e-05,0.30000000000000004
-1.3651727222674274e-07,-3.0714543587739055e-05,-6.735730012964776e-05,-1.4338156580055703e-07,-3.1439572305578784e-05,-6.902768836586923e-05,-1.505014012720017e-07,-3.2172103788431574e-05,-7.071842308858405e-05,-1.5788303453789083e-07,-3.291210463460243e-05,-7.242949885221402e-05,-1.6553279660857362e-07,-3.365954145875311e-05,-7.416091014568117e-05,-1.7345709358211488e-07,-3.441438089203648e-05,-7.591265139242604e-05,-1.816624066181681e-07,-3.5176589582230595e-05,-7.768471695042607e-05,-1.9015529191154252e-07,-3.594613419387292e-05,-7.947710111221447e-05,-1.98942380665463e-07,-3.672298140839427e-05,-8.128979810489919e-05,-2.080303790645243e-07,-3.7507097924252784e-05,-8.312280209018192e-05,0.30000000000000004
-1.3651727222674274e-07,-3.0714543587739055e-05,-6.735730012964776e-05,-1.4338156580055703e-07,-3.1439572305578784e-05,-6.902768836586923e-05,-1.505014012720017e-07,-3.2172103788431574e-05,-7.071842308858405e-05,-1.5788303453789083e-07,-3.291210463460243e-05,-7.242949885221402e-05,-1.6553279660857362e-07,-3.365954145875311e-05,-7.416091014568117e-05,-1.7345709358211488e-07,-3.441438089203648e-05,-7.591265139242604e-05,-1.816624066181681e-07,-3.5176589582230595e-05,-7.768471695042607e-05,-1.9015529191154252e-07,-3.594613419387292e-05,-7.947710111221447e-05,-1.98942380665463e-07,-3.672298140839427e-05,-8.128979810489919e-05,-2.080303790645243e-07,-3.7507097924252784e-05,-8.312280209018192e-05,0.30000000000000004
-1.3651727222674274e-07,-3.0714543587739055e-05,-6.735730012964776e-05,-1.4338156580055703e-07,-3.1439572305578784e-05,-6.902768836586923e-05,-1.505014012720017e-07,-3.2172103788431574e-05,-7.071842308858405e-05,-1.5788303453789083e-07,-3.291210463460243e-05,-7.242949885221402e-05,-1.6553279660857362e-07,-3.365954145875311e-05,-7.416091014568117e-05,-1.7345709358211488e-07,-3.441438089203648e-05,-7.591265139242604e-05,-1.816624066181681e-07,-3.5176589582230595e-05,-7.768471695042607e-05,-1.9015529191154252e-07,-3.594613419387292e-05,-7.947710111221447e-05,-1.98942380665463e-07,-3.672298140839427e-05,-8.128979810489919e-05,-2.080303790645243e-07,-3.7507097924252784e-05,-8.312280209018192e-05,0.30000000000000004
-1.3651727222674274e-07,-3.0714543587739055e-05,-6.735730012964776e-05,-1.4338156580055703e-07,-3.1439572305578784e-05,-6.902768836586923e-05,-1.505014012720017e-07,-3.2172103788431574e-05,-7.071842308858405e-05,-1.5788303453789083e-07,-3.291210463460243e-05,-7.242949885221402e-05,-1.6553279660857362e-07,-3.365954145875311e-05,-7.416091014568117e-05,-1.7345709358211488e-07,-3.441438089203648e-05,-7.591265139242604e-05,-1.816624066181681e-07,-3.5176589582230595e-05,-7.768471695042607e-05,-1.9015529191154252e-07,-3.594613419387292e-05,-7.947710111221447e-05,-1.98942380665463e-07,-3.672298140839427e-05,-8.128979810489919e-05,-2.080303790645243e-07,-3.7507097924252784e-05,-8.312280209018192e-05,0.30000000000000004
-1.3651727222674274e-07,-3.0714543587739055e-05,-6.735730012964776e-05,-1.4338156580055703e-07,-3.1439572305578784e-05,-6.902768836586923e-05,-1.505014012720017e-07,-3.2172103788431574e-05,-7.071842308858405e-05,-1.5788303453789083e-07,-3.291210463460243e-05,-7.242949885221402e-05,-1.6553279660857362e-07,-3.365954145875311e-05,-7.416091014568117e-05,-1.7345709358211488e-07,-3.441438089203648e-05,-7.591265139242604e-05,-1.816624066181681e-07,-3.5176589582230595e-05,-7.768471695042607e-05,-1.9015529191154252e-07,-3.594613419387292e-05,-7.947710111221447e-05,-1.98942380665463e-07,-3.672298140839427e-05,-8.128979810489919e-05,-2.080303790645243e-07,-3.7507097924252784e-05,-8.312280209018192e-05,0.30000000000000004
-1.3651727222674274e-07,-3.0714543587739055e-05,-6.735730012964776e-05,-1.4338156580055703e-07,-3.1439572305578784e-05,-6.902768836586923e-05,-1.505014012720017e-07,-3.2172103788431574e-05,-7.071842308858405e-05,-1.5788303453789083e-07,-3.291210463460243e-05,-7.242949885221402e-05,-1.6553279660857362e-07,-3.365954145875311e-05,-7.416091014568117e-05,-1.7345709358211488e-07,-3.441438089203648e-05,-7.591265139242604e-05,-1.816624066181681e-07,-3.5176589582230595e-05,-7.768471695042607e-05,-1.9015529191154252e-07,-3.594613419387292e-05,-7.947710111221447e-05,-1.98942380665463e-07,-3.672298140839427e-05,-8.128979810489919e-05,-2.080303790645243e-07,-3.7507097924252784e-05,-8.312280209018192e-05,0.30000000000000004
-1.3651727222674274e-07,-3.0714543587739055e-05,-6.735730012964776e-05,-1.4338156580055703e-07,-3.1439572305578784e-05,-6.902768836586923e-05,-1.505014012720017e-07,-3.2172103788431574e-05,-7.071842308858405e-05,-1.5788303453789083e-07,-3.291210463460243e-05,-7.242949885221402e-05,-1.6553279660857362e-07,-3.365954145875311e-05,-7.416091014568117e-05,-1.7345709358211488e-07,-3.441438089203648e-05,-7.591265139242604e-05,-1.816624066181681e-07,-3.5176589582230595e-05,-7.768471695042607e-05,-1.9015529191154252e-07,-3.594613419387292e-05,-7.947710111221447e-05,-1.98942380665463e-07,-3.672298140839427e-05,-8.128979810489919e-05,-2.080303790645243e-07,-3.7507097924252784e-05,-8.312280209018192e-05,0.30000000000000004
-1.3651727222674274e-07,-3.0714543587739055e-05,-6.735730012964776e-05,-1.4338156580055703e-07,-3.1439572305578784e-05,-6.902768836586923e-05,-1.505014012720017e-07,-3.2172103788431574e-05,-7.071842308858405e-05,-1.5788303453789083e-07,-3.291210463460243e-05,-7.242949885221402e-05,-1.6553279660857362e-07,-3.365954145875311e-05,-7.416091014568117e-05,-1.7345709358211488e-07,-3.441438089203648e-05,-7.591265139242604e-05,-1.816624066181681e-07,-3.5176589582230595e-05,-7.768471695042607e-05,-1.9015529191154252e-07,-3.594613419387292e-05,-7.947710111221447e-05,-1.98942380665463e-07,-3.672298140839427e-05,-8.128979810489919e-05,-2.080303790645243e-07,-3.7507097924252784e-05,-8.312280209018192e-05,0.30000000000000004
-1.3651727222674274e-07,-3.0714543587739055e-05,-6.735730012964776e-05,-1.4338156580055703e-07,-3.1439572305578784e-05,-6.902768836586923e-05,-1.505014012720017e-07,-3.2172103788431574e-05,-7.071842308858405e-05,-1.5788303453789083e-07,-3.291210463460243e-05,-7.242949885221402e-05,-1.6553279660857362e-07,-3.365954145875311e-05,-7.416091014568117e-05,-1.7345709358211488e-07,-3.441438089203648e-05,-7.591265139242604e-05,-1.816624066181681e-07,-3.5176589582230595e-05,-7.768471695042607e-05,-1.9015529191154252e-07,-3.594613419387292e-05,-7.947710111221447e-05,-1.98942380665463e-07,-3.672298140839427e-05,-8.128979810489919e-05,-2.080303790645243e-07,-3.7507097924252784e-05,-8.312280209018192e-05,0.30000000000000004
-1.3651727222674274e-07,-3.0714543587739055e-05,-6.735730012964776e-05,-1.4338156580055703e-07,-3.1439572305578784e-05,-6.902768836586923e-05,-1.505014012720017e-07,-3.2172103788431574e-05,-7.071842308858405e-05,-1.5788303453789083e-07,-3.291210463460243e-05,-7.242949885221402e-05,-1.6553279660857362e-07,-3.365954145875311e-05,-7.416091014568117e-05,-1.7345709358211488e-07,-3.441438089203648e-05,-7.591265139242604e-05,-1.816624066181681e-07,-3.5176589582230595e-05,-7.768471695042607e-05,-1.9015529191154252e-07,-3.594613419387292e-05,-7.947710111221447e-05,-1.98942380665463e-07,-3.672298140839427e-05,-8.128979810489919e-05,-2.080303790645243e-07,-3.7507097924252784e-05,-8.312280209018192e-05,0.30000000000000004
-1.3651727222674274e-07,-3.0714543587739055e-05,-6.735730012964776e-05,-1.4338156580055703e-07,-3.1439572305578784e-05,-6.902768836586923e-05,-1.505014012720017e-07,-3.2172103788431574e-05,-7.071842308858405e-05,-1.5788303453789083e-07,-3.291210463460243e-05,-7.242949885221402e-05,-1.6553279660857362e-07,-3.365954145875311e-05,-7.416091014568117e-05,-1.7345709358211488e-07,-3.441438089203648e-05,-7.591265139242604e-05,-1.816624066181681e-07,-3.5176589582230595e-05,-7.768471695042607e-05,-1.9015529191154252e-07,-3.594613419387292e-05,-7.947710111221447e-05,-1.98942380665463e-07,-3.672298140839427e-05,-8.128979810489919e-05,-2.080303790645243e-07,-3.7507097924252784e-05,-8.312280209018192e-05,0.30000000000000004
-1.3651727222674274e-07,-3.0714543587739055e-05,-6.735730012964776e-05,-1.4338156580055703e-07,-3.1439572305578784e-05,-6.902768836586923e-05,-1.505014012720017e-07,-3.2172103788431574e-05,-7.071842308858405e-05,-1.5788303453789083e-07,-3.291210463460243e-05,-7.242949885221402e-05,-1.6553279660857362e-07,-3.365954145875311e-05,-7.416091014568117e-05,-1.7345709358211488e-07,-3.441438089203648e-05,-7.591265139242604e-05,-1.816624066181681e-07,-3.5176589582230595e-05,-7.768471695042607e-05,-1.9015529191154252e-07,-3.594613419387292e-05,-7.947710111221447e-05,-1.98942380665463e-07,-3.672298140839427e-05,-8.128979810489919e-05,-2.080303790645243e-07,-3.7507097924252784e-05,-8.312280209018192e-05,0.30000000000000004
-1.3651727222674274e-07,-3.0714543587739055e-05,-6.735730012964776e-05,-1.4338156580055703e-07,-3.1439572305578784e-05,-6.902768836586923e-05,-1.505014012720017e-07,-3.2172103788431574e-05,-7.071842308858405e-05,-1.5788303453789083e-07,-3.291210463460243e-05,-7.242949885221402e-05,-1.6553279660857362e-07,-3.365954145875311e-05,-7.416091014568117e-05,-1.7345709358211488e-07,-3.441438089203648e-05,-7.591265139242604e-05,-1.816624066181681e-07,-3.5176589582230595e-05,-7.768471695042607e-05,-1.9015529191154252e-07,-3.594613419387292e-05,-7.947710111221447e-05,-1.98942380665463e-07,-3.672298140839427e-05,-8.128979810489919e-05,-2.080303790645243e-07,-3.7507097924252784e-05,-8.312280209018192e-05,0.30000000000000004
-1.3651727222674274e-07,-3.0714543587739055e-05,-6.735730012964776e-05,-1.4338156580055703e-07,-3.1439572305578784e-05,-6.902768836586923e-05,-1.505014012720017e-07,-3.2172103788431574e-05,-7.071842308858405e-05,-1.5788303453789083e-07,-3.291210463460243e-05,-7.242949885221402e-05,-1.6553279660857362e-07,-3.365954145875311e-05,-7.416091014568117e-05,-1.7345709358211488e-07,-3.441438089203648e-05,-7.591265139242604e-05,-1.816624066181681e-07,-3.5176589582230595e-05,-7.768471695042607e-05,-1.9015529191154252e-07,-3.594613419387292e-05,-7.947710111221447e-05,-1.98942380665463e-07,-3.672298140839427e-05,-8.128979810489919e-05,-2.080303790645243e-07,-3.7507097924252784e-05,-8.312280209018192e-05,0.30000000000000004
-1.3651727222674274e-07,-3.0714543587739055e-05,-6.735730012964776e-05,-1.4338156580055703e-07,-3.1439572305578784e-05,-6.902768836586923e-05,-1.505014012720017e-07,-3.2172103788431574e-05,-7.071842308858405e-05,-1.5788303453789083e-07,-3.291210463460243e-05,-7.242949885221402e-05,-1.6553279660857362e-07,-3.365954145875311e-05,-7.416091014568117e-05,-1.7345709358211488e-07,-3.441438089203648e-05,-7.591265139242604e-05,-1.816624066181681e-07,-3.5176589582230595e-05,-7.768471695042607e-05,-1.9015529191154252e-07,-3.594613419387292e-05,-7.947710111221447e-05,-1.98942380665463e-07,-3.672298140839427e-05,-8.128979810489919e-05,-2.080303790645243e-07,-3.7507097924252784e-05,-8.312280209018192e-05,0.30000000000000004
-1.3651727222674274e-07,-3.0714543587739055e-05,-6.735730012964776e-05,-1.4338156580055703e-07,-3.1439572305578784e-05,-6.902768836586923e-05,-1.505014012720017e-07,-3.2172103788431574e-05,-7.071842308858405e-05,-1.5788303453789083e-07,-3.291210463460243e-05,-7.242949885221402e-05,-1.6553279660857362e-07,-3.365954145875311e-05,-7.416091014568117e-05,-1.7345709358211488e-07,-3.441438089203648e-05,-7.591265139242604e-05,-1.816624066181681e-07,-3.5176589582230595e-05,-7.768471695042607e-05,-1.9015529191154252e-07,-3.594613419387292e-05,-7.947710111221447e-05,-1.98942380665463e-07,-3.672298140839427e-05,-8.128979810489919e-05,-2.080303790645243e-07,-3.7507097924252784e-05,-8.312280209018192e-05,0.30000000000000004
-1.3651727222674274e-07,-3.0714543587739055e-05,-6.735730012964776e-05,-1.4338156580055703e-07,-3.1439572305578784e-05,-6.902768836586923e-05,-1.505014012720017e-07,-3.2172103788431574e-05,-7.071842308858405e-05,-1.5788303453789083e-07,-3.291210463460243e-05,-7.242949885221402e-05,-1.6553279660857362e-07,-3.365954145875311e-05,-7.416091014568117e-05,-1.7345709358211488e-07,-3.441438089203648e-05,-7.591265139242604e-05,-1.816624066181681e-07,-3.5176589582230595e-05,-7.768471695042607e-05,-1.9015529191154252e-07,-3.594613419387292e-05,-7.947710111221447e-05,-1.98942380665463e-07,-3.672298140839427e-05,-8.128979810489919e-05,-2.080303790645243e-07,-3.7507097924252784e-05,-8.312280209018192e-05,0.30000000000000004
-1.3651727222674274e-07,-3.0714543587739055e-05,-6.735730012964776e-05,-1.4338156580055703e-07,-3.1439572305578784e-05,-6.902768836586923e-05,-1.505014012720017e-07,-3.2172103788431574e-05,-7.071842308858405e-05,-1.5788303453789083e-07,-3.291210463460243e-05,-7.242949885221402e-05,-1.6553279660857362e-07,-3.365954145875311e-05,-7.416091014568117e-05,-1.7345709358211488e-07,-3.441438089203648e-05,-7.591265139242604e-05,-1.816624066181681e-07,-3.5176589582230595e-05,-7.768471695042607e-05,-1.9015529191154252e-07,-3.594613419387292e-05,-7.947710111221447e-05,-1.98942380665463e-07,-3.672298140839427e-05,-8.128979810489919e-05,-2.080303790645243e-07,-3.7507097924252784e-05,-8.312280209018192e-05,0.30000000000000004
-1.3651727222674274e-07,-3.0714543587739055e-05,-6.735730012964776e-05,-1.4338156580055703e-07,-3.1439572305578784e-05,-6.902768836586923e-05,-1.505014012720017e-07,-3.2172103788431574e-05,-7.071842308858405e-05,-1.5788303453789083e-07,-3.291210463460243e-05,-7.242949885221402e-05,-1.6553279660857362e-07,-3.365954145875311e-05,-7.416091014568117e-05,-1.7345709358211488e-07,-3.441438089203648e-05,-7.591265139242604e-05,-1.816624066181681e-07,-3.5176589582230595e-05,-7.768471695042607e-05,-1.9015529191154252e-07,-3.594613419387292e-05,-7.947710111221447e-05,-1.98942380665463e-07,-3.672298140839427e-05,-8.128979810489919e-05,-2.080303790645243e-07,-3.7507097924252784e-05,-8.312280209018192e-05,0.30000000000000004
-1.3651727222674274e-07,-3.0714543587739055e-05,-6.735730012964776e-05,-1.4338156580055703e-07,-3.1439572305578784e-05,-6.902768836586923e-05,-1.505014012720017e-07,-3.2172103788431574e-05,-7.071842308858405e-05,-1.5788303453789083e-07,-3.291210463460243e-05,-7.242949885221402e-05,-1.6553279660857362e-07,-3.365954145875311e-05,-7.416091014568117e-05,-1.7345709358211488e-07,-3.441438089203648e-05,-7.591265139242604e-05,-1.816624066181681e-07,-3.5176589582230595e-05,-7.768471695042607e-05,-1.9015529191154252e-07,-3.594613419387292e-05,-7.947710111221447e-05,-1.98942380665463e-07,-3.672298140839427e-05,-8.128979810489919e-05,-2.080303790645243e-07,-3.7507097924252784e-05,-8.312280209018192e-05,0.30000000000000004
-1.3651727222674274e-07,-3.0714543587739055e-05,-6.735730012964776e-05,-1.4338156580055703e-07,-3.1439572305578784e-05,-6.902768836586923e-05,-1.505014012720017e-07,-3.2172103788431574e-05,-7.071842308858405e-05,-1.5788303453789083e-07,-3.291210463460243e-05,-7.242949885221402e-05,-1.6553279660857362e-07,-3.365954145875311e-05,-7.416091014568117e-05,-1.7345709358211488e-07,-3.441438089203648e-05,-7.591265139242604e-05,-1.816624066181681e-07,-3.5176589582230595e-05,-7.768471695042607e-05,-1.9015529191154252e-07,-3.594613419387292e-05,-7.947710111221447e-05,-1.98942380665463e-07,-3.672298140839427e-05,-8.128979810489919e-05,-2.080303790645243e-07,-3.7507097924252784e-05,-8.312280209018192e-05,0.30000000000000004
-1.3651727222674274e-07,-3.0714543587739055e-05,-6.735730012964776e-05,-1.4338156580055703e-07,-3.1439572305578784e-05,-6.902768836586923e-05,-1.505014012720017e-07,-3.2172103788431574e-05,-7.071842308858405e-05,-1.5788303453789083e-07,-3.291210463460243e-05,-7.242949885221402e-05,-1.6553279660857362e-07,-3.365954145875311e-05,-7.416091014568117e-05,-1.7345709358211488e-07,-3.441438089203648e-05,-7.591265139242604e-05,-1.816624066181681e-07,-3.5176589582230595e-05,-7.768471695042607e-05,-1.9015529191154252e-07,-3.594613419387292e-05,-7.947710111221447e-05,-1.98942380665463e-07,-3.672298140839427e-05,-8.128979810489919e-05,-2.080303790645243e-07,-3.7507097924252784e-05,-8.312280209018192e-05,0.30000000000000004
-1.3651727222674274e-07,-3.0714543587739055e-05,-6.735730012964776e-05,-1.4338156580055703e-07,-3.1439572305578784e-05,-6.902768836586923e-05,-1.505014012720017e-07,-3.2172103788431574e-05,-7.071842308858405e-05,-1.5788303453789083e-07,-3.291210463460243e-05,-7.242949885221402e-05,-1.6553279660857362e-07,-3.365954145875311e-05,-7.416091014568117e-05,-1.7345709358211488e-07,-3.441438089203648e-05,-7.591265139242604e-05,-1.816624066181681e-07,-3.5176589582230595e-05,-7.768471695042607e-05,-1.9015529191154252e-07,-3.594613419387292e-05,-7.947710111221447e-05,-1.98942380665463e-07,-3.672298140839427e-05,-8.128979810489919e-05,-2.080303790645243e-07,-3.7507097924252784e-05,-8.312280209018192e-05,0.30000000000000004
-1.3651727222674274e-07,-3.0714543587739055e-05,-6.735730012964776e-05,-1.4338156580055703e-07,-3.1439572305578784e-05,-6.902768836586923e-05,-1.505014012720017e-07,-3.2172103788431574e-05,-7.071842308858405e-05,-1.5788303453789083e-07,-3.291210463460243e-05,-7.242949885221402e-05,-1.6553279660857362e-07,-3.365954145875311e-05,-7.416091014568117e-05,-1.7345709358211488e-07,-3.441438089203648e-05,-7.591265139242604e-05,-1.816624066181681e-07,-3.5176589582230595e-05,-7.768471695042607e-05,-1.9015529191154252e-07,-3.594613419387292e-05,-7.947710111221447e-05,-1.98942380665463e-07,-3.672298140839427e-05,-8.128979810489919e-05,-2.080303790645243e-07,-3.7507097924252784e-05,-8.312280209018192e-05,0.30000000000000004
-1.3651727222674274e-07,-3.0714543587739055e-05,-6.735730012964776e-05,-1.4338156580055703e-07,-3.1439572305578784e-05,-6.902768836586923e-05,-1.505014012720017e-07,-3.2172103788431574e-05,-7.071842308858405e-05,-1.5788303453789083e-07,-3.291210463460243e-05,-7.242949885221402e-05,-1.6553279660857362e-07,-3.365954145875311e-05,-7.416091014568117e-05,-1.7345709358211488e-07,-3.441438089203648e-05,-7.591265139242604e-05,-1.816624066181681e-07,-3.5176589582230595e-05,-7.768471695042607e-05,-1.9015529191154252e-07,-3.594613419387292e-05,-7.947710111221447e-05,-1.98942380665463e-07,-3.672298140839427e-05,-8.128979810489919e-05,-2.080303790645243e-07,-3.7507097924252784e-05,-8.312280209018192e-05,0.30000000000000004
-1.3651727222674274e-07,-3.0714543587739055e-05,-6.735730012964776e-05,-1.4338156580055703e-07,-3.1439572305578784e-05,-6.902768836586923e-05,-1.505014012720017e-07,-3.2172103788431574e-05,-7.071842308858405e-05,-1.5788303453789083e-07,-3.291210463460243e-05,-7.242949885221402e-05,-1.6553279660857362e-07,-3.365954145875311e-05,-7.416091014568117e-05,-1.7345709358211488e-07,-3.441438089203648e-05,-7.591265139242604e-05,-1.816624066181681e-07,-3.5176589582230595e-05,-7.768471695042607e-05,-1.9015529191154252e-07,-3.594613419387292e-05,-7.947710111221447e-05,-1.98942380665463e-07,-3.672298140839427e-05,-8.128979810489919e-05,-2.080303790645243e-07,-3.7507097924252784e-05,-8.312280209018192e-05,0.30000000000000004
-1.3651727222674274e-07,-3.0714543587739055e-05,-6.735730012964776e-05,-1.4338156580055703e-07,-3.1439572305578784e-05,-6.902768836586923e-05,-1.505014012720017e-07,-3.2172103788431574e-05,-7.071842308858405e-05,-1.5788303453789083e-07,-3.291210463460243e-05,-7.242949885221402e-05,-1.6553279660857362e-07,-3.365954145875311e-05,-7.416091014568117e-05,-1.7345709358211488e-07,-3.441438089203648e-05,-7.591265139242604e-05,-1.816624066181681e-07,-3.5176589582230595e-05,-7.768471695042607e-05,-1.9015529191154252e-07,-3.594613419387292e-05,-7.947710111221447e-05,-1.98942380665463e-07,-3.672298140839427e-05,-8.128979810489919e-05,-2.080303790645243e-07,-3.7507097924252784e-05,-8.312280209018192e-05,0.30000000000000004
-1.3651727222674274e-07,-3.0714543587739055e-05,-6.735730012964776e-05,-1.4338156580055703e-07,-3.1439572305578784e-05,-6.902768836586923e-05,-1.505014012720017e-07,-3.2172103788431574e-05,-7.071842308858405e-05,-1.5788303453789083e-07,-3.291210463460243e-05,-7.242949885221402e-05,-1.6553279660857362e-07,-3.365954145875311e-05,-7.416091014568117e-05,-1.7345709358211488e-07,-3.441438089203648e-05,-7.591265139242604e-05,-1.816624066181681e-07,-3.5176589582230595e-05,-7.768471695042607e-05,-1.9015529191154252e-07,-3.594613419387292e-05,-7.947710111221447e-05,-1.98942380665463e-07,-3.672298140839427e-05,-8.128979810489919e-05,-2.080303790645243e-07,-3.7507097924252784e-05,-8.312280209018192e-05,0.30000000000000004
-1.3651727222674274e-07,-3.0714543587739055e-05,-6.735730012964776e-05,-1.4338156580055703e-07,-3.1439572305578784e-05,-6.902768836586923e-05,-1.505014012720017e-07,-3.2172103788431574e-05,-7.071842308858405e-05,-1.5788303453789083e-07,-3.291210463460243e-05,-7.242949885221402e-05,-1.6553279660857362e-07,-3.365954145875311e-05,-7.416091014568117e-05,-1.7345709358211488e-07,-3.441438089203648e-05,-7.591265139242604e-05,-1.816624066181681e-07,-3.5176589582230595e-05,-7.768471695042607e-05,-1.9015529191154252e-07,-3.594613419387292e-05,-7.947710111221447e-05,-1.98942380665463e-07,-3.672298140839427e-05,-8.128979810489919e-05,-2.080303790645243e-07,-3.7507097924252784e-05,-8.312280209018192e-05,0.30000000000000004
-1.3651727222674274e-07,-3.0714543587739055e-05,-6.735730012964776e-05,-1.4338156580055703e-07,-3.1439572305578784e-05,-6.902768836586923e-05,-1.505014012720017e-07,-3.2172103788431574e-05,-7.071842308858405e-05,-1.5788303453789083e-07,-3.291210463460243e-05,-7.242949885221402e-05,-1.6553279660857362e-07,-3.365954145875311e-05,-7.416091014568117e-05,-1.7345709358211488e-07,-3.441438089203648e-05,-7.591265139242604e-05,-1.816624066181681e-07,-3.5176589582230595e-05,-7.768471695042607e-05,-1.9015529191154252e-07,-3.594613419387292e-05,-7.947710111221447e-05,-1.98942380665463e-07,-3.672298140839427e-05,-8.128979810489919e-05,-2.080303790645243e-07,-3.7507097924252784e-05,-8.312280209018192e-05,0.30000000000000004
-1.3651727222674274e-07,-3.0714543587739055e-05,-6.735730012964776e-05,-1.4338156580055703e-07,-3.1439572305578784e-05,-6.902768836586923e-05,-1.505014012720017e-07,-3.2172103788431574e-05,-7.071842308858405e-05,-1.5788303453789083e-07,-3.291210463460243e-05,-7.242949885221402e-05,-1.6553279660857362e-07,-3.365954145875311e-05,-7.416091014568117e-05,-1.7345709358211488e-07,-3.441438089203648e-05,-7.591265139242604e-05,-1.816624066181681e-07,-3.5176589582230595e-05,-7.768471695042607e-05,-1.9015529191154252e-07,-3.594613419387292e-05,-7.947710111221447e-05,-1.98942380665463e-07,-3.672298140839427e-05,-8.128979810489919e-05,-2.080303790645243e-07,-3.7507097924252784e-05,-8.312280209018192e-05,0.30000000000000004
-1.3651727222674274e-07,-3.0714543587739055e-05,-6.735730012964776e-05,-1.4338156580055703e-07,-3.1439572305578784e-05,-6.902768836586923e-05,-1.505014012720017e-07,-3.2172103788431574e-05,-7.071842308858405e-05,-1.5788303453789083e-07,-3.291210463460243e-05,-7.242949885221402e-05,-1.6553279660857362e-07,-3.365954145875311e-05,-7.416091014568117e-05,-1.7345709358211488e-07,-3.441438089203648e-05,-7.591265139242604e-05,-1.816624066181681e-07,-3.5176589582230595e-05,-7.768471695042607e-05,-1.9015529191154252e-07,-3.594613419387292e-05,-7.947710111221447e-05,-1.98942380665463e-07,-3.672298140839427e-05,-8.128979810489919e-05,-2.080303790645243e-07,-3.7507097924252784e-05,-8.312280209018192e-05,0.30000000000000004
-1.3651727222674274e-07,-3.0714543587739055e-05,-6.735730012964776e-05,-1.4338156580055703e-07,-3.1439572305578784e-05,-6.902768836586923e-05,-1.505014012720017e-07,-3.2172103788431574e-05,-7.071842308858405e-05,-1.5788303453789083e-07,-3.291210463460243e-05,-7.242949885221402e-05,-1.6553279660857362e-07,-3.365954145875311e-05,-7.416091014568117e-05,-1.7345709358211488e-07,-3.441438089203648e-05,-7.591265139242604e-05,-1.816624066181681e-07,-3.5176589582230595e-05,-7.768471695042607e-05,-1.9015529191154252e-07,-3.594613419387292e-05,-7.947710111221447e-05,-1.98942380665463e-07,-3.672298140839427e-05,-8.128979810489919e-05,-2.080303790645243e-07,-3.7507097924252784e-05,-8.312280209018192e-05,0.30000000000000004
-1.3651727222674274e-07,-3.0714543587739055e-05,-6.735730012964776e-05,-1.4338156580055703e-07,-3.1439572305578784e-05,-6.902768836586923e-05,-1.505014012720017e-07,-3.2172103788431574e-05,-7.071842308858405e-05,-1.5788303453789083e-07,-3.291210463460243e-05,-7.242949885221402e-05,-1.6553279660857362e-07,-3.365954145875311e-05,-7.416091014568117e-05,-1.7345709358211488e-07,-3.441438089203648e-05,-7.591265139242604e-05,-1.816624066181681e-07,-3.5176589582230595e-05,-7.768471695042607e-05,-1.9015529191154252e-07,-3.594613419387292e-05,-7.947710111221447e-05,-1.98942380665463e-07,-3.672298140839427e-05,-8.128979810489919e-05,-2.080303790645243e-07,-3.7507097924252784e-05,-8.312280209018192e-05,0.30000000000000004
-1.3651727222674274e-07,-3.0714543587739055e-05,-6.735730012964776e-05,-1.4338156580055703e-07,-3.1439572305578784e-05,-6.902768836586923e-05,-1.505014012720017e-07,-3.2172103788431574e-05,-7.071842308858405e-05,-1.5788303453789083e-07,-3.291210463460243e-05,-7.242949885221402e-05,-1.6553279660857362e-07,-3.365954145875311e-05,-7.416091014568117e-05,-1.7345709358211488e-07,-3.441438089203648e-05,-7.591265139242604e-05,-1.816624066181681e-07,-3.5176589582230595e-05,-7.768471695042607e-05,-1.9015529191154252e-07,-3.594613419387292e-05,-7.947710111221447e-05,-1.98942380665463e-07,-3.672298140839427e-05,-8.128979810489919e-05,-2.080303790645243e-07,-3.7507097924252784e-05,-8.312280209018192e-05,0.30000000000000004
-1.3651727222674274e-07,-3.0714543587739055e-05,-6.735730012964776e-05,-1.4338156580055703e-07,-3.1439572305578784e-05,-6.902768836586923e-05,-1.505014012720017e-07,-3.2172103788431574e-05,-7.071842308858405e-05,-1.5788303453789083e-07,-3.291210463460243e-05,-7.242949885221402e-05,-1.6553279660857362e-07,-3.365954145875311e-05,-7.416091014568117e-05,-1.7345709358211488e-07,-3.441438089203648e-05,-7.591265139242604e-05,-1.816624066181681e-07,-3.5176589582230595e-05,-7.768471695042607e-05,-1.9015529191154252e-07,-3.594613419387292e-05,-7.947710111221447e-05,-1.98942380665463e-07,-3.672298140839427e-05,-8.128979810489919e-05,-2.080303790645243e-07,-3.7507097924252784e-05,-8.312280209018192e-05,0.30000000000000004
-1.3651727222674274e-07,-3.0714543587739055e-05,-6.735730012964776e-05,-1.4338156580055703e-07,-3.1439572305578784e-05,-6.902768836586923e-05,-1.505014012720017e-07,-3.2172103788431574e-05,-7.071842308858405e-05,-1.5788303453789083e-07,-3.291210463460243e-05,-7.242949885221402e-05,-1.6553279660857362e-07,-3.365954145875311e-05,-7.416091014568117e-05,-1.7345709358211488e-07,-3.441438089203648e-05,-7.591265139242604e-05,-1.816624066181681e-07,-3.5176589582230595e-05,-7.768471695042607e-05,-1.9015529191154252e-07,-3.594613419387292e-05,-7.947710111221447e-05,-1.98942380665463e-07,-3.672298140839427e-05,-8.128979810489919e-05,-2.080303790645243e-07,-3.7507097924252784e-05,-8.312280209018192e-05,0.30000000000000004
-1.3651727222674274e-07,-3.0714543587739055e-05,-6.735730012964776e-05,-1.4338156580055703e-07,-3.1439572305578784e-05,-6.902768836586923e-05,-1.505014012720017e-07,-3.2172103788431574e-05,-7.071842308858405e-05,-1.5788303453789083e-07,-3.291210463460243e-05,-7.242949885221402e-05,-1.6553279660857362e-07,-3.365954145875311e-05,-7.416091014568117e-05,-1.7345709358211488e-07,-3.441438089203648e-05,-7.591265139242604e-05,-1.816624066181681e-07,-3.5176589582230595e-05,-7.768471695042607e-05,-1.9015529191154252e-07,-3.594613419387292e-05,-7.947710111221447e-05,-1.98942380665463e-07,-3.672298140839427e-05,-8.128979810489919e-05,-2.080303790645243e-07,-3.7507097924252784e-05,-8.312280209018192e-05,0.30000000000000004
-1.3651727222674274e-07,-3.0714543587739055e-05,-6.735730012964776e-05,-1.4338156580055703e-07,-3.1439572305578784e-05,-6.902768836586923e-05,-1.505014012720017e-07,-3.2172103788431574e-05,-7.071842308858405e-05,-1.5788303453789083e-07,-3.291210463460243e-05,-7.242949885221402e-05,-1.6553279660857362e-07,-3.365954145875311e-05,-7.416091014568117e-05,-1.7345709358211488e-07,-3.441438089203648e-05,-7.591265139242604e-05,-1.816624066181681e-07,-3.5176589582230595e-05,-7.768471695042607e-05,-1.9015529191154252e-07,-3.594613419387292e-05,-7.947710111221447e-05,-1.98942380665463e-07,-3.672298140839427e-05,-8.128979810489919e-05,-2.080303790645243e-07,-3.7507097924252784e-05,-8.312280209018192e-05,0.30000000000000004
-1.3651727222674274e-07,-3.0714543587739055e-05,-6.735730012964776e-05,-1.4338156580055703e-07,-3.1439572305578784e-05,-6.902768836586923e-05,-1.505014012720017e-07,-3.2172103788431574e-05,-7.071842308858405e-05,-1.5788303453789083e-07,-3.291210463460243e-05,-7.242949885221402e-05,-1.6553279660857362e-07,-3.365954145875311e-05,-7.416091014568117e-05,-1.7345709358211488e-07,-3.441438089203648e-05,-7.591265139242604e-05,-1.816624066181681e-07,-3.5176589582230595e-05,-7.768471695042607e-05,-1.9015529191154252e-07,-3.594613419387292e-05,-7.947710111221447e-05,-1.98942380665463e-07,-3.672298140839427e-05,-8.128979810489919e-05,-2.080303790645243e-07,-3.7507097924252784e-05,-8.312280209018192e-05,0.30000000000000004
-1.3651727222674274e-07,-3.0714543587739055e-05,-6.735730012964776e-05,-1.4338156580055703e-07,-3.1439572305578784e-05,-6.902768836586923e-05,-1.505014012720017e-07,-3.2172103788431574e-05,-7.071842308858405e-05,-1.5788303453789083e-07,-3.291210463460243e-05,-7.242949885221402e-05,-1.6553279660857362e-07,-3.365954145875311e-05,-7.416091014568117e-05,-1.7345709358211488e-07,-3.441438089203648e-05,-7.591265139242604e-05,-1.816624066181681e-07,-3.5176589582230595e-05,-7.768471695042607e-05,-1.9015529191154252e-07,-3.594613419387292e-05,-7.947710111221447e-05,-1.98942380665463e-07,-3.672298140839427e-05,-8.128979810489919e-05,-2.080303790645243e-07,-3.7507097924252784e-05,-8.312280209018192e-05,0.30000000000000004
-1.3651727222674274e-07,-3.0714543587739055e-05,-6.735730012964776e-05,-1.4338156580055703e-07,-3.1439572305578784e-05,-6.902768836586923e-05,-1.505014012720017e-07,-3.2172103788431574e-05,-7.071842308858405e-05,-1.5788303453789083e-07,-3.291210463460243e-05,-7.242949885221402e-05,-1.6553279660857362e-07,-3.365954145875311e-05,-7.416091014568117e-05,-1.7345709358211488e-07,-3.441438089203648e-05,-7.591265139242604e-05,-1.816624066181681e-07,-3.5176589582230595e-05,-7.768471695042607e-05,-1.9015529191154252e-07,-3.594613419387292e-05,-7.947710111221447e-05,-1.98942380665463e-07,-3.672298140839427e-05,-8.128979810489919e-05,-2.080303790645243e-07,-3.7507097924252784e-05,-8.312280209018192e-05,0.30000000000000004
-1.3651727222674274e-07,-3.0714543587739055e-05,-6.735730012964776e-05,-1.4338156580055703e-07,-3.1439572305578784e-05,-6.902768836586923e-05,-1.505014012720017e-07,-3.2172103788431574e-05,-7.071842308858405e-05,-1.5788303453789083e-07,-3.291210463460243e-05,-7.242949885221402e-05,-1.6553279660857362e-07,-3.365954145875311e-05,-7.416091014568117e-05,-1.7345709358211488e-07,-3.441438089203648e-05,-7.591265139242604e-05,-1.816624066181681e-07,-3.5176589582230595e-05,-7.768471695042607e-05,-1.9015529191154252e-07,-3.594613419387292e-05,-7.947710111221447e-05,-1.98942380665463e-07,-3.672298140839427e-05,-8.128979810489919e-05,-2.080303790645243e-07,-3.7507097924252784e-05,-8.312280209018192e-05,0.30000000000000004
-1.3651727222674274e-07,-3.0714543587739055e-05,-6.735730012964776e-05,-1.4338156580055703e-07,-3.1439572305578784e-05,-6.902768836586923e-05,-1.505014012720017e-07,-3.2172103788431574e-05,-7.071842308858405e-05,-1.5788303453789083e-07,-3.291210463460243e-05,-7.242949885221402e-05,-1.6553279660857362e-07,-3.365954145875311e-05,-7.416091014568117e-05,-1.7345709358211488e-07,-3.441438089203648e-05,-7.591265139242604e-05,-1.816624066181681e-07,-3.5176589582230595e-05,-7.768471695042607e-05,-1.9015529191154252e-07,-3.594613419387292e-05,-7.947710111221447e-05,-1.98942380665463e-07,-3.672298140839427e-05,-8.128979810489919e-05,-2.080303790645243e-07,-3.7507097924252784e-05,-8.312280209018192e-05,0.30000000000000004
-1.3651727222674274e-07,-3.0714543587739055e-05,-6.735730012964776e-05,-1.4338156580055703e-07,-3.1439572305578784e-05,-6.902768836586923e-05,-1.505014012720017e-07,-3.2172103788431574e-05,-7.071842308858405e-05,-1.5788303453789083e-07,-3.291210463460243e-05,-7.242949885221402e-05,-1.6553279660857362e-07,-3.365954145875311e-05,-7.416091014568117e-05,-1.7345709358211488e-07,-3.441438089203648e-05,-7.591265139242604e-05,-1.816624066181681e-07,-3.5176589582230595e-05,-7.768471695042607e-05,-1.9015529191154252e-07,-3.594613419387292e-05,-7.947710111221447e-05,-1.98942380665463e-07,-3.672298140839427e-05,-8.128979810489919e-05,-2.080303790645243e-07,-3.7507097924252784e-05,-8.312280209018192e-05,0.30000000000000004
-1.3651727222674274e-07,-3.0714543587739055e-05,-6.735730012964776e-05,-1.4338156580055703e-07,-3.1439572305578784e-05,-6.902768836586923e-05,-1.505014012720017e-07,-3.2172103788431574e-05,-7.071842308858405e-05,-1.5788303453789083e-07,-3.291210463460243e-05,-7.242949885221402e-05,-1.6553279660857362e-07,-3.365954145875311e-05,-7.416091014568117e-05,-1.7345709358211488e-07,-3.441438089203648e-05,-7.591265139242604e-05,-1.816624066181681e-07,-3.5176589582230595e-05,-7.768471695042607e-05,-1.9015529191154252e-07,-3.594613419387292e-05,-7.947710111221447e-05,-1.98942380665463e-07,-3.672298140839427e-05,-8.128979810489919e-05,-2.080303790645243e-07,-3.7507097924252784e-05,-8.312280209018192e-05,0.30000000000000004
-1.3651727222674274e-07,-3.0714543587739055e-05,-6.735730012964776e-05,-1.4338156580055703e-07,-3.1439572305578784e-05,-6.902768836586923e-05,-1.505014012720017e-07,-3.2172103788431574e-05,-7.071842308858405e-05,-1.5788303453789083e-07,-3.291210463460243e-05,-7.242949885221402e-05,-1.6553279660857362e-07,-3.365954145875311e-05,-7.416091014568117e-05,-1.7345709358211488e-07,-3.441438089203648e-05,-7.591265139242604e-05,-1.816624066181681e-07,-3.5176589582230595e-05,-7.768471695042607e-05,-1.9015529191154252e-07,-3.594613419387292e-05,-7.947710111221447e-05,-1.98942380665463e-07,-3.672298140839427e-05,-8.128979810489919e-05,-2.080303790645243e-07,-3.7507097924252784e-05,-8.312280209018192e-05,0.30000000000000004
-1.3651727222674274e-07,-3.0714543587739055e-05,-6.735730012964776e-05,-1.4338156580055703e-07,-3.1439572305578784e-05,-6.902768836586923e-05,-1.505014012720017e-07,-3.2172103788431574e-05,-7.071842308858405e-05,-1.5788303453789083e-07,-3.291210463460243e-05,-7.242949885221402e-05,-1.6553279660857362e-07,-3.365954145875311e-05,-7.416091014568117e-05,-1.7345709358211488e-07,-3.441438089203648e-05,-7.591265139242604e-05,-1.816624066181681e-07,-3.5176589582230595e-05,-7.768471695042607e-05,-1.9015529191154252e-07,-3.594613419387292e-05,-7.947710111221447e-05,-1.98942380665463e-07,-3.672298140839427e-05,-8.128979810489919e-05,-2.080303790645243e-07,-3.7507097924252784e-05,-8.312280209018192e-05,0.30000000000000004
-1.3651727222674274e-07,-3.0714543587739055e-05,-6.735730012964776e-05,-1.4338156580055703e-07,-3.1439572305578784e-05,-6.902768836586923e-05,-1.505014012720017e-07,-3.2172103788431574e-05,-7.071842308858405e-05,-1.5788303453789083e-07,-3.291210463460243e-05,-7.242949885221402e-05,-1.6553279660857362e-07,-3.365954145875311e-05,-7.416091014568117e-05,-1.7345709358211488e-07,-3.441438089203648e-05,-7.591265139242604e-05,-1.816624066181681e-07,-3.5176589582230595e-05,-7.768471695042607e-05,-1.9015529191154252e-07,-3.594613419387292e-05,-7.947710111221447e-05,-1.98942380665463e-07,-3.672298140839427e-05,-8.128979810489919e-05,-2.080303790645243e-07,-3.7507097924252784e-05,-8.312280209018192e-05,0.30000000000000004
-1.3651727222674274e-07,-3.0714543587739055e-05,-6.735730012964776e-05,-1.4338156580055703e-07,-3.1439572305578784e-05,-6.902768836586923e-05,-1.505014012720017e-07,-3.2172103788431574e-05,-7.071842308858405e-05,-1.5788303453789083e-07,-3.291210463460243e-05,-7.242949885221402e-05,-1.6553279660857362e-07,-3.365954145875311e-05,-7.416091014568117e-05,-1.7345709358211488e-07,-3.441438089203648e-05,-7.591265139242604e-05,-1.816624066181681e-07,-3.5176589582230595e-05,-7.768471695042607e-05,-1.9015529191154252e-07,-3.594613419387292e-05,-7.947710111221447e-05,-1.98942380665463e-07,-3.672298140839427e-05,-8.128979810489919e-05,-2.080303790645243e-07,-3.7507097924252784e-05,-8.312280209018192e-05,0.30000000000000004
-1.3651727222674274e-07,-3.0714543587739055e-05,-6.735730012964776e-05,-1.4338156580055703e-07,-3.1439572305578784e-05,-6.902768836586923e-05,-1.505014012720017e-07,-3.2172103788431574e-05,-7.071842308858405e-05,-1.5788303453789083e-07,-3.291210463460243e-05,-7.242949885221402e-05,-1.6553279660857362e-07,-3.365954145875311e-05,-7.416091014568117e-05,-1.7345709358211488e-07,-3.441438089203648e-05,-7.591265139242604e-05,-1.816624066181681e-07,-3.5176589582230595e-05,-7.768471695042607e-05,-1.9015529191154252e-07,-3.594613419387292e-05,-7.947710111221447e-05,-1.98942380665463e-07,-3.672298140839427e-05,-8.128979810489919e-05,-2.080303790645243e-07,-3.7507097924252784e-05,-8.312280209018192e-05,0.30000000000000004
-1.3651727222674274e-07,-3.0714543587739055e-05,-6.735730012964776e-05,-1.4338156580055703e-07,-3.1439572305578784e-05,-6.902768836586923e-05,-1.505014012720017e-07,-3.2172103788431574e-05,-7.071842308858405e-05,-1.5788303453789083e-07,-3.291210463460243e-05,-7.242949885221402e-05,-1.6553279660857362e-07,-3.365954145875311e-05,-7.416091014568117e-05,-1.7345709358211488e-07,-3.441438089203648e-05,-7.591265139242604e-05,-1.816624066181681e-07,-3.5176589582230595e-05,-7.768471695042607e-05,-1.9015529191154252e-07,-3.594613419387292e-05,-7.947710111221447e-05,-1.98942380665463e-07,-3.672298140839427e-05,-8.128979810489919e-05,-2.080303790645243e-07,-3.7507097924252784e-05,-8.312280209018192e-05,0.30000000000000004
-1.3651727222674274e-07,-3.0714543587739055e-05,-6.735730012964776e-05,-1.4338156580055703e-07,-3.1439572305578784e-05,-6.902768836586923e-05,-1.505014012720017e-07,-3.2172103788431574e-05,-7.071842308858405e-05,-1.5788303453789083e-07,-3.291210463460243e-05,-7.242949885221402e-05,-1.6553279660857362e-07,-3.365954145875311e-05,-7.416091014568117e-05,-1.7345709358211488e-07,-3.441438089203648e-05,-7.591265139242604e-05,-1.816624066181681e-07,-3.5176589582230595e-05,-7.768471695042607e-05,-1.9015529191154252e-07,-3.594613419387292e-05,-7.947710111221447e-05,-1.98942380665463e-07,-3.672298140839427e-05,-8.128979810489919e-05,-2.080303790645243e-07,-3.7507097924252784e-05,-8.312280209018192e-05,0.30000000000000004
-1.3651727222674274e-07,-3.0714543587739055e-05,-6.735730012964776e-05,-1.4338156580055703e-07,-3.1439572305578784e-05,-6.902768836586923e-05,-1.505014012720017e-07,-3.2172103788431574e-05,-7.071842308858405e-05,-1.5788303453789083e-07,-3.291210463460243e-05,-7.242949885221402e-05,-1.6553279660857362e-07,-3.365954145875311e-05,-7.416091014568117e-05,-1.7345709358211488e-07,-3.441438089203648e-05,-7.591265139242604e-05,-1.816624066181681e-07,-3.5176589582230595e-05,-7.768471695042607e-05,-1.9015529191154252e-07,-3.594613419387292e-05,-7.947710111221447e-05,-1.98942380665463e-07,-3.672298140839427e-05,-8.128979810489919e-05,-2.080303790645243e-07,-3.7507097924252784e-05,-8.312280209018192e-05,0.30000000000000004
-1.3651727222674274e-07,-3.0714543587739055e-05,-6.735730012964776e-05,-1.4338156580055703e-07,-3.1439572305578784e-05,-6.902768836586923e-05,-1.505014012720017e-07,-3.2172103788431574e-05,-7.071842308858405e-05,-1.5788303453789083e-07,-3.291210463460243e-05,-7.242949885221402e-05,-1.6553279660857362e-07,-3.365954145875311e-05,-7.416091014568117e-05,-1.7345709358211488e-07,-3.441438089203648e-05,-7.591265139242604e-05,-1.816624066181681e-07,-3.5176589582230595e-05,-7.768471695042607e-05,-1.9015529191154252e-07,-3.594613419387292e-05,-7.947710111221447e-05,-1.98942380665463e-07,-3.672298140839427e-05,-8.128979810489919e-05,-2.080303790645243e-07,-3.7507097924252784e-05,-8.312280209018192e-05,0.30000000000000004
-1.3651727222674274e-07,-3.0714543587739055e-05,-6.735730012964776e-05,-1.4338156580055703e-07,-3.1439572305578784e-05,-6.902768836586923e-05,-1.505014012720017e-07,-3.2172103788431574e-05,-7.071842308858405e-05,-1.5788303453789083e-07,-3.291210463460243e-05,-7.242949885221402e-05,-1.6553279660857362e-07,-3.365954145875311e-05,-7.416091014568117e-05,-1.7345709358211488e-07,-3.441438089203648e-05,-7.591265139242604e-05,-1.816624066181681e-07,-3.5176589582230595e-05,-7.768471695042607e-05,-1.9015529191154252e-07,-3.594613419387292e-05,-7.947710111221447e-05,-1.98942380665463e-07,-3.672298140839427e-05,-8.128979810489919e-05,-2.080303790645243e-07,-3.7507097924252784e-05,-8.312280209018192e-05,0.30000000000000004
-1.3651727222674274e-07,-3.0714543587739055e-05,-6.735730012964776e-05,-1.4338156580055703e-07,-3.1439572305578784e-05,-6.902768836586923e-05,-1.505014012720017e-07,-3.2172103788431574e-05,-7.071842308858405e-05,-1.5788303453789083e-07,-3.291210463460243e-05,-7.242949885221402e-05,-1.6553279660857362e-07,-3.365954145875311e-05,-7.416091014568117e-05,-1.7345709358211488e-07,-3.441438089203648e-05,-7.591265139242604e-05,-1.816624066181681e-07,-3.5176589582230595e-05,-7.768471695042607e-05,-1.9015529191154252e-07,-3.594613419387292e-05,-7.947710111221447e-05,-1.98942380665463e-07,-3.672298140839427e-05,-8.128979810489919e-05,-2.080303790645243e-07,-3.7507097924252784e-05,-8.312280209018192e-05,0.30000000000000004
-1.3651727222674274e-07,-3.0714543587739055e-05,-6.735730012964776e-05,-1.4338156580055703e-07,-3.1439572305578784e-05,-6.902768836586923e-05,-1.505014012720017e-07,-3.2172103788431574e-05,-7.071842308858405e-05,-1.5788303453789083e-07,-3.291210463460243e-05,-7.242949885221402e-05,-1.6553279660857362e-07,-3.365954145875311e-05,-7.416091014568117e-05,-1.7345709358211488e-07,-3.441438089203648e-05,-7.591265139242604e-05,-1.816624066181681e-07,-3.5176589582230595e-05,-7.768471695042607e-05,-1.9015529191154252e-07,-3.594613419387292e-05,-7.947710111221447e-05,-1.98942380665463e-07,-3.672298140839427e-05,-8.128979810489919e-05,-2.080303790645243e-07,-3.7507097924252784e-05,-8.312280209018192e-05,0.30000000000000004
-1.3651727222674274e-07,-3.0714543587739055e-05,-6.735730012964776e-05,-1.4338156580055703e-07,-3.1439572305578784e-05,-6.902768836586923e-05,-1.505014012720017e-07,-3.2172103788431574e-05,-7.071842308858405e-05,-1.5788303453789083e-07,-3.291210463460243e-05,-7.242949885221402e-05,-1.6553279660857362e-07,-3.365954145875311e-05,-7.416091014568117e-05,-1.7345709358211488e-07,-3.441438089203648e-05,-7.591265139242604e-05,-1.816624066181681e-07,-3.5176589582230595e-05,-7.768471695042607e-05,-1.9015529191154252e-07,-3.594613419387292e-05,-7.947710111221447e-05,-1.98942380665463e-07,-3.672298140839427e-05,-8.128979810489919e-05,-2.080303790645243e-07,-3.7507097924252784e-05,-8.312280209018192e-05,0.30000000000000004
-1.3651727222674274e-07,-3.0714543587739055e-05,-6.735730012964776e-05,-1.4338156580055703e-07,-3.1439572305578784e-05,-6.902768836586923e-05,-1.505014012720017e-07,-3.2172103788431574e-05,-7.071842308858405e-05,-1.5788303453789083e-07,-3.291210463460243e-05,-7.242949885221402e-05,-1.6553279660857362e-07,-3.365954145875311e-05,-7.416091014568117e-05,-1.7345709358211488e-07,-3.441438089203648e-05,-7.591265139242604e-05,-1.816624066181681e-07,-3.5176589582230595e-05,-7.768471695042607e-05,-1.9015529191154252e-07,-3.594613419387292e-05,-7.947710111221447e-05,-1.98942380665463e-07,-3.672298140839427e-05,-8.128979810489919e-05,-2.080303790645243e-07,-3.7507097924252784e-05,-8.312280209018192e-05,0.30000000000000004
-1.3651727222674274e-07,-3.0714543587739055e-05,-6.735730012964776e-05,-1.4338156580055703e-07,-3.1439572305578784e-05,-6.902768836586923e-05,-1.505014012720017e-07,-3.2172103788431574e-05,-7.071842308858405e-05,-1.5788303453789083e-07,-3.291210463460243e-05,-7.242949885221402e-05,-1.6553279660857362e-07,-3.365954145875311e-05,-7.416091014568117e-05,-1.7345709358211488e-07,-3.441438089203648e-05,-7.591265139242604e-05,-1.816624066181681e-07,-3.5176589582230595e-05,-7.768471695042607e-05,-1.9015529191154252e-07,-3.594613419387292e-05,-7.947710111221447e-05,-1.98942380665463e-07,-3.672298140839427e-05,-8.128979810489919e-05,-2.080303790645243e-07,-3.7507097924252784e-05,-8.312280209018192e-05,0.30000000000000004
-1.3651727222674274e-07,-3.0714543587739055e-05,-6.735730012964776e-05,-1.4338156580055703e-07,-3.1439572305578784e-05,-6.902768836586923e-05,-1.505014012720017e-07,-3.2172103788431574e-05,-7.071842308858405e-05,-1.5788303453789083e-07,-3.291210463460243e-05,-7.242949885221402e-05,-1.6553279660857362e-07,-3.365954145875311e-05,-7.416091014568117e-05,-1.7345709358211488e-07,-3.441438089203648e-05,-7.591265139242604e-05,-1.816624066181681e-07,-3.5176589582230595e-05,-7.768471695042607e-05,-1.9015529191154252e-07,-3.594613419387292e-05,-7.947710111221447e-05,-1.98942380665463e-07,-3.672298140839427e-05,-8.128979810489919e-05,-2.080303790645243e-07,-3.7507097924252784e-05,-8.312280209018192e-05,0.30000000000000004
-1.3651727222674274e-07,-3.0714543587739055e-05,-6.735730012964776e-05,-1.4338156580055703e-07,-3.1439572305578784e-05,-6.902768836586923e-05,-1.505014012720017e-07,-3.2172103788431574e-05,-7.071842308858405e-05,-1.5788303453789083e-07,-3.291210463460243e-05,-7.242949885221402e-05,-1.6553279660857362e-07,-3.365954145875311e-05,-7.416091014568117e-05,-1.7345709358211488e-07,-3.441438089203648e-05,-7.591265139242604e-05,-1.816624066181681e-07,-3.5176589582230595e-05,-7.768471695042607e-05,-1.9015529191154252e-07,-3.594613419387292e-05,-7.947710111221447e-05,-1.98942380665463e-07,-3.672298140839427e-05,-8.128979810489919e-05,-2.080303790645243e-07,-3.7507097924252784e-05,-8.312280209018192e-05,0.30000000000000004
-1.3651727222674274e-07,-3.0714543587739055e-05,-6.735730012964776e-05,-1.4338156580055703e-07,-3.1439572305578784e-05,-6.902768836586923e-05,-1.505014012720017e-07,-3.2172103788431574e-05,-7.071842308858405e-05,-1.5788303453789083e-07,-3.291210463460243e-05,-7.242949885221402e-05,-1.6553279660857362e-07,-3.365954145875311e-05,-7.416091014568117e-05,-1.7345709358211488e-07,-3.441438089203648e-05,-7.591265139242604e-05,-1.816624066181681e-07,-3.5176589582230595e-05,-7.768471695042607e-05,-1.9015529191154252e-07,-3.594613419387292e-05,-7.947710111221447e-05,-1.98942380665463e-07,-3.672298140839427e-05,-8.128979810489919e-05,-2.080303790645243e-07,-3.7507097924252784e-05,-8.312280209018192e-05,0.30000000000000004
-1.3651727222674274e-07,-3.0714543587739055e-05,-6.735730012964776e-05,-1.4338156580055703e-07,-3.1439572305578784e-05,-6.902768836586923e-05,-1.505014012720017e-07,-3.2172103788431574e-05,-7.071842308858405e-05,-1.5788303453789083e-07,-3.291210463460243e-05,-7.242949885221402e-05,-1.6553279660857362e-07,-3.365954145875311e-05,-7.416091014568117e-05,-1.7345709358211488e-07,-3.441438089203648e-05,-7.591265139242604e-05,-1.816624066181681e-07,-3.5176589582230595e-05,-7.768471695042607e-05,-1.9015529191154252e-07,-3.594613419387292e-05,-7.947710111221447e-05,-1.98942380665463e-07,-3.672298140839427e-05,-8.128979810489919e-05,-2.080303790645243e-07,-3.7507097924252784e-05,-8.312280209018192e-05,0.30000000000000004
-1.3651727222674274e-07,-3.0714543587739055e-05,-6.735730012964776e-05,-1.4338156580055703e-07,-3.1439572305578784e-05,-6.902768836586923e-05,-1.505014012720017e-07,-3.2172103788431574e-05,-7.071842308858405e-05,-1.5788303453789083e-07,-3.291210463460243e-05,-7.242949885221402e-05,-1.6553279660857362e-07,-3.365954145875311e-05,-7.416091014568117e-05,-1.7345709358211488e-07,-3.441438089203648e-05,-7.591265139242604e-05,-1.816624066181681e-07,-3.5176589582230595e-05,-7.768471695042607e-05,-1.9015529191154252e-07,-3.594613419387292e-05,-7.947710111221447e-05,-1.98942380665463e-07,-3.672298140839427e-05,-8.128979810489919e-05,-2.080303790645243e-07,-3.7507097924252784e-05,-8.312280209018192e-05,0.30000000000000004
-1.3651727222674274e-07,-3.0714543587739055e-05,-6.735730012964776e-05,-1.4338156580055703e-07,-3.1439572305578784e-05,-6.902768836586923e-05,-1.505014012720017e-07,-3.2172103788431574e-05,-7.071842308858405e-05,-1.5788303453789083e-07,-3.291210463460243e-05,-7.242949885221402e-05,-1.6553279660857362e-07,-3.365954145875311e-05,-7.416091014568117e-05,-1.7345709358211488e-07,-3.441438089203648e-05,-7.591265139242604e-05,-1.816624066181681e-07,-3.5176589582230595e-05,-7.768471695042607e-05,-1.9015529191154252e-07,-3.594613419387292e-05,-7.947710111221447e-05,-1.98942380665463e-07,-3.672298140839427e-05,-8.128979810489919e-05,-2.080303790645243e-07,-3.7507097924252784e-05,-8.312280209018192e-05,0.30000000000000004
-1.3651727222674274e-07,-3.0714543587739055e-05,-6.735730012964776e-05,-1.4338156580055703e-07,-3.1439572305578784e-05,-6.902768836586923e-05,-1.505014012720017e-07,-3.2172103788431574e-05,-7.071842308858405e-05,-1.5788303453789083e-07,-3.291210463460243e-05,-7.242949885221402e-05,-1.6553279660857362e-07,-3.365954145875311e-05,-7.416091014568117e-05,-1.7345709358211488e-07,-3.441438089203648e-05,-7.591265139242604e-05,-1.816624066181681e-07,-3.5176589582230595e-05,-7.768471695042607e-05,-1.9015529191154252e-07,-3.594613419387292e-05,-7.947710111221447e-05,-1.98942380665463e-07,-3.672298140839427e-05,-8.128979810489919e-05,-2.080303790645243e-07,-3.7507097924252784e-05,-8.312280209018192e-05,0.30000000000000004
-1.3651727222674274e-07,-3.0714543587739055e-05,-6.735730012964776e-05,-1.4338156580055703e-07,-3.1439572305578784e-05,-6.902768836586923e-05,-1.505014012720017e-07,-3.2172103788431574e-05,-7.071842308858405e-05,-1.5788303453789083e-07,-3.291210463460243e-05,-7.242949885221402e-05,-1.6553279660857362e-07,-3.365954145875311e-05,-7.416091014568117e-05,-1.7345709358211488e-07,-3.441438089203648e-05,-7.591265139242604e-05,-1.816624066181681e-07,-3.5176589582230595e-05,-7.768471695042607e-05,-1.9015529191154252e-07,-3.594613419387292e-05,-7.947710111221447e-05,-1.98942380665463e-07,-3.672298140839427e-05,-8.128979810489919e-05,-2.080303790645243e-07,-3.7507097924252784e-05,-8.312280209018192e-05,0.30000000000000004
-1.3651727222674274e-07,-3.0714543587739055e-05,-6.735730012964776e-05,-1.4338156580055703e-07,-3.1439572305578784e-05,-6.902768836586923e-05,-1.505014012720017e-07,-3.2172103788431574e-05,-7.071842308858405e-05,-1.5788303453789083e-07,-3.291210463460243e-05,-7.242949885221402e-05,-1.6553279660857362e-07,-3.365954145875311e-05,-7.416091014568117e-05,-1.7345709358211488e-07,-3.441438089203648e-05,-7.591265139242604e-05,-1.816624066181681e-07,-3.5176589582230595e-05,-7.768471695042607e-05,-1.9015529191154252e-07,-3.594613419387292e-05,-7.947710111221447e-05,-1.98942380665463e-07,-3.672298140839427e-05,-8.128979810489919e-05,-2.080303790645243e-07,-3.7507097924252784e-05,-8.312280209018192e-05,0.30000000000000004
-1.3651727222674274e-07,-3.0714543587739055e-05,-6.735730012964776e-05,-1.4338156580055703e-07,-3.1439572305578784e-05,-6.902768836586923e-05,-1.505014012720017e-07,-3.2172103788431574e-05,-7.071842308858405e-05,-1.5788303453789083e-07,-3.291210463460243e-05,-7.242949885221402e-05,-1.6553279660857362e-07,-3.365954145875311e-05,-7.416091014568117e-05,-1.7345709358211488e-07,-3.441438089203648e-05,-7.591265139242604e-05,-1.816624066181681e-07,-3.5176589582230595e-05,-7.768471695042607e-05,-1.9015529191154252e-07,-3.594613419387292e-05,-7.947710111221447e-05,-1.98942380665463e-07,-3.672298140839427e-05,-8.128979810489919e-05,-2.080303790645243e-07,-3.7507097924252784e-05,-8.312280209018192e-05,0.30000000000000004
-1.3651727222674274e-07,-3.0714543587739055e-05,-6.735730012964776e-05,-1.4338156580055703e-07,-3.1439572305578784e-05,-6.902768836586923e-05,-1.505014012720017e-07,-3.2172103788431574e-05,-7.071842308858405e-05,-1.5788303453789083e-07,-3.291210463460243e-05,-7.242949885221402e-05,-1.6553279660857362e-07,-3.365954145875311e-05,-7.416091014568117e-05,-1.7345709358211488e-07,-3.441438089203648e-05,-7.591265139242604e-05,-1.816624066181681e-07,-3.5176589582230595e-05,-7.768471695042607e-05,-1.9015529191154252e-07,-3.594613419387292e-05,-7.947710111221447e-05,-1.98942380665463e-07,-3.672298140839427e-05,-8.128979810489919e-05,-2.080303790645243e-07,-3.7507097924252784e-05,-8.312280209018192e-05,0.30000000000000004
-1.3651727222674274e-07,-3.0714543587739055e-05,-6.735730012964776e-05,-1.4338156580055703e-07,-3.1439572305578784e-05,-6.902768836586923e-05,-1.505014012720017e-07,-3.2172103788431574e-05,-7.071842308858405e-05,-1.5788303453789083e-07,-3.291210463460243e-05,-7.242949885221402e-05,-1.6553279660857362e-07,-3.365954145875311e-05,-7.416091014568117e-05,-1.7345709358211488e-07,-3.441438089203648e-05,-7.591265139242604e-05,-1.816624066181681e-07,-3.5176589582230595e-05,-7.768471695042607e-05,-1.9015529191154252e-07,-3.594613419387292e-05,-7.947710111221447e-05,-1.98942380665463e-07,-3.672298140839427e-05,-8.128979810489919e-05,-2.080303790645243e-07,-3.7507097924252784e-05,-8.312280209018192e-05,0.30000000000000004
-1.3651727222674274e-07,-3.0714543587739055e-05,-6.735730012964776e-05,-1.4338156580055703e-07,-3.1439572305578784e-05,-6.902768836586923e-05,-1.505014012720017e-07,-3.2172103788431574e-05,-7.071842308858405e-05,-1.5788303453789083e-07,-3.291210463460243e-05,-7.242949885221402e-05,-1.6553279660857362e-07,-3.365954145875311e-05,-7.416091014568117e-05,-1.7345709358211488e-07,-3.441438089203648e-05,-7.591265139242604e-05,-1.816624066181681e-07,-3.5176589582230595e-05,-7.768471695042607e-05,-1.9015529191154252e-07,-3.594613419387292e-05,-7.947710111221447e-05,-1.98942380665463e-07,-3.672298140839427e-05,-8.128979810489919e-05,-2.080303790645243e-07,-3.7507097924252784e-05,-8.312280209018192e-05,0.30000000000000004
-1.3651727222674274e-07,-3.0714543587739055e-05,-6.735730012964776e-05,-1.4338156580055703e-07,-3.1439572305578784e-05,-6.902768836586923e-05,-1.505014012720017e-07,-3.2172103788431574e-05,-7.071842308858405e-05,-1.5788303453789083e-07,-3.291210463460243e-05,-7.242949885221402e-05,-1.6553279660857362e-07,-3.365954145875311e-05,-7.416091014568117e-05,-1.7345709358211488e-07,-3.441438089203648e-05,-7.591265139242604e-05,-1.816624066181681e-07,-3.5176589582230595e-05,-7.768471695042607e-05,-1.9015529191154252e-07,-3.594613419387292e-05,-7.947710111221447e-05,-1.98942380665463e-07,-3.672298140839427e-05,-8.128979810489919e-05,-2.080303790645243e-07,-3.7507097924252784e-05,-8.312280209018192e-05,0.30000000000000004
-1.3651727222674274e-07,-3.0714543587739055e-05,-6.735730012964776e-05,-1.4338156580055703e-07,-3.1439572305578784e-05,-6.902768836586923e-05,-1.505014012720017e-07,-3.2172103788431574e-05,-7.071842308858405e-05,-1.5788303453789083e-07,-3.291210463460243e-05,-7.242949885221402e-05,-1.6553279660857362e-07,-3.365954145875311e-05,-7.416091014568117e-05,-1.7345709358211488e-07,-3.441438089203648e-05,-7.591265139242604e-05,-1.816624066181681e-07,-3.5176589582230595e-05,-7.768471695042607e-05,-1.9015529191154252e-07,-3.594613419387292e-05,-7.947710111221447e-05,-1.98942380665463e-07,-3.672298140839427e-05,-8.128979810489919e-05,-2.080303790645243e-07,-3.7507097924252784e-05,-8.312280209018192e-05,0.30000000000000004
-1.3651727222674274e-07,-3.0714543587739055e-05,-6.735730012964776e-05,-1.4338156580055703e-07,-3.1439572305578784e-05,-6.902768836586923e-05,-1.505014012720017e-07,-3.2172103788431574e-05,-7.071842308858405e-05,-1.5788303453789083e-07,-3.291210463460243e-05,-7.242949885221402e-05,-1.6553279660857362e-07,-3.365954145875311e-05,-7.416091014568117e-05,-1.7345709358211488e-07,-3.441438089203648e-05,-7.591265139242604e-05,-1.816624066181681e-07,-3.5176589582230595e-05,-7.768471695042607e-05,-1.9015529191154252e-07,-3.594613419387292e-05,-7.947710111221447e-05,-1.98942380665463e-07,-3.672298140839427e-05,-8.128979810489919e-05,-2.080303790645243e-07,-3.7507097924252784e-05,-8.312280209018192e-05,0.30000000000000004
-1.3651727222674274e-07,-3.0714543587739055e-05,-6.735730012964776e-05,-1.4338156580055703e-07,-3.1439572305578784e-05,-6.902768836586923e-05,-1.505014012720017e-07,-3.2172103788431574e-05,-7.071842308858405e-05,-1.5788303453789083e-07,-3.291210463460243e-05,-7.242949885221402e-05,-1.6553279660857362e-07,-3.365954145875311e-05,-7.416091014568117e-05,-1.7345709358211488e-07,-3.441438089203648e-05,-7.591265139242604e-05,-1.816624066181681e-07,-3.5176589582230595e-05,-7.768471695042607e-05,-1.9015529191154252e-07,-3.594613419387292e-05,-7.947710111221447e-05,-1.98942380665463e-07,-3.672298140839427e-05,-8.128979810489919e-05,-2.080303790645243e-07,-3.7507097924252784e-05,-8.312280209018192e-05,0.30000000000000004
-1.3651727222674274e-07,-3.0714543587739055e-05,-6.735730012964776e-05,-1.4338156580055703e-07,-3.1439572305578784e-05,-6.902768836586923e-05,-1.505014012720017e-07,-3.2172103788431574e-05,-7.071842308858405e-05,-1.5788303453789083e-07,-3.291210463460243e-05,-7.242949885221402e-05,-1.6553279660857362e-07,-3.365954145875311e-05,-7.416091014568117e-05,-1.7345709358211488e-07,-3.441438089203648e-05,-7.591265139242604e-05,-1.816624066181681e-07,-3.5176589582230595e-05,-7.768471695042607e-05,-1.9015529191154252e-07,-3.594613419387292e-05,-7.947710111221447e-05,-1.98942380665463e-07,-3.672298140839427e-05,-8.128979810489919e-05,-2.080303790645243e-07,-3.7507097924252784e-05,-8.312280209018192e-05,0.30000000000000004
-1.3651727222674274e-07,-3.0714543587739055e-05,-6.735730012964776e-05,-1.4338156580055703e-07,-3.1439572305578784e-05,-6.902768836586923e-05,-1.505014012720017e-07,-3.2172103788431574e-05,-7.071842308858405e-05,-1.5788303453789083e-07,-3.291210463460243e-05,-7.242949885221402e-05,-1.6553279660857362e-07,-3.365954145875311e-05,-7.416091014568117e-05,-1.7345709358211488e-07,-3.441438089203648e-05,-7.591265139242604e-05,-1.816624066181681e-07,-3.5176589582230595e-05,-7.768471695042607e-05,-1.9015529191154252e-07,-3.594613419387292e-05,-7.947710111221447e-05,-1.98942380665463e-07,-3.672298140839427e-05,-8.128979810489919e-05,-2.080303790645243e-07,-3.7507097924252784e-05,-8.312280209018192e-05,0.30000000000000004
-1.3651727222674274e-07,-3.0714543587739055e-05,-6.735730012964776e-05,-1.4338156580055703e-07,-3.1439572305578784e-05,-6.902768836586923e-05,-1.505014012720017e-07,-3.2172103788431574e-05,-7.071842308858405e-05,-1.5788303453789083e-07,-3.291210463460243e-05,-7.242949885221402e-05,-1.6553279660857362e-07,-3.365954145875311e-05,-7.416091014568117e-05,-1.7345709358211488e-07,-3.441438089203648e-05,-7.591265139242604e-05,-1.816624066181681e-07,-3.5176589582230595e-05,-7.768471695042607e-05,-1.9015529191154252e-07,-3.594613419387292e-05,-7.947710111221447e-05,-1.98942380665463e-07,-3.672298140839427e-05,-8.128979810489919e-05,-2.080303790645243e-07,-3.7507097924252784e-05,-8.312280209018192e-05,0.30000000000000004
-1.3651727222674274e-07,-3.0714543587739055e-05,-6.735730012964776e-05,-1.4338156580055703e-07,-3.1439572305578784e-05,-6.902768836586923e-05,-1.505014012720017e-07,-3.2172103788431574e-05,-7.071842308858405e-05,-1.5788303453789083e-07,-3.291210463460243e-05,-7.242949885221402e-05,-1.6553279660857362e-07,-3.365954145875311e-05,-7.416091014568117e-05,-1.7345709358211488e-07,-3.441438089203648e-05,-7.591265139242604e-05,-1.816624066181681e-07,-3.5176589582230595e-05,-7.768471695042607e-05,-1.9015529191154252e-07,-3.594613419387292e-05,-7.947710111221447e-05,-1.98942380665463e-07,-3.672298140839427e-05,-8.128979810489919e-05,-2.080303790645243e-07,-3.7507097924252784e-05,-8.312280209018192e-05,0.30000000000000004
-1.3651727222674274e-07,-3.0714543587739055e-05,-6.735730012964776e-05,-1.4338156580055703e-07,-3.1439572305578784e-05,-6.902768836586923e-05,-1.505014012720017e-07,-3.2172103788431574e-05,-7.071842308858405e-05,-1.5788303453789083e-07,-3.291210463460243e-05,-7.242949885221402e-05,-1.6553279660857362e-07,-3.365954145875311e-05,-7.416091014568117e-05,-1.7345709358211488e-07,-3.441438089203648e-05,-7.591265139242604e-05,-1.816624066181681e-07,-3.5176589582230595e-05,-7.768471695042607e-05,-1.9015529191154252e-07,-3.594613419387292e-05,-7.947710111221447e-05,-1.98942380665463e-07,-3.672298140839427e-05,-8.128979810489919e-05,-2.080303790645243e-07,-3.7507097924252784e-05,-8.312280209018192e-05,0.30000000000000004
-1.3651727222674274e-07,-3.0714543587739055e-05,-6.735730012964776e-05,-1.4338156580055703e-07,-3.1439572305578784e-05,-6.902768836586923e-05,-1.505014012720017e-07,-3.2172103788431574e-05,-7.071842308858405e-05,-1.5788303453789083e-07,-3.291210463460243e-05,-7.242949885221402e-05,-1.6553279660857362e-07,-3.365954145875311e-05,-7.416091014568117e-05,-1.7345709358211488e-07,-3.441438089203648e-05,-7.591265139242604e-05,-1.816624066181681e-07,-3.5176589582230595e-05,-7.768471695042607e-05,-1.9015529191154252e-07,-3.594613419387292e-05,-7.947710111221447e-05,-1.98942380665463e-07,-3.672298140839427e-05,-8.128979810489919e-05,-2.080303790645243e-07,-3.7507097924252784e-05,-8.312280209018192e-05,0.30000000000000004
-1.3651727222674274e-07,-3.0714543587739055e-05,-6.735730012964776e-05,-1.4338156580055703e-07,-3.1439572305578784e-05,-6.902768836586923e-05,-1.505014012720017e-07,-3.2172103788431574e-05,-7.071842308858405e-05,-1.5788303453789083e-07,-3.291210463460243e-05,-7.242949885221402e-05,-1.6553279660857362e-07,-3.365954145875311e-05,-7.416091014568117e-05,-1.7345709358211488e-07,-3.441438089203648e-05,-7.591265139242604e-05,-1.816624066181681e-07,-3.5176589582230595e-05,-7.768471695042607e-05,-1.9015529191154252e-07,-3.594613419387292e-05,-7.947710111221447e-05,-1.98942380665463e-07,-3.672298140839427e-05,-8.128979810489919e-05,-2.080303790645243e-07,-3.7507097924252784e-05,-8.312280209018192e-05,0.30000000000000004
-1.3651727222674274e-07,-3.0714543587739055e-05,-6.735730012964776e-05,-1.4338156580055703e-07,-3.1439572305578784e-05,-6.902768836586923e-05,-1.505014012720017e-07,-3.2172103788431574e-05,-7.071842308858405e-05,-1.5788303453789083e-07,-3.291210463460243e-05,-7.242949885221402e-05,-1.6553279660857362e-07,-3.365954145875311e-05,-7.416091014568117e-05,-1.7345709358211488e-07,-3.441438089203648e-05,-7.591265139242604e-05,-1.816624066181681e-07,-3.5176589582230595e-05,-7.768471695042607e-05,-1.9015529191154252e-07,-3.594613419387292e-05,-7.947710111221447e-05,-1.98942380665463e-07,-3.672298140839427e-05,-8.128979810489919e-05,-2.080303790645243e-07,-3.7507097924252784e-05,-8.312280209018192e-05,0.30000000000000004
-1.3651727222674274e-07,-3.0714543587739055e-05,-6.735730012964776e-05,-1.4338156580055703e-07,-3.1439572305578784e-05,-6.902768836586923e-05,-1.505014012720017e-07,-3.2172103788431574e-05,-7.071842308858405e-05,-1.5788303453789083e-07,-3.291210463460243e-05,-7.242949885221402e-05,-1.6553279660857362e-07,-3.365954145875311e-05,-7.416091014568117e-05,-1.7345709358211488e-07,-3.441438089203648e-05,-7.591265139242604e-05,-1.816624066181681e-07,-3.5176589582230595e-05,-7.768471695042607e-05,-1.9015529191154252e-07,-3.594613419387292e-05,-7.947710111221447e-05,-1.98942380665463e-07,-3.672298140839427e-05,-8.128979810489919e-05,-2.080303790645243e-07,-3.7507097924252784e-05,-8.312280209018192e-05,0.30000000000000004
-1.3651727222674274e-07,-3.0714543587739055e-05,-6.735730012964776e-05,-1.4338156580055703e-07,-3.1439572305578784e-05,-6.902768836586923e-05,-1.505014012720017e-07,-3.2172103788431574e-05,-7.071842308858405e-05,-1.5788303453789083e-07,-3.291210463460243e-05,-7.242949885221402e-05,-1.6553279660857362e-07,-3.365954145875311e-05,-7.416091014568117e-05,-1.7345709358211488e-07,-3.441438089203648e-05,-7.591265139242604e-05,-1.816624066181681e-07,-3.5176589582230595e-05,-7.768471695042607e-05,-1.9015529191154252e-07,-3.594613419387292e-05,-7.947710111221447e-05,-1.98942380665463e-07,-3.672298140839427e-05,-8.128979810489919e-05,-2.080303790645243e-07,-3.7507097924252784e-05,-8.312280209018192e-05,0.30000000000000004
-1.3651727222674274e-07,-3.0714543587739055e-05,-6.735730012964776e-05,-1.4338156580055703e-07,-3.1439572305578784e-05,-6.902768836586923e-05,-1.505014012720017e-07,-3.2172103788431574e-05,-7.071842308858405e-05,-1.5788303453789083e-07,-3.291210463460243e-05,-7.242949885221402e-05,-1.6553279660857362e-07,-3.365954145875311e-05,-7.416091014568117e-05,-1.7345709358211488e-07,-3.441438089203648e-05,-7.591265139242604e-05,-1.816624066181681e-07,-3.5176589582230595e-05,-7.768471695042607e-05,-1.9015529191154252e-07,-3.594613419387292e-05,-7.947710111221447e-05,-1.98942380665463e-07,-3.672298140839427e-05,-8.128979810489919e-05,-2.080303790645243e-07,-3.7507097924252784e-05,-8.312280209018192e-05,0.30000000000000004
-1.3651727222674274e-07,-3.0714543587739055e-05,-6.735730012964776e-05,-1.4338156580055703e-07,-3.1439572305578784e-05,-6.902768836586923e-05,-1.505014012720017e-07,-3.2172103788431574e-05,-7.071842308858405e-05,-1.5788303453789083e-07,-3.291210463460243e-05,-7.242949885221402e-05,-1.6553279660857362e-07,-3.365954145875311e-05,-7.416091014568117e-05,-1.7345709358211488e-07,-3.441438089203648e-05,-7.591265139242604e-05,-1.816624066181681e-07,-3.5176589582230595e-05,-7.768471695042607e-05,-1.9015529191154252e-07,-3.594613419387292e-05,-7.947710111221447e-05,-1.98942380665463e-07,-3.672298140839427e-05,-8.128979810489919e-05,-2.080303790645243e-07,-3.7507097924252784e-05,-8.312280209018192e-05,0.30000000000000004
-1.3651727222674274e-07,-3.0714543587739055e-05,-6.735730012964776e-05,-1.4338156580055703e-07,-3.1439572305578784e-05,-6.902768836586923e-05,-1.505014012720017e-07,-3.2172103788431574e-05,-7.071842308858405e-05,-1.5788303453789083e-07,-3.291210463460243e-05,-7.242949885221402e-05,-1.6553279660857362e-07,-3.365954145875311e-05,-7.416091014568117e-05,-1.7345709358211488e-07,-3.441438089203648e-05,-7.591265139242604e-05,-1.816624066181681e-07,-3.5176589582230595e-05,-7.768471695042607e-05,-1.9015529191154252e-07,-3.594613419387292e-05,-7.947710111221447e-05,-1.98942380665463e-07,-3.672298140839427e-05,-8.128979810489919e-05,-2.080303790645243e-07,-3.7507097924252784e-05,-8.312280209018192e-05,0.30000000000000004
-1.3651727222674274e-07,-3.0714543587739055e-05,-6.735730012964776e-05,-1.4338156580055703e-07,-3.1439572305578784e-05,-6.902768836586923e-05,-1.505014012720017e-07,-3.2172103788431574e-05,-7.071842308858405e-05,-1.5788303453789083e-07,-3.291210463460243e-05,-7.242949885221402e-05,-1.6553279660857362e-07,-3.365954145875311e-05,-7.416091014568117e-05,-1.7345709358211488e-07,-3.441438089203648e-05,-7.591265139242604e-05,-1.816624066181681e-07,-3.5176589582230595e-05,-7.768471695042607e-05,-1.9015529191154252e-07,-3.594613419387292e-05,-7.947710111221447e-05,-1.98942380665463e-07,-3.672298140839427e-05,-8.128979810489919e-05,-2.080303790645243e-07,-3.7507097924252784e-05,-8.312280209018192e-05,0.30000000000000004
-1.3651727222674274e-07,-3.0714543587739055e-05,-6.735730012964776e-05,-1.4338156580055703e-07,-3.1439572305578784e-05,-6.902768836586923e-05,-1.505014012720017e-07,-3.2172103788431574e-05,-7.071842308858405e-05,-1.5788303453789083e-07,-3.291210463460243e-05,-7.242949885221402e-05,-1.6553279660857362e-07,-3.365954145875311e-05,-7.416091014568117e-05,-1.7345709358211488e-07,-3.441438089203648e-05,-7.591265139242604e-05,-1.816624066181681e-07,-3.5176589582230595e-05,-7.768471695042607e-05,-1.9015529191154252e-07,-3.594613419387292e-05,-7.947710111221447e-05,-1.98942380665463e-07,-3.672298140839427e-05,-8.128979810489919e-05,-2.080303790645243e-07,-3.7507097924252784e-05,-8.312280209018192e-05,0.30000000000000004
-1.3651727222674274e-07,-3.0714543587739055e-05,-6.735730012964776e-05,-1.4338156580055703e-07,-3.1439572305578784e-05,-6.902768836586923e-05,-1.505014012720017e-07,-3.2172103788431574e-05,-7.071842308858405e-05,-1.5788303453789083e-07,-3.291210463460243e-05,-7.242949885221402e-05,-1.6553279660857362e-07,-3.365954145875311e-05,-7.416091014568117e-05,-1.7345709358211488e-07,-3.441438089203648e-05,-7.591265139242604e-05,-1.816624066181681e-07,-3.5176589582230595e-05,-7.768471695042607e-05,-1.9015529191154252e-07,-3.594613419387292e-05,-7.947710111221447e-05,-1.98942380665463e-07,-3.672298140839427e-05,-8.128979810489919e-05,-2.080303790645243e-07,-3.7507097924252784e-05,-8.312280209018192e-05,0.30000000000000004
-1.3651727222674274e-07,-3.0714543587739055e-05,-6.735730012964776e-05,-1.4338156580055703e-07,-3.1439572305578784e-05,-6.902768836586923e-05,-1.505014012720017e-07,-3.2172103788431574e-05,-7.071842308858405e-05,-1.5788303453789083e-07,-3.291210463460243e-05,-7.242949885221402e-05,-1.6553279660857362e-07,-3.365954145875311e-05,-7.416091014568117e-05,-1.7345709358211488e-07,-3.441438089203648e-05,-7.591265139242604e-05,-1.816624066181681e-07,-3.5176589582230595e-05,-7.768471695042607e-05,-1.9015529191154252e-07,-3.594613419387292e-05,-7.947710111221447e-05,-1.98942380665463e-07,-3.672298140839427e-05,-8.128979810489919e-05,-2.080303790645243e-07,-3.7507097924252784e-05,-8.312280209018192e-05,0.30000000000000004
-1.3651727222674274e-07,-3.0714543587739055e-05,-6.735730012964776e-05,-1.4338156580055703e-07,-3.1439572305578784e-05,-6.902768836586923e-05,-1.505014012720017e-07,-3.2172103788431574e-05,-7.071842308858405e-05,-1.5788303453789083e-07,-3.291210463460243e-05,-7.242949885221402e-05,-1.6553279660857362e-07,-3.365954145875311e-05,-7.416091014568117e-05,-1.7345709358211488e-07,-3.441438089203648e-05,-7.591265139242604e-05,-1.816624066181681e-07,-3.5176589582230595e-05,-7.768471695042607e-05,-1.9015529191154252e-07,-3.594613419387292e-05,-7.947710111221447e-05,-1.98942380665463e-07,-3.672298140839427e-05,-8.128979810489919e-05,-2.080303790645243e-07,-3.7507097924252784e-05,-8.312280209018192e-05,0.30000000000000004
-1.3651727222674274e-07,-3.0714543587739055e-05,-6.735730012964776e-05,-1.4338156580055703e-07,-3.1439572305578784e-05,-6.902768836586923e-05,-1.505014012720017e-07,-3.2172103788431574e-05,-7.071842308858405e-05,-1.5788303453789083e-07,-3.291210463460243e-05,-7.242949885221402e-05,-1.6553279660857362e-07,-3.365954145875311e-05,-7.416091014568117e-05,-1.7345709358211488e-07,-3.441438089203648e-05,-7.591265139242604e-05,-1.816624066181681e-07,-3.5176589582230595e-05,-7.768471695042607e-05,-1.9015529191154252e-07,-3.594613419387292e-05,-7.947710111221447e-05,-1.98942380665463e-07,-3.672298140839427e-05,-8.128979810489919e-05,-2.080303790645243e-07,-3.7507097924252784e-05,-8.312280209018192e-05,0.30000000000000004
-1.3651727222674274e-07,-3.0714543587739055e-05,-6.735730012964776e-05,-1.4338156580055703e-07,-3.1439572305578784e-05,-6.902768836586923e-05,-1.505014012720017e-07,-3.2172103788431574e-05,-7.071842308858405e-05,-1.5788303453789083e-07,-3.291210463460243e-05,-7.242949885221402e-05,-1.6553279660857362e-07,-3.365954145875311e-05,-7.416091014568117e-05,-1.7345709358211488e-07,-3.441438089203648e-05,-7.591265139242604e-05,-1.816624066181681e-07,-3.5176589582230595e-05,-7.768471695042607e-05,-1.9015529191154252e-07,-3.594613419387292e-05,-7.947710111221447e-05,-1.98942380665463e-07,-3.672298140839427e-05,-8.128979810489919e-05,-2.080303790645243e-07,-3.7507097924252784e-05,-8.312280209018192e-05,0.30000000000000004
-1.3651727222674274e-07,-3.0714543587739055e-05,-6.735730012964776e-05,-1.4338156580055703e-07,-3.1439572305578784e-05,-6.902768836586923e-05,-1.505014012720017e-07,-3.2172103788431574e-05,-7.071842308858405e-05,-1.5788303453789083e-07,-3.291210463460243e-05,-7.242949885221402e-05,-1.6553279660857362e-07,-3.365954145875311e-05,-7.416091014568117e-05,-1.7345709358211488e-07,-3.441438089203648e-05,-7.591265139242604e-05,-1.816624066181681e-07,-3.5176589582230595e-05,-7.768471695042607e-05,-1.9015529191154252e-07,-3.594613419387292e-05,-7.947710111221447e-05,-1.98942380665463e-07,-3.672298140839427e-05,-8.128979810489919e-05,-2.080303790645243e-07,-3.7507097924252784e-05,-8.312280209018192e-05,0.30000000000000004
-1.3651727222674274e-07,-3.0714543587739055e-05,-6.735730012964776e-05,-1.4338156580055703e-07,-3.1439572305578784e-05,-6.902768836586923e-05,-1.505014012720017e-07,-3.2172103788431574e-05,-7.071842308858405e-05,-1.5788303453789083e-07,-3.291210463460243e-05,-7.242949885221402e-05,-1.6553279660857362e-07,-3.365954145875311e-05,-7.416091014568117e-05,-1.7345709358211488e-07,-3.441438089203648e-05,-7.591265139242604e-05,-1.816624066181681e-07,-3.5176589582230595e-05,-7.768471695042607e-05,-1.9015529191154252e-07,-3.594613419387292e-05,-7.947710111221447e-05,-1.98942380665463e-07,-3.672298140839427e-05,-8.128979810489919e-05,-2.080303790645243e-07,-3.7507097924252784e-05,-8.312280209018192e-05,0.30000000000000004
-1.3651727222674274e-07,-3.0714543587739055e-05,-6.735730012964776e-05,-1.4338156580055703e-07,-3.1439572305578784e-05,-6.902768836586923e-05,-1.505014012720017e-07,-3.2172103788431574e-05,-7.071842308858405e-05,-1.5788303453789083e-07,-3.291210463460243e-05,-7.242949885221402e-05,-1.6553279660857362e-07,-3.365954145875311e-05,-7.416091014568117e-05,-1.7345709358211488e-07,-3.441438089203648e-05,-7.591265139242604e-05,-1.816624066181681e-07,-3.5176589582230595e-05,-7.768471695042607e-05,-1.9015529191154252e-07,-3.594613419387292e-05,-7.947710111221447e-05,-1.98942380665463e-07,-3.672298140839427e-05,-8.128979810489919e-05,-2.080303790645243e-07,-3.7507097924252784e-05,-8.312280209018192e-05,0.30000000000000004
-1.3651727222674274e-07,-3.0714543587739055e-05,-6.735730012964776e-05,-1.4338156580055703e-07,-3.1439572305578784e-05,-6.902768836586923e-05,-1.505014012720017e-07,-3.2172103788431574e-05,-7.071842308858405e-05,-1.5788303453789083e-07,-3.291210463460243e-05,-7.242949885221402e-05,-1.6553279660857362e-07,-3.365954145875311e-05,-7.416091014568117e-05,-1.7345709358211488e-07,-3.441438089203648e-05,-7.591265139242604e-05,-1.816624066181681e-07,-3.5176589582230595e-05,-7.768471695042607e-05,-1.9015529191154252e-07,-3.594613419387292e-05,-7.947710111221447e-05,-1.98942380665463e-07,-3.672298140839427e-05,-8.128979810489919e-05,-2.080303790645243e-07,-3.7507097924252784e-05,-8.312280209018192e-05,0.30000000000000004
-1.3651727222674274e-07,-3.0714543587739055e-05,-6.735730012964776e-05,-1.4338156580055703e-07,-3.1439572305578784e-05,-6.902768836586923e-05,-1.505014012720017e-07,-3.2172103788431574e-05,-7.071842308858405e-05,-1.5788303453789083e-07,-3.291210463460243e-05,-7.242949885221402e-05,-1.6553279660857362e-07,-3.365954145875311e-05,-7.416091014568117e-05,-1.7345709358211488e-07,-3.441438089203648e-05,-7.591265139242604e-05,-1.816624066181681e-07,-3.5176589582230595e-05,-7.768471695042607e-05,-1.9015529191154252e-07,-3.594613419387292e-05,-7.947710111221447e-05,-1.98942380665463e-07,-3.672298140839427e-05,-8.128979810489919e-05,-2.080303790645243e-07,-3.7507097924252784e-05,-8.312280209018192e-05,0.30000000000000004
-1.3651727222674274e-07,-3.0714543587739055e-05,-6.735730012964776e-05,-1.4338156580055703e-07,-3.1439572305578784e-05,-6.902768836586923e-05,-1.505014012720017e-07,-3.2172103788431574e-05,-7.071842308858405e-05,-1.5788303453789083e-07,-3.291210463460243e-05,-7.242949885221402e-05,-1.6553279660857362e-07,-3.365954145875311e-05,-7.416091014568117e-05,-1.7345709358211488e-07,-3.441438089203648e-05,-7.591265139242604e-05,-1.816624066181681e-07,-3.5176589582230595e-05,-7.768471695042607e-05,-1.9015529191154252e-07,-3.594613419387292e-05,-7.947710111221447e-05,-1.98942380665463e-07,-3.672298140839427e-05,-8.128979810489919e-05,-2.080303790645243e-07,-3.7507097924252784e-05,-8.312280209018192e-05,0.30000000000000004
-1.3651727222674274e-07,-3.0714543587739055e-05,-6.735730012964776e-05,-1.4338156580055703e-07,-3.1439572305578784e-05,-6.902768836586923e-05,-1.505014012720017e-07,-3.2172103788431574e-05,-7.071842308858405e-05,-1.5788303453789083e-07,-3.291210463460243e-05,-7.242949885221402e-05,-1.6553279660857362e-07,-3.365954145875311e-05,-7.416091014568117e-05,-1.7345709358211488e-07,-3.441438089203648e-05,-7.591265139242604e-05,-1.816624066181681e-07,-3.5176589582230595e-05,-7.768471695042607e-05,-1.9015529191154252e-07,-3.594613419387292e-05,-7.947710111221447e-05,-1.98942380665463e-07,-3.672298140839427e-05,-8.128979810489919e-05,-2.080303790645243e-07,-3.7507097924252784e-05,-8.312280209018192e-05,0.30000000000000004
-1.3651727222674274e-07,-3.0714543587739055e-05,-6.735730012964776e-05,-1.4338156580055703e-07,-3.1439572305578784e-05,-6.902768836586923e-05,-1.505014012720017e-07,-3.2172103788431574e-05,-7.071842308858405e-05,-1.5788303453789083e-07,-3.291210463460243e-05,-7.242949885221402e-05,-1.6553279660857362e-07,-3.365954145875311e-05,-7.416091014568117e-05,-1.7345709358211488e-07,-3.441438089203648e-05,-7.591265139242604e-05,-1.816624066181681e-07,-3.5176589582230595e-05,-7.768471695042607e-05,-1.9015529191154252e-07,-3.594613419387292e-05,-7.947710111221447e-05,-1.98942380665463e-07,-3.672298140839427e-05,-8.128979810489919e-05,-2.080303790645243e-07,-3.7507097924252784e-05,-8.312280209018192e-05,0.30000000000000004
-1.3651727222674274e-07,-3.0714543587739055e-05,-6.735730012964776e-05,-1.4338156580055703e-07,-3.1439572305578784e-05,-6.902768836586923e-05,-1.505014012720017e-07,-3.2172103788431574e-05,-7.071842308858405e-05,-1.5788303453789083e-07,-3.291210463460243e-05,-7.242949885221402e-05,-1.6553279660857362e-07,-3.365954145875311e-05,-7.416091014568117e-05,-1.7345709358211488e-07,-3.441438089203648e-05,-7.591265139242604e-05,-1.816624066181681e-07,-3.5176589582230595e-05,-7.768471695042607e-05,-1.9015529191154252e-07,-3.594613419387292e-05,-7.947710111221447e-05,-1.98942380665463e-07,-3.672298140839427e-05,-8.128979810489919e-05,-2.080303790645243e-07,-3.7507097924252784e-05,-8.312280209018192e-05,0.30000000000000004
-1.3651727222674274e-07,-3.0714543587739055e-05,-6.735730012964776e-05,-1.4338156580055703e-07,-3.1439572305578784e-05,-6.902768836586923e-05,-1.505014012720017e-07,-3.2172103788431574e-05,-7.071842308858405e-05,-1.5788303453789083e-07,-3.291210463460243e-05,-7.242949885221402e-05,-1.6553279660857362e-07,-3.365954145875311e-05,-7.416091014568117e-05,-1.7345709358211488e-07,-3.441438089203648e-05,-7.591265139242604e-05,-1.816624066181681e-07,-3.5176589582230595e-05,-7.768471695042607e-05,-1.9015529191154252e-07,-3.594613419387292e-05,-7.947710111221447e-05,-1.98942380665463e-07,-3.672298140839427e-05,-8.128979810489919e-05,-2.080303790645243e-07,-3.7507097924252784e-05,-8.312280209018192e-05,0.30000000000000004
-1.3651727222674274e-07,-3.0714543587739055e-05,-6.735730012964776e-05,-1.4338156580055703e-07,-3.1439572305578784e-05,-6.902768836586923e-05,-1.505014012720017e-07,-3.2172103788431574e-05,-7.071842308858405e-05,-1.5788303453789083e-07,-3.291210463460243e-05,-7.242949885221402e-05,-1.6553279660857362e-07,-3.365954145875311e-05,-7.416091014568117e-05,-1.7345709358211488e-07,-3.441438089203648e-05,-7.591265139242604e-05,-1.816624066181681e-07,-3.5176589582230595e-05,-7.768471695042607e-05,-1.9015529191154252e-07,-3.594613419387292e-05,-7.947710111221447e-05,-1.98942380665463e-07,-3.672298140839427e-05,-8.128979810489919e-05,-2.080303790645243e-07,-3.7507097924252784e-05,-8.312280209018192e-05,0.30000000000000004
-1.3651727222674274e-07,-3.0714543587739055e-05,-6.735730012964776e-05,-1.4338156580055703e-07,-3.1439572305578784e-05,-6.902768836586923e-05,-1.505014012720017e-07,-3.2172103788431574e-05,-7.071842308858405e-05,-1.5788303453789083e-07,-3.291210463460243e-05,-7.242949885221402e-05,-1.6553279660857362e-07,-3.365954145875311e-05,-7.416091014568117e-05,-1.7345709358211488e-07,-3.441438089203648e-05,-7.591265139242604e-05,-1.816624066181681e-07,-3.5176589582230595e-05,-7.768471695042607e-05,-1.9015529191154252e-07,-3.594613419387292e-05,-7.947710111221447e-05,-1.98942380665463e-07,-3.672298140839427e-05,-8.128979810489919e-05,-2.080303790645243e-07,-3.7507097924252784e-05,-8.312280209018192e-05,0.30000000000000004
-1.3651727222674274e-07,-3.0714543587739055e-05,-6.735730012964776e-05,-1.4338156580055703e-07,-3.1439572305578784e-05,-6.902768836586923e-05,-1.505014012720017e-07,-3.2172103788431574e-05,-7.071842308858405e-05,-1.5788303453789083e-07,-3.291210463460243e-05,-7.242949885221402e-05,-1.6553279660857362e-07,-3.365954145875311e-05,-7.416091014568117e-05,-1.7345709358211488e-07,-3.441438089203648e-05,-7.591265139242604e-05,-1.816624066181681e-07,-3.5176589582230595e-05,-7.768471695042607e-05,-1.9015529191154252e-07,-3.594613419387292e-05,-7.947710111221447e-05,-1.98942380665463e-07,-3.672298140839427e-05,-8.128979810489919e-05,-2.080303790645243e-07,-3.7507097924252784e-05,-8.312280209018192e-05,0.30000000000000004
-1.3651727222674274e-07,-3.0714543587739055e-05,-6.735730012964776e-05,-1.4338156580055703e-07,-3.1439572305578784e-05,-6.902768836586923e-05,-1.505014012720017e-07,-3.2172103788431574e-05,-7.071842308858405e-05,-1.5788303453789083e-07,-3.291210463460243e-05,-7.242949885221402e-05,-1.6553279660857362e-07,-3.365954145875311e-05,-7.416091014568117e-05,-1.7345709358211488e-07,-3.441438089203648e-05,-7.591265139242604e-05,-1.816624066181681e-07,-3.5176589582230595e-05,-7.768471695042607e-05,-1.9015529191154252e-07,-3.594613419387292e-05,-7.947710111221447e-05,-1.98942380665463e-07,-3.672298140839427e-05,-8.128979810489919e-05,-2.080303790645243e-07,-3.7507097924252784e-05,-8.312280209018192e-05,0.30000000000000004
-1.3651727222674274e-07,-3.0714543587739055e-05,-6.735730012964776e-05,-1.4338156580055703e-07,-3.1439572305578784e-05,-6.902768836586923e-05,-1.505014012720017e-07,-3.2172103788431574e-05,-7.071842308858405e-05,-1.5788303453789083e-07,-3.291210463460243e-05,-7.242949885221402e-05,-1.6553279660857362e-07,-3.365954145875311e-05,-7.416091014568117e-05,-1.7345709358211488e-07,-3.441438089203648e-05,-7.591265139242604e-05,-1.816624066181681e-07,-3.5176589582230595e-05,-7.768471695042607e-05,-1.9015529191154252e-07,-3.594613419387292e-05,-7.947710111221447e-05,-1.98942380665463e-07,-3.672298140839427e-05,-8.128979810489919e-05,-2.080303790645243e-07,-3.7507097924252784e-05,-8.312280209018192e-05,0.30000000000000004
-1.3651727222674274e-07,-3.0714543587739055e-05,-6.735730012964776e-05,-1.4338156580055703e-07,-3.1439572305578784e-05,-6.902768836586923e-05,-1.505014012720017e-07,-3.2172103788431574e-05,-7.071842308858405e-05,-1.5788303453789083e-07,-3.291210463460243e-05,-7.242949885221402e-05,-1.6553279660857362e-07,-3.365954145875311e-05,-7.416091014568117e-05,-1.7345709358211488e-07,-3.441438089203648e-05,-7.591265139242604e-05,-1.816624066181681e-07,-3.5176589582230595e-05,-7.768471695042607e-05,-1.9015529191154252e-07,-3.594613419387292e-05,-7.947710111221447e-05,-1.98942380665463e-07,-3.672298140839427e-05,-8.128979810489919e-05,-2.080303790645243e-07,-3.7507097924252784e-05,-8.312280209018192e-05,0.30000000000000004
-1.3651727222674274e-07,-3.0714543587739055e-05,-6.735730012964776e-05,-1.4338156580055703e-07,-3.1439572305578784e-05,-6.902768836586923e-05,-1.505014012720017e-07,-3.2172103788431574e-05,-7.071842308858405e-05,-1.5788303453789083e-07,-3.291210463460243e-05,-7.242949885221402e-05,-1.6553279660857362e-07,-3.365954145875311e-05,-7.416091014568117e-05,-1.7345709358211488e-07,-3.441438089203648e-05,-7.591265139242604e-05,-1.816624066181681e-07,-3.5176589582230595e-05,-7.768471695042607e-05,-1.9015529191154252e-07,-3.594613419387292e-05,-7.947710111221447e-05,-1.98942380665463e-07,-3.672298140839427e-05,-8.128979810489919e-05,-2.080303790645243e-07,-3.7507097924252784e-05,-8.312280209018192e-05,0.30000000000000004
-1.3651727222674274e-07,-3.0714543587739055e-05,-6.735730012964776e-05,-1.4338156580055703e-07,-3.1439572305578784e-05,-6.902768836586923e-05,-1.505014012720017e-07,-3.2172103788431574e-05,-7.071842308858405e-05,-1.5788303453789083e-07,-3.291210463460243e-05,-7.242949885221402e-05,-1.6553279660857362e-07,-3.365954145875311e-05,-7.416091014568117e-05,-1.7345709358211488e-07,-3.441438089203648e-05,-7.591265139242604e-05,-1.816624066181681e-07,-3.5176589582230595e-05,-7.768471695042607e-05,-1.9015529191154252e-07,-3.594613419387292e-05,-7.947710111221447e-05,-1.98942380665463e-07,-3.672298140839427e-05,-8.128979810489919e-05,-2.080303790645243e-07,-3.7507097924252784e-05,-8.312280209018192e-05,0.30000000000000004
-1.3651727222674274e-07,-3.0714543587739055e-05,-6.735730012964776e-05,-1.4338156580055703e-07,-3.1439572305578784e-05,-6.902768836586923e-05,-1.505014012720017e-07,-3.2172103788431574e-05,-7.071842308858405e-05,-1.5788303453789083e-07,-3.291210463460243e-05,-7.242949885221402e-05,-1.6553279660857362e-07,-3.365954145875311e-05,-7.416091014568117e-05,-1.7345709358211488e-07,-3.441438089203648e-05,-7.591265139242604e-05,-1.816624066181681e-07,-3.5176589582230595e-05,-7.768471695042607e-05,-1.9015529191154252e-07,-3.594613419387292e-05,-7.947710111221447e-05,-1.98942380665463e-07,-3.672298140839427e-05,-8.128979810489919e-05,-2.080303790645243e-07,-3.7507097924252784e-05,-8.312280209018192e-05,0.30000000000000004
-1.3651727222674274e-07,-3.0714543587739055e-05,-6.735730012964776e-05,-1.4338156580055703e-07,-3.1439572305578784e-05,-6.902768836586923e-05,-1.505014012720017e-07,-3.2172103788431574e-05,-7.071842308858405e-05,-1.5788303453789083e-07,-3.291210463460243e-05,-7.242949885221402e-05,-1.6553279660857362e-07,-3.365954145875311e-05,-7.416091014568117e-05,-1.7345709358211488e-07,-3.441438089203648e-05,-7.591265139242604e-05,-1.816624066181681e-07,-3.5176589582230595e-05,-7.768471695042607e-05,-1.9015529191154252e-07,-3.594613419387292e-05,-7.947710111221447e-05,-1.98942380665463e-07,-3.672298140839427e-05,-8.128979810489919e-05,-2.080303790645243e-07,-3.7507097924252784e-05,-8.312280209018192e-05,0.30000000000000004
-1.3651727222674274e-07,-3.0714543587739055e-05,-6.735730012964776e-05,-1.4338156580055703e-07,-3.1439572305578784e-05,-6.902768836586923e-05,-1.505014012720017e-07,-3.2172103788431574e-05,-7.071842308858405e-05,-1.5788303453789083e-07,-3.291210463460243e-05,-7.242949885221402e-05,-1.6553279660857362e-07,-3.365954145875311e-05,-7.416091014568117e-05,-1.7345709358211488e-07,-3.441438089203648e-05,-7.591265139242604e-05,-1.816624066181681e-07,-3.5176589582230595e-05,-7.768471695042607e-05,-1.9015529191154252e-07,-3.594613419387292e-05,-7.947710111221447e-05,-1.98942380665463e-07,-3.672298140839427e-05,-8.128979810489919e-05,-2.080303790645243e-07,-3.7507097924252784e-05,-8.312280209018192e-05,0.30000000000000004
-1.3651727222674274e-07,-3.0714543587739055e-05,-6.735730012964776e-05,-1.4338156580055703e-07,-3.1439572305578784e-05,-6.902768836586923e-05,-1.505014012720017e-07,-3.2172103788431574e-05,-7.071842308858405e-05,-1.5788303453789083e-07,-3.291210463460243e-05,-7.242949885221402e-05,-1.6553279660857362e-07,-3.365954145875311e-05,-7.416091014568117e-05,-1.7345709358211488e-07,-3.441438089203648e-05,-7.591265139242604e-05,-1.816624066181681e-07,-3.5176589582230595e-05,-7.768471695042607e-05,-1.9015529191154252e-07,-3.594613419387292e-05,-7.947710111221447e-05,-1.98942380665463e-07,-3.672298140839427e-05,-8.128979810489919e-05,-2.080303790645243e-07,-3.7507097924252784e-05,-8.312280209018192e-05,0.30000000000000004
-1.3651727222674274e-07,-3.0714543587739055e-05,-6.735730012964776e-05,-1.4338156580055703e-07,-3.1439572305578784e-05,-6.902768836586923e-05,-1.505014012720017e-07,-3.2172103788431574e-05,-7.071842308858405e-05,-1.5788303453789083e-07,-3.291210463460243e-05,-7.242949885221402e-05,-1.6553279660857362e-07,-3.365954145875311e-05,-7.416091014568117e-05,-1.7345709358211488e-07,-3.441438089203648e-05,-7.591265139242604e-05,-1.816624066181681e-07,-3.5176589582230595e-05,-7.768471695042607e-05,-1.9015529191154252e-07,-3.594613419387292e-05,-7.947710111221447e-05,-1.98942380665463e-07,-3.672298140839427e-05,-8.128979810489919e-05,-2.080303790645243e-07,-3.7507097924252784e-05,-8.312280209018192e-05,0.30000000000000004
-1.3651727222674274e-07,-3.0714543587739055e-05,-6.735730012964776e-05,-1.4338156580055703e-07,-3.1439572305578784e-05,-6.902768836586923e-05,-1.505014012720017e-07,-3.2172103788431574e-05,-7.071842308858405e-05,-1.5788303453789083e-07,-3.291210463460243e-05,-7.242949885221402e-05,-1.6553279660857362e-07,-3.365954145875311e-05,-7.416091014568117e-05,-1.7345709358211488e-07,-3.441438089203648e-05,-7.591265139242604e-05,-1.816624066181681e-07,-3.5176589582230595e-05,-7.768471695042607e-05,-1.9015529191154252e-07,-3.594613419387292e-05,-7.947710111221447e-05,-1.98942380665463e-07,-3.672298140839427e-05,-8.128979810489919e-05,-2.080303790645243e-07,-3.7507097924252784e-05,-8.312280209018192e-05,0.30000000000000004
-1.3651727222674274e-07,-3.0714543587739055e-05,-6.735730012964776e-05,-1.4338156580055703e-07,-3.1439572305578784e-05,-6.902768836586923e-05,-1.505014012720017e-07,-3.2172103788431574e-05,-7.071842308858405e-05,-1.5788303453789083e-07,-3.291210463460243e-05,-7.242949885221402e-05,-1.6553279660857362e-07,-3.365954145875311e-05,-7.416091014568117e-05,-1.7345709358211488e-07,-3.441438089203648e-05,-7.591265139242604e-05,-1.816624066181681e-07,-3.5176589582230595e-05,-7.768471695042607e-05,-1.9015529191154252e-07,-3.594613419387292e-05,-7.947710111221447e-05,-1.98942380665463e-07,-3.672298140839427e-05,-8.128979810489919e-05,-2.080303790645243e-07,-3.7507097924252784e-05,-8.312280209018192e-05,0.30000000000000004
-1.3651727222674274e-07,-3.0714543587739055e-05,-6.735730012964776e-05,-1.4338156580055703e-07,-3.1439572305578784e-05,-6.902768836586923e-05,-1.505014012720017e-07,-3.2172103788431574e-05,-7.071842308858405e-05,-1.5788303453789083e-07,-3.291210463460243e-05,-7.242949885221402e-05,-1.6553279660857362e-07,-3.365954145875311e-05,-7.416091014568117e-05,-1.7345709358211488e-07,-3.441438089203648e-05,-7.591265139242604e-05,-1.816624066181681e-07,-3.5176589582230595e-05,-7.768471695042607e-05,-1.9015529191154252e-07,-3.594613419387292e-05,-7.947710111221447e-05,-1.98942380665463e-07,-3.672298140839427e-05,-8.128979810489919e-05,-2.080303790645243e-07,-3.7507097924252784e-05,-8.312280209018192e-05,0.30000000000000004
-1.3651727222674274e-07,-3.0714543587739055e-05,-6.735730012964776e-05,-1.4338156580055703e-07,-3.1439572305578784e-05,-6.902768836586923e-05,-1.505014012720017e-07,-3.2172103788431574e-05,-7.071842308858405e-05,-1.5788303453789083e-07,-3.291210463460243e-05,-7.242949885221402e-05,-1.6553279660857362e-07,-3.365954145875311e-05,-7.416091014568117e-05,-1.7345709358211488e-07,-3.441438089203648e-05,-7.591265139242604e-05,-1.816624066181681e-07,-3.5176589582230595e-05,-7.768471695042607e-05,-1.9015529191154252e-07,-3.594613419387292e-05,-7.947710111221447e-05,-1.98942380665463e-07,-3.672298140839427e-05,-8.128979810489919e-05,-2.080303790645243e-07,-3.7507097924252784e-05,-8.312280209018192e-05,0.30000000000000004
-1.3651727222674274e-07,-3.0714543587739055e-05,-6.735730012964776e-05,-1.4338156580055703e-07,-3.1439572305578784e-05,-6.902768836586923e-05,-1.505014012720017e-07,-3.2172103788431574e-05,-7.071842308858405e-05,-1.5788303453789083e-07,-3.291210463460243e-05,-7.242949885221402e-05,-1.6553279660857362e-07,-3.365954145875311e-05,-7.416091014568117e-05,-1.7345709358211488e-07,-3.441438089203648e-05,-7.591265139242604e-05,-1.816624066181681e-07,-3.5176589582230595e-05,-7.768471695042607e-05,-1.9015529191154252e-07,-3.594613419387292e-05,-7.947710111221447e-05,-1.98942380665463e-07,-3.672298140839427e-05,-8.128979810489919e-05,-2.080303790645243e-07,-3.7507097924252784e-05,-8.312280209018192e-05,0.30000000000000004
-1.3651727222674274e-07,-3.0714543587739055e-05,-6.735730012964776e-05,-1.4338156580055703e-07,-3.1439572305578784e-05,-6.902768836586923e-05,-1.505014012720017e-07,-3.2172103788431574e-05,-7.071842308858405e-05,-1.5788303453789083e-07,-3.291210463460243e-05,-7.242949885221402e-05,-1.6553279660857362e-07,-3.365954145875311e-05,-7.416091014568117e-05,-1.7345709358211488e-07,-3.441438089203648e-05,-7.591265139242604e-05,-1.816624066181681e-07,-3.5176589582230595e-05,-7.768471695042607e-05,-1.9015529191154252e-07,-3.594613419387292e-05,-7.947710111221447e-05,-1.98942380665463e-07,-3.672298140839427e-05,-8.128979810489919e-05,-2.080303790645243e-07,-3.7507097924252784e-05,-8.312280209018192e-05,0.30000000000000004
-1.3651727222674274e-07,-3.0714543587739055e-05,-6.735730012964776e-05,-1.4338156580055703e-07,-3.1439572305578784e-05,-6.902768836586923e-05,-1.505014012720017e-07,-3.2172103788431574e-05,-7.071842308858405e-05,-1.5788303453789083e-07,-3.291210463460243e-05,-7.242949885221402e-05,-1.6553279660857362e-07,-3.365954145875311e-05,-7.416091014568117e-05,-1.7345709358211488e-07,-3.441438089203648e-05,-7.591265139242604e-05,-1.816624066181681e-07,-3.5176589582230595e-05,-7.768471695042607e-05,-1.9015529191154252e-07,-3.594613419387292e-05,-7.947710111221447e-05,-1.98942380665463e-07,-3.672298140839427e-05,-8.128979810489919e-05,-2.080303790645243e-07,-3.7507097924252784e-05,-8.312280209018192e-05,0.30000000000000004
-1.3651727222674274e-07,-3.0714543587739055e-05,-6.735730012964776e-05,-1.4338156580055703e-07,-3.1439572305578784e-05,-6.902768836586923e-05,-1.505014012720017e-07,-3.2172103788431574e-05,-7.071842308858405e-05,-1.5788303453789083e-07,-3.291210463460243e-05,-7.242949885221402e-05,-1.6553279660857362e-07,-3.365954145875311e-05,-7.416091014568117e-05,-1.7345709358211488e-07,-3.441438089203648e-05,-7.591265139242604e-05,-1.816624066181681e-07,-3.5176589582230595e-05,-7.768471695042607e-05,-1.9015529191154252e-07,-3.594613419387292e-05,-7.947710111221447e-05,-1.98942380665463e-07,-3.672298140839427e-05,-8.128979810489919e-05,-2.080303790645243e-07,-3.7507097924252784e-05,-8.312280209018192e-05,0.30000000000000004
-1.3651727222674274e-07,-3.0714543587739055e-05,-6.735730012964776e-05,-1.4338156580055703e-07,-3.1439572305578784e-05,-6.902768836586923e-05,-1.505014012720017e-07,-3.2172103788431574e-05,-7.071842308858405e-05,-1.5788303453789083e-07,-3.291210463460243e-05,-7.242949885221402e-05,-1.6553279660857362e-07,-3.365954145875311e-05,-7.416091014568117e-05,-1.7345709358211488e-07,-3.441438089203648e-05,-7.591265139242604e-05,-1.816624066181681e-07,-3.5176589582230595e-05,-7.768471695042607e-05,-1.9015529191154252e-07,-3.594613419387292e-05,-7.947710111221447e-05,-1.98942380665463e-07,-3.672298140839427e-05,-8.128979810489919e-05,-2.080303790645243e-07,-3.7507097924252784e-05,-8.312280209018192e-05,0.30000000000000004
-1.3651727222674274e-07,-3.0714543587739055e-05,-6.735730012964776e-05,-1.4338156580055703e-07,-3.1439572305578784e-05,-6.902768836586923e-05,-1.505014012720017e-07,-3.2172103788431574e-05,-7.071842308858405e-05,-1.5788303453789083e-07,-3.291210463460243e-05,-7.242949885221402e-05,-1.6553279660857362e-07,-3.365954145875311e-05,-7.416091014568117e-05,-1.7345709358211488e-07,-3.441438089203648e-05,-7.591265139242604e-05,-1.816624066181681e-07,-3.5176589582230595e-05,-7.768471695042607e-05,-1.9015529191154252e-07,-3.594613419387292e-05,-7.947710111221447e-05,-1.98942380665463e-07,-3.672298140839427e-05,-8.128979810489919e-05,-2.080303790645243e-07,-3.7507097924252784e-05,-8.312280209018192e-05,0.30000000000000004
-1.3651727222674274e-07,-3.0714543587739055e-05,-6.735730012964776e-05,-1.4338156580055703e-07,-3.1439572305578784e-05,-6.902768836586923e-05,-1.505014012720017e-07,-3.2172103788431574e-05,-7.071842308858405e-05,-1.5788303453789083e-07,-3.291210463460243e-05,-7.242949885221402e-05,-1.6553279660857362e-07,-3.365954145875311e-05,-7.416091014568117e-05,-1.7345709358211488e-07,-3.441438089203648e-05,-7.591265139242604e-05,-1.816624066181681e-07,-3.5176589582230595e-05,-7.768471695042607e-05,-1.9015529191154252e-07,-3.594613419387292e-05,-7.947710111221447e-05,-1.98942380665463e-07,-3.672298140839427e-05,-8.128979810489919e-05,-2.080303790645243e-07,-3.7507097924252784e-05,-8.312280209018192e-05,0.30000000000000004
-1.3651727222674274e-07,-3.0714543587739055e-05,-6.735730012964776e-05,-1.4338156580055703e-07,-3.1439572305578784e-05,-6.902768836586923e-05,-1.505014012720017e-07,-3.2172103788431574e-05,-7.071842308858405e-05,-1.5788303453789083e-07,-3.291210463460243e-05,-7.242949885221402e-05,-1.6553279660857362e-07,-3.365954145875311e-05,-7.416091014568117e-05,-1.7345709358211488e-07,-3.441438089203648e-05,-7.591265139242604e-05,-1.816624066181681e-07,-3.5176589582230595e-05,-7.768471695042607e-05,-1.9015529191154252e-07,-3.594613419387292e-05,-7.947710111221447e-05,-1.98942380665463e-07,-3.672298140839427e-05,-8.128979810489919e-05,-2.080303790645243e-07,-3.7507097924252784e-05,-8.312280209018192e-05,0.30000000000000004
-1.3651727222674274e-07,-3.0714543587739055e-05,-6.735730012964776e-05,-1.4338156580055703e-07,-3.1439572305578784e-05,-6.902768836586923e-05,-1.505014012720017e-07,-3.2172103788431574e-05,-7.071842308858405e-05,-1.5788303453789083e-07,-3.291210463460243e-05,-7.242949885221402e-05,-1.6553279660857362e-07,-3.365954145875311e-05,-7.416091014568117e-05,-1.7345709358211488e-07,-3.441438089203648e-05,-7.591265139242604e-05,-1.816624066181681e-07,-3.5176589582230595e-05,-7.768471695042607e-05,-1.9015529191154252e-07,-3.594613419387292e-05,-7.947710111221447e-05,-1.98942380665463e-07,-3.672298140839427e-05,-8.128979810489919e-05,-2.080303790645243e-07,-3.7507097924252784e-05,-8.312280209018192e-05,0.30000000000000004
-1.3651727222674274e-07,-3.0714543587739055e-05,-6.735730012964776e-05,-1.4338156580055703e-07,-3.1439572305578784e-05,-6.902768836586923e-05,-1.505014012720017e-07,-3.2172103788431574e-05,-7.071842308858405e-05,-1.5788303453789083e-07,-3.291210463460243e-05,-7.242949885221402e-05,-1.6553279660857362e-07,-3.365954145875311e-05,-7.416091014568117e-05,-1.7345709358211488e-07,-3.441438089203648e-05,-7.591265139242604e-05,-1.816624066181681e-07,-3.5176589582230595e-05,-7.768471695042607e-05,-1.9015529191154252e-07,-3.594613419387292e-05,-7.947710111221447e-05,-1.98942380665463e-07,-3.672298140839427e-05,-8.128979810489919e-05,-2.080303790645243e-07,-3.7507097924252784e-05,-8.312280209018192e-05,0.30000000000000004
-1.3651727222674274e-07,-3.0714543587739055e-05,-6.735730012964776e-05,-1.4338156580055703e-07,-3.1439572305578784e-05,-6.902768836586923e-05,-1.505014012720017e-07,-3.2172103788431574e-05,-7.071842308858405e-05,-1.5788303453789083e-07,-3.291210463460243e-05,-7.242949885221402e-05,-1.6553279660857362e-07,-3.365954145875311e-05,-7.416091014568117e-05,-1.7345709358211488e-07,-3.441438089203648e-05,-7.591265139242604e-05,-1.816624066181681e-07,-3.5176589582230595e-05,-7.768471695042607e-05,-1.9015529191154252e-07,-3.594613419387292e-05,-7.947710111221447e-05,-1.98942380665463e-07,-3.672298140839427e-05,-8.128979810489919e-05,-2.080303790645243e-07,-3.7507097924252784e-05,-8.312280209018192e-05,0.30000000000000004
-1.3651727222674274e-07,-3.0714543587739055e-05,-6.735730012964776e-05,-1.4338156580055703e-07,-3.1439572305578784e-05,-6.902768836586923e-05,-1.505014012720017e-07,-3.2172103788431574e-05,-7.071842308858405e-05,-1.5788303453789083e-07,-3.291210463460243e-05,-7.242949885221402e-05,-1.6553279660857362e-07,-3.365954145875311e-05,-7.416091014568117e-05,-1.7345709358211488e-07,-3.441438089203648e-05,-7.591265139242604e-05,-1.816624066181681e-07,-3.5176589582230595e-05,-7.768471695042607e-05,-1.9015529191154252e-07,-3.594613419387292e-05,-7.947710111221447e-05,-1.98942380665463e-07,-3.672298140839427e-05,-8.128979810489919e-05,-2.080303790645243e-07,-3.7507097924252784e-05,-8.312280209018192e-05,0.30000000000000004
-1.3651727222674274e-07,-3.0714543587739055e-05,-6.735730012964776e-05,-1.4338156580055703e-07,-3.1439572305578784e-05,-6.902768836586923e-05,-1.505014012720017e-07,-3.2172103788431574e-05,-7.071842308858405e-05,-1.5788303453789083e-07,-3.291210463460243e-05,-7.242949885221402e-05,-1.6553279660857362e-07,-3.365954145875311e-05,-7.416091014568117e-05,-1.7345709358211488e-07,-3.441438089203648e-05,-7.591265139242604e-05,-1.816624066181681e-07,-3.5176589582230595e-05,-7.768471695042607e-05,-1.9015529191154252e-07,-3.594613419387292e-05,-7.947710111221447e-05,-1.98942380665463e-07,-3.672298140839427e-05,-8.128979810489919e-05,-2.080303790645243e-07,-3.7507097924252784e-05,-8.312280209018192e-05,0.30000000000000004
-1.3651727222674274e-07,-3.0714543587739055e-05,-6.735730012964776e-05,-1.4338156580055703e-07,-3.1439572305578784e-05,-6.902768836586923e-05,-1.505014012720017e-07,-3.2172103788431574e-05,-7.071842308858405e-05,-1.5788303453789083e-07,-3.291210463460243e-05,-7.242949885221402e-05,-1.6553279660857362e-07,-3.365954145875311e-05,-7.416091014568117e-05,-1.7345709358211488e-07,-3.441438089203648e-05,-7.591265139242604e-05,-1.816624066181681e-07,-3.5176589582230595e-05,-7.768471695042607e-05,-1.9015529191154252e-07,-3.594613419387292e-05,-7.947710111221447e-05,-1.98942380665463e-07,-3.672298140839427e-05,-8.128979810489919e-05,-2.080303790645243e-07,-3.7507097924252784e-05,-8.312280209018192e-05,0.30000000000000004
-1.3651727222674274e-07,-3.0714543587739055e-05,-6.735730012964776e-05,-1.4338156580055703e-07,-3.1439572305578784e-05,-6.902768836586923e-05,-1.505014012720017e-07,-3.2172103788431574e-05,-7.071842308858405e-05,-1.5788303453789083e-07,-3.291210463460243e-05,-7.242949885221402e-05,-1.6553279660857362e-07,-3.365954145875311e-05,-7.416091014568117e-05,-1.7345709358211488e-07,-3.441438089203648e-05,-7.591265139242604e-05,-1.816624066181681e-07,-3.5176589582230595e-05,-7.768471695042607e-05,-1.9015529191154252e-07,-3.594613419387292e-05,-7.947710111221447e-05,-1.98942380665463e-07,-3.672298140839427e-05,-8.128979810489919e-05,-2.080303790645243e-07,-3.7507097924252784e-05,-8.312280209018192e-05,0.30000000000000004
-1.3651727222674274e-07,-3.0714543587739055e-05,-6.735730012964776e-05,-1.4338156580055703e-07,-3.1439572305578784e-05,-6.902768836586923e-05,-1.505014012720017e-07,-3.2172103788431574e-05,-7.071842308858405e-05,-1.5788303453789083e-07,-3.291210463460243e-05,-7.242949885221402e-05,-1.6553279660857362e-07,-3.365954145875311e-05,-7.416091014568117e-05,-1.7345709358211488e-07,-3.441438089203648e-05,-7.591265139242604e-05,-1.816624066181681e-07,-3.5176589582230595e-05,-7.768471695042607e-05,-1.9015529191154252e-07,-3.594613419387292e-05,-7.947710111221447e-05,-1.98942380665463e-07,-3.672298140839427e-05,-8.128979810489919e-05,-2.080303790645243e-07,-3.7507097924252784e-05,-8.312280209018192e-05,0.30000000000000004
-1.3651727222674274e-07,-3.0714543587739055e-05,-6.735730012964776e-05,-1.4338156580055703e-07,-3.1439572305578784e-05,-6.902768836586923e-05,-1.505014012720017e-07,-3.2172103788431574e-05,-7.071842308858405e-05,-1.5788303453789083e-07,-3.291210463460243e-05,-7.242949885221402e-05,-1.6553279660857362e-07,-3.365954145875311e-05,-7.416091014568117e-05,-1.7345709358211488e-07,-3.441438089203648e-05,-7.591265139242604e-05,-1.816624066181681e-07,-3.5176589582230595e-05,-7.768471695042607e-05,-1.9015529191154252e-07,-3.594613419387292e-05,-7.947710111221447e-05,-1.98942380665463e-07,-3.672298140839427e-05,-8.128979810489919e-05,-2.080303790645243e-07,-3.7507097924252784e-05,-8.312280209018192e-05,0.30000000000000004
-1.3651727222674274e-07,-3.0714543587739055e-05,-6.735730012964776e-05,-1.4338156580055703e-07,-3.1439572305578784e-05,-6.902768836586923e-05,-1.505014012720017e-07,-3.2172103788431574e-05,-7.071842308858405e-05,-1.5788303453789083e-07,-3.291210463460243e-05,-7.242949885221402e-05,-1.6553279660857362e-07,-3.365954145875311e-05,-7.416091014568117e-05,-1.7345709358211488e-07,-3.441438089203648e-05,-7.591265139242604e-05,-1.816624066181681e-07,-3.5176589582230595e-05,-7.768471695042607e-05,-1.9015529191154252e-07,-3.594613419387292e-05,-7.947710111221447e-05,-1.98942380665463e-07,-3.672298140839427e-05,-8.128979810489919e-05,-2.080303790645243e-07,-3.7507097924252784e-05,-8.312280209018192e-05,0.30000000000000004
-1.3651727222674274e-07,-3.0714543587739055e-05,-6.735730012964776e-05,-1.4338156580055703e-07,-3.1439572305578784e-05,-6.902768836586923e-05,-1.505014012720017e-07,-3.2172103788431574e-05,-7.071842308858405e-05,-1.5788303453789083e-07,-3.291210463460243e-05,-7.242949885221402e-05,-1.6553279660857362e-07,-3.365954145875311e-05,-7.416091014568117e-05,-1.7345709358211488e-07,-3.441438089203648e-05,-7.591265139242604e-05,-1.816624066181681e-07,-3.5176589582230595e-05,-7.768471695042607e-05,-1.9015529191154252e-07,-3.594613419387292e-05,-7.947710111221447e-05,-1.98942380665463e-07,-3.672298140839427e-05,-8.128979810489919e-05,-2.080303790645243e-07,-3.7507097924252784e-05,-8.312280209018192e-05,0.30000000000000004
-1.3651727222674274e-07,-3.0714543587739055e-05,-6.735730012964776e-05,-1.4338156580055703e-07,-3.1439572305578784e-05,-6.902768836586923e-05,-1.505014012720017e-07,-3.2172103788431574e-05,-7.071842308858405e-05,-1.5788303453789083e-07,-3.291210463460243e-05,-7.242949885221402e-05,-1.6553279660857362e-07,-3.365954145875311e-05,-7.416091014568117e-05,-1.7345709358211488e-07,-3.441438089203648e-05,-7.591265139242604e-05,-1.816624066181681e-07,-3.5176589582230595e-05,-7.768471695042607e-05,-1.9015529191154252e-07,-3.594613419387292e-05,-7.947710111221447e-05,-1.98942380665463e-07,-3.672298140839427e-05,-8.128979810489919e-05,-2.080303790645243e-07,-3.7507097924252784e-05,-8.312280209018192e-05,0.30000000000000004
-1.3651727222674274e-07,-3.0714543587739055e-05,-6.735730012964776e-05,-1.4338156580055703e-07,-3.1439572305578784e-05,-6.902768836586923e-05,-1.505014012720017e-07,-3.2172103788431574e-05,-7.071842308858405e-05,-1.5788303453789083e-07,-3.291210463460243e-05,-7.242949885221402e-05,-1.6553279660857362e-07,-3.365954145875311e-05,-7.416091014568117e-05,-1.7345709358211488e-07,-3.441438089203648e-05,-7.591265139242604e-05,-1.816624066181681e-07,-3.5176589582230595e-05,-7.768471695042607e-05,-1.9015529191154252e-07,-3.594613419387292e-05,-7.947710111221447e-05,-1.98942380665463e-07,-3.672298140839427e-05,-8.128979810489919e-05,-2.080303790645243e-07,-3.7507097924252784e-05,-8.312280209018192e-05,0.30000000000000004
-1.3651727222674274e-07,-3.0714543587739055e-05,-6.735730012964776e-05,-1.4338156580055703e-07,-3.1439572305578784e-05,-6.902768836586923e-05,-1.505014012720017e-07,-3.2172103788431574e-05,-7.071842308858405e-05,-1.5788303453789083e-07,-3.291210463460243e-05,-7.242949885221402e-05,-1.6553279660857362e-07,-3.365954145875311e-05,-7.416091014568117e-05,-1.7345709358211488e-07,-3.441438089203648e-05,-7.591265139242604e-05,-1.816624066181681e-07,-3.5176589582230595e-05,-7.768471695042607e-05,-1.9015529191154252e-07,-3.594613419387292e-05,-7.947710111221447e-05,-1.98942380665463e-07,-3.672298140839427e-05,-8.128979810489919e-05,-2.080303790645243e-07,-3.7507097924252784e-05,-8.312280209018192e-05,0.30000000000000004
-1.3651727222674274e-07,-3.0714543587739055e-05,-6.735730012964776e-05,-1.4338156580055703e-07,-3.1439572305578784e-05,-6.902768836586923e-05,-1.505014012720017e-07,-3.2172103788431574e-05,-7.071842308858405e-05,-1.5788303453789083e-07,-3.291210463460243e-05,-7.242949885221402e-05,-1.6553279660857362e-07,-3.365954145875311e-05,-7.416091014568117e-05,-1.7345709358211488e-07,-3.441438089203648e-05,-7.591265139242604e-05,-1.816624066181681e-07,-3.5176589582230595e-05,-7.768471695042607e-05,-1.9015529191154252e-07,-3.594613419387292e-05,-7.947710111221447e-05,-1.98942380665463e-07,-3.672298140839427e-05,-8.128979810489919e-05,-2.080303790645243e-07,-3.7507097924252784e-05,-8.312280209018192e-05,0.30000000000000004
-1.3651727222674274e-07,-3.0714543587739055e-05,-6.735730012964776e-05,-1.4338156580055703e-07,-3.1439572305578784e-05,-6.902768836586923e-05,-1.505014012720017e-07,-3.2172103788431574e-05,-7.071842308858405e-05,-1.5788303453789083e-07,-3.291210463460243e-05,-7.242949885221402e-05,-1.6553279660857362e-07,-3.365954145875311e-05,-7.416091014568117e-05,-1.7345709358211488e-07,-3.441438089203648e-05,-7.591265139242604e-05,-1.816624066181681e-07,-3.5176589582230595e-05,-7.768471695042607e-05,-1.9015529191154252e-07,-3.594613419387292e-05,-7.947710111221447e-05,-1.98942380665463e-07,-3.672298140839427e-05,-8.128979810489919e-05,-2.080303790645243e-07,-3.7507097924252784e-05,-8.312280209018192e-05,0.30000000000000004
-1.3651727222674274e-07,-3.0714543587739055e-05,-6.735730012964776e-05,-1.4338156580055703e-07,-3.1439572305578784e-05,-6.902768836586923e-05,-1.505014012720017e-07,-3.2172103788431574e-05,-7.071842308858405e-05,-1.5788303453789083e-07,-3.291210463460243e-05,-7.242949885221402e-05,-1.6553279660857362e-07,-3.365954145875311e-05,-7.416091014568117e-05,-1.7345709358211488e-07,-3.441438089203648e-05,-7.591265139242604e-05,-1.816624066181681e-07,-3.5176589582230595e-05,-7.768471695042607e-05,-1.9015529191154252e-07,-3.594613419387292e-05,-7.947710111221447e-05,-1.98942380665463e-07,-3.672298140839427e-05,-8.128979810489919e-05,-2.080303790645243e-07,-3.7507097924252784e-05,-8.312280209018192e-05,0.30000000000000004
-1.3651727222674274e-07,-3.0714543587739055e-05,-6.735730012964776e-05,-1.4338156580055703e-07,-3.1439572305578784e-05,-6.902768836586923e-05,-1.505014012720017e-07,-3.2172103788431574e-05,-7.071842308858405e-05,-1.5788303453789083e-07,-3.291210463460243e-05,-7.242949885221402e-05,-1.6553279660857362e-07,-3.365954145875311e-05,-7.416091014568117e-05,-1.7345709358211488e-07,-3.441438089203648e-05,-7.591265139242604e-05,-1.816624066181681e-07,-3.5176589582230595e-05,-7.768471695042607e-05,-1.9015529191154252e-07,-3.594613419387292e-05,-7.947710111221447e-05,-1.98942380665463e-07,-3.672298140839427e-05,-8.128979810489919e-05,-2.080303790645243e-07,-3.7507097924252784e-05,-8.312280209018192e-05,0.30000000000000004
-1.3651727222674274e-07,-3.0714543587739055e-05,-6.735730012964776e-05,-1.4338156580055703e-07,-3.1439572305578784e-05,-6.902768836586923e-05,-1.505014012720017e-07,-3.2172103788431574e-05,-7.071842308858405e-05,-1.5788303453789083e-07,-3.291210463460243e-05,-7.242949885221402e-05,-1.6553279660857362e-07,-3.365954145875311e-05,-7.416091014568117e-05,-1.7345709358211488e-07,-3.441438089203648e-05,-7.591265139242604e-05,-1.816624066181681e-07,-3.5176589582230595e-05,-7.768471695042607e-05,-1.9015529191154252e-07,-3.594613419387292e-05,-7.947710111221447e-05,-1.98942380665463e-07,-3.672298140839427e-05,-8.128979810489919e-05,-2.080303790645243e-07,-3.7507097924252784e-05,-8.312280209018192e-05,0.30000000000000004
-1.3651727222674274e-07,-3.0714543587739055e-05,-6.735730012964776e-05,-1.4338156580055703e-07,-3.1439572305578784e-05,-6.902768836586923e-05,-1.505014012720017e-07,-3.2172103788431574e-05,-7.071842308858405e-05,-1.5788303453789083e-07,-3.291210463460243e-05,-7.242949885221402e-05,-1.6553279660857362e-07,-3.365954145875311e-05,-7.416091014568117e-05,-1.7345709358211488e-07,-3.441438089203648e-05,-7.591265139242604e-05,-1.816624066181681e-07,-3.5176589582230595e-05,-7.768471695042607e-05,-1.9015529191154252e-07,-3.594613419387292e-05,-7.947710111221447e-05,-1.98942380665463e-07,-3.672298140839427e-05,-8.128979810489919e-05,-2.080303790645243e-07,-3.7507097924252784e-05,-8.312280209018192e-05,0.30000000000000004
-1.3651727222674274e-07,-3.0714543587739055e-05,-6.735730012964776e-05,-1.4338156580055703e-07,-3.1439572305578784e-05,-6.902768836586923e-05,-1.505014012720017e-07,-3.2172103788431574e-05,-7.071842308858405e-05,-1.5788303453789083e-07,-3.291210463460243e-05,-7.242949885221402e-05,-1.6553279660857362e-07,-3.365954145875311e-05,-7.416091014568117e-05,-1.7345709358211488e-07,-3.441438089203648e-05,-7.591265139242604e-05,-1.816624066181681e-07,-3.5176589582230595e-05,-7.768471695042607e-05,-1.9015529191154252e-07,-3.594613419387292e-05,-7.947710111221447e-05,-1.98942380665463e-07,-3.672298140839427e-05,-8.128979810489919e-05,-2.080303790645243e-07,-3.7507097924252784e-05,-8.312280209018192e-05,0.30000000000000004
-1.3651727222674274e-07,-3.0714543587739055e-05,-6.735730012964776e-05,-1.4338156580055703e-07,-3.1439572305578784e-05,-6.902768836586923e-05,-1.505014012720017e-07,-3.2172103788431574e-05,-7.071842308858405e-05,-1.5788303453789083e-07,-3.291210463460243e-05,-7.242949885221402e-05,-1.6553279660857362e-07,-3.365954145875311e-05,-7.416091014568117e-05,-1.7345709358211488e-07,-3.441438089203648e-05,-7.591265139242604e-05,-1.816624066181681e-07,-3.5176589582230595e-05,-7.768471695042607e-05,-1.9015529191154252e-07,-3.594613419387292e-05,-7.947710111221447e-05,-1.98942380665463e-07,-3.672298140839427e-05,-8.128979810489919e-05,-2.080303790645243e-07,-3.7507097924252784e-05,-8.312280209018192e-05,0.30000000000000004
-1.3651727222674274e-07,-3.0714543587739055e-05,-6.735730012964776e-05,-1.4338156580055703e-07,-3.1439572305578784e-05,-6.902768836586923e-05,-1.505014012720017e-07,-3.2172103788431574e-05,-7.071842308858405e-05,-1.5788303453789083e-07,-3.291210463460243e-05,-7.242949885221402e-05,-1.6553279660857362e-07,-3.365954145875311e-05,-7.416091014568117e-05,-1.7345709358211488e-07,-3.441438089203648e-05,-7.591265139242604e-05,-1.816624066181681e-07,-3.5176589582230595e-05,-7.768471695042607e-05,-1.9015529191154252e-07,-3.594613419387292e-05,-7.947710111221447e-05,-1.98942380665463e-07,-3.672298140839427e-05,-8.128979810489919e-05,-2.080303790645243e-07,-3.7507097924252784e-05,-8.312280209018192e-05,0.30000000000000004
-1.3651727222674274e-07,-3.0714543587739055e-05,-6.735730012964776e-05,-1.4338156580055703e-07,-3.1439572305578784e-05,-6.902768836586923e-05,-1.505014012720017e-07,-3.2172103788431574e-05,-7.071842308858405e-05,-1.5788303453789083e-07,-3.291210463460243e-05,-7.242949885221402e-05,-1.6553279660857362e-07,-3.365954145875311e-05,-7.416091014568117e-05,-1.7345709358211488e-07,-3.441438089203648e-05,-7.591265139242604e-05,-1.816624066181681e-07,-3.5176589582230595e-05,-7.768471695042607e-05,-1.9015529191154252e-07,-3.594613419387292e-05,-7.947710111221447e-05,-1.98942380665463e-07,-3.672298140839427e-05,-8.128979810489919e-05,-2.080303790645243e-07,-3.7507097924252784e-05,-8.312280209018192e-05,0.30000000000000004
-1.3651727222674274e-07,-3.0714543587739055e-05,-6.735730012964776e-05,-1.4338156580055703e-07,-3.1439572305578784e-05,-6.902768836586923e-05,-1.505014012720017e-07,-3.2172103788431574e-05,-7.071842308858405e-05,-1.5788303453789083e-07,-3.291210463460243e-05,-7.242949885221402e-05,-1.6553279660857362e-07,-3.365954145875311e-05,-7.416091014568117e-05,-1.7345709358211488e-07,-3.441438089203648e-05,-7.591265139242604e-05,-1.816624066181681e-07,-3.5176589582230595e-05,-7.768471695042607e-05,-1.9015529191154252e-07,-3.594613419387292e-05,-7.947710111221447e-05,-1.98942380665463e-07,-3.672298140839427e-05,-8.128979810489919e-05,-2.080303790645243e-07,-3.7507097924252784e-05,-8.312280209018192e-05,0.30000000000000004
-1.3651727222674274e-07,-3.0714543587739055e-05,-6.735730012964776e-05,-1.4338156580055703e-07,-3.1439572305578784e-05,-6.902768836586923e-05,-1.505014012720017e-07,-3.2172103788431574e-05,-7.071842308858405e-05,-1.5788303453789083e-07,-3.291210463460243e-05,-7.242949885221402e-05,-1.6553279660857362e-07,-3.365954145875311e-05,-7.416091014568117e-05,-1.7345709358211488e-07,-3.441438089203648e-05,-7.591265139242604e-05,-1.816624066181681e-07,-3.5176589582230595e-05,-7.768471695042607e-05,-1.9015529191154252e-07,-3.594613419387292e-05,-7.947710111221447e-05,-1.98942380665463e-07,-3.672298140839427e-05,-8.128979810489919e-05,-2.080303790645243e-07,-3.7507097924252784e-05,-8.312280209018192e-05,0.30000000000000004
-1.3651727222674274e-07,-3.0714543587739055e-05,-6.735730012964776e-05,-1.4338156580055703e-07,-3.1439572305578784e-05,-6.902768836586923e-05,-1.505014012720017e-07,-3.2172103788431574e-05,-7.071842308858405e-05,-1.5788303453789083e-07,-3.291210463460243e-05,-7.242949885221402e-05,-1.6553279660857362e-07,-3.365954145875311e-05,-7.416091014568117e-05,-1.7345709358211488e-07,-3.441438089203648e-05,-7.591265139242604e-05,-1.816624066181681e-07,-3.5176589582230595e-05,-7.768471695042607e-05,-1.9015529191154252e-07,-3.594613419387292e-05,-7.947710111221447e-05,-1.98942380665463e-07,-3.672298140839427e-05,-8.128979810489919e-05,-2.080303790645243e-07,-3.7507097924252784e-05,-8.312280209018192e-05,0.30000000000000004
-1.3651727222674274e-07,-3.0714543587739055e-05,-6.735730012964776e-05,-1.4338156580055703e-07,-3.1439572305578784e-05,-6.902768836586923e-05,-1.505014012720017e-07,-3.2172103788431574e-05,-7.071842308858405e-05,-1.5788303453789083e-07,-3.291210463460243e-05,-7.242949885221402e-05,-1.6553279660857362e-07,-3.365954145875311e-05,-7.416091014568117e-05,-1.7345709358211488e-07,-3.441438089203648e-05,-7.591265139242604e-05,-1.816624066181681e-07,-3.5176589582230595e-05,-7.768471695042607e-05,-1.9015529191154252e-07,-3.594613419387292e-05,-7.947710111221447e-05,-1.98942380665463e-07,-3.672298140839427e-05,-8.128979810489919e-05,-2.080303790645243e-07,-3.7507097924252784e-05,-8.312280209018192e-05,0.30000000000000004
-1.3651727222674274e-07,-3.0714543587739055e-05,-6.735730012964776e-05,-1.4338156580055703e-07,-3.1439572305578784e-05,-6.902768836586923e-05,-1.505014012720017e-07,-3.2172103788431574e-05,-7.071842308858405e-05,-1.5788303453789083e-07,-3.291210463460243e-05,-7.242949885221402e-05,-1.6553279660857362e-07,-3.365954145875311e-05,-7.416091014568117e-05,-1.7345709358211488e-07,-3.441438089203648e-05,-7.591265139242604e-05,-1.816624066181681e-07,-3.5176589582230595e-05,-7.768471695042607e-05,-1.9015529191154252e-07,-3.594613419387292e-05,-7.947710111221447e-05,-1.98942380665463e-07,-3.672298140839427e-05,-8.128979810489919e-05,-2.080303790645243e-07,-3.7507097924252784e-05,-8.312280209018192e-05,0.30000000000000004
-1.3651727222674274e-07,-3.0714543587739055e-05,-6.735730012964776e-05,-1.4338156580055703e-07,-3.1439572305578784e-05,-6.902768836586923e-05,-1.505014012720017e-07,-3.2172103788431574e-05,-7.071842308858405e-05,-1.5788303453789083e-07,-3.291210463460243e-05,-7.242949885221402e-05,-1.6553279660857362e-07,-3.365954145875311e-05,-7.416091014568117e-05,-1.7345709358211488e-07,-3.441438089203648e-05,-7.591265139242604e-05,-1.816624066181681e-07,-3.5176589582230595e-05,-7.768471695042607e-05,-1.9015529191154252e-07,-3.594613419387292e-05,-7.947710111221447e-05,-1.98942380665463e-07,-3.672298140839427e-05,-8.128979810489919e-05,-2.080303790645243e-07,-3.7507097924252784e-05,-8.312280209018192e-05,0.30000000000000004
-1.3651727222674274e-07,-3.0714543587739055e-05,-6.735730012964776e-05,-1.4338156580055703e-07,-3.1439572305578784e-05,-6.902768836586923e-05,-1.505014012720017e-07,-3.2172103788431574e-05,-7.071842308858405e-05,-1.5788303453789083e-07,-3.291210463460243e-05,-7.242949885221402e-05,-1.6553279660857362e-07,-3.365954145875311e-05,-7.416091014568117e-05,-1.7345709358211488e-07,-3.441438089203648e-05,-7.591265139242604e-05,-1.816624066181681e-07,-3.5176589582230595e-05,-7.768471695042607e-05,-1.9015529191154252e-07,-3.594613419387292e-05,-7.947710111221447e-05,-1.98942380665463e-07,-3.672298140839427e-05,-8.128979810489919e-05,-2.080303790645243e-07,-3.7507097924252784e-05,-8.312280209018192e-05,0.30000000000000004
-1.3651727222674274e-07,-3.0714543587739055e-05,-6.735730012964776e-05,-1.4338156580055703e-07,-3.1439572305578784e-05,-6.902768836586923e-05,-1.505014012720017e-07,-3.2172103788431574e-05,-7.071842308858405e-05,-1.5788303453789083e-07,-3.291210463460243e-05,-7.242949885221402e-05,-1.6553279660857362e-07,-3.365954145875311e-05,-7.416091014568117e-05,-1.7345709358211488e-07,-3.441438089203648e-05,-7.591265139242604e-05,-1.816624066181681e-07,-3.5176589582230595e-05,-7.768471695042607e-05,-1.9015529191154252e-07,-3.594613419387292e-05,-7.947710111221447e-05,-1.98942380665463e-07,-3.672298140839427e-05,-8.128979810489919e-05,-2.080303790645243e-07,-3.7507097924252784e-05,-8.312280209018192e-05,0.30000000000000004
-1.3651727222674274e-07,-3.0714543587739055e-05,-6.735730012964776e-05,-1.4338156580055703e-07,-3.1439572305578784e-05,-6.902768836586923e-05,-1.505014012720017e-07,-3.2172103788431574e-05,-7.071842308858405e-05,-1.5788303453789083e-07,-3.291210463460243e-05,-7.242949885221402e-05,-1.6553279660857362e-07,-3.365954145875311e-05,-7.416091014568117e-05,-1.7345709358211488e-07,-3.441438089203648e-05,-7.591265139242604e-05,-1.816624066181681e-07,-3.5176589582230595e-05,-7.768471695042607e-05,-1.9015529191154252e-07,-3.594613419387292e-05,-7.947710111221447e-05,-1.98942380665463e-07,-3.672298140839427e-05,-8.128979810489919e-05,-2.080303790645243e-07,-3.7507097924252784e-05,-8.312280209018192e-05,0.30000000000000004
-1.3651727222674274e-07,-3.0714543587739055e-05,-6.735730012964776e-05,-1.4338156580055703e-07,-3.1439572305578784e-05,-6.902768836586923e-05,-1.505014012720017e-07,-3.2172103788431574e-05,-7.071842308858405e-05,-1.5788303453789083e-07,-3.291210463460243e-05,-7.242949885221402e-05,-1.6553279660857362e-07,-3.365954145875311e-05,-7.416091014568117e-05,-1.7345709358211488e-07,-3.441438089203648e-05,-7.591265139242604e-05,-1.816624066181681e-07,-3.5176589582230595e-05,-7.768471695042607e-05,-1.9015529191154252e-07,-3.594613419387292e-05,-7.947710111221447e-05,-1.98942380665463e-07,-3.672298140839427e-05,-8.128979810489919e-05,-2.080303790645243e-07,-3.7507097924252784e-05,-8.312280209018192e-05,0.30000000000000004
-1.3651727222674274e-07,-3.0714543587739055e-05,-6.735730012964776e-05,-1.4338156580055703e-07,-3.1439572305578784e-05,-6.902768836586923e-05,-1.505014012720017e-07,-3.2172103788431574e-05,-7.071842308858405e-05,-1.5788303453789083e-07,-3.291210463460243e-05,-7.242949885221402e-05,-1.6553279660857362e-07,-3.365954145875311e-05,-7.416091014568117e-05,-1.7345709358211488e-07,-3.441438089203648e-05,-7.591265139242604e-05,-1.816624066181681e-07,-3.5176589582230595e-05,-7.768471695042607e-05,-1.9015529191154252e-07,-3.594613419387292e-05,-7.947710111221447e-05,-1.98942380665463e-07,-3.672298140839427e-05,-8.128979810489919e-05,-2.080303790645243e-07,-3.7507097924252784e-05,-8.312280209018192e-05,0.30000000000000004
-1.3651727222674274e-07,-3.0714543587739055e-05,-6.735730012964776e-05,-1.4338156580055703e-07,-3.1439572305578784e-05,-6.902768836586923e-05,-1.505014012720017e-07,-3.2172103788431574e-05,-7.071842308858405e-05,-1.5788303453789083e-07,-3.291210463460243e-05,-7.242949885221402e-05,-1.6553279660857362e-07,-3.365954145875311e-05,-7.416091014568117e-05,-1.7345709358211488e-07,-3.441438089203648e-05,-7.591265139242604e-05,-1.816624066181681e-07,-3.5176589582230595e-05,-7.768471695042607e-05,-1.9015529191154252e-07,-3.594613419387292e-05,-7.947710111221447e-05,-1.98942380665463e-07,-3.672298140839427e-05,-8.128979810489919e-05,-2.080303790645243e-07,-3.7507097924252784e-05,-8.312280209018192e-05,0.30000000000000004
-1.3651727222674274e-07,-3.0714543587739055e-05,-6.735730012964776e-05,-1.4338156580055703e-07,-3.1439572305578784e-05,-6.902768836586923e-05,-1.505014012720017e-07,-3.2172103788431574e-05,-7.071842308858405e-05,-1.5788303453789083e-07,-3.291210463460243e-05,-7.242949885221402e-05,-1.6553279660857362e-07,-3.365954145875311e-05,-7.416091014568117e-05,-1.7345709358211488e-07,-3.441438089203648e-05,-7.591265139242604e-05,-1.816624066181681e-07,-3.5176589582230595e-05,-7.768471695042607e-05,-1.9015529191154252e-07,-3.594613419387292e-05,-7.947710111221447e-05,-1.98942380665463e-07,-3.672298140839427e-05,-8.128979810489919e-05,-2.080303790645243e-07,-3.7507097924252784e-05,-8.312280209018192e-05,0.30000000000000004
-1.3651727222674274e-07,-3.0714543587739055e-05,-6.735730012964776e-05,-1.4338156580055703e-07,-3.1439572305578784e-05,-6.902768836586923e-05,-1.505014012720017e-07,-3.2172103788431574e-05,-7.071842308858405e-05,-1.5788303453789083e-07,-3.291210463460243e-05,-7.242949885221402e-05,-1.6553279660857362e-07,-3.365954145875311e-05,-7.416091014568117e-05,-1.7345709358211488e-07,-3.441438089203648e-05,-7.591265139242604e-05,-1.816624066181681e-07,-3.5176589582230595e-05,-7.768471695042607e-05,-1.9015529191154252e-07,-3.594613419387292e-05,-7.947710111221447e-05,-1.98942380665463e-07,-3.672298140839427e-05,-8.128979810489919e-05,-2.080303790645243e-07,-3.7507097924252784e-05,-8.312280209018192e-05,0.30000000000000004
-1.3651727222674274e-07,-3.0714543587739055e-05,-6.735730012964776e-05,-1.4338156580055703e-07,-3.1439572305578784e-05,-6.902768836586923e-05,-1.505014012720017e-07,-3.2172103788431574e-05,-7.071842308858405e-05,-1.5788303453789083e-07,-3.291210463460243e-05,-7.242949885221402e-05,-1.6553279660857362e-07,-3.365954145875311e-05,-7.416091014568117e-05,-1.7345709358211488e-07,-3.441438089203648e-05,-7.591265139242604e-05,-1.816624066181681e-07,-3.5176589582230595e-05,-7.768471695042607e-05,-1.9015529191154252e-07,-3.594613419387292e-05,-7.947710111221447e-05,-1.98942380665463e-07,-3.672298140839427e-05,-8.128979810489919e-05,-2.080303790645243e-07,-3.7507097924252784e-05,-8.312280209018192e-05,0.30000000000000004
-1.3651727222674274e-07,-3.0714543587739055e-05,-6.735730012964776e-05,-1.4338156580055703e-07,-3.1439572305578784e-05,-6.902768836586923e-05,-1.505014012720017e-07,-3.2172103788431574e-05,-7.071842308858405e-05,-1.5788303453789083e-07,-3.291210463460243e-05,-7.242949885221402e-05,-1.6553279660857362e-07,-3.365954145875311e-05,-7.416091014568117e-05,-1.7345709358211488e-07,-3.441438089203648e-05,-7.591265139242604e-05,-1.816624066181681e-07,-3.5176589582230595e-05,-7.768471695042607e-05,-1.9015529191154252e-07,-3.594613419387292e-05,-7.947710111221447e-05,-1.98942380665463e-07,-3.672298140839427e-05,-8.128979810489919e-05,-2.080303790645243e-07,-3.7507097924252784e-05,-8.312280209018192e-05,0.30000000000000004
-1.3651727222674274e-07,-3.0714543587739055e-05,-6.735730012964776e-05,-1.4338156580055703e-07,-3.1439572305578784e-05,-6.902768836586923e-05,-1.505014012720017e-07,-3.2172103788431574e-05,-7.071842308858405e-05,-1.5788303453789083e-07,-3.291210463460243e-05,-7.242949885221402e-05,-1.6553279660857362e-07,-3.365954145875311e-05,-7.416091014568117e-05,-1.7345709358211488e-07,-3.441438089203648e-05,-7.591265139242604e-05,-1.816624066181681e-07,-3.5176589582230595e-05,-7.768471695042607e-05,-1.9015529191154252e-07,-3.594613419387292e-05,-7.947710111221447e-05,-1.98942380665463e-07,-3.672298140839427e-05,-8.128979810489919e-05,-2.080303790645243e-07,-3.7507097924252784e-05,-8.312280209018192e-05,0.30000000000000004
-1.3651727222674274e-07,-3.0714543587739055e-05,-6.735730012964776e-05,-1.4338156580055703e-07,-3.1439572305578784e-05,-6.902768836586923e-05,-1.505014012720017e-07,-3.2172103788431574e-05,-7.071842308858405e-05,-1.5788303453789083e-07,-3.291210463460243e-05,-7.242949885221402e-05,-1.6553279660857362e-07,-3.365954145875311e-05,-7.416091014568117e-05,-1.7345709358211488e-07,-3.441438089203648e-05,-7.591265139242604e-05,-1.816624066181681e-07,-3.5176589582230595e-05,-7.768471695042607e-05,-1.9015529191154252e-07,-3.594613419387292e-05,-7.947710111221447e-05,-1.98942380665463e-07,-3.672298140839427e-05,-8.128979810489919e-05,-2.080303790645243e-07,-3.7507097924252784e-05,-8.312280209018192e-05,0.30000000000000004
-1.3651727222674274e-07,-3.0714543587739055e-05,-6.735730012964776e-05,-1.4338156580055703e-07,-3.1439572305578784e-05,-6.902768836586923e-05,-1.505014012720017e-07,-3.2172103788431574e-05,-7.071842308858405e-05,-1.5788303453789083e-07,-3.291210463460243e-05,-7.242949885221402e-05,-1.6553279660857362e-07,-3.365954145875311e-05,-7.416091014568117e-05,-1.7345709358211488e-07,-3.441438089203648e-05,-7.591265139242604e-05,-1.816624066181681e-07,-3.5176589582230595e-05,-7.768471695042607e-05,-1.9015529191154252e-07,-3.594613419387292e-05,-7.947710111221447e-05,-1.98942380665463e-07,-3.672298140839427e-05,-8.128979810489919e-05,-2.080303790645243e-07,-3.7507097924252784e-05,-8.312280209018192e-05,0.30000000000000004
-1.3651727222674274e-07,-3.0714543587739055e-05,-6.735730012964776e-05,-1.4338156580055703e-07,-3.1439572305578784e-05,-6.902768836586923e-05,-1.505014012720017e-07,-3.2172103788431574e-05,-7.071842308858405e-05,-1.5788303453789083e-07,-3.291210463460243e-05,-7.242949885221402e-05,-1.6553279660857362e-07,-3.365954145875311e-05,-7.416091014568117e-05,-1.7345709358211488e-07,-3.441438089203648e-05,-7.591265139242604e-05,-1.816624066181681e-07,-3.5176589582230595e-05,-7.768471695042607e-05,-1.9015529191154252e-07,-3.594613419387292e-05,-7.947710111221447e-05,-1.98942380665463e-07,-3.672298140839427e-05,-8.128979810489919e-05,-2.080303790645243e-07,-3.7507097924252784e-05,-8.312280209018192e-05,0.30000000000000004
-1.3651727222674274e-07,-3.0714543587739055e-05,-6.735730012964776e-05,-1.4338156580055703e-07,-3.1439572305578784e-05,-6.902768836586923e-05,-1.505014012720017e-07,-3.2172103788431574e-05,-7.071842308858405e-05,-1.5788303453789083e-07,-3.291210463460243e-05,-7.242949885221402e-05,-1.6553279660857362e-07,-3.365954145875311e-05,-7.416091014568117e-05,-1.7345709358211488e-07,-3.441438089203648e-05,-7.591265139242604e-05,-1.816624066181681e-07,-3.5176589582230595e-05,-7.768471695042607e-05,-1.9015529191154252e-07,-3.594613419387292e-05,-7.947710111221447e-05,-1.98942380665463e-07,-3.672298140839427e-05,-8.128979810489919e-05,-2.080303790645243e-07,-3.7507097924252784e-05,-8.312280209018192e-05,0.30000000000000004
-1.3651727222674274e-07,-3.0714543587739055e-05,-6.735730012964776e-05,-1.4338156580055703e-07,-3.1439572305578784e-05,-6.902768836586923e-05,-1.505014012720017e-07,-3.2172103788431574e-05,-7.071842308858405e-05,-1.5788303453789083e-07,-3.291210463460243e-05,-7.242949885221402e-05,-1.6553279660857362e-07,-3.365954145875311e-05,-7.416091014568117e-05,-1.7345709358211488e-07,-3.441438089203648e-05,-7.591265139242604e-05,-1.816624066181681e-07,-3.5176589582230595e-05,-7.768471695042607e-05,-1.9015529191154252e-07,-3.594613419387292e-05,-7.947710111221447e-05,-1.98942380665463e-07,-3.672298140839427e-05,-8.128979810489919e-05,-2.080303790645243e-07,-3.7507097924252784e-05,-8.312280209018192e-05,0.30000000000000004
-1.3651727222674274e-07,-3.0714543587739055e-05,-6.735730012964776e-05,-1.4338156580055703e-07,-3.1439572305578784e-05,-6.902768836586923e-05,-1.505014012720017e-07,-3.2172103788431574e-05,-7.071842308858405e-05,-1.5788303453789083e-07,-3.291210463460243e-05,-7.242949885221402e-05,-1.6553279660857362e-07,-3.365954145875311e-05,-7.416091014568117e-05,-1.7345709358211488e-07,-3.441438089203648e-05,-7.591265139242604e-05,-1.816624066181681e-07,-3.5176589582230595e-05,-7.768471695042607e-05,-1.9015529191154252e-07,-3.594613419387292e-05,-7.947710111221447e-05,-1.98942380665463e-07,-3.672298140839427e-05,-8.128979810489919e-05,-2.080303790645243e-07,-3.7507097924252784e-05,-8.312280209018192e-05,0.30000000000000004
-1.3651727222674274e-07,-3.0714543587739055e-05,-6.735730012964776e-05,-1.4338156580055703e-07,-3.1439572305578784e-05,-6.902768836586923e-05,-1.505014012720017e-07,-3.2172103788431574e-05,-7.071842308858405e-05,-1.5788303453789083e-07,-3.291210463460243e-05,-7.242949885221402e-05,-1.6553279660857362e-07,-3.365954145875311e-05,-7.416091014568117e-05,-1.7345709358211488e-07,-3.441438089203648e-05,-7.591265139242604e-05,-1.816624066181681e-07,-3.5176589582230595e-05,-7.768471695042607e-05,-1.9015529191154252e-07,-3.594613419387292e-05,-7.947710111221447e-05,-1.98942380665463e-07,-3.672298140839427e-05,-8.128979810489919e-05,-2.080303790645243e-07,-3.7507097924252784e-05,-8.312280209018192e-05,0.30000000000000004
-1.3651727222674274e-07,-3.0714543587739055e-05,-6.735730012964776e-05,-1.4338156580055703e-07,-3.1439572305578784e-05,-6.902768836586923e-05,-1.505014012720017e-07,-3.2172103788431574e-05,-7.071842308858405e-05,-1.5788303453789083e-07,-3.291210463460243e-05,-7.242949885221402e-05,-1.6553279660857362e-07,-3.365954145875311e-05,-7.416091014568117e-05,-1.7345709358211488e-07,-3.441438089203648e-05,-7.591265139242604e-05,-1.816624066181681e-07,-3.5176589582230595e-05,-7.768471695042607e-05,-1.9015529191154252e-07,-3.594613419387292e-05,-7.947710111221447e-05,-1.98942380665463e-07,-3.672298140839427e-05,-8.128979810489919e-05,-2.080303790645243e-07,-3.7507097924252784e-05,-8.312280209018192e-05,0.30000000000000004
-1.3651727222674274e-07,-3.0714543587739055e-05,-6.735730012964776e-05,-1.4338156580055703e-07,-3.1439572305578784e-05,-6.902768836586923e-05,-1.505014012720017e-07,-3.2172103788431574e-05,-7.071842308858405e-05,-1.5788303453789083e-07,-3.291210463460243e-05,-7.242949885221402e-05,-1.6553279660857362e-07,-3.365954145875311e-05,-7.416091014568117e-05,-1.7345709358211488e-07,-3.441438089203648e-05,-7.591265139242604e-05,-1.816624066181681e-07,-3.5176589582230595e-05,-7.768471695042607e-05,-1.9015529191154252e-07,-3.594613419387292e-05,-7.947710111221447e-05,-1.98942380665463e-07,-3.672298140839427e-05,-8.128979810489919e-05,-2.080303790645243e-07,-3.7507097924252784e-05,-8.312280209018192e-05,0.30000000000000004
-1.3651727222674274e-07,-3.0714543587739055e-05,-6.735730012964776e-05,-1.4338156580055703e-07,-3.1439572305578784e-05,-6.902768836586923e-05,-1.505014012720017e-07,-3.2172103788431574e-05,-7.071842308858405e-05,-1.5788303453789083e-07,-3.291210463460243e-05,-7.242949885221402e-05,-1.6553279660857362e-07,-3.365954145875311e-05,-7.416091014568117e-05,-1.7345709358211488e-07,-3.441438089203648e-05,-7.591265139242604e-05,-1.816624066181681e-07,-3.5176589582230595e-05,-7.768471695042607e-05,-1.9015529191154252e-07,-3.594613419387292e-05,-7.947710111221447e-05,-1.98942380665463e-07,-3.672298140839427e-05,-8.128979810489919e-05,-2.080303790645243e-07,-3.7507097924252784e-05,-8.312280209018192e-05,0.30000000000000004
-1.3651727222674274e-07,-3.0714543587739055e-05,-6.735730012964776e-05,-1.4338156580055703e-07,-3.1439572305578784e-05,-6.902768836586923e-05,-1.505014012720017e-07,-3.2172103788431574e-05,-7.071842308858405e-05,-1.5788303453789083e-07,-3.291210463460243e-05,-7.242949885221402e-05,-1.6553279660857362e-07,-3.365954145875311e-05,-7.416091014568117e-05,-1.7345709358211488e-07,-3.441438089203648e-05,-7.591265139242604e-05,-1.816624066181681e-07,-3.5176589582230595e-05,-7.768471695042607e-05,-1.9015529191154252e-07,-3.594613419387292e-05,-7.947710111221447e-05,-1.98942380665463e-07,-3.672298140839427e-05,-8.128979810489919e-05,-2.080303790645243e-07,-3.7507097924252784e-05,-8.312280209018192e-05,0.30000000000000004
-1.3651727222674274e-07,-3.0714543587739055e-05,-6.735730012964776e-05,-1.4338156580055703e-07,-3.1439572305578784e-05,-6.902768836586923e-05,-1.505014012720017e-07,-3.2172103788431574e-05,-7.071842308858405e-05,-1.5788303453789083e-07,-3.291210463460243e-05,-7.242949885221402e-05,-1.6553279660857362e-07,-3.365954145875311e-05,-7.416091014568117e-05,-1.7345709358211488e-07,-3.441438089203648e-05,-7.591265139242604e-05,-1.816624066181681e-07,-3.5176589582230595e-05,-7.768471695042607e-05,-1.9015529191154252e-07,-3.594613419387292e-05,-7.947710111221447e-05,-1.98942380665463e-07,-3.672298140839427e-05,-8.128979810489919e-05,-2.080303790645243e-07,-3.7507097924252784e-05,-8.312280209018192e-05,0.30000000000000004
-1.3651727222674274e-07,-3.0714543587739055e-05,-6.735730012964776e-05,-1.4338156580055703e-07,-3.1439572305578784e-05,-6.902768836586923e-05,-1.505014012720017e-07,-3.2172103788431574e-05,-7.071842308858405e-05,-1.5788303453789083e-07,-3.291210463460243e-05,-7.242949885221402e-05,-1.6553279660857362e-07,-3.365954145875311e-05,-7.416091014568117e-05,-1.7345709358211488e-07,-3.441438089203648e-05,-7.591265139242604e-05,-1.816624066181681e-07,-3.5176589582230595e-05,-7.768471695042607e-05,-1.9015529191154252e-07,-3.594613419387292e-05,-7.947710111221447e-05,-1.98942380665463e-07,-3.672298140839427e-05,-8.128979810489919e-05,-2.080303790645243e-07,-3.7507097924252784e-05,-8.312280209018192e-05,0.30000000000000004
-1.3651727222674274e-07,-3.0714543587739055e-05,-6.735730012964776e-05,-1.4338156580055703e-07,-3.1439572305578784e-05,-6.902768836586923e-05,-1.505014012720017e-07,-3.2172103788431574e-05,-7.071842308858405e-05,-1.5788303453789083e-07,-3.291210463460243e-05,-7.242949885221402e-05,-1.6553279660857362e-07,-3.365954145875311e-05,-7.416091014568117e-05,-1.7345709358211488e-07,-3.441438089203648e-05,-7.591265139242604e-05,-1.816624066181681e-07,-3.5176589582230595e-05,-7.768471695042607e-05,-1.9015529191154252e-07,-3.594613419387292e-05,-7.947710111221447e-05,-1.98942380665463e-07,-3.672298140839427e-05,-8.128979810489919e-05,-2.080303790645243e-07,-3.7507097924252784e-05,-8.312280209018192e-05,0.30000000000000004
-1.3651727222674274e-07,-3.0714543587739055e-05,-6.735730012964776e-05,-1.4338156580055703e-07,-3.1439572305578784e-05,-6.902768836586923e-05,-1.505014012720017e-07,-3.2172103788431574e-05,-7.071842308858405e-05,-1.5788303453789083e-07,-3.291210463460243e-05,-7.242949885221402e-05,-1.6553279660857362e-07,-3.365954145875311e-05,-7.416091014568117e-05,-1.7345709358211488e-07,-3.441438089203648e-05,-7.591265139242604e-05,-1.816624066181681e-07,-3.5176589582230595e-05,-7.768471695042607e-05,-1.9015529191154252e-07,-3.594613419387292e-05,-7.947710111221447e-05,-1.98942380665463e-07,-3.672298140839427e-05,-8.128979810489919e-05,-2.080303790645243e-07,-3.7507097924252784e-05,-8.312280209018192e-05,0.30000000000000004
-1.3651727222674274e-07,-3.0714543587739055e-05,-6.735730012964776e-05,-1.4338156580055703e-07,-3.1439572305578784e-05,-6.902768836586923e-05,-1.505014012720017e-07,-3.2172103788431574e-05,-7.071842308858405e-05,-1.5788303453789083e-07,-3.291210463460243e-05,-7.242949885221402e-05,-1.6553279660857362e-07,-3.365954145875311e-05,-7.416091014568117e-05,-1.7345709358211488e-07,-3.441438089203648e-05,-7.591265139242604e-05,-1.816624066181681e-07,-3.5176589582230595e-05,-7.768471695042607e-05,-1.9015529191154252e-07,-3.594613419387292e-05,-7.947710111221447e-05,-1.98942380665463e-07,-3.672298140839427e-05,-8.128979810489919e-05,-2.080303790645243e-07,-3.7507097924252784e-05,-8.312280209018192e-05,0.30000000000000004
-1.3651727222674274e-07,-3.0714543587739055e-05,-6.735730012964776e-05,-1.4338156580055703e-07,-3.1439572305578784e-05,-6.902768836586923e-05,-1.505014012720017e-07,-3.2172103788431574e-05,-7.071842308858405e-05,-1.5788303453789083e-07,-3.291210463460243e-05,-7.242949885221402e-05,-1.6553279660857362e-07,-3.365954145875311e-05,-7.416091014568117e-05,-1.7345709358211488e-07,-3.441438089203648e-05,-7.591265139242604e-05,-1.816624066181681e-07,-3.5176589582230595e-05,-7.768471695042607e-05,-1.9015529191154252e-07,-3.594613419387292e-05,-7.947710111221447e-05,-1.98942380665463e-07,-3.672298140839427e-05,-8.128979810489919e-05,-2.080303790645243e-07,-3.7507097924252784e-05,-8.312280209018192e-05,0.30000000000000004
-1.3651727222674274e-07,-3.0714543587739055e-05,-6.735730012964776e-05,-1.4338156580055703e-07,-3.1439572305578784e-05,-6.902768836586923e-05,-1.505014012720017e-07,-3.2172103788431574e-05,-7.071842308858405e-05,-1.5788303453789083e-07,-3.291210463460243e-05,-7.242949885221402e-05,-1.6553279660857362e-07,-3.365954145875311e-05,-7.416091014568117e-05,-1.7345709358211488e-07,-3.441438089203648e-05,-7.591265139242604e-05,-1.816624066181681e-07,-3.5176589582230595e-05,-7.768471695042607e-05,-1.9015529191154252e-07,-3.594613419387292e-05,-7.947710111221447e-05,-1.98942380665463e-07,-3.672298140839427e-05,-8.128979810489919e-05,-2.080303790645243e-07,-3.7507097924252784e-05,-8.312280209018192e-05,0.30000000000000004
-1.3651727222674274e-07,-3.0714543587739055e-05,-6.735730012964776e-05,-1.4338156580055703e-07,-3.1439572305578784e-05,-6.902768836586923e-05,-1.505014012720017e-07,-3.2172103788431574e-05,-7.071842308858405e-05,-1.5788303453789083e-07,-3.291210463460243e-05,-7.242949885221402e-05,-1.6553279660857362e-07,-3.365954145875311e-05,-7.416091014568117e-05,-1.7345709358211488e-07,-3.441438089203648e-05,-7.591265139242604e-05,-1.816624066181681e-07,-3.5176589582230595e-05,-7.768471695042607e-05,-1.9015529191154252e-07,-3.594613419387292e-05,-7.947710111221447e-05,-1.98942380665463e-07,-3.672298140839427e-05,-8.128979810489919e-05,-2.080303790645243e-07,-3.7507097924252784e-05,-8.312280209018192e-05,0.30000000000000004
-1.3651727222674274e-07,-3.0714543587739055e-05,-6.735730012964776e-05,-1.4338156580055703e-07,-3.1439572305578784e-05,-6.902768836586923e-05,-1.505014012720017e-07,-3.2172103788431574e-05,-7.071842308858405e-05,-1.5788303453789083e-07,-3.291210463460243e-05,-7.242949885221402e-05,-1.6553279660857362e-07,-3.365954145875311e-05,-7.416091014568117e-05,-1.7345709358211488e-07,-3.441438089203648e-05,-7.591265139242604e-05,-1.816624066181681e-07,-3.5176589582230595e-05,-7.768471695042607e-05,-1.9015529191154252e-07,-3.594613419387292e-05,-7.947710111221447e-05,-1.98942380665463e-07,-3.672298140839427e-05,-8.128979810489919e-05,-2.080303790645243e-07,-3.7507097924252784e-05,-8.312280209018192e-05,0.30000000000000004
-1.3651727222674274e-07,-3.0714543587739055e-05,-6.735730012964776e-05,-1.4338156580055703e-07,-3.1439572305578784e-05,-6.902768836586923e-05,-1.505014012720017e-07,-3.2172103788431574e-05,-7.071842308858405e-05,-1.5788303453789083e-07,-3.291210463460243e-05,-7.242949885221402e-05,-1.6553279660857362e-07,-3.365954145875311e-05,-7.416091014568117e-05,-1.7345709358211488e-07,-3.441438089203648e-05,-7.591265139242604e-05,-1.816624066181681e-07,-3.5176589582230595e-05,-7.768471695042607e-05,-1.9015529191154252e-07,-3.594613419387292e-05,-7.947710111221447e-05,-1.98942380665463e-07,-3.672298140839427e-05,-8.128979810489919e-05,-2.080303790645243e-07,-3.7507097924252784e-05,-8.312280209018192e-05,0.30000000000000004
-1.3651727222674274e-07,-3.0714543587739055e-05,-6.735730012964776e-05,-1.4338156580055703e-07,-3.1439572305578784e-05,-6.902768836586923e-05,-1.505014012720017e-07,-3.2172103788431574e-05,-7.071842308858405e-05,-1.5788303453789083e-07,-3.291210463460243e-05,-7.242949885221402e-05,-1.6553279660857362e-07,-3.365954145875311e-05,-7.416091014568117e-05,-1.7345709358211488e-07,-3.441438089203648e-05,-7.591265139242604e-05,-1.816624066181681e-07,-3.5176589582230595e-05,-7.768471695042607e-05,-1.9015529191154252e-07,-3.594613419387292e-05,-7.947710111221447e-05,-1.98942380665463e-07,-3.672298140839427e-05,-8.128979810489919e-05,-2.080303790645243e-07,-3.7507097924252784e-05,-8.312280209018192e-05,0.30000000000000004
-1.3651727222674274e-07,-3.0714543587739055e-05,-6.735730012964776e-05,-1.4338156580055703e-07,-3.1439572305578784e-05,-6.902768836586923e-05,-1.505014012720017e-07,-3.2172103788431574e-05,-7.071842308858405e-05,-1.5788303453789083e-07,-3.291210463460243e-05,-7.242949885221402e-05,-1.6553279660857362e-07,-3.365954145875311e-05,-7.416091014568117e-05,-1.7345709358211488e-07,-3.441438089203648e-05,-7.591265139242604e-05,-1.816624066181681e-07,-3.5176589582230595e-05,-7.768471695042607e-05,-1.9015529191154252e-07,-3.594613419387292e-05,-7.947710111221447e-05,-1.98942380665463e-07,-3.672298140839427e-05,-8.128979810489919e-05,-2.080303790645243e-07,-3.7507097924252784e-05,-8.312280209018192e-05,0.30000000000000004
-1.3651727222674274e-07,-3.0714543587739055e-05,-6.735730012964776e-05,-1.4338156580055703e-07,-3.1439572305578784e-05,-6.902768836586923e-05,-1.505014012720017e-07,-3.2172103788431574e-05,-7.071842308858405e-05,-1.5788303453789083e-07,-3.291210463460243e-05,-7.242949885221402e-05,-1.6553279660857362e-07,-3.365954145875311e-05,-7.416091014568117e-05,-1.7345709358211488e-07,-3.441438089203648e-05,-7.591265139242604e-05,-1.816624066181681e-07,-3.5176589582230595e-05,-7.768471695042607e-05,-1.9015529191154252e-07,-3.594613419387292e-05,-7.947710111221447e-05,-1.98942380665463e-07,-3.672298140839427e-05,-8.128979810489919e-05,-2.080303790645243e-07,-3.7507097924252784e-05,-8.312280209018192e-05,0.30000000000000004
-1.3651727222674274e-07,-3.0714543587739055e-05,-6.735730012964776e-05,-1.4338156580055703e-07,-3.1439572305578784e-05,-6.902768836586923e-05,-1.505014012720017e-07,-3.2172103788431574e-05,-7.071842308858405e-05,-1.5788303453789083e-07,-3.291210463460243e-05,-7.242949885221402e-05,-1.6553279660857362e-07,-3.365954145875311e-05,-7.416091014568117e-05,-1.7345709358211488e-07,-3.441438089203648e-05,-7.591265139242604e-05,-1.816624066181681e-07,-3.5176589582230595e-05,-7.768471695042607e-05,-1.9015529191154252e-07,-3.594613419387292e-05,-7.947710111221447e-05,-1.98942380665463e-07,-3.672298140839427e-05,-8.128979810489919e-05,-2.080303790645243e-07,-3.7507097924252784e-05,-8.312280209018192e-05,0.30000000000000004
-1.0240663702853338e-07,-2.3040111064196376e-05,-5.052719313687653e-05,-1.0755579660699744e-07,-2.358398182349263e-05,-5.178021290850782e-05,-1.1289664758001315e-07,-2.413348068324421e-05,-5.30484953293023e-05,-1.1843388272630179e-07,-2.468858258760666e-05,-5.4332036314325815e-05,-1.241722511700145e-07,-2.5249262493005273e-05,-5.563083172951034e-05,-1.3011655836136356e-07,-2.5815495368235925e-05,-5.694487739166763e-05,-1.36271666057024e-07,-2.6387256194565664e-05,-5.82741690685032e-05,-1.42642492300305e-07,-2.6964519965833338e-05,-5.961870247863028e-05,-1.4923401140109134e-07,-2.754726168855013e-05,-6.097847329158417e-05,-1.5605125391555512e-07,-2.8135456382000006e-05,-6.235347712783653e-05,0.3500000000000001
-1.0240663702853338e-07,-2.3040111064196376e-05,-5.052719313687653e-05,-1.0755579660699744e-07,-2.358398182349263e-05,-5.178021290850782e-05,-1.1289664758001315e-07,-2.413348068324421e-05,-5.30484953293023e-05,-1.1843388272630179e-07,-2.468858258760666e-05,-5.4332036314325815e-05,-1.241722511700145e-07,-2.5249262493005273e-05,-5.563083172951034e-05,-1.3011655836136356e-07,-2.5815495368235925e-05,-5.694487739166763e-05,-1.36271666057024e-07,-2.6387256194565664e-05,-5.82741690685032e-05,-1.42642492300305e-07,-2.6964519965833338e-05,-5.961870247863028e-05,-1.4923401140109134e-07,-2.754726168855013e-05,-6.097847329158417e-05,-1.5605125391555512e-07,-2.8135456382000006e-05,-6.235347712783653e-05,0.3500000000000001
-1.0240663702853338e-07,-2.3040111064196376e-05,-5.052719313687653e-05,-1.0755579660699744e-07,-2.358398182349263e-05,-5.178021290850782e-05,-1.1289664758001315e-07,-2.413348068324421e-05,-5.30484953293023e-05,-1.1843388272630179e-07,-2.468858258760666e-05,-5.4332036314325815e-05,-1.241722511700145e-07,-2.5249262493005273e-05,-5.563083172951034e-05,-1.3011655836136356e-07,-2.5815495368235925e-05,-5.694487739166763e-05,-1.36271666057024e-07,-2.6387256194565664e-05,-5.82741690685032e-05,-1.42642492300305e-07,-2.6964519965833338e-05,-5.961870247863028e-05,-1.4923401140109134e-07,-2.754726168855013e-05,-6.097847329158417e-05,-1.5605125391555512e-07,-2.8135456382000006e-05,-6.235347712783653e-05,0.3500000000000001
-1.0240663702853338e-07,-2.3040111064196376e-05,-5.052719313687653e-05,-1.0755579660699744e-07,-2.358398182349263e-05,-5.178021290850782e-05,-1.1289664758001315e-07,-2.413348068324421e-05,-5.30484953293023e-05,-1.1843388272630179e-07,-2.468858258760666e-05,-5.4332036314325815e-05,-1.241722511700145e-07,-2.5249262493005273e-05,-5.563083172951034e-05,-1.3011655836136356e-07,-2.5815495368235925e-05,-5.694487739166763e-05,-1.36271666057024e-07,-2.6387256194565664e-05,-5.82741690685032e-05,-1.42642492300305e-07,-2.6964519965833338e-05,-5.961870247863028e-05,-1.4923401140109134e-07,-2.754726168855013e-05,-6.097847329158417e-05,-1.5605125391555512e-07,-2.8135456382000006e-05,-6.235347712783653e-05,0.3500000000000001
-1.0240663702853338e-07,-2.3040111064196376e-05,-5.052719313687653e-05,-1.0755579660699744e-07,-2.358398182349263e-05,-5.178021290850782e-05,-1.1289664758001315e-07,-2.413348068324421e-05,-5.30484953293023e-05,-1.1843388272630179e-07,-2.468858258760666e-05,-5.4332036314325815e-05,-1.241722511700145e-07,-2.5249262493005273e-05,-5.563083172951034e-05,-1.3011655836136356e-07,-2.5815495368235925e-05,-5.694487739166763e-05,-1.36271666057024e-07,-2.6387256194565664e-05,-5.82741690685032e-05,-1.42642492300305e-07,-2.6964519965833338e-05,-5.961870247863028e-05,-1.4923401140109134e-07,-2.754726168855013e-05,-6.097847329158417e-05,-1.5605125391555512e-07,-2.8135456382000006e-05,-6.235347712783653e-05,0.3500000000000001
-1.0240663702853338e-07,-2.3040111064196376e-05,-5.052719313687653e-05,-1.0755579660699744e-07,-2.358398182349263e-05,-5.178021290850782e-05,-1.1289664758001315e-07,-2.413348068324421e-05,-5.30484953293023e-05,-1.1843388272630179e-07,-2.468858258760666e-05,-5.4332036314325815e-05,-1.241722511700145e-07,-2.5249262493005273e-05,-5.563083172951034e-05,-1.3011655836136356e-07,-2.5815495368235925e-05,-5.694487739166763e-05,-1.36271666057024e-07,-2.6387256194565664e-05,-5.82741690685032e-05,-1.42642492300305e-07,-2.6964519965833338e-05,-5.961870247863028e-05,-1.4923401140109134e-07,-2.754726168855013e-05,-6.097847329158417e-05,-1.5605125391555512e-07,-2.8135456382000006e-05,-6.235347712783653e-05,0.3500000000000001
-1.0240663702853338e-07,-2.3040111064196376e-05,-5.052719313687653e-05,-1.0755579660699744e-07,-2.358398182349263e-05,-5.178021290850782e-05,-1.1289664758001315e-07,-2.413348068324421e-05,-5.30484953293023e-05,-1.1843388272630179e-07,-2.468858258760666e-05,-5.4332036314325815e-05,-1.241722511700145e-07,-2.5249262493005273e-05,-5.563083172951034e-05,-1.3011655836136356e-07,-2.5815495368235925e-05,-5.694487739166763e-05,-1.36271666057024e-07,-2.6387256194565664e-05,-5.82741690685032e-05,-1.42642492300305e-07,-2.6964519965833338e-05,-5.961870247863028e-05,-1.4923401140109134e-07,-2.754726168855013e-05,-6.097847329158417e-05,-1.5605125391555512e-07,-2.8135456382000006e-05,-6.235347712783653e-05,0.3500000000000001
-1.0240663702853338e-07,-2.3040111064196376e-05,-5.052719313687653e-05,-1.0755579660699744e-07,-2.358398182349263e-05,-5.178021290850782e-05,-1.1289664758001315e-07,-2.413348068324421e-05,-5.30484953293023e-05,-1.1843388272630179e-07,-2.468858258760666e-05,-5.4332036314325815e-05,-1.241722511700145e-07,-2.5249262493005273e-05,-5.563083172951034e-05,-1.3011655836136356e-07,-2.5815495368235925e-05,-5.694487739166763e-05,-1.36271666057024e-07,-2.6387256194565664e-05,-5.82741690685032e-05,-1.42642492300305e-07,-2.6964519965833338e-05,-5.961870247863028e-05,-1.4923401140109134e-07,-2.754726168855013e-05,-6.097847329158417e-05,-1.5605125391555512e-07,-2.8135456382000006e-05,-6.235347712783653e-05,0.3500000000000001
-1.0240663702853338e-07,-2.3040111064196376e-05,-5.052719313687653e-05,-1.0755579660699744e-07,-2.358398182349263e-05,-5.178021290850782e-05,-1.1289664758001315e-07,-2.413348068324421e-05,-5.30484953293023e-05,-1.1843388272630179e-07,-2.468858258760666e-05,-5.4332036314325815e-05,-1.241722511700145e-07,-2.5249262493005273e-05,-5.563083172951034e-05,-1.3011655836136356e-07,-2.5815495368235925e-05,-5.694487739166763e-05,-1.36271666057024e-07,-2.6387256194565664e-05,-5.82741690685032e-05,-1.42642492300305e-07,-2.6964519965833338e-05,-5.961870247863028e-05,-1.4923401140109134e-07,-2.754726168855013e-05,-6.097847329158417e-05,-1.5605125391555512e-07,-2.8135456382000006e-05,-6.235347712783653e-05,0.3500000000000001
-1.0240663702853338e-07,-2.3040111064196376e-05,-5.052719313687653e-05,-1.0755579660699744e-07,-2.358398182349263e-05,-5.178021290850782e-05,-1.1289664758001315e-07,-2.413348068324421e-05,-5.30484953293023e-05,-1.1843388272630179e-07,-2.468858258760666e-05,-5.4332036314325815e-05,-1.241722511700145e-07,-2.5249262493005273e-05,-5.563083172951034e-05,-1.3011655836136356e-07,-2.5815495368235925e-05,-5.694487739166763e-05,-1.36271666057024e-07,-2.6387256194565664e-05,-5.82741690685032e-05,-1.42642492300305e-07,-2.6964519965833338e-05,-5.961870247863028e-05,-1.4923401140109134e-07,-2.754726168855013e-05,-6.097847329158417e-05,-1.5605125391555512e-07,-2.8135456382000006e-05,-6.235347712783653e-05,0.3500000000000001
-1.0240663702853338e-07,-2.3040111064196376e-05,-5.052719313687653e-05,-1.0755579660699744e-07,-2.358398182349263e-05,-5.178021290850782e-05,-1.1289664758001315e-07,-2.413348068324421e-05,-5.30484953293023e-05,-1.1843388272630179e-07,-2.468858258760666e-05,-5.4332036314325815e-05,-1.241722511700145e-07,-2.5249262493005273e-05,-5.563083172951034e-05,-1.3011655836136356e-07,-2.5815495368235925e-05,-5.694487739166763e-05,-1.36271666057024e-07,-2.6387256194565664e-05,-5.82741690685032e-05,-1.42642492300305e-07,-2.6964519965833338e-05,-5.961870247863028e-05,-1.4923401140109134e-07,-2.754726168855013e-05,-6.097847329158417e-05,-1.5605125391555512e-07,-2.8135456382000006e-05,-6.235347712783653e-05,0.3500000000000001
-1.0240663702853338e-07,-2.3040111064196376e-05,-5.052719313687653e-05,-1.0755579660699744e-07,-2.358398182349263e-05,-5.178021290850782e-05,-1.1289664758001315e-07,-2.413348068324421e-05,-5.30484953293023e-05,-1.1843388272630179e-07,-2.468858258760666e-05,-5.4332036314325815e-05,-1.241722511700145e-07,-2.5249262493005273e-05,-5.563083172951034e-05,-1.3011655836136356e-07,-2.5815495368235925e-05,-5.694487739166763e-05,-1.36271666057024e-07,-2.6387256194565664e-05,-5.82741690685032e-05,-1.42642492300305e-07,-2.6964519965833338e-05,-5.961870247863028e-05,-1.4923401140109134e-07,-2.754726168855013e-05,-6.097847329158417e-05,-1.5605125391555512e-07,-2.8135456382000006e-05,-6.235347712783653e-05,0.3500000000000001
-1.0240663702853338e-07,-2.3040111064196376e-05,-5.052719313687653e-05,-1.0755579660699744e-07,-2.358398182349263e-05,-5.178021290850782e-05,-1.1289664758001315e-07,-2.413348068324421e-05,-5.30484953293023e-05,-1.1843388272630179e-07,-2.468858258760666e-05,-5.4332036314325815e-05,-1.241722511700145e-07,-2.5249262493005273e-05,-5.563083172951034e-05,-1.3011655836136356e-07,-2.5815495368235925e-05,-5.694487739166763e-05,-1.36271666057024e-07,-2.6387256194565664e-05,-5.82741690685032e-05,-1.42642492300305e-07,-2.6964519965833338e-05,-5.961870247863028e-05,-1.4923401140109134e-07,-2.754726168855013e-05,-6.097847329158417e-05,-1.5605125391555512e-07,-2.8135456382000006e-05,-6.235347712783653e-05,0.3500000000000001
-1.0240663702853338e-07,-2.3040111064196376e-05,-5.052719313687653e-05,-1.0755579660699744e-07,-2.358398182349263e-05,-5.178021290850782e-05,-1.1289664758001315e-07,-2.413348068324421e-05,-5.30484953293023e-05,-1.1843388272630179e-07,-2.468858258760666e-05,-5.4332036314325815e-05,-1.241722511700145e-07,-2.5249262493005273e-05,-5.563083172951034e-05,-1.3011655836136356e-07,-2.5815495368235925e-05,-5.694487739166763e-05,-1.36271666057024e-07,-2.6387256194565664e-05,-5.82741690685032e-05,-1.42642492300305e-07,-2.6964519965833338e-05,-5.961870247863028e-05,-1.4923401140109134e-07,-2.754726168855013e-05,-6.097847329158417e-05,-1.5605125391555512e-07,-2.8135456382000006e-05,-6.235347712783653e-05,0.3500000000000001
-1.0240663702853338e-07,-2.3040111064196376e-05,-5.052719313687653e-05,-1.0755579660699744e-07,-2.358398182349263e-05,-5.178021290850782e-05,-1.1289664758001315e-07,-2.413348068324421e-05,-5.30484953293023e-05,-1.1843388272630179e-07,-2.468858258760666e-05,-5.4332036314325815e-05,-1.241722511700145e-07,-2.5249262493005273e-05,-5.563083172951034e-05,-1.3011655836136356e-07,-2.5815495368235925e-05,-5.694487739166763e-05,-1.36271666057024e-07,-2.6387256194565664e-05,-5.82741690685032e-05,-1.42642492300305e-07,-2.6964519965833338e-05,-5.961870247863028e-05,-1.4923401140109134e-07,-2.754726168855013e-05,-6.097847329158417e-05,-1.5605125391555512e-07,-2.8135456382000006e-05,-6.235347712783653e-05,0.3500000000000001
-1.0240663702853338e-07,-2.3040111064196376e-05,-5.052719313687653e-05,-1.0755579660699744e-07,-2.358398182349263e-05,-5.178021290850782e-05,-1.1289664758001315e-07,-2.413348068324421e-05,-5.30484953293023e-05,-1.1843388272630179e-07,-2.468858258760666e-05,-5.4332036314325815e-05,-1.241722511700145e-07,-2.5249262493005273e-05,-5.563083172951034e-05,-1.3011655836136356e-07,-2.5815495368235925e-05,-5.694487739166763e-05,-1.36271666057024e-07,-2.6387256194565664e-05,-5.82741690685032e-05,-1.42642492300305e-07,-2.6964519965833338e-05,-5.961870247863028e-05,-1.4923401140109134e-07,-2.754726168855013e-05,-6.097847329158417e-05,-1.5605125391555512e-07,-2.8135456382000006e-05,-6.235347712783653e-05,0.3500000000000001
-1.0240663702853338e-07,-2.3040111064196376e-05,-5.052719313687653e-05,-1.0755579660699744e-07,-2.358398182349263e-05,-5.178021290850782e-05,-1.1289664758001315e-07,-2.413348068324421e-05,-5.30484953293023e-05,-1.1843388272630179e-07,-2.468858258760666e-05,-5.4332036314325815e-05,-1.241722511700145e-07,-2.5249262493005273e-05,-5.563083172951034e-05,-1.3011655836136356e-07,-2.5815495368235925e-05,-5.694487739166763e-05,-1.36271666057024e-07,-2.6387256194565664e-05,-5.82741690685032e-05,-1.42642492300305e-07,-2.6964519965833338e-05,-5.961870247863028e-05,-1.4923401140109134e-07,-2.754726168855013e-05,-6.097847329158417e-05,-1.5605125391555512e-07,-2.8135456382000006e-05,-6.235347712783653e-05,0.3500000000000001
-1.0240663702853338e-07,-2.3040111064196376e-05,-5.052719313687653e-05,-1.0755579660699744e-07,-2.358398182349263e-05,-5.178021290850782e-05,-1.1289664758001315e-07,-2.413348068324421e-05,-5.30484953293023e-05,-1.1843388272630179e-07,-2.468858258760666e-05,-5.4332036314325815e-05,-1.241722511700145e-07,-2.5249262493005273e-05,-5.563083172951034e-05,-1.3011655836136356e-07,-2.5815495368235925e-05,-5.694487739166763e-05,-1.36271666057024e-07,-2.6387256194565664e-05,-5.82741690685032e-05,-1.42642492300305e-07,-2.6964519965833338e-05,-5.961870247863028e-05,-1.4923401140109134e-07,-2.754726168855013e-05,-6.097847329158417e-05,-1.5605125391555512e-07,-2.8135456382000006e-05,-6.235347712783653e-05,0.3500000000000001
-1.0240663702853338e-07,-2.3040111064196376e-05,-5.052719313687653e-05,-1.0755579660699744e-07,-2.358398182349263e-05,-5.178021290850782e-05,-1.1289664758001315e-07,-2.413348068324421e-05,-5.30484953293023e-05,-1.1843388272630179e-07,-2.468858258760666e-05,-5.4332036314325815e-05,-1.241722511700145e-07,-2.5249262493005273e-05,-5.563083172951034e-05,-1.3011655836136356e-07,-2.5815495368235925e-05,-5.694487739166763e-05,-1.36271666057024e-07,-2.6387256194565664e-05,-5.82741690685032e-05,-1.42642492300305e-07,-2.6964519965833338e-05,-5.961870247863028e-05,-1.4923401140109134e-07,-2.754726168855013e-05,-6.097847329158417e-05,-1.5605125391555512e-07,-2.8135456382000006e-05,-6.235347712783653e-05,0.3500000000000001
-1.0240663702853338e-07,-2.3040111064196376e-05,-5.052719313687653e-05,-1.0755579660699744e-07,-2.358398182349263e-05,-5.178021290850782e-05,-1.1289664758001315e-07,-2.413348068324421e-05,-5.30484953293023e-05,-1.1843388272630179e-07,-2.468858258760666e-05,-5.4332036314325815e-05,-1.241722511700145e-07,-2.5249262493005273e-05,-5.563083172951034e-05,-1.3011655836136356e-07,-2.5815495368235925e-05,-5.694487739166763e-05,-1.36271666057024e-07,-2.6387256194565664e-05,-5.82741690685032e-05,-1.42642492300305e-07,-2.6964519965833338e-05,-5.961870247863028e-05,-1.4923401140109134e-07,-2.754726168855013e-05,-6.097847329158417e-05,-1.5605125391555512e-07,-2.8135456382000006e-05,-6.235347712783653e-05,0.3500000000000001
-1.0240663702853338e-07,-2.3040111064196376e-05,-5.052719313687653e-05,-1.0755579660699744e-07,-2.358398182349263e-05,-5.178021290850782e-05,-1.1289664758001315e-07,-2.413348068324421e-05,-5.30484953293023e-05,-1.1843388272630179e-07,-2.468858258760666e-05,-5.4332036314325815e-05,-1.241722511700145e-07,-2.5249262493005273e-05,-5.563083172951034e-05,-1.3011655836136356e-07,-2.5815495368235925e-05,-5.694487739166763e-05,-1.36271666057024e-07,-2.6387256194565664e-05,-5.82741690685032e-05,-1.42642492300305e-07,-2.6964519965833338e-05,-5.961870247863028e-05,-1.4923401140109134e-07,-2.754726168855013e-05,-6.097847329158417e-05,-1.5605125391555512e-07,-2.8135456382000006e-05,-6.235347712783653e-05,0.3500000000000001
-1.0240663702853338e-07,-2.3040111064196376e-05,-5.052719313687653e-05,-1.0755579660699744e-07,-2.358398182349263e-05,-5.178021290850782e-05,-1.1289664758001315e-07,-2.413348068324421e-05,-5.30484953293023e-05,-1.1843388272630179e-07,-2.468858258760666e-05,-5.4332036314325815e-05,-1.241722511700145e-07,-2.5249262493005273e-05,-5.563083172951034e-05,-1.3011655836136356e-07,-2.5815495368235925e-05,-5.694487739166763e-05,-1.36271666057024e-07,-2.6387256194565664e-05,-5.82741690685032e-05,-1.42642492300305e-07,-2.6964519965833338e-05,-5.961870247863028e-05,-1.4923401140109134e-07,-2.754726168855013e-05,-6.097847329158417e-05,-1.5605125391555512e-07,-2.8135456382000006e-05,-6.235347712783653e-05,0.3500000000000001
-1.0240663702853338e-07,-2.3040111064196376e-05,-5.052719313687653e-05,-1.0755579660699744e-07,-2.358398182349263e-05,-5.178021290850782e-05,-1.1289664758001315e-07,-2.413348068324421e-05,-5.30484953293023e-05,-1.1843388272630179e-07,-2.468858258760666e-05,-5.4332036314325815e-05,-1.241722511700145e-07,-2.5249262493005273e-05,-5.563083172951034e-05,-1.3011655836136356e-07,-2.5815495368235925e-05,-5.694487739166763e-05,-1.36271666057024e-07,-2.6387256194565664e-05,-5.82741690685032e-05,-1.42642492300305e-07,-2.6964519965833338e-05,-5.961870247863028e-05,-1.4923401140109134e-07,-2.754726168855013e-05,-6.097847329158417e-05,-1.5605125391555512e-07,-2.8135456382000006e-05,-6.235347712783653e-05,0.3500000000000001
-1.0240663702853338e-07,-2.3040111064196376e-05,-5.052719313687653e-05,-1.0755579660699744e-07,-2.358398182349263e-05,-5.178021290850782e-05,-1.1289664758001315e-07,-2.413348068324421e-05,-5.30484953293023e-05,-1.1843388272630179e-07,-2.468858258760666e-05,-5.4332036314325815e-05,-1.241722511700145e-07,-2.5249262493005273e-05,-5.563083172951034e-05,-1.3011655836136356e-07,-2.5815495368235925e-05,-5.694487739166763e-05,-1.36271666057024e-07,-2.6387256194565664e-05,-5.82741690685032e-05,-1.42642492300305e-07,-2.6964519965833338e-05,-5.961870247863028e-05,-1.4923401140109134e-07,-2.754726168855013e-05,-6.097847329158417e-05,-1.5605125391555512e-07,-2.8135456382000006e-05,-6.235347712783653e-05,0.3500000000000001
-1.0240663702853338e-07,-2.3040111064196376e-05,-5.052719313687653e-05,-1.0755579660699744e-07,-2.358398182349263e-05,-5.178021290850782e-05,-1.1289664758001315e-07,-2.413348068324421e-05,-5.30484953293023e-05,-1.1843388272630179e-07,-2.468858258760666e-05,-5.4332036314325815e-05,-1.241722511700145e-07,-2.5249262493005273e-05,-5.563083172951034e-05,-1.3011655836136356e-07,-2.5815495368235925e-05,-5.694487739166763e-05,-1.36271666057024e-07,-2.6387256194565664e-05,-5.82741690685032e-05,-1.42642492300305e-07,-2.6964519965833338e-05,-5.961870247863028e-05,-1.4923401140109134e-07,-2.754726168855013e-05,-6.097847329158417e-05,-1.5605125391555512e-07,-2.8135456382000006e-05,-6.235347712783653e-05,0.3500000000000001
-1.0240663702853338e-07,-2.3040111064196376e-05,-5.052719313687653e-05,-1.0755579660699744e-07,-2.358398182349263e-05,-5.178021290850782e-05,-1.1289664758001315e-07,-2.413348068324421e-05,-5.30484953293023e-05,-1.1843388272630179e-07,-2.468858258760666e-05,-5.4332036314325815e-05,-1.241722511700145e-07,-2.5249262493005273e-05,-5.563083172951034e-05,-1.3011655836136356e-07,-2.5815495368235925e-05,-5.694487739166763e-05,-1.36271666057024e-07,-2.6387256194565664e-05,-5.82741690685032e-05,-1.42642492300305e-07,-2.6964519965833338e-05,-5.961870247863028e-05,-1.4923401140109134e-07,-2.754726168855013e-05,-6.097847329158417e-05,-1.5605125391555512e-07,-2.8135456382000006e-05,-6.235347712783653e-05,0.3500000000000001
-1.0240663702853338e-07,-2.3040111064196376e-05,-5.052719313687653e-05,-1.0755579660699744e-07,-2.358398182349263e-05,-5.178021290850782e-05,-1.1289664758001315e-07,-2.413348068324421e-05,-5.30484953293023e-05,-1.1843388272630179e-07,-2.468858258760666e-05,-5.4332036314325815e-05,-1.241722511700145e-07,-2.5249262493005273e-05,-5.563083172951034e-05,-1.3011655836136356e-07,-2.5815495368235925e-05,-5.694487739166763e-05,-1.36271666057024e-07,-2.6387256194565664e-05,-5.82741690685032e-05,-1.42642492300305e-07,-2.6964519965833338e-05,-5.961870247863028e-05,-1.4923401140109134e-07,-2.754726168855013e-05,-6.097847329158417e-05,-1.5605125391555512e-07,-2.8135456382000006e-05,-6.235347712783653e-05,0.3500000000000001
-1.0240663702853338e-07,-2.3040111064196376e-05,-5.052719313687653e-05,-1.0755579660699744e-07,-2.358398182349263e-05,-5.178021290850782e-05,-1.1289664758001315e-07,-2.413348068324421e-05,-5.30484953293023e-05,-1.1843388272630179e-07,-2.468858258760666e-05,-5.4332036314325815e-05,-1.241722511700145e-07,-2.5249262493005273e-05,-5.563083172951034e-05,-1.3011655836136356e-07,-2.5815495368235925e-05,-5.694487739166763e-05,-1.36271666057024e-07,-2.6387256194565664e-05,-5.82741690685032e-05,-1.42642492300305e-07,-2.6964519965833338e-05,-5.961870247863028e-05,-1.4923401140109134e-07,-2.754726168855013e-05,-6.097847329158417e-05,-1.5605125391555512e-07,-2.8135456382000006e-05,-6.235347712783653e-05,0.3500000000000001
-1.0240663702853338e-07,-2.3040111064196376e-05,-5.052719313687653e-05,-1.0755579660699744e-07,-2.358398182349263e-05,-5.178021290850782e-05,-1.1289664758001315e-07,-2.413348068324421e-05,-5.30484953293023e-05,-1.1843388272630179e-07,-2.468858258760666e-05,-5.4332036314325815e-05,-1.241722511700145e-07,-2.5249262493005273e-05,-5.563083172951034e-05,-1.3011655836136356e-07,-2.5815495368235925e-05,-5.694487739166763e-05,-1.36271666057024e-07,-2.6387256194565664e-05,-5.82741690685032e-05,-1.42642492300305e-07,-2.6964519965833338e-05,-5.961870247863028e-05,-1.4923401140109134e-07,-2.754726168855013e-05,-6.097847329158417e-05,-1.5605125391555512e-07,-2.8135456382000006e-05,-6.235347712783653e-05,0.3500000000000001
-1.0240663702853338e-07,-2.3040111064196376e-05,-5.052719313687653e-05,-1.0755579660699744e-07,-2.358398182349263e-05,-5.178021290850782e-05,-1.1289664758001315e-07,-2.413348068324421e-05,-5.30484953293023e-05,-1.1843388272630179e-07,-2.468858258760666e-05,-5.4332036314325815e-05,-1.241722511700145e-07,-2.5249262493005273e-05,-5.563083172951034e-05,-1.3011655836136356e-07,-2.5815495368235925e-05,-5.694487739166763e-05,-1.36271666057024e-07,-2.6387256194565664e-05,-5.82741690685032e-05,-1.42642492300305e-07,-2.6964519965833338e-05,-5.961870247863028e-05,-1.4923401140109134e-07,-2.754726168855013e-05,-6.097847329158417e-05,-1.5605125391555512e-07,-2.8135456382000006e-05,-6.235347712783653e-05,0.3500000000000001
-1.0240663702853338e-07,-2.3040111064196376e-05,-5.052719313687653e-05,-1.0755579660699744e-07,-2.358398182349263e-05,-5.178021290850782e-05,-1.1289664758001315e-07,-2.413348068324421e-05,-5.30484953293023e-05,-1.1843388272630179e-07,-2.468858258760666e-05,-5.4332036314325815e-05,-1.241722511700145e-07,-2.5249262493005273e-05,-5.563083172951034e-05,-1.3011655836136356e-07,-2.5815495368235925e-05,-5.694487739166763e-05,-1.36271666057024e-07,-2.6387256194565664e-05,-5.82741690685032e-05,-1.42642492300305e-07,-2.6964519965833338e-05,-5.961870247863028e-05,-1.4923401140109134e-07,-2.754726168855013e-05,-6.097847329158417e-05,-1.5605125391555512e-07,-2.8135456382000006e-05,-6.235347712783653e-05,0.3500000000000001
-1.0240663702853338e-07,-2.3040111064196376e-05,-5.052719313687653e-05,-1.0755579660699744e-07,-2.358398182349263e-05,-5.178021290850782e-05,-1.1289664758001315e-07,-2.413348068324421e-05,-5.30484953293023e-05,-1.1843388272630179e-07,-2.468858258760666e-05,-5.4332036314325815e-05,-1.241722511700145e-07,-2.5249262493005273e-05,-5.563083172951034e-05,-1.3011655836136356e-07,-2.5815495368235925e-05,-5.694487739166763e-05,-1.36271666057024e-07,-2.6387256194565664e-05,-5.82741690685032e-05,-1.42642492300305e-07,-2.6964519965833338e-05,-5.961870247863028e-05,-1.4923401140109134e-07,-2.754726168855013e-05,-6.097847329158417e-05,-1.5605125391555512e-07,-2.8135456382000006e-05,-6.235347712783653e-05,0.3500000000000001
-1.0240663702853338e-07,-2.3040111064196376e-05,-5.052719313687653e-05,-1.0755579660699744e-07,-2.358398182349263e-05,-5.178021290850782e-05,-1.1289664758001315e-07,-2.413348068324421e-05,-5.30484953293023e-05,-1.1843388272630179e-07,-2.468858258760666e-05,-5.4332036314325815e-05,-1.241722511700145e-07,-2.5249262493005273e-05,-5.563083172951034e-05,-1.3011655836136356e-07,-2.5815495368235925e-05,-5.694487739166763e-05,-1.36271666057024e-07,-2.6387256194565664e-05,-5.82741690685032e-05,-1.42642492300305e-07,-2.6964519965833338e-05,-5.961870247863028e-05,-1.4923401140109134e-07,-2.754726168855013e-05,-6.097847329158417e-05,-1.5605125391555512e-07,-2.8135456382000006e-05,-6.235347712783653e-05,0.3500000000000001
-1.0240663702853338e-07,-2.3040111064196376e-05,-5.052719313687653e-05,-1.0755579660699744e-07,-2.358398182349263e-05,-5.178021290850782e-05,-1.1289664758001315e-07,-2.413348068324421e-05,-5.30484953293023e-05,-1.1843388272630179e-07,-2.468858258760666e-05,-5.4332036314325815e-05,-1.241722511700145e-07,-2.5249262493005273e-05,-5.563083172951034e-05,-1.3011655836136356e-07,-2.5815495368235925e-05,-5.694487739166763e-05,-1.36271666057024e-07,-2.6387256194565664e-05,-5.82741690685032e-05,-1.42642492300305e-07,-2.6964519965833338e-05,-5.961870247863028e-05,-1.4923401140109134e-07,-2.754726168855013e-05,-6.097847329158417e-05,-1.5605125391555512e-07,-2.8135456382000006e-05,-6.235347712783653e-05,0.3500000000000001
-1.0240663702853338e-07,-2.3040111064196376e-05,-5.052719313687653e-05,-1.0755579660699744e-07,-2.358398182349263e-05,-5.178021290850782e-05,-1.1289664758001315e-07,-2.413348068324421e-05,-5.30484953293023e-05,-1.1843388272630179e-07,-2.468858258760666e-05,-5.4332036314325815e-05,-1.241722511700145e-07,-2.5249262493005273e-05,-5.563083172951034e-05,-1.3011655836136356e-07,-2.5815495368235925e-05,-5.694487739166763e-05,-1.36271666057024e-07,-2.6387256194565664e-05,-5.82741690685032e-05,-1.42642492300305e-07,-2.6964519965833338e-05,-5.961870247863028e-05,-1.4923401140109134e-07,-2.754726168855013e-05,-6.097847329158417e-05,-1.5605125391555512e-07,-2.8135456382000006e-05,-6.235347712783653e-05,0.3500000000000001
-1.0240663702853338e-07,-2.3040111064196376e-05,-5.052719313687653e-05,-1.0755579660699744e-07,-2.358398182349263e-05,-5.178021290850782e-05,-1.1289664758001315e-07,-2.413348068324421e-05,-5.30484953293023e-05,-1.1843388272630179e-07,-2.468858258760666e-05,-5.4332036314325815e-05,-1.241722511700145e-07,-2.5249262493005273e-05,-5.563083172951034e-05,-1.3011655836136356e-07,-2.5815495368235925e-05,-5.694487739166763e-05,-1.36271666057024e-07,-2.6387256194565664e-05,-5.82741690685032e-05,-1.42642492300305e-07,-2.6964519965833338e-05,-5.961870247863028e-05,-1.4923401140109134e-07,-2.754726168855013e-05,-6.097847329158417e-05,-1.5605125391555512e-07,-2.8135456382000006e-05,-6.235347712783653e-05,0.3500000000000001
-1.0240663702853338e-07,-2.3040111064196376e-05,-5.052719313687653e-05,-1.0755579660699744e-07,-2.358398182349263e-05,-5.178021290850782e-05,-1.1289664758001315e-07,-2.413348068324421e-05,-5.30484953293023e-05,-1.1843388272630179e-07,-2.468858258760666e-05,-5.4332036314325815e-05,-1.241722511700145e-07,-2.5249262493005273e-05,-5.563083172951034e-05,-1.3011655836136356e-07,-2.5815495368235925e-05,-5.694487739166763e-05,-1.36271666057024e-07,-2.6387256194565664e-05,-5.82741690685032e-05,-1.42642492300305e-07,-2.6964519965833338e-05,-5.961870247863028e-05,-1.4923401140109134e-07,-2.754726168855013e-05,-6.097847329158417e-05,-1.5605125391555512e-07,-2.8135456382000006e-05,-6.235347712783653e-05,0.3500000000000001
-1.0240663702853338e-07,-2.3040111064196376e-05,-5.052719313687653e-05,-1.0755579660699744e-07,-2.358398182349263e-05,-5.178021290850782e-05,-1.1289664758001315e-07,-2.413348068324421e-05,-5.30484953293023e-05,-1.1843388272630179e-07,-2.468858258760666e-05,-5.4332036314325815e-05,-1.241722511700145e-07,-2.5249262493005273e-05,-5.563083172951034e-05,-1.3011655836136356e-07,-2.5815495368235925e-05,-5.694487739166763e-05,-1.36271666057024e-07,-2.6387256194565664e-05,-5.82741690685032e-05,-1.42642492300305e-07,-2.6964519965833338e-05,-5.961870247863028e-05,-1.4923401140109134e-07,-2.754726168855013e-05,-6.097847329158417e-05,-1.5605125391555512e-07,-2.8135456382000006e-05,-6.235347712783653e-05,0.3500000000000001
-1.0240663702853338e-07,-2.3040111064196376e-05,-5.052719313687653e-05,-1.0755579660699744e-07,-2.358398182349263e-05,-5.178021290850782e-05,-1.1289664758001315e-07,-2.413348068324421e-05,-5.30484953293023e-05,-1.1843388272630179e-07,-2.468858258760666e-05,-5.4332036314325815e-05,-1.241722511700145e-07,-2.5249262493005273e-05,-5.563083172951034e-05,-1.3011655836136356e-07,-2.5815495368235925e-05,-5.694487739166763e-05,-1.36271666057024e-07,-2.6387256194565664e-05,-5.82741690685032e-05,-1.42642492300305e-07,-2.6964519965833338e-05,-5.961870247863028e-05,-1.4923401140109134e-07,-2.754726168855013e-05,-6.097847329158417e-05,-1.5605125391555512e-07,-2.8135456382000006e-05,-6.235347712783653e-05,0.3500000000000001
-1.0240663702853338e-07,-2.3040111064196376e-05,-5.052719313687653e-05,-1.0755579660699744e-07,-2.358398182349263e-05,-5.178021290850782e-05,-1.1289664758001315e-07,-2.413348068324421e-05,-5.30484953293023e-05,-1.1843388272630179e-07,-2.468858258760666e-05,-5.4332036314325815e-05,-1.241722511700145e-07,-2.5249262493005273e-05,-5.563083172951034e-05,-1.3011655836136356e-07,-2.5815495368235925e-05,-5.694487739166763e-05,-1.36271666057024e-07,-2.6387256194565664e-05,-5.82741690685032e-05,-1.42642492300305e-07,-2.6964519965833338e-05,-5.961870247863028e-05,-1.4923401140109134e-07,-2.754726168855013e-05,-6.097847329158417e-05,-1.5605125391555512e-07,-2.8135456382000006e-05,-6.235347712783653e-05,0.3500000000000001
-1.0240663702853338e-07,-2.3040111064196376e-05,-5.052719313687653e-05,-1.0755579660699744e-07,-2.358398182349263e-05,-5.178021290850782e-05,-1.1289664758001315e-07,-2.413348068324421e-05,-5.30484953293023e-05,-1.1843388272630179e-07,-2.468858258760666e-05,-5.4332036314325815e-05,-1.241722511700145e-07,-2.5249262493005273e-05,-5.563083172951034e-05,-1.3011655836136356e-07,-2.5815495368235925e-05,-5.694487739166763e-05,-1.36271666057024e-07,-2.6387256194565664e-05,-5.82741690685032e-05,-1.42642492300305e-07,-2.6964519965833338e-05,-5.961870247863028e-05,-1.4923401140109134e-07,-2.754726168855013e-05,-6.097847329158417e-05,-1.5605125391555512e-07,-2.8135456382000006e-05,-6.235347712783653e-05,0.3500000000000001
-1.0240663702853338e-07,-2.3040111064196376e-05,-5.052719313687653e-05,-1.0755579660699744e-07,-2.358398182349263e-05,-5.178021290850782e-05,-1.1289664758001315e-07,-2.413348068324421e-05,-5.30484953293023e-05,-1.1843388272630179e-07,-2.468858258760666e-05,-5.4332036314325815e-05,-1.241722511700145e-07,-2.5249262493005273e-05,-5.563083172951034e-05,-1.3011655836136356e-07,-2.5815495368235925e-05,-5.694487739166763e-05,-1.36271666057024e-07,-2.6387256194565664e-05,-5.82741690685032e-05,-1.42642492300305e-07,-2.6964519965833338e-05,-5.961870247863028e-05,-1.4923401140109134e-07,-2.754726168855013e-05,-6.097847329158417e-05,-1.5605125391555512e-07,-2.8135456382000006e-05,-6.235347712783653e-05,0.3500000000000001
-1.0240663702853338e-07,-2.3040111064196376e-05,-5.052719313687653e-05,-1.0755579660699744e-07,-2.358398182349263e-05,-5.178021290850782e-05,-1.1289664758001315e-07,-2.413348068324421e-05,-5.30484953293023e-05,-1.1843388272630179e-07,-2.468858258760666e-05,-5.4332036314325815e-05,-1.241722511700145e-07,-2.5249262493005273e-05,-5.563083172951034e-05,-1.3011655836136356e-07,-2.5815495368235925e-05,-5.694487739166763e-05,-1.36271666057024e-07,-2.6387256194565664e-05,-5.82741690685032e-05,-1.42642492300305e-07,-2.6964519965833338e-05,-5.961870247863028e-05,-1.4923401140109134e-07,-2.754726168855013e-05,-6.097847329158417e-05,-1.5605125391555512e-07,-2.8135456382000006e-05,-6.235347712783653e-05,0.3500000000000001
-1.0240663702853338e-07,-2.3040111064196376e-05,-5.052719313687653e-05,-1.0755579660699744e-07,-2.358398182349263e-05,-5.178021290850782e-05,-1.1289664758001315e-07,-2.413348068324421e-05,-5.30484953293023e-05,-1.1843388272630179e-07,-2.468858258760666e-05,-5.4332036314325815e-05,-1.241722511700145e-07,-2.5249262493005273e-05,-5.563083172951034e-05,-1.3011655836136356e-07,-2.5815495368235925e-05,-5.694487739166763e-05,-1.36271666057024e-07,-2.6387256194565664e-05,-5.82741690685032e-05,-1.42642492300305e-07,-2.6964519965833338e-05,-5.961870247863028e-05,-1.4923401140109134e-07,-2.754726168855013e-05,-6.097847329158417e-05,-1.5605125391555512e-07,-2.8135456382000006e-05,-6.235347712783653e-05,0.3500000000000001
-1.0240663702853338e-07,-2.3040111064196376e-05,-5.052719313687653e-05,-1.0755579660699744e-07,-2.358398182349263e-05,-5.178021290850782e-05,-1.1289664758001315e-07,-2.413348068324421e-05,-5.30484953293023e-05,-1.1843388272630179e-07,-2.468858258760666e-05,-5.4332036314325815e-05,-1.241722511700145e-07,-2.5249262493005273e-05,-5.563083172951034e-05,-1.3011655836136356e-07,-2.5815495368235925e-05,-5.694487739166763e-05,-1.36271666057024e-07,-2.6387256194565664e-05,-5.82741690685032e-05,-1.42642492300305e-07,-2.6964519965833338e-05,-5.961870247863028e-05,-1.4923401140109134e-07,-2.754726168855013e-05,-6.097847329158417e-05,-1.5605125391555512e-07,-2.8135456382000006e-05,-6.235347712783653e-05,0.3500000000000001
-1.0240663702853338e-07,-2.3040111064196376e-05,-5.052719313687653e-05,-1.0755579660699744e-07,-2.358398182349263e-05,-5.178021290850782e-05,-1.1289664758001315e-07,-2.413348068324421e-05,-5.30484953293023e-05,-1.1843388272630179e-07,-2.468858258760666e-05,-5.4332036314325815e-05,-1.241722511700145e-07,-2.5249262493005273e-05,-5.563083172951034e-05,-1.3011655836136356e-07,-2.5815495368235925e-05,-5.694487739166763e-05,-1.36271666057024e-07,-2.6387256194565664e-05,-5.82741690685032e-05,-1.42642492300305e-07,-2.6964519965833338e-05,-5.961870247863028e-05,-1.4923401140109134e-07,-2.754726168855013e-05,-6.097847329158417e-05,-1.5605125391555512e-07,-2.8135456382000006e-05,-6.235347712783653e-05,0.3500000000000001
-1.0240663702853338e-07,-2.3040111064196376e-05,-5.052719313687653e-05,-1.0755579660699744e-07,-2.358398182349263e-05,-5.178021290850782e-05,-1.1289664758001315e-07,-2.413348068324421e-05,-5.30484953293023e-05,-1.1843388272630179e-07,-2.468858258760666e-05,-5.4332036314325815e-05,-1.241722511700145e-07,-2.5249262493005273e-05,-5.563083172951034e-05,-1.3011655836136356e-07,-2.5815495368235925e-05,-5.694487739166763e-05,-1.36271666057024e-07,-2.6387256194565664e-05,-5.82741690685032e-05,-1.42642492300305e-07,-2.6964519965833338e-05,-5.961870247863028e-05,-1.4923401140109134e-07,-2.754726168855013e-05,-6.097847329158417e-05,-1.5605125391555512e-07,-2.8135456382000006e-05,-6.235347712783653e-05,0.3500000000000001
-1.0240663702853338e-07,-2.3040111064196376e-05,-5.052719313687653e-05,-1.0755579660699744e-07,-2.358398182349263e-05,-5.178021290850782e-05,-1.1289664758001315e-07,-2.413348068324421e-05,-5.30484953293023e-05,-1.1843388272630179e-07,-2.468858258760666e-05,-5.4332036314325815e-05,-1.241722511700145e-07,-2.5249262493005273e-05,-5.563083172951034e-05,-1.3011655836136356e-07,-2.5815495368235925e-05,-5.694487739166763e-05,-1.36271666057024e-07,-2.6387256194565664e-05,-5.82741690685032e-05,-1.42642492300305e-07,-2.6964519965833338e-05,-5.961870247863028e-05,-1.4923401140109134e-07,-2.754726168855013e-05,-6.097847329158417e-05,-1.5605125391555512e-07,-2.8135456382000006e-05,-6.235347712783653e-05,0.3500000000000001
-1.0240663702853338e-07,-2.3040111064196376e-05,-5.052719313687653e-05,-1.0755579660699744e-07,-2.358398182349263e-05,-5.178021290850782e-05,-1.1289664758001315e-07,-2.413348068324421e-05,-5.30484953293023e-05,-1.1843388272630179e-07,-2.468858258760666e-05,-5.4332036314325815e-05,-1.241722511700145e-07,-2.5249262493005273e-05,-5.563083172951034e-05,-1.3011655836136356e-07,-2.5815495368235925e-05,-5.694487739166763e-05,-1.36271666057024e-07,-2.6387256194565664e-05,-5.82741690685032e-05,-1.42642492300305e-07,-2.6964519965833338e-05,-5.961870247863028e-05,-1.4923401140109134e-07,-2.754726168855013e-05,-6.097847329158417e-05,-1.5605125391555512e-07,-2.8135456382000006e-05,-6.235347712783653e-05,0.3500000000000001
-1.0240663702853338e-07,-2.3040111064196376e-05,-5.052719313687653e-05,-1.0755579660699744e-07,-2.358398182349263e-05,-5.178021290850782e-05,-1.1289664758001315e-07,-2.413348068324421e-05,-5.30484953293023e-05,-1.1843388272630179e-07,-2.468858258760666e-05,-5.4332036314325815e-05,-1.241722511700145e-07,-2.5249262493005273e-05,-5.563083172951034e-05,-1.3011655836136356e-07,-2.5815495368235925e-05,-5.694487739166763e-05,-1.36271666057024e-07,-2.6387256194565664e-05,-5.82741690685032e-05,-1.42642492300305e-07,-2.6964519965833338e-05,-5.961870247863028e-05,-1.4923401140109134e-07,-2.754726168855013e-05,-6.097847329158417e-05,-1.5605125391555512e-07,-2.8135456382000006e-05,-6.235347712783653e-05,0.3500000000000001
-1.0240663702853338e-07,-2.3040111064196376e-05,-5.052719313687653e-05,-1.0755579660699744e-07,-2.358398182349263e-05,-5.178021290850782e-05,-1.1289664758001315e-07,-2.413348068324421e-05,-5.30484953293023e-05,-1.1843388272630179e-07,-2.468858258760666e-05,-5.4332036314325815e-05,-1.241722511700145e-07,-2.5249262493005273e-05,-5.563083172951034e-05,-1.3011655836136356e-07,-2.5815495368235925e-05,-5.694487739166763e-05,-1.36271666057024e-07,-2.6387256194565664e-05,-5.82741690685032e-05,-1.42642492300305e-07,-2.6964519965833338e-05,-5.961870247863028e-05,-1.4923401140109134e-07,-2.754726168855013e-05,-6.097847329158417e-05,-1.5605125391555512e-07,-2.8135456382000006e-05,-6.235347712783653e-05,0.3500000000000001
-1.0240663702853338e-07,-2.3040111064196376e-05,-5.052719313687653e-05,-1.0755579660699744e-07,-2.358398182349263e-05,-5.178021290850782e-05,-1.1289664758001315e-07,-2.413348068324421e-05,-5.30484953293023e-05,-1.1843388272630179e-07,-2.468858258760666e-05,-5.4332036314325815e-05,-1.241722511700145e-07,-2.5249262493005273e-05,-5.563083172951034e-05,-1.3011655836136356e-07,-2.5815495368235925e-05,-5.694487739166763e-05,-1.36271666057024e-07,-2.6387256194565664e-05,-5.82741690685032e-05,-1.42642492300305e-07,-2.6964519965833338e-05,-5.961870247863028e-05,-1.4923401140109134e-07,-2.754726168855013e-05,-6.097847329158417e-05,-1.5605125391555512e-07,-2.8135456382000006e-05,-6.235347712783653e-05,0.3500000000000001
-1.0240663702853338e-07,-2.3040111064196376e-05,-5.052719313687653e-05,-1.0755579660699744e-07,-2.358398182349263e-05,-5.178021290850782e-05,-1.1289664758001315e-07,-2.413348068324421e-05,-5.30484953293023e-05,-1.1843388272630179e-07,-2.468858258760666e-05,-5.4332036314325815e-05,-1.241722511700145e-07,-2.5249262493005273e-05,-5.563083172951034e-05,-1.3011655836136356e-07,-2.5815495368235925e-05,-5.694487739166763e-05,-1.36271666057024e-07,-2.6387256194565664e-05,-5.82741690685032e-05,-1.42642492300305e-07,-2.6964519965833338e-05,-5.961870247863028e-05,-1.4923401140109134e-07,-2.754726168855013e-05,-6.097847329158417e-05,-1.5605125391555512e-07,-2.8135456382000006e-05,-6.235347712783653e-05,0.3500000000000001
-1.0240663702853338e-07,-2.3040111064196376e-05,-5.052719313687653e-05,-1.0755579660699744e-07,-2.358398182349263e-05,-5.178021290850782e-05,-1.1289664758001315e-07,-2.413348068324421e-05,-5.30484953293023e-05,-1.1843388272630179e-07,-2.468858258760666e-05,-5.4332036314325815e-05,-1.241722511700145e-07,-2.5249262493005273e-05,-5.563083172951034e-05,-1.3011655836136356e-07,-2.5815495368235925e-05,-5.694487739166763e-05,-1.36271666057024e-07,-2.6387256194565664e-05,-5.82741690685032e-05,-1.42642492300305e-07,-2.6964519965833338e-05,-5.961870247863028e-05,-1.4923401140109134e-07,-2.754726168855013e-05,-6.097847329158417e-05,-1.5605125391555512e-07,-2.8135456382000006e-05,-6.235347712783653e-05,0.3500000000000001
-1.0240663702853338e-07,-2.3040111064196376e-05,-5.052719313687653e-05,-1.0755579660699744e-07,-2.358398182349263e-05,-5.178021290850782e-05,-1.1289664758001315e-07,-2.413348068324421e-05,-5.30484953293023e-05,-1.1843388272630179e-07,-2.468858258760666e-05,-5.4332036314325815e-05,-1.241722511700145e-07,-2.5249262493005273e-05,-5.563083172951034e-05,-1.3011655836136356e-07,-2.5815495368235925e-05,-5.694487739166763e-05,-1.36271666057024e-07,-2.6387256194565664e-05,-5.82741690685032e-05,-1.42642492300305e-07,-2.6964519965833338e-05,-5.961870247863028e-05,-1.4923401140109134e-07,-2.754726168855013e-05,-6.097847329158417e-05,-1.5605125391555512e-07,-2.8135456382000006e-05,-6.235347712783653e-05,0.3500000000000001
-1.0240663702853338e-07,-2.3040111064196376e-05,-5.052719313687653e-05,-1.0755579660699744e-07,-2.358398182349263e-05,-5.178021290850782e-05,-1.1289664758001315e-07,-2.413348068324421e-05,-5.30484953293023e-05,-1.1843388272630179e-07,-2.468858258760666e-05,-5.4332036314325815e-05,-1.241722511700145e-07,-2.5249262493005273e-05,-5.563083172951034e-05,-1.3011655836136356e-07,-2.5815495368235925e-05,-5.694487739166763e-05,-1.36271666057024e-07,-2.6387256194565664e-05,-5.82741690685032e-05,-1.42642492300305e-07,-2.6964519965833338e-05,-5.961870247863028e-05,-1.4923401140109134e-07,-2.754726168855013e-05,-6.097847329158417e-05,-1.5605125391555512e-07,-2.8135456382000006e-05,-6.235347712783653e-05,0.3500000000000001
-1.0240663702853338e-07,-2.3040111064196376e-05,-5.052719313687653e-05,-1.0755579660699744e-07,-2.358398182349263e-05,-5.178021290850782e-05,-1.1289664758001315e-07,-2.413348068324421e-05,-5.30484953293023e-05,-1.1843388272630179e-07,-2.468858258760666e-05,-5.4332036314325815e-05,-1.241722511700145e-07,-2.5249262493005273e-05,-5.563083172951034e-05,-1.3011655836136356e-07,-2.5815495368235925e-05,-5.694487739166763e-05,-1.36271666057024e-07,-2.6387256194565664e-05,-5.82741690685032e-05,-1.42642492300305e-07,-2.6964519965833338e-05,-5.961870247863028e-05,-1.4923401140109134e-07,-2.754726168855013e-05,-6.097847329158417e-05,-1.5605125391555512e-07,-2.8135456382000006e-05,-6.235347712783653e-05,0.3500000000000001
-1.0240663702853338e-07,-2.3040111064196376e-05,-5.052719313687653e-05,-1.0755579660699744e-07,-2.358398182349263e-05,-5.178021290850782e-05,-1.1289664758001315e-07,-2.413348068324421e-05,-5.30484953293023e-05,-1.1843388272630179e-07,-2.468858258760666e-05,-5.4332036314325815e-05,-1.241722511700145e-07,-2.5249262493005273e-05,-5.563083172951034e-05,-1.3011655836136356e-07,-2.5815495368235925e-05,-5.694487739166763e-05,-1.36271666057024e-07,-2.6387256194565664e-05,-5.82741690685032e-05,-1.42642492300305e-07,-2.6964519965833338e-05,-5.961870247863028e-05,-1.4923401140109134e-07,-2.754726168855013e-05,-6.097847329158417e-05,-1.5605125391555512e-07,-2.8135456382000006e-05,-6.235347712783653e-05,0.3500000000000001
-1.0240663702853338e-07,-2.3040111064196376e-05,-5.052719313687653e-05,-1.0755579660699744e-07,-2.358398182349263e-05,-5.178021290850782e-05,-1.1289664758001315e-07,-2.413348068324421e-05,-5.30484953293023e-05,-1.1843388272630179e-07,-2.468858258760666e-05,-5.4332036314325815e-05,-1.241722511700145e-07,-2.5249262493005273e-05,-5.563083172951034e-05,-1.3011655836136356e-07,-2.5815495368235925e-05,-5.694487739166763e-05,-1.36271666057024e-07,-2.6387256194565664e-05,-5.82741690685032e-05,-1.42642492300305e-07,-2.6964519965833338e-05,-5.961870247863028e-05,-1.4923401140109134e-07,-2.754726168855013e-05,-6.097847329158417e-05,-1.5605125391555512e-07,-2.8135456382000006e-05,-6.235347712783653e-05,0.3500000000000001
-1.0240663702853338e-07,-2.3040111064196376e-05,-5.052719313687653e-05,-1.0755579660699744e-07,-2.358398182349263e-05,-5.178021290850782e-05,-1.1289664758001315e-07,-2.413348068324421e-05,-5.30484953293023e-05,-1.1843388272630179e-07,-2.468858258760666e-05,-5.4332036314325815e-05,-1.241722511700145e-07,-2.5249262493005273e-05,-5.563083172951034e-05,-1.3011655836136356e-07,-2.5815495368235925e-05,-5.694487739166763e-05,-1.36271666057024e-07,-2.6387256194565664e-05,-5.82741690685032e-05,-1.42642492300305e-07,-2.6964519965833338e-05,-5.961870247863028e-05,-1.4923401140109134e-07,-2.754726168855013e-05,-6.097847329158417e-05,-1.5605125391555512e-07,-2.8135456382000006e-05,-6.235347712783653e-05,0.3500000000000001
-1.0240663702853338e-07,-2.3040111064196376e-05,-5.052719313687653e-05,-1.0755579660699744e-07,-2.358398182349263e-05,-5.178021290850782e-05,-1.1289664758001315e-07,-2.413348068324421e-05,-5.30484953293023e-05,-1.1843388272630179e-07,-2.468858258760666e-05,-5.4332036314325815e-05,-1.241722511700145e-07,-2.5249262493005273e-05,-5.563083172951034e-05,-1.3011655836136356e-07,-2.5815495368235925e-05,-5.694487739166763e-05,-1.36271666057024e-07,-2.6387256194565664e-05,-5.82741690685032e-05,-1.42642492300305e-07,-2.6964519965833338e-05,-5.961870247863028e-05,-1.4923401140109134e-07,-2.754726168855013e-05,-6.097847329158417e-05,-1.5605125391555512e-07,-2.8135456382000006e-05,-6.235347712783653e-05,0.3500000000000001
-1.0240663702853338e-07,-2.3040111064196376e-05,-5.052719313687653e-05,-1.0755579660699744e-07,-2.358398182349263e-05,-5.178021290850782e-05,-1.1289664758001315e-07,-2.413348068324421e-05,-5.30484953293023e-05,-1.1843388272630179e-07,-2.468858258760666e-05,-5.4332036314325815e-05,-1.241722511700145e-07,-2.5249262493005273e-05,-5.563083172951034e-05,-1.3011655836136356e-07,-2.5815495368235925e-05,-5.694487739166763e-05,-1.36271666057024e-07,-2.6387256194565664e-05,-5.82741690685032e-05,-1.42642492300305e-07,-2.6964519965833338e-05,-5.961870247863028e-05,-1.4923401140109134e-07,-2.754726168855013e-05,-6.097847329158417e-05,-1.5605125391555512e-07,-2.8135456382000006e-05,-6.235347712783653e-05,0.3500000000000001
-1.0240663702853338e-07,-2.3040111064196376e-05,-5.052719313687653e-05,-1.0755579660699744e-07,-2.358398182349263e-05,-5.178021290850782e-05,-1.1289664758001315e-07,-2.413348068324421e-05,-5.30484953293023e-05,-1.1843388272630179e-07,-2.468858258760666e-05,-5.4332036314325815e-05,-1.241722511700145e-07,-2.5249262493005273e-05,-5.563083172951034e-05,-1.3011655836136356e-07,-2.5815495368235925e-05,-5.694487739166763e-05,-1.36271666057024e-07,-2.6387256194565664e-05,-5.82741690685032e-05,-1.42642492300305e-07,-2.6964519965833338e-05,-5.961870247863028e-05,-1.4923401140109134e-07,-2.754726168855013e-05,-6.097847329158417e-05,-1.5605125391555512e-07,-2.8135456382000006e-05,-6.235347712783653e-05,0.3500000000000001
-1.0240663702853338e-07,-2.3040111064196376e-05,-5.052719313687653e-05,-1.0755579660699744e-07,-2.358398182349263e-05,-5.178021290850782e-05,-1.1289664758001315e-07,-2.413348068324421e-05,-5.30484953293023e-05,-1.1843388272630179e-07,-2.468858258760666e-05,-5.4332036314325815e-05,-1.241722511700145e-07,-2.5249262493005273e-05,-5.563083172951034e-05,-1.3011655836136356e-07,-2.5815495368235925e-05,-5.694487739166763e-05,-1.36271666057024e-07,-2.6387256194565664e-05,-5.82741690685032e-05,-1.42642492300305e-07,-2.6964519965833338e-05,-5.961870247863028e-05,-1.4923401140109134e-07,-2.754726168855013e-05,-6.097847329158417e-05,-1.5605125391555512e-07,-2.8135456382000006e-05,-6.235347712783653e-05,0.3500000000000001
-1.0240663702853338e-07,-2.3040111064196376e-05,-5.052719313687653e-05,-1.0755579660699744e-07,-2.358398182349263e-05,-5.178021290850782e-05,-1.1289664758001315e-07,-2.413348068324421e-05,-5.30484953293023e-05,-1.1843388272630179e-07,-2.468858258760666e-05,-5.4332036314325815e-05,-1.241722511700145e-07,-2.5249262493005273e-05,-5.563083172951034e-05,-1.3011655836136356e-07,-2.5815495368235925e-05,-5.694487739166763e-05,-1.36271666057024e-07,-2.6387256194565664e-05,-5.82741690685032e-05,-1.42642492300305e-07,-2.6964519965833338e-05,-5.961870247863028e-05,-1.4923401140109134e-07,-2.754726168855013e-05,-6.097847329158417e-05,-1.5605125391555512e-07,-2.8135456382000006e-05,-6.235347712783653e-05,0.3500000000000001
-1.0240663702853338e-07,-2.3040111064196376e-05,-5.052719313687653e-05,-1.0755579660699744e-07,-2.358398182349263e-05,-5.178021290850782e-05,-1.1289664758001315e-07,-2.413348068324421e-05,-5.30484953293023e-05,-1.1843388272630179e-07,-2.468858258760666e-05,-5.4332036314325815e-05,-1.241722511700145e-07,-2.5249262493005273e-05,-5.563083172951034e-05,-1.3011655836136356e-07,-2.5815495368235925e-05,-5.694487739166763e-05,-1.36271666057024e-07,-2.6387256194565664e-05,-5.82741690685032e-05,-1.42642492300305e-07,-2.6964519965833338e-05,-5.961870247863028e-05,-1.4923401140109134e-07,-2.754726168855013e-05,-6.097847329158417e-05,-1.5605125391555512e-07,-2.8135456382000006e-05,-6.235347712783653e-05,0.3500000000000001
-1.0240663702853338e-07,-2.3040111064196376e-05,-5.052719313687653e-05,-1.0755579660699744e-07,-2.358398182349263e-05,-5.178021290850782e-05,-1.1289664758001315e-07,-2.413348068324421e-05,-5.30484953293023e-05,-1.1843388272630179e-07,-2.468858258760666e-05,-5.4332036314325815e-05,-1.241722511700145e-07,-2.5249262493005273e-05,-5.563083172951034e-05,-1.3011655836136356e-07,-2.5815495368235925e-05,-5.694487739166763e-05,-1.36271666057024e-07,-2.6387256194565664e-05,-5.82741690685032e-05,-1.42642492300305e-07,-2.6964519965833338e-05,-5.961870247863028e-05,-1.4923401140109134e-07,-2.754726168855013e-05,-6.097847329158417e-05,-1.5605125391555512e-07,-2.8135456382000006e-05,-6.235347712783653e-05,0.3500000000000001
-1.0240663702853338e-07,-2.3040111064196376e-05,-5.052719313687653e-05,-1.0755579660699744e-07,-2.358398182349263e-05,-5.178021290850782e-05,-1.1289664758001315e-07,-2.413348068324421e-05,-5.30484953293023e-05,-1.1843388272630179e-07,-2.468858258760666e-05,-5.4332036314325815e-05,-1.241722511700145e-07,-2.5249262493005273e-05,-5.563083172951034e-05,-1.3011655836136356e-07,-2.5815495368235925e-05,-5.694487739166763e-05,-1.36271666057024e-07,-2.6387256194565664e-05,-5.82741690685032e-05,-1.42642492300305e-07,-2.6964519965833338e-05,-5.961870247863028e-05,-1.4923401140109134e-07,-2.754726168855013e-05,-6.097847329158417e-05,-1.5605125391555512e-07,-2.8135456382000006e-05,-6.235347712783653e-05,0.3500000000000001
-1.0240663702853338e-07,-2.3040111064196376e-05,-5.052719313687653e-05,-1.0755579660699744e-07,-2.358398182349263e-05,-5.178021290850782e-05,-1.1289664758001315e-07,-2.413348068324421e-05,-5.30484953293023e-05,-1.1843388272630179e-07,-2.468858258760666e-05,-5.4332036314325815e-05,-1.241722511700145e-07,-2.5249262493005273e-05,-5.563083172951034e-05,-1.3011655836136356e-07,-2.5815495368235925e-05,-5.694487739166763e-05,-1.36271666057024e-07,-2.6387256194565664e-05,-5.82741690685032e-05,-1.42642492300305e-07,-2.6964519965833338e-05,-5.961870247863028e-05,-1.4923401140109134e-07,-2.754726168855013e-05,-6.097847329158417e-05,-1.5605125391555512e-07,-2.8135456382000006e-05,-6.235347712783653e-05,0.3500000000000001
-1.0240663702853338e-07,-2.3040111064196376e-05,-5.052719313687653e-05,-1.0755579660699744e-07,-2.358398182349263e-05,-5.178021290850782e-05,-1.1289664758001315e-07,-2.413348068324421e-05,-5.30484953293023e-05,-1.1843388272630179e-07,-2.468858258760666e-05,-5.4332036314325815e-05,-1.241722511700145e-07,-2.5249262493005273e-05,-5.563083172951034e-05,-1.3011655836136356e-07,-2.5815495368235925e-05,-5.694487739166763e-05,-1.36271666057024e-07,-2.6387256194565664e-05,-5.82741690685032e-05,-1.42642492300305e-07,-2.6964519965833338e-05,-5.961870247863028e-05,-1.4923401140109134e-07,-2.754726168855013e-05,-6.097847329158417e-05,-1.5605125391555512e-07,-2.8135456382000006e-05,-6.235347712783653e-05,0.3500000000000001
-1.0240663702853338e-07,-2.3040111064196376e-05,-5.052719313687653e-05,-1.0755579660699744e-07,-2.358398182349263e-05,-5.178021290850782e-05,-1.1289664758001315e-07,-2.413348068324421e-05,-5.30484953293023e-05,-1.1843388272630179e-07,-2.468858258760666e-05,-5.4332036314325815e-05,-1.241722511700145e-07,-2.5249262493005273e-05,-5.563083172951034e-05,-1.3011655836136356e-07,-2.5815495368235925e-05,-5.694487739166763e-05,-1.36271666057024e-07,-2.6387256194565664e-05,-5.82741690685032e-05,-1.42642492300305e-07,-2.6964519965833338e-05,-5.961870247863028e-05,-1.4923401140109134e-07,-2.754726168855013e-05,-6.097847329158417e-05,-1.5605125391555512e-07,-2.8135456382000006e-05,-6.235347712783653e-05,0.3500000000000001
-1.0240663702853338e-07,-2.3040111064196376e-05,-5.052719313687653e-05,-1.0755579660699744e-07,-2.358398182349263e-05,-5.178021290850782e-05,-1.1289664758001315e-07,-2.413348068324421e-05,-5.30484953293023e-05,-1.1843388272630179e-07,-2.468858258760666e-05,-5.4332036314325815e-05,-1.241722511700145e-07,-2.5249262493005273e-05,-5.563083172951034e-05,-1.3011655836136356e-07,-2.5815495368235925e-05,-5.694487739166763e-05,-1.36271666057024e-07,-2.6387256194565664e-05,-5.82741690685032e-05,-1.42642492300305e-07,-2.6964519965833338e-05,-5.961870247863028e-05,-1.4923401140109134e-07,-2.754726168855013e-05,-6.097847329158417e-05,-1.5605125391555512e-07,-2.8135456382000006e-05,-6.235347712783653e-05,0.3500000000000001
-1.0240663702853338e-07,-2.3040111064196376e-05,-5.052719313687653e-05,-1.0755579660699744e-07,-2.358398182349263e-05,-5.178021290850782e-05,-1.1289664758001315e-07,-2.413348068324421e-05,-5.30484953293023e-05,-1.1843388272630179e-07,-2.468858258760666e-05,-5.4332036314325815e-05,-1.241722511700145e-07,-2.5249262493005273e-05,-5.563083172951034e-05,-1.3011655836136356e-07,-2.5815495368235925e-05,-5.694487739166763e-05,-1.36271666057024e-07,-2.6387256194565664e-05,-5.82741690685032e-05,-1.42642492300305e-07,-2.6964519965833338e-05,-5.961870247863028e-05,-1.4923401140109134e-07,-2.754726168855013e-05,-6.097847329158417e-05,-1.5605125391555512e-07,-2.8135456382000006e-05,-6.235347712783653e-05,0.3500000000000001
-1.0240663702853338e-07,-2.3040111064196376e-05,-5.052719313687653e-05,-1.0755579660699744e-07,-2.358398182349263e-05,-5.178021290850782e-05,-1.1289664758001315e-07,-2.413348068324421e-05,-5.30484953293023e-05,-1.1843388272630179e-07,-2.468858258760666e-05,-5.4332036314325815e-05,-1.241722511700145e-07,-2.5249262493005273e-05,-5.563083172951034e-05,-1.3011655836136356e-07,-2.5815495368235925e-05,-5.694487739166763e-05,-1.36271666057024e-07,-2.6387256194565664e-05,-5.82741690685032e-05,-1.42642492300305e-07,-2.6964519965833338e-05,-5.961870247863028e-05,-1.4923401140109134e-07,-2.754726168855013e-05,-6.097847329158417e-05,-1.5605125391555512e-07,-2.8135456382000006e-05,-6.235347712783653e-05,0.3500000000000001
-1.0240663702853338e-07,-2.3040111064196376e-05,-5.052719313687653e-05,-1.0755579660699744e-07,-2.358398182349263e-05,-5.178021290850782e-05,-1.1289664758001315e-07,-2.413348068324421e-05,-5.30484953293023e-05,-1.1843388272630179e-07,-2.468858258760666e-05,-5.4332036314325815e-05,-1.241722511700145e-07,-2.5249262493005273e-05,-5.563083172951034e-05,-1.3011655836136356e-07,-2.5815495368235925e-05,-5.694487739166763e-05,-1.36271666057024e-07,-2.6387256194565664e-05,-5.82741690685032e-05,-1.42642492300305e-07,-2.6964519965833338e-05,-5.961870247863028e-05,-1.4923401140109134e-07,-2.754726168855013e-05,-6.097847329158417e-05,-1.5605125391555512e-07,-2.8135456382000006e-05,-6.235347712783653e-05,0.3500000000000001
-1.0240663702853338e-07,-2.3040111064196376e-05,-5.052719313687653e-05,-1.0755579660699744e-07,-2.358398182349263e-05,-5.178021290850782e-05,-1.1289664758001315e-07,-2.413348068324421e-05,-5.30484953293023e-05,-1.1843388272630179e-07,-2.468858258760666e-05,-5.4332036314325815e-05,-1.241722511700145e-07,-2.5249262493005273e-05,-5.563083172951034e-05,-1.3011655836136356e-07,-2.5815495368235925e-05,-5.694487739166763e-05,-1.36271666057024e-07,-2.6387256194565664e-05,-5.82741690685032e-05,-1.42642492300305e-07,-2.6964519965833338e-05,-5.961870247863028e-05,-1.4923401140109134e-07,-2.754726168855013e-05,-6.097847329158417e-05,-1.5605125391555512e-07,-2.8135456382000006e-05,-6.235347712783653e-05,0.3500000000000001
-1.0240663702853338e-07,-2.3040111064196376e-05,-5.052719313687653e-05,-1.0755579660699744e-07,-2.358398182349263e-05,-5.178021290850782e-05,-1.1289664758001315e-07,-2.413348068324421e-05,-5.30484953293023e-05,-1.1843388272630179e-07,-2.468858258760666e-05,-5.4332036314325815e-05,-1.241722511700145e-07,-2.5249262493005273e-05,-5.563083172951034e-05,-1.3011655836136356e-07,-2.5815495368235925e-05,-5.694487739166763e-05,-1.36271666057024e-07,-2.6387256194565664e-05,-5.82741690685032e-05,-1.42642492300305e-07,-2.6964519965833338e-05,-5.961870247863028e-05,-1.4923401140109134e-07,-2.754726168855013e-05,-6.097847329158417e-05,-1.5605125391555512e-07,-2.8135456382000006e-05,-6.235347712783653e-05,0.3500000000000001
-1.0240663702853338e-07,-2.3040111064196376e-05,-5.052719313687653e-05,-1.0755579660699744e-07,-2.358398182349263e-05,-5.178021290850782e-05,-1.1289664758001315e-07,-2.413348068324421e-05,-5.30484953293023e-05,-1.1843388272630179e-07,-2.468858258760666e-05,-5.4332036314325815e-05,-1.241722511700145e-07,-2.5249262493005273e-05,-5.563083172951034e-05,-1.3011655836136356e-07,-2.5815495368235925e-05,-5.694487739166763e-05,-1.36271666057024e-07,-2.6387256194565664e-05,-5.82741690685032e-05,-1.42642492300305e-07,-2.6964519965833338e-05,-5.961870247863028e-05,-1.4923401140109134e-07,-2.754726168855013e-05,-6.097847329158417e-05,-1.5605125391555512e-07,-2.8135456382000006e-05,-6.235347712783653e-05,0.3500000000000001
-1.0240663702853338e-07,-2.3040111064196376e-05,-5.052719313687653e-05,-1.0755579660699744e-07,-2.358398182349263e-05,-5.178021290850782e-05,-1.1289664758001315e-07,-2.413348068324421e-05,-5.30484953293023e-05,-1.1843388272630179e-07,-2.468858258760666e-05,-5.4332036314325815e-05,-1.241722511700145e-07,-2.5249262493005273e-05,-5.563083172951034e-05,-1.3011655836136356e-07,-2.5815495368235925e-05,-5.694487739166763e-05,-1.36271666057024e-07,-2.6387256194565664e-05,-5.82741690685032e-05,-1.42642492300305e-07,-2.6964519965833338e-05,-5.961870247863028e-05,-1.4923401140109134e-07,-2.754726168855013e-05,-6.097847329158417e-05,-1.5605125391555512e-07,-2.8135456382000006e-05,-6.235347712783653e-05,0.3500000000000001
-1.0240663702853338e-07,-2.3040111064196376e-05,-5.052719313687653e-05,-1.0755579660699744e-07,-2.358398182349263e-05,-5.178021290850782e-05,-1.1289664758001315e-07,-2.413348068324421e-05,-5.30484953293023e-05,-1.1843388272630179e-07,-2.468858258760666e-05,-5.4332036314325815e-05,-1.241722511700145e-07,-2.5249262493005273e-05,-5.563083172951034e-05,-1.3011655836136356e-07,-2.5815495368235925e-05,-5.694487739166763e-05,-1.36271666057024e-07,-2.6387256194565664e-05,-5.82741690685032e-05,-1.42642492300305e-07,-2.6964519965833338e-05,-5.961870247863028e-05,-1.4923401140109134e-07,-2.754726168855013e-05,-6.097847329158417e-05,-1.5605125391555512e-07,-2.8135456382000006e-05,-6.235347712783653e-05,0.3500000000000001
-1.0240663702853338e-07,-2.3040111064196376e-05,-5.052719313687653e-05,-1.0755579660699744e-07,-2.358398182349263e-05,-5.178021290850782e-05,-1.1289664758001315e-07,-2.413348068324421e-05,-5.30484953293023e-05,-1.1843388272630179e-07,-2.468858258760666e-05,-5.4332036314325815e-05,-1.241722511700145e-07,-2.5249262493005273e-05,-5.563083172951034e-05,-1.3011655836136356e-07,-2.5815495368235925e-05,-5.694487739166763e-05,-1.36271666057024e-07,-2.6387256194565664e-05,-5.82741690685032e-05,-1.42642492300305e-07,-2.6964519965833338e-05,-5.961870247863028e-05,-1.4923401140109134e-07,-2.754726168855013e-05,-6.097847329158417e-05,-1.5605125391555512e-07,-2.8135456382000006e-05,-6.235347712783653e-05,0.3500000000000001
-1.0240663702853338e-07,-2.3040111064196376e-05,-5.052719313687653e-05,-1.0755579660699744e-07,-2.358398182349263e-05,-5.178021290850782e-05,-1.1289664758001315e-07,-2.413348068324421e-05,-5.30484953293023e-05,-1.1843388272630179e-07,-2.468858258760666e-05,-5.4332036314325815e-05,-1.241722511700145e-07,-2.5249262493005273e-05,-5.563083172951034e-05,-1.3011655836136356e-07,-2.5815495368235925e-05,-5.694487739166763e-05,-1.36271666057024e-07,-2.6387256194565664e-05,-5.82741690685032e-05,-1.42642492300305e-07,-2.6964519965833338e-05,-5.961870247863028e-05,-1.4923401140109134e-07,-2.754726168855013e-05,-6.097847329158417e-05,-1.5605125391555512e-07,-2.8135456382000006e-05,-6.235347712783653e-05,0.3500000000000001
-1.0240663702853338e-07,-2.3040111064196376e-05,-5.052719313687653e-05,-1.0755579660699744e-07,-2.358398182349263e-05,-5.178021290850782e-05,-1.1289664758001315e-07,-2.413348068324421e-05,-5.30484953293023e-05,-1.1843388272630179e-07,-2.468858258760666e-05,-5.4332036314325815e-05,-1.241722511700145e-07,-2.5249262493005273e-05,-5.563083172951034e-05,-1.3011655836136356e-07,-2.5815495368235925e-05,-5.694487739166763e-05,-1.36271666057024e-07,-2.6387256194565664e-05,-5.82741690685032e-05,-1.42642492300305e-07,-2.6964519965833338e-05,-5.961870247863028e-05,-1.4923401140109134e-07,-2.754726168855013e-05,-6.097847329158417e-05,-1.5605125391555512e-07,-2.8135456382000006e-05,-6.235347712783653e-05,0.3500000000000001
-1.0240663702853338e-07,-2.3040111064196376e-05,-5.052719313687653e-05,-1.0755579660699744e-07,-2.358398182349263e-05,-5.178021290850782e-05,-1.1289664758001315e-07,-2.413348068324421e-05,-5.30484953293023e-05,-1.1843388272630179e-07,-2.468858258760666e-05,-5.4332036314325815e-05,-1.241722511700145e-07,-2.5249262493005273e-05,-5.563083172951034e-05,-1.3011655836136356e-07,-2.5815495368235925e-05,-5.694487739166763e-05,-1.36271666057024e-07,-2.6387256194565664e-05,-5.82741690685032e-05,-1.42642492300305e-07,-2.6964519965833338e-05,-5.961870247863028e-05,-1.4923401140109134e-07,-2.754726168855013e-05,-6.097847329158417e-05,-1.5605125391555512e-07,-2.8135456382000006e-05,-6.235347712783653e-05,0.3500000000000001
-1.0240663702853338e-07,-2.3040111064196376e-05,-5.052719313687653e-05,-1.0755579660699744e-07,-2.358398182349263e-05,-5.178021290850782e-05,-1.1289664758001315e-07,-2.413348068324421e-05,-5.30484953293023e-05,-1.1843388272630179e-07,-2.468858258760666e-05,-5.4332036314325815e-05,-1.241722511700145e-07,-2.5249262493005273e-05,-5.563083172951034e-05,-1.3011655836136356e-07,-2.5815495368235925e-05,-5.694487739166763e-05,-1.36271666057024e-07,-2.6387256194565664e-05,-5.82741690685032e-05,-1.42642492300305e-07,-2.6964519965833338e-05,-5.961870247863028e-05,-1.4923401140109134e-07,-2.754726168855013e-05,-6.097847329158417e-05,-1.5605125391555512e-07,-2.8135456382000006e-05,-6.235347712783653e-05,0.3500000000000001
-1.0240663702853338e-07,-2.3040111064196376e-05,-5.052719313687653e-05,-1.0755579660699744e-07,-2.358398182349263e-05,-5.178021290850782e-05,-1.1289664758001315e-07,-2.413348068324421e-05,-5.30484953293023e-05,-1.1843388272630179e-07,-2.468858258760666e-05,-5.4332036314325815e-05,-1.241722511700145e-07,-2.5249262493005273e-05,-5.563083172951034e-05,-1.3011655836136356e-07,-2.5815495368235925e-05,-5.694487739166763e-05,-1.36271666057024e-07,-2.6387256194565664e-05,-5.82741690685032e-05,-1.42642492300305e-07,-2.6964519965833338e-05,-5.961870247863028e-05,-1.4923401140109134e-07,-2.754726168855013e-05,-6.097847329158417e-05,-1.5605125391555512e-07,-2.8135456382000006e-05,-6.235347712783653e-05,0.3500000000000001
-1.0240663702853338e-07,-2.3040111064196376e-05,-5.052719313687653e-05,-1.0755579660699744e-07,-2.358398182349263e-05,-5.178021290850782e-05,-1.1289664758001315e-07,-2.413348068324421e-05,-5.30484953293023e-05,-1.1843388272630179e-07,-2.468858258760666e-05,-5.4332036314325815e-05,-1.241722511700145e-07,-2.5249262493005273e-05,-5.563083172951034e-05,-1.3011655836136356e-07,-2.5815495368235925e-05,-5.694487739166763e-05,-1.36271666057024e-07,-2.6387256194565664e-05,-5.82741690685032e-05,-1.42642492300305e-07,-2.6964519965833338e-05,-5.961870247863028e-05,-1.4923401140109134e-07,-2.754726168855013e-05,-6.097847329158417e-05,-1.5605125391555512e-07,-2.8135456382000006e-05,-6.235347712783653e-05,0.3500000000000001
-1.0240663702853338e-07,-2.3040111064196376e-05,-5.052719313687653e-05,-1.0755579660699744e-07,-2.358398182349263e-05,-5.178021290850782e-05,-1.1289664758001315e-07,-2.413348068324421e-05,-5.30484953293023e-05,-1.1843388272630179e-07,-2.468858258760666e-05,-5.4332036314325815e-05,-1.241722511700145e-07,-2.5249262493005273e-05,-5.563083172951034e-05,-1.3011655836136356e-07,-2.5815495368235925e-05,-5.694487739166763e-05,-1.36271666057024e-07,-2.6387256194565664e-05,-5.82741690685032e-05,-1.42642492300305e-07,-2.6964519965833338e-05,-5.961870247863028e-05,-1.4923401140109134e-07,-2.754726168855013e-05,-6.097847329158417e-05,-1.5605125391555512e-07,-2.8135456382000006e-05,-6.235347712783653e-05,0.3500000000000001
-1.0240663702853338e-07,-2.3040111064196376e-05,-5.052719313687653e-05,-1.0755579660699744e-07,-2.358398182349263e-05,-5.178021290850782e-05,-1.1289664758001315e-07,-2.413348068324421e-05,-5.30484953293023e-05,-1.1843388272630179e-07,-2.468858258760666e-05,-5.4332036314325815e-05,-1.241722511700145e-07,-2.5249262493005273e-05,-5.563083172951034e-05,-1.3011655836136356e-07,-2.5815495368235925e-05,-5.694487739166763e-05,-1.36271666057024e-07,-2.6387256194565664e-05,-5.82741690685032e-05,-1.42642492300305e-07,-2.6964519965833338e-05,-5.961870247863028e-05,-1.4923401140109134e-07,-2.754726168855013e-05,-6.097847329158417e-05,-1.5605125391555512e-07,-2.8135456382000006e-05,-6.235347712783653e-05,0.3500000000000001
-1.0240663702853338e-07,-2.3040111064196376e-05,-5.052719313687653e-05,-1.0755579660699744e-07,-2.358398182349263e-05,-5.178021290850782e-05,-1.1289664758001315e-07,-2.413348068324421e-05,-5.30484953293023e-05,-1.1843388272630179e-07,-2.468858258760666e-05,-5.4332036314325815e-05,-1.241722511700145e-07,-2.5249262493005273e-05,-5.563083172951034e-05,-1.3011655836136356e-07,-2.5815495368235925e-05,-5.694487739166763e-05,-1.36271666057024e-07,-2.6387256194565664e-05,-5.82741690685032e-05,-1.42642492300305e-07,-2.6964519965833338e-05,-5.961870247863028e-05,-1.4923401140109134e-07,-2.754726168855013e-05,-6.097847329158417e-05,-1.5605125391555512e-07,-2.8135456382000006e-05,-6.235347712783653e-05,0.3500000000000001
-1.0240663702853338e-07,-2.3040111064196376e-05,-5.052719313687653e-05,-1.0755579660699744e-07,-2.358398182349263e-05,-5.178021290850782e-05,-1.1289664758001315e-07,-2.413348068324421e-05,-5.30484953293023e-05,-1.1843388272630179e-07,-2.468858258760666e-05,-5.4332036314325815e-05,-1.241722511700145e-07,-2.5249262493005273e-05,-5.563083172951034e-05,-1.3011655836136356e-07,-2.5815495368235925e-05,-5.694487739166763e-05,-1.36271666057024e-07,-2.6387256194565664e-05,-5.82741690685032e-05,-1.42642492300305e-07,-2.6964519965833338e-05,-5.961870247863028e-05,-1.4923401140109134e-07,-2.754726168855013e-05,-6.097847329158417e-05,-1.5605125391555512e-07,-2.8135456382000006e-05,-6.235347712783653e-05,0.3500000000000001
-1.0240663702853338e-07,-2.3040111064196376e-05,-5.052719313687653e-05,-1.0755579660699744e-07,-2.358398182349263e-05,-5.178021290850782e-05,-1.1289664758001315e-07,-2.413348068324421e-05,-5.30484953293023e-05,-1.1843388272630179e-07,-2.468858258760666e-05,-5.4332036314325815e-05,-1.241722511700145e-07,-2.5249262493005273e-05,-5.563083172951034e-05,-1.3011655836136356e-07,-2.5815495368235925e-05,-5.694487739166763e-05,-1.36271666057024e-07,-2.6387256194565664e-05,-5.82741690685032e-05,-1.42642492300305e-07,-2.6964519965833338e-05,-5.961870247863028e-05,-1.4923401140109134e-07,-2.754726168855013e-05,-6.097847329158417e-05,-1.5605125391555512e-07,-2.8135456382000006e-05,-6.235347712783653e-05,0.3500000000000001
-1.0240663702853338e-07,-2.3040111064196376e-05,-5.052719313687653e-05,-1.0755579660699744e-07,-2.358398182349263e-05,-5.178021290850782e-05,-1.1289664758001315e-07,-2.413348068324421e-05,-5.30484953293023e-05,-1.1843388272630179e-07,-2.468858258760666e-05,-5.4332036314325815e-05,-1.241722511700145e-07,-2.5249262493005273e-05,-5.563083172951034e-05,-1.3011655836136356e-07,-2.5815495368235925e-05,-5.694487739166763e-05,-1.36271666057024e-07,-2.6387256194565664e-05,-5.82741690685032e-05,-1.42642492300305e-07,-2.6964519965833338e-05,-5.961870247863028e-05,-1.4923401140109134e-07,-2.754726168855013e-05,-6.097847329158417e-05,-1.5605125391555512e-07,-2.8135456382000006e-05,-6.235347712783653e-05,0.3500000000000001
-1.0240663702853338e-07,-2.3040111064196376e-05,-5.052719313687653e-05,-1.0755579660699744e-07,-2.358398182349263e-05,-5.178021290850782e-05,-1.1289664758001315e-07,-2.413348068324421e-05,-5.30484953293023e-05,-1.1843388272630179e-07,-2.468858258760666e-05,-5.4332036314325815e-05,-1.241722511700145e-07,-2.5249262493005273e-05,-5.563083172951034e-05,-1.3011655836136356e-07,-2.5815495368235925e-05,-5.694487739166763e-05,-1.36271666057024e-07,-2.6387256194565664e-05,-5.82741690685032e-05,-1.42642492300305e-07,-2.6964519965833338e-05,-5.961870247863028e-05,-1.4923401140109134e-07,-2.754726168855013e-05,-6.097847329158417e-05,-1.5605125391555512e-07,-2.8135456382000006e-05,-6.235347712783653e-05,0.3500000000000001
-1.0240663702853338e-07,-2.3040111064196376e-05,-5.052719313687653e-05,-1.0755579660699744e-07,-2.358398182349263e-05,-5.178021290850782e-05,-1.1289664758001315e-07,-2.413348068324421e-05,-5.30484953293023e-05,-1.1843388272630179e-07,-2.468858258760666e-05,-5.4332036314325815e-05,-1.241722511700145e-07,-2.5249262493005273e-05,-5.563083172951034e-05,-1.3011655836136356e-07,-2.5815495368235925e-05,-5.694487739166763e-05,-1.36271666057024e-07,-2.6387256194565664e-05,-5.82741690685032e-05,-1.42642492300305e-07,-2.6964519965833338e-05,-5.961870247863028e-05,-1.4923401140109134e-07,-2.754726168855013e-05,-6.097847329158417e-05,-1.5605125391555512e-07,-2.8135456382000006e-05,-6.235347712783653e-05,0.3500000000000001
-1.0240663702853338e-07,-2.3040111064196376e-05,-5.052719313687653e-05,-1.0755579660699744e-07,-2.358398182349263e-05,-5.178021290850782e-05,-1.1289664758001315e-07,-2.413348068324421e-05,-5.30484953293023e-05,-1.1843388272630179e-07,-2.468858258760666e-05,-5.4332036314325815e-05,-1.241722511700145e-07,-2.5249262493005273e-05,-5.563083172951034e-05,-1.3011655836136356e-07,-2.5815495368235925e-05,-5.694487739166763e-05,-1.36271666057024e-07,-2.6387256194565664e-05,-5.82741690685032e-05,-1.42642492300305e-07,-2.6964519965833338e-05,-5.961870247863028e-05,-1.4923401140109134e-07,-2.754726168855013e-05,-6.097847329158417e-05,-1.5605125391555512e-07,-2.8135456382000006e-05,-6.235347712783653e-05,0.3500000000000001
-1.0240663702853338e-07,-2.3040111064196376e-05,-5.052719313687653e-05,-1.0755579660699744e-07,-2.358398182349263e-05,-5.178021290850782e-05,-1.1289664758001315e-07,-2.413348068324421e-05,-5.30484953293023e-05,-1.1843388272630179e-07,-2.468858258760666e-05,-5.4332036314325815e-05,-1.241722511700145e-07,-2.5249262493005273e-05,-5.563083172951034e-05,-1.3011655836136356e-07,-2.5815495368235925e-05,-5.694487739166763e-05,-1.36271666057024e-07,-2.6387256194565664e-05,-5.82741690685032e-05,-1.42642492300305e-07,-2.6964519965833338e-05,-5.961870247863028e-05,-1.4923401140109134e-07,-2.754726168855013e-05,-6.097847329158417e-05,-1.5605125391555512e-07,-2.8135456382000006e-05,-6.235347712783653e-05,0.3500000000000001
-1.0240663702853338e-07,-2.3040111064196376e-05,-5.052719313687653e-05,-1.0755579660699744e-07,-2.358398182349263e-05,-5.178021290850782e-05,-1.1289664758001315e-07,-2.413348068324421e-05,-5.30484953293023e-05,-1.1843388272630179e-07,-2.468858258760666e-05,-5.4332036314325815e-05,-1.241722511700145e-07,-2.5249262493005273e-05,-5.563083172951034e-05,-1.3011655836136356e-07,-2.5815495368235925e-05,-5.694487739166763e-05,-1.36271666057024e-07,-2.6387256194565664e-05,-5.82741690685032e-05,-1.42642492300305e-07,-2.6964519965833338e-05,-5.961870247863028e-05,-1.4923401140109134e-07,-2.754726168855013e-05,-6.097847329158417e-05,-1.5605125391555512e-07,-2.8135456382000006e-05,-6.235347712783653e-05,0.3500000000000001
-1.0240663702853338e-07,-2.3040111064196376e-05,-5.052719313687653e-05,-1.0755579660699744e-07,-2.358398182349263e-05,-5.178021290850782e-05,-1.1289664758001315e-07,-2.413348068324421e-05,-5.30484953293023e-05,-1.1843388272630179e-07,-2.468858258760666e-05,-5.4332036314325815e-05,-1.241722511700145e-07,-2.5249262493005273e-05,-5.563083172951034e-05,-1.3011655836136356e-07,-2.5815495368235925e-05,-5.694487739166763e-05,-1.36271666057024e-07,-2.6387256194565664e-05,-5.82741690685032e-05,-1.42642492300305e-07,-2.6964519965833338e-05,-5.961870247863028e-05,-1.4923401140109134e-07,-2.754726168855013e-05,-6.097847329158417e-05,-1.5605125391555512e-07,-2.8135456382000006e-05,-6.235347712783653e-05,0.3500000000000001
-1.0240663702853338e-07,-2.3040111064196376e-05,-5.052719313687653e-05,-1.0755579660699744e-07,-2.358398182349263e-05,-5.178021290850782e-05,-1.1289664758001315e-07,-2.413348068324421e-05,-5.30484953293023e-05,-1.1843388272630179e-07,-2.468858258760666e-05,-5.4332036314325815e-05,-1.241722511700145e-07,-2.5249262493005273e-05,-5.563083172951034e-05,-1.3011655836136356e-07,-2.5815495368235925e-05,-5.694487739166763e-05,-1.36271666057024e-07,-2.6387256194565664e-05,-5.82741690685032e-05,-1.42642492300305e-07,-2.6964519965833338e-05,-5.961870247863028e-05,-1.4923401140109134e-07,-2.754726168855013e-05,-6.097847329158417e-05,-1.5605125391555512e-07,-2.8135456382000006e-05,-6.235347712783653e-05,0.3500000000000001
-1.0240663702853338e-07,-2.3040111064196376e-05,-5.052719313687653e-05,-1.0755579660699744e-07,-2.358398182349263e-05,-5.178021290850782e-05,-1.1289664758001315e-07,-2.413348068324421e-05,-5.30484953293023e-05,-1.1843388272630179e-07,-2.468858258760666e-05,-5.4332036314325815e-05,-1.241722511700145e-07,-2.5249262493005273e-05,-5.563083172951034e-05,-1.3011655836136356e-07,-2.5815495368235925e-05,-5.694487739166763e-05,-1.36271666057024e-07,-2.6387256194565664e-05,-5.82741690685032e-05,-1.42642492300305e-07,-2.6964519965833338e-05,-5.961870247863028e-05,-1.4923401140109134e-07,-2.754726168855013e-05,-6.097847329158417e-05,-1.5605125391555512e-07,-2.8135456382000006e-05,-6.235347712783653e-05,0.3500000000000001
-1.0240663702853338e-07,-2.3040111064196376e-05,-5.052719313687653e-05,-1.0755579660699744e-07,-2.358398182349263e-05,-5.178021290850782e-05,-1.1289664758001315e-07,-2.413348068324421e-05,-5.30484953293023e-05,-1.1843388272630179e-07,-2.468858258760666e-05,-5.4332036314325815e-05,-1.241722511700145e-07,-2.5249262493005273e-05,-5.563083172951034e-05,-1.3011655836136356e-07,-2.5815495368235925e-05,-5.694487739166763e-05,-1.36271666057024e-07,-2.6387256194565664e-05,-5.82741690685032e-05,-1.42642492300305e-07,-2.6964519965833338e-05,-5.961870247863028e-05,-1.4923401140109134e-07,-2.754726168855013e-05,-6.097847329158417e-05,-1.5605125391555512e-07,-2.8135456382000006e-05,-6.235347712783653e-05,0.3500000000000001
-1.0240663702853338e-07,-2.3040111064196376e-05,-5.052719313687653e-05,-1.0755579660699744e-07,-2.358398182349263e-05,-5.178021290850782e-05,-1.1289664758001315e-07,-2.413348068324421e-05,-5.30484953293023e-05,-1.1843388272630179e-07,-2.468858258760666e-05,-5.4332036314325815e-05,-1.241722511700145e-07,-2.5249262493005273e-05,-5.563083172951034e-05,-1.3011655836136356e-07,-2.5815495368235925e-05,-5.694487739166763e-05,-1.36271666057024e-07,-2.6387256194565664e-05,-5.82741690685032e-05,-1.42642492300305e-07,-2.6964519965833338e-05,-5.961870247863028e-05,-1.4923401140109134e-07,-2.754726168855013e-05,-6.097847329158417e-05,-1.5605125391555512e-07,-2.8135456382000006e-05,-6.235347712783653e-05,0.3500000000000001
-1.0240663702853338e-07,-2.3040111064196376e-05,-5.052719313687653e-05,-1.0755579660699744e-07,-2.358398182349263e-05,-5.178021290850782e-05,-1.1289664758001315e-07,-2.413348068324421e-05,-5.30484953293023e-05,-1.1843388272630179e-07,-2.468858258760666e-05,-5.4332036314325815e-05,-1.241722511700145e-07,-2.5249262493005273e-05,-5.563083172951034e-05,-1.3011655836136356e-07,-2.5815495368235925e-05,-5.694487739166763e-05,-1.36271666057024e-07,-2.6387256194565664e-05,-5.82741690685032e-05,-1.42642492300305e-07,-2.6964519965833338e-05,-5.961870247863028e-05,-1.4923401140109134e-07,-2.754726168855013e-05,-6.097847329158417e-05,-1.5605125391555512e-07,-2.8135456382000006e-05,-6.235347712783653e-05,0.3500000000000001
-1.0240663702853338e-07,-2.3040111064196376e-05,-5.052719313687653e-05,-1.0755579660699744e-07,-2.358398182349263e-05,-5.178021290850782e-05,-1.1289664758001315e-07,-2.413348068324421e-05,-5.30484953293023e-05,-1.1843388272630179e-07,-2.468858258760666e-05,-5.4332036314325815e-05,-1.241722511700145e-07,-2.5249262493005273e-05,-5.563083172951034e-05,-1.3011655836136356e-07,-2.5815495368235925e-05,-5.694487739166763e-05,-1.36271666057024e-07,-2.6387256194565664e-05,-5.82741690685032e-05,-1.42642492300305e-07,-2.6964519965833338e-05,-5.961870247863028e-05,-1.4923401140109134e-07,-2.754726168855013e-05,-6.097847329158417e-05,-1.5605125391555512e-07,-2.8135456382000006e-05,-6.235347712783653e-05,0.3500000000000001
-1.0240663702853338e-07,-2.3040111064196376e-05,-5.052719313687653e-05,-1.0755579660699744e-07,-2.358398182349263e-05,-5.178021290850782e-05,-1.1289664758001315e-07,-2.413348068324421e-05,-5.30484953293023e-05,-1.1843388272630179e-07,-2.468858258760666e-05,-5.4332036314325815e-05,-1.241722511700145e-07,-2.5249262493005273e-05,-5.563083172951034e-05,-1.3011655836136356e-07,-2.5815495368235925e-05,-5.694487739166763e-05,-1.36271666057024e-07,-2.6387256194565664e-05,-5.82741690685032e-05,-1.42642492300305e-07,-2.6964519965833338e-05,-5.961870247863028e-05,-1.4923401140109134e-07,-2.754726168855013e-05,-6.097847329158417e-05,-1.5605125391555512e-07,-2.8135456382000006e-05,-6.235347712783653e-05,0.3500000000000001
-1.0240663702853338e-07,-2.3040111064196376e-05,-5.052719313687653e-05,-1.0755579660699744e-07,-2.358398182349263e-05,-5.178021290850782e-05,-1.1289664758001315e-07,-2.413348068324421e-05,-5.30484953293023e-05,-1.1843388272630179e-07,-2.468858258760666e-05,-5.4332036314325815e-05,-1.241722511700145e-07,-2.5249262493005273e-05,-5.563083172951034e-05,-1.3011655836136356e-07,-2.5815495368235925e-05,-5.694487739166763e-05,-1.36271666057024e-07,-2.6387256194565664e-05,-5.82741690685032e-05,-1.42642492300305e-07,-2.6964519965833338e-05,-5.961870247863028e-05,-1.4923401140109134e-07,-2.754726168855013e-05,-6.097847329158417e-05,-1.5605125391555512e-07,-2.8135456382000006e-05,-6.235347712783653e-05,0.3500000000000001
-1.0240663702853338e-07,-2.3040111064196376e-05,-5.052719313687653e-05,-1.0755579660699744e-07,-2.358398182349263e-05,-5.178021290850782e-05,-1.1289664758001315e-07,-2.413348068324421e-05,-5.30484953293023e-05,-1.1843388272630179e-07,-2.468858258760666e-05,-5.4332036314325815e-05,-1.241722511700145e-07,-2.5249262493005273e-05,-5.563083172951034e-05,-1.3011655836136356e-07,-2.5815495368235925e-05,-5.694487739166763e-05,-1.36271666057024e-07,-2.6387256194565664e-05,-5.82741690685032e-05,-1.42642492300305e-07,-2.6964519965833338e-05,-5.961870247863028e-05,-1.4923401140109134e-07,-2.754726168855013e-05,-6.097847329158417e-05,-1.5605125391555512e-07,-2.8135456382000006e-05,-6.235347712783653e-05,0.3500000000000001
-1.0240663702853338e-07,-2.3040111064196376e-05,-5.052719313687653e-05,-1.0755579660699744e-07,-2.358398182349263e-05,-5.178021290850782e-05,-1.1289664758001315e-07,-2.413348068324421e-05,-5.30484953293023e-05,-1.1843388272630179e-07,-2.468858258760666e-05,-5.4332036314325815e-05,-1.241722511700145e-07,-2.5249262493005273e-05,-5.563083172951034e-05,-1.3011655836136356e-07,-2.5815495368235925e-05,-5.694487739166763e-05,-1.36271666057024e-07,-2.6387256194565664e-05,-5.82741690685032e-05,-1.42642492300305e-07,-2.6964519965833338e-05,-5.961870247863028e-05,-1.4923401140109134e-07,-2.754726168855013e-05,-6.097847329158417e-05,-1.5605125391555512e-07,-2.8135456382000006e-05,-6.235347712783653e-05,0.3500000000000001
-1.0240663702853338e-07,-2.3040111064196376e-05,-5.052719313687653e-05,-1.0755579660699744e-07,-2.358398182349263e-05,-5.178021290850782e-05,-1.1289664758001315e-07,-2.413348068324421e-05,-5.30484953293023e-05,-1.1843388272630179e-07,-2.468858258760666e-05,-5.4332036314325815e-05,-1.241722511700145e-07,-2.5249262493005273e-05,-5.563083172951034e-05,-1.3011655836136356e-07,-2.5815495368235925e-05,-5.694487739166763e-05,-1.36271666057024e-07,-2.6387256194565664e-05,-5.82741690685032e-05,-1.42642492300305e-07,-2.6964519965833338e-05,-5.961870247863028e-05,-1.4923401140109134e-07,-2.754726168855013e-05,-6.097847329158417e-05,-1.5605125391555512e-07,-2.8135456382000006e-05,-6.235347712783653e-05,0.3500000000000001
-1.0240663702853338e-07,-2.3040111064196376e-05,-5.052719313687653e-05,-1.0755579660699744e-07,-2.358398182349263e-05,-5.178021290850782e-05,-1.1289664758001315e-07,-2.413348068324421e-05,-5.30484953293023e-05,-1.1843388272630179e-07,-2.468858258760666e-05,-5.4332036314325815e-05,-1.241722511700145e-07,-2.5249262493005273e-05,-5.563083172951034e-05,-1.3011655836136356e-07,-2.5815495368235925e-05,-5.694487739166763e-05,-1.36271666057024e-07,-2.6387256194565664e-05,-5.82741690685032e-05,-1.42642492300305e-07,-2.6964519965833338e-05,-5.961870247863028e-05,-1.4923401140109134e-07,-2.754726168855013e-05,-6.097847329158417e-05,-1.5605125391555512e-07,-2.8135456382000006e-05,-6.235347712783653e-05,0.3500000000000001
-1.0240663702853338e-07,-2.3040111064196376e-05,-5.052719313687653e-05,-1.0755579660699744e-07,-2.358398182349263e-05,-5.178021290850782e-05,-1.1289664758001315e-07,-2.413348068324421e-05,-5.30484953293023e-05,-1.1843388272630179e-07,-2.468858258760666e-05,-5.4332036314325815e-05,-1.241722511700145e-07,-2.5249262493005273e-05,-5.563083172951034e-05,-1.3011655836136356e-07,-2.5815495368235925e-05,-5.694487739166763e-05,-1.36271666057024e-07,-2.6387256194565664e-05,-5.82741690685032e-05,-1.42642492300305e-07,-2.6964519965833338e-05,-5.961870247863028e-05,-1.4923401140109134e-07,-2.754726168855013e-05,-6.097847329158417e-05,-1.5605125391555512e-07,-2.8135456382000006e-05,-6.235347712783653e-05,0.3500000000000001
-1.0240663702853338e-07,-2.3040111064196376e-05,-5.052719313687653e-05,-1.0755579660699744e-07,-2.358398182349263e-05,-5.178021290850782e-05,-1.1289664758001315e-07,-2.413348068324421e-05,-5.30484953293023e-05,-1.1843388272630179e-07,-2.468858258760666e-05,-5.4332036314325815e-05,-1.241722511700145e-07,-2.5249262493005273e-05,-5.563083172951034e-05,-1.3011655836136356e-07,-2.5815495368235925e-05,-5.694487739166763e-05,-1.36271666057024e-07,-2.6387256194565664e-05,-5.82741690685032e-05,-1.42642492300305e-07,-2.6964519965833338e-05,-5.961870247863028e-05,-1.4923401140109134e-07,-2.754726168855013e-05,-6.097847329158417e-05,-1.5605125391555512e-07,-2.8135456382000006e-05,-6.235347712783653e-05,0.3500000000000001
-1.0240663702853338e-07,-2.3040111064196376e-05,-5.052719313687653e-05,-1.0755579660699744e-07,-2.358398182349263e-05,-5.178021290850782e-05,-1.1289664758001315e-07,-2.413348068324421e-05,-5.30484953293023e-05,-1.1843388272630179e-07,-2.468858258760666e-05,-5.4332036314325815e-05,-1.241722511700145e-07,-2.5249262493005273e-05,-5.563083172951034e-05,-1.3011655836136356e-07,-2.5815495368235925e-05,-5.694487739166763e-05,-1.36271666057024e-07,-2.6387256194565664e-05,-5.82741690685032e-05,-1.42642492300305e-07,-2.6964519965833338e-05,-5.961870247863028e-05,-1.4923401140109134e-07,-2.754726168855013e-05,-6.097847329158417e-05,-1.5605125391555512e-07,-2.8135456382000006e-05,-6.235347712783653e-05,0.3500000000000001
-1.0240663702853338e-07,-2.3040111064196376e-05,-5.052719313687653e-05,-1.0755579660699744e-07,-2.358398182349263e-05,-5.178021290850782e-05,-1.1289664758001315e-07,-2.413348068324421e-05,-5.30484953293023e-05,-1.1843388272630179e-07,-2.468858258760666e-05,-5.4332036314325815e-05,-1.241722511700145e-07,-2.5249262493005273e-05,-5.563083172951034e-05,-1.3011655836136356e-07,-2.5815495368235925e-05,-5.694487739166763e-05,-1.36271666057024e-07,-2.6387256194565664e-05,-5.82741690685032e-05,-1.42642492300305e-07,-2.6964519965833338e-05,-5.961870247863028e-05,-1.4923401140109134e-07,-2.754726168855013e-05,-6.097847329158417e-05,-1.5605125391555512e-07,-2.8135456382000006e-05,-6.235347712783653e-05,0.3500000000000001
-1.0240663702853338e-07,-2.3040111064196376e-05,-5.052719313687653e-05,-1.0755579660699744e-07,-2.358398182349263e-05,-5.178021290850782e-05,-1.1289664758001315e-07,-2.413348068324421e-05,-5.30484953293023e-05,-1.1843388272630179e-07,-2.468858258760666e-05,-5.4332036314325815e-05,-1.241722511700145e-07,-2.5249262493005273e-05,-5.563083172951034e-05,-1.3011655836136356e-07,-2.5815495368235925e-05,-5.694487739166763e-05,-1.36271666057024e-07,-2.6387256194565664e-05,-5.82741690685032e-05,-1.42642492300305e-07,-2.6964519965833338e-05,-5.961870247863028e-05,-1.4923401140109134e-07,-2.754726168855013e-05,-6.097847329158417e-05,-1.5605125391555512e-07,-2.8135456382000006e-05,-6.235347712783653e-05,0.3500000000000001
-1.0240663702853338e-07,-2.3040111064196376e-05,-5.052719313687653e-05,-1.0755579660699744e-07,-2.358398182349263e-05,-5.178021290850782e-05,-1.1289664758001315e-07,-2.413348068324421e-05,-5.30484953293023e-05,-1.1843388272630179e-07,-2.468858258760666e-05,-5.4332036314325815e-05,-1.241722511700145e-07,-2.5249262493005273e-05,-5.563083172951034e-05,-1.3011655836136356e-07,-2.5815495368235925e-05,-5.694487739166763e-05,-1.36271666057024e-07,-2.6387256194565664e-05,-5.82741690685032e-05,-1.42642492300305e-07,-2.6964519965833338e-05,-5.961870247863028e-05,-1.4923401140109134e-07,-2.754726168855013e-05,-6.097847329158417e-05,-1.5605125391555512e-07,-2.8135456382000006e-05,-6.235347712783653e-05,0.3500000000000001
-1.0240663702853338e-07,-2.3040111064196376e-05,-5.052719313687653e-05,-1.0755579660699744e-07,-2.358398182349263e-05,-5.178021290850782e-05,-1.1289664758001315e-07,-2.413348068324421e-05,-5.30484953293023e-05,-1.1843388272630179e-07,-2.468858258760666e-05,-5.4332036314325815e-05,-1.241722511700145e-07,-2.5249262493005273e-05,-5.563083172951034e-05,-1.3011655836136356e-07,-2.5815495368235925e-05,-5.694487739166763e-05,-1.36271666057024e-07,-2.6387256194565664e-05,-5.82741690685032e-05,-1.42642492300305e-07,-2.6964519965833338e-05,-5.961870247863028e-05,-1.4923401140109134e-07,-2.754726168855013e-05,-6.097847329158417e-05,-1.5605125391555512e-07,-2.8135456382000006e-05,-6.235347712783653e-05,0.3500000000000001
-1.0240663702853338e-07,-2.3040111064196376e-05,-5.052719313687653e-05,-1.0755579660699744e-07,-2.358398182349263e-05,-5.178021290850782e-05,-1.1289664758001315e-07,-2.413348068324421e-05,-5.30484953293023e-05,-1.1843388272630179e-07,-2.468858258760666e-05,-5.4332036314325815e-05,-1.241722511700145e-07,-2.5249262493005273e-05,-5.563083172951034e-05,-1.3011655836136356e-07,-2.5815495368235925e-05,-5.694487739166763e-05,-1.36271666057024e-07,-2.6387256194565664e-05,-5.82741690685032e-05,-1.42642492300305e-07,-2.6964519965833338e-05,-5.961870247863028e-05,-1.4923401140109134e-07,-2.754726168855013e-05,-6.097847329158417e-05,-1.5605125391555512e-07,-2.8135456382000006e-05,-6.235347712783653e-05,0.3500000000000001
-1.0240663702853338e-07,-2.3040111064196376e-05,-5.052719313687653e-05,-1.0755579660699744e-07,-2.358398182349263e-05,-5.178021290850782e-05,-1.1289664758001315e-07,-2.413348068324421e-05,-5.30484953293023e-05,-1.1843388272630179e-07,-2.468858258760666e-05,-5.4332036314325815e-05,-1.241722511700145e-07,-2.5249262493005273e-05,-5.563083172951034e-05,-1.3011655836136356e-07,-2.5815495368235925e-05,-5.694487739166763e-05,-1.36271666057024e-07,-2.6387256194565664e-05,-5.82741690685032e-05,-1.42642492300305e-07,-2.6964519965833338e-05,-5.961870247863028e-05,-1.4923401140109134e-07,-2.754726168855013e-05,-6.097847329158417e-05,-1.5605125391555512e-07,-2.8135456382000006e-05,-6.235347712783653e-05,0.3500000000000001
-1.0240663702853338e-07,-2.3040111064196376e-05,-5.052719313687653e-05,-1.0755579660699744e-07,-2.358398182349263e-05,-5.178021290850782e-05,-1.1289664758001315e-07,-2.413348068324421e-05,-5.30484953293023e-05,-1.1843388272630179e-07,-2.468858258760666e-05,-5.4332036314325815e-05,-1.241722511700145e-07,-2.5249262493005273e-05,-5.563083172951034e-05,-1.3011655836136356e-07,-2.5815495368235925e-05,-5.694487739166763e-05,-1.36271666057024e-07,-2.6387256194565664e-05,-5.82741690685032e-05,-1.42642492300305e-07,-2.6964519965833338e-05,-5.961870247863028e-05,-1.4923401140109134e-07,-2.754726168855013e-05,-6.097847329158417e-05,-1.5605125391555512e-07,-2.8135456382000006e-05,-6.235347712783653e-05,0.3500000000000001
-1.0240663702853338e-07,-2.3040111064196376e-05,-5.052719313687653e-05,-1.0755579660699744e-07,-2.358398182349263e-05,-5.178021290850782e-05,-1.1289664758001315e-07,-2.413348068324421e-05,-5.30484953293023e-05,-1.1843388272630179e-07,-2.468858258760666e-05,-5.4332036314325815e-05,-1.241722511700145e-07,-2.5249262493005273e-05,-5.563083172951034e-05,-1.3011655836136356e-07,-2.5815495368235925e-05,-5.694487739166763e-05,-1.36271666057024e-07,-2.6387256194565664e-05,-5.82741690685032e-05,-1.42642492300305e-07,-2.6964519965833338e-05,-5.961870247863028e-05,-1.4923401140109134e-07,-2.754726168855013e-05,-6.097847329158417e-05,-1.5605125391555512e-07,-2.8135456382000006e-05,-6.235347712783653e-05,0.3500000000000001
-1.0240663702853338e-07,-2.3040111064196376e-05,-5.052719313687653e-05,-1.0755579660699744e-07,-2.358398182349263e-05,-5.178021290850782e-05,-1.1289664758001315e-07,-2.413348068324421e-05,-5.30484953293023e-05,-1.1843388272630179e-07,-2.468858258760666e-05,-5.4332036314325815e-05,-1.241722511700145e-07,-2.5249262493005273e-05,-5.563083172951034e-05,-1.3011655836136356e-07,-2.5815495368235925e-05,-5.694487739166763e-05,-1.36271666057024e-07,-2.6387256194565664e-05,-5.82741690685032e-05,-1.42642492300305e-07,-2.6964519965833338e-05,-5.961870247863028e-05,-1.4923401140109134e-07,-2.754726168855013e-05,-6.097847329158417e-05,-1.5605125391555512e-07,-2.8135456382000006e-05,-6.235347712783653e-05,0.3500000000000001
-1.0240663702853338e-07,-2.3040111064196376e-05,-5.052719313687653e-05,-1.0755579660699744e-07,-2.358398182349263e-05,-5.178021290850782e-05,-1.1289664758001315e-07,-2.413348068324421e-05,-5.30484953293023e-05,-1.1843388272630179e-07,-2.468858258760666e-05,-5.4332036314325815e-05,-1.241722511700145e-07,-2.5249262493005273e-05,-5.563083172951034e-05,-1.3011655836136356e-07,-2.5815495368235925e-05,-5.694487739166763e-05,-1.36271666057024e-07,-2.6387256194565664e-05,-5.82741690685032e-05,-1.42642492300305e-07,-2.6964519965833338e-05,-5.961870247863028e-05,-1.4923401140109134e-07,-2.754726168855013e-05,-6.097847329158417e-05,-1.5605125391555512e-07,-2.8135456382000006e-05,-6.235347712783653e-05,0.3500000000000001
-1.0240663702853338e-07,-2.3040111064196376e-05,-5.052719313687653e-05,-1.0755579660699744e-07,-2.358398182349263e-05,-5.178021290850782e-05,-1.1289664758001315e-07,-2.413348068324421e-05,-5.30484953293023e-05,-1.1843388272630179e-07,-2.468858258760666e-05,-5.4332036314325815e-05,-1.241722511700145e-07,-2.5249262493005273e-05,-5.563083172951034e-05,-1.3011655836136356e-07,-2.5815495368235925e-05,-5.694487739166763e-05,-1.36271666057024e-07,-2.6387256194565664e-05,-5.82741690685032e-05,-1.42642492300305e-07,-2.6964519965833338e-05,-5.961870247863028e-05,-1.4923401140109134e-07,-2.754726168855013e-05,-6.097847329158417e-05,-1.5605125391555512e-07,-2.8135456382000006e-05,-6.235347712783653e-05,0.3500000000000001
-1.0240663702853338e-07,-2.3040111064196376e-05,-5.052719313687653e-05,-1.0755579660699744e-07,-2.358398182349263e-05,-5.178021290850782e-05,-1.1289664758001315e-07,-2.413348068324421e-05,-5.30484953293023e-05,-1.1843388272630179e-07,-2.468858258760666e-05,-5.4332036314325815e-05,-1.241722511700145e-07,-2.5249262493005273e-05,-5.563083172951034e-05,-1.3011655836136356e-07,-2.5815495368235925e-05,-5.694487739166763e-05,-1.36271666057024e-07,-2.6387256194565664e-05,-5.82741690685032e-05,-1.42642492300305e-07,-2.6964519965833338e-05,-5.961870247863028e-05,-1.4923401140109134e-07,-2.754726168855013e-05,-6.097847329158417e-05,-1.5605125391555512e-07,-2.8135456382000006e-05,-6.235347712783653e-05,0.3500000000000001
-1.0240663702853338e-07,-2.3040111064196376e-05,-5.052719313687653e-05,-1.0755579660699744e-07,-2.358398182349263e-05,-5.178021290850782e-05,-1.1289664758001315e-07,-2.413348068324421e-05,-5.30484953293023e-05,-1.1843388272630179e-07,-2.468858258760666e-05,-5.4332036314325815e-05,-1.241722511700145e-07,-2.5249262493005273e-05,-5.563083172951034e-05,-1.3011655836136356e-07,-2.5815495368235925e-05,-5.694487739166763e-05,-1.36271666057024e-07,-2.6387256194565664e-05,-5.82741690685032e-05,-1.42642492300305e-07,-2.6964519965833338e-05,-5.961870247863028e-05,-1.4923401140109134e-07,-2.754726168855013e-05,-6.097847329158417e-05,-1.5605125391555512e-07,-2.8135456382000006e-05,-6.235347712783653e-05,0.3500000000000001
-1.0240663702853338e-07,-2.3040111064196376e-05,-5.052719313687653e-05,-1.0755579660699744e-07,-2.358398182349263e-05,-5.178021290850782e-05,-1.1289664758001315e-07,-2.413348068324421e-05,-5.30484953293023e-05,-1.1843388272630179e-07,-2.468858258760666e-05,-5.4332036314325815e-05,-1.241722511700145e-07,-2.5249262493005273e-05,-5.563083172951034e-05,-1.3011655836136356e-07,-2.5815495368235925e-05,-5.694487739166763e-05,-1.36271666057024e-07,-2.6387256194565664e-05,-5.82741690685032e-05,-1.42642492300305e-07,-2.6964519965833338e-05,-5.961870247863028e-05,-1.4923401140109134e-07,-2.754726168855013e-05,-6.097847329158417e-05,-1.5605125391555512e-07,-2.8135456382000006e-05,-6.235347712783653e-05,0.3500000000000001
-1.0240663702853338e-07,-2.3040111064196376e-05,-5.052719313687653e-05,-1.0755579660699744e-07,-2.358398182349263e-05,-5.178021290850782e-05,-1.1289664758001315e-07,-2.413348068324421e-05,-5.30484953293023e-05,-1.1843388272630179e-07,-2.468858258760666e-05,-5.4332036314325815e-05,-1.241722511700145e-07,-2.5249262493005273e-05,-5.563083172951034e-05,-1.3011655836136356e-07,-2.5815495368235925e-05,-5.694487739166763e-05,-1.36271666057024e-07,-2.6387256194565664e-05,-5.82741690685032e-05,-1.42642492300305e-07,-2.6964519965833338e-05,-5.961870247863028e-05,-1.4923401140109134e-07,-2.754726168855013e-05,-6.097847329158417e-05,-1.5605125391555512e-07,-2.8135456382000006e-05,-6.235347712783653e-05,0.3500000000000001
-1.0240663702853338e-07,-2.3040111064196376e-05,-5.052719313687653e-05,-1.0755579660699744e-07,-2.358398182349263e-05,-5.178021290850782e-05,-1.1289664758001315e-07,-2.413348068324421e-05,-5.30484953293023e-05,-1.1843388272630179e-07,-2.468858258760666e-05,-5.4332036314325815e-05,-1.241722511700145e-07,-2.5249262493005273e-05,-5.563083172951034e-05,-1.3011655836136356e-07,-2.5815495368235925e-05,-5.694487739166763e-05,-1.36271666057024e-07,-2.6387256194565664e-05,-5.82741690685032e-05,-1.42642492300305e-07,-2.6964519965833338e-05,-5.961870247863028e-05,-1.4923401140109134e-07,-2.754726168855013e-05,-6.097847329158417e-05,-1.5605125391555512e-07,-2.8135456382000006e-05,-6.235347712783653e-05,0.3500000000000001
-1.0240663702853338e-07,-2.3040111064196376e-05,-5.052719313687653e-05,-1.0755579660699744e-07,-2.358398182349263e-05,-5.178021290850782e-05,-1.1289664758001315e-07,-2.413348068324421e-05,-5.30484953293023e-05,-1.1843388272630179e-07,-2.468858258760666e-05,-5.4332036314325815e-05,-1.241722511700145e-07,-2.5249262493005273e-05,-5.563083172951034e-05,-1.3011655836136356e-07,-2.5815495368235925e-05,-5.694487739166763e-05,-1.36271666057024e-07,-2.6387256194565664e-05,-5.82741690685032e-05,-1.42642492300305e-07,-2.6964519965833338e-05,-5.961870247863028e-05,-1.4923401140109134e-07,-2.754726168855013e-05,-6.097847329158417e-05,-1.5605125391555512e-07,-2.8135456382000006e-05,-6.235347712783653e-05,0.3500000000000001
-1.0240663702853338e-07,-2.3040111064196376e-05,-5.052719313687653e-05,-1.0755579660699744e-07,-2.358398182349263e-05,-5.178021290850782e-05,-1.1289664758001315e-07,-2.413348068324421e-05,-5.30484953293023e-05,-1.1843388272630179e-07,-2.468858258760666e-05,-5.4332036314325815e-05,-1.241722511700145e-07,-2.5249262493005273e-05,-5.563083172951034e-05,-1.3011655836136356e-07,-2.5815495368235925e-05,-5.694487739166763e-05,-1.36271666057024e-07,-2.6387256194565664e-05,-5.82741690685032e-05,-1.42642492300305e-07,-2.6964519965833338e-05,-5.961870247863028e-05,-1.4923401140109134e-07,-2.754726168855013e-05,-6.097847329158417e-05,-1.5605125391555512e-07,-2.8135456382000006e-05,-6.235347712783653e-05,0.3500000000000001
-1.0240663702853338e-07,-2.3040111064196376e-05,-5.052719313687653e-05,-1.0755579660699744e-07,-2.358398182349263e-05,-5.178021290850782e-05,-1.1289664758001315e-07,-2.413348068324421e-05,-5.30484953293023e-05,-1.1843388272630179e-07,-2.468858258760666e-05,-5.4332036314325815e-05,-1.241722511700145e-07,-2.5249262493005273e-05,-5.563083172951034e-05,-1.3011655836136356e-07,-2.5815495368235925e-05,-5.694487739166763e-05,-1.36271666057024e-07,-2.6387256194565664e-05,-5.82741690685032e-05,-1.42642492300305e-07,-2.6964519965833338e-05,-5.961870247863028e-05,-1.4923401140109134e-07,-2.754726168855013e-05,-6.097847329158417e-05,-1.5605125391555512e-07,-2.8135456382000006e-05,-6.235347712783653e-05,0.3500000000000001
-1.0240663702853338e-07,-2.3040111064196376e-05,-5.052719313687653e-05,-1.0755579660699744e-07,-2.358398182349263e-05,-5.178021290850782e-05,-1.1289664758001315e-07,-2.413348068324421e-05,-5.30484953293023e-05,-1.1843388272630179e-07,-2.468858258760666e-05,-5.4332036314325815e-05,-1.241722511700145e-07,-2.5249262493005273e-05,-5.563083172951034e-05,-1.3011655836136356e-07,-2.5815495368235925e-05,-5.694487739166763e-05,-1.36271666057024e-07,-2.6387256194565664e-05,-5.82741690685032e-05,-1.42642492300305e-07,-2.6964519965833338e-05,-5.961870247863028e-05,-1.4923401140109134e-07,-2.754726168855013e-05,-6.097847329158417e-05,-1.5605125391555512e-07,-2.8135456382000006e-05,-6.235347712783653e-05,0.3500000000000001
-1.0240663702853338e-07,-2.3040111064196376e-05,-5.052719313687653e-05,-1.0755579660699744e-07,-2.358398182349263e-05,-5.178021290850782e-05,-1.1289664758001315e-07,-2.413348068324421e-05,-5.30484953293023e-05,-1.1843388272630179e-07,-2.468858258760666e-05,-5.4332036314325815e-05,-1.241722511700145e-07,-2.5249262493005273e-05,-5.563083172951034e-05,-1.3011655836136356e-07,-2.5815495368235925e-05,-5.694487739166763e-05,-1.36271666057024e-07,-2.6387256194565664e-05,-5.82741690685032e-05,-1.42642492300305e-07,-2.6964519965833338e-05,-5.961870247863028e-05,-1.4923401140109134e-07,-2.754726168855013e-05,-6.097847329158417e-05,-1.5605125391555512e-07,-2.8135456382000006e-05,-6.235347712783653e-05,0.3500000000000001
-1.0240663702853338e-07,-2.3040111064196376e-05,-5.052719313687653e-05,-1.0755579660699744e-07,-2.358398182349263e-05,-5.178021290850782e-05,-1.1289664758001315e-07,-2.413348068324421e-05,-5.30484953293023e-05,-1.1843388272630179e-07,-2.468858258760666e-05,-5.4332036314325815e-05,-1.241722511700145e-07,-2.5249262493005273e-05,-5.563083172951034e-05,-1.3011655836136356e-07,-2.5815495368235925e-05,-5.694487739166763e-05,-1.36271666057024e-07,-2.6387256194565664e-05,-5.82741690685032e-05,-1.42642492300305e-07,-2.6964519965833338e-05,-5.961870247863028e-05,-1.4923401140109134e-07,-2.754726168855013e-05,-6.097847329158417e-05,-1.5605125391555512e-07,-2.8135456382000006e-05,-6.235347712783653e-05,0.3500000000000001
-1.0240663702853338e-07,-2.3040111064196376e-05,-5.052719313687653e-05,-1.0755579660699744e-07,-2.358398182349263e-05,-5.178021290850782e-05,-1.1289664758001315e-07,-2.413348068324421e-05,-5.30484953293023e-05,-1.1843388272630179e-07,-2.468858258760666e-05,-5.4332036314325815e-05,-1.241722511700145e-07,-2.5249262493005273e-05,-5.563083172951034e-05,-1.3011655836136356e-07,-2.5815495368235925e-05,-5.694487739166763e-05,-1.36271666057024e-07,-2.6387256194565664e-05,-5.82741690685032e-05,-1.42642492300305e-07,-2.6964519965833338e-05,-5.961870247863028e-05,-1.4923401140109134e-07,-2.754726168855013e-05,-6.097847329158417e-05,-1.5605125391555512e-07,-2.8135456382000006e-05,-6.235347712783653e-05,0.3500000000000001
-1.0240663702853338e-07,-2.3040111064196376e-05,-5.052719313687653e-05,-1.0755579660699744e-07,-2.358398182349263e-05,-5.178021290850782e-05,-1.1289664758001315e-07,-2.413348068324421e-05,-5.30484953293023e-05,-1.1843388272630179e-07,-2.468858258760666e-05,-5.4332036314325815e-05,-1.241722511700145e-07,-2.5249262493005273e-05,-5.563083172951034e-05,-1.3011655836136356e-07,-2.5815495368235925e-05,-5.694487739166763e-05,-1.36271666057024e-07,-2.6387256194565664e-05,-5.82741690685032e-05,-1.42642492300305e-07,-2.6964519965833338e-05,-5.961870247863028e-05,-1.4923401140109134e-07,-2.754726168855013e-05,-6.097847329158417e-05,-1.5605125391555512e-07,-2.8135456382000006e-05,-6.235347712783653e-05,0.3500000000000001
-1.0240663702853338e-07,-2.3040111064196376e-05,-5.052719313687653e-05,-1.0755579660699744e-07,-2.358398182349263e-05,-5.178021290850782e-05,-1.1289664758001315e-07,-2.413348068324421e-05,-5.30484953293023e-05,-1.1843388272630179e-07,-2.468858258760666e-05,-5.4332036314325815e-05,-1.241722511700145e-07,-2.5249262493005273e-05,-5.563083172951034e-05,-1.3011655836136356e-07,-2.5815495368235925e-05,-5.694487739166763e-05,-1.36271666057024e-07,-2.6387256194565664e-05,-5.82741690685032e-05,-1.42642492300305e-07,-2.6964519965833338e-05,-5.961870247863028e-05,-1.4923401140109134e-07,-2.754726168855013e-05,-6.097847329158417e-05,-1.5605125391555512e-07,-2.8135456382000006e-05,-6.235347712783653e-05,0.3500000000000001
-1.0240663702853338e-07,-2.3040111064196376e-05,-5.052719313687653e-05,-1.0755579660699744e-07,-2.358398182349263e-05,-5.178021290850782e-05,-1.1289664758001315e-07,-2.413348068324421e-05,-5.30484953293023e-05,-1.1843388272630179e-07,-2.468858258760666e-05,-5.4332036314325815e-05,-1.241722511700145e-07,-2.5249262493005273e-05,-5.563083172951034e-05,-1.3011655836136356e-07,-2.5815495368235925e-05,-5.694487739166763e-05,-1.36271666057024e-07,-2.6387256194565664e-05,-5.82741690685032e-05,-1.42642492300305e-07,-2.6964519965833338e-05,-5.961870247863028e-05,-1.4923401140109134e-07,-2.754726168855013e-05,-6.097847329158417e-05,-1.5605125391555512e-07,-2.8135456382000006e-05,-6.235347712783653e-05,0.3500000000000001
-1.0240663702853338e-07,-2.3040111064196376e-05,-5.052719313687653e-05,-1.0755579660699744e-07,-2.358398182349263e-05,-5.178021290850782e-05,-1.1289664758001315e-07,-2.413348068324421e-05,-5.30484953293023e-05,-1.1843388272630179e-07,-2.468858258760666e-05,-5.4332036314325815e-05,-1.241722511700145e-07,-2.5249262493005273e-05,-5.563083172951034e-05,-1.3011655836136356e-07,-2.5815495368235925e-05,-5.694487739166763e-05,-1.36271666057024e-07,-2.6387256194565664e-05,-5.82741690685032e-05,-1.42642492300305e-07,-2.6964519965833338e-05,-5.961870247863028e-05,-1.4923401140109134e-07,-2.754726168855013e-05,-6.097847329158417e-05,-1.5605125391555512e-07,-2.8135456382000006e-05,-6.235347712783653e-05,0.3500000000000001
-1.0240663702853338e-07,-2.3040111064196376e-05,-5.052719313687653e-05,-1.0755579660699744e-07,-2.358398182349263e-05,-5.178021290850782e-05,-1.1289664758001315e-07,-2.413348068324421e-05,-5.30484953293023e-05,-1.1843388272630179e-07,-2.468858258760666e-05,-5.4332036314325815e-05,-1.241722511700145e-07,-2.5249262493005273e-05,-5.563083172951034e-05,-1.3011655836136356e-07,-2.5815495368235925e-05,-5.694487739166763e-05,-1.36271666057024e-07,-2.6387256194565664e-05,-5.82741690685032e-05,-1.42642492300305e-07,-2.6964519965833338e-05,-5.961870247863028e-05,-1.4923401140109134e-07,-2.754726168855013e-05,-6.097847329158417e-05,-1.5605125391555512e-07,-2.8135456382000006e-05,-6.235347712783653e-05,0.3500000000000001
-1.0240663702853338e-07,-2.3040111064196376e-05,-5.052719313687653e-05,-1.0755579660699744e-07,-2.358398182349263e-05,-5.178021290850782e-05,-1.1289664758001315e-07,-2.413348068324421e-05,-5.30484953293023e-05,-1.1843388272630179e-07,-2.468858258760666e-05,-5.4332036314325815e-05,-1.241722511700145e-07,-2.5249262493005273e-05,-5.563083172951034e-05,-1.3011655836136356e-07,-2.5815495368235925e-05,-5.694487739166763e-05,-1.36271666057024e-07,-2.6387256194565664e-05,-5.82741690685032e-05,-1.42642492300305e-07,-2.6964519965833338e-05,-5.961870247863028e-05,-1.4923401140109134e-07,-2.754726168855013e-05,-6.097847329158417e-05,-1.5605125391555512e-07,-2.8135456382000006e-05,-6.235347712783653e-05,0.3500000000000001
-1.0240663702853338e-07,-2.3040111064196376e-05,-5.052719313687653e-05,-1.0755579660699744e-07,-2.358398182349263e-05,-5.178021290850782e-05,-1.1289664758001315e-07,-2.413348068324421e-05,-5.30484953293023e-05,-1.1843388272630179e-07,-2.468858258760666e-05,-5.4332036314325815e-05,-1.241722511700145e-07,-2.5249262493005273e-05,-5.563083172951034e-05,-1.3011655836136356e-07,-2.5815495368235925e-05,-5.694487739166763e-05,-1.36271666057024e-07,-2.6387256194565664e-05,-5.82741690685032e-05,-1.42642492300305e-07,-2.6964519965833338e-05,-5.961870247863028e-05,-1.4923401140109134e-07,-2.754726168855013e-05,-6.097847329158417e-05,-1.5605125391555512e-07,-2.8135456382000006e-05,-6.235347712783653e-05,0.3500000000000001
-1.0240663702853338e-07,-2.3040111064196376e-05,-5.052719313687653e-05,-1.0755579660699744e-07,-2.358398182349263e-05,-5.178021290850782e-05,-1.1289664758001315e-07,-2.413348068324421e-05,-5.30484953293023e-05,-1.1843388272630179e-07,-2.468858258760666e-05,-5.4332036314325815e-05,-1.241722511700145e-07,-2.5249262493005273e-05,-5.563083172951034e-05,-1.3011655836136356e-07,-2.5815495368235925e-05,-5.694487739166763e-05,-1.36271666057024e-07,-2.6387256194565664e-05,-5.82741690685032e-05,-1.42642492300305e-07,-2.6964519965833338e-05,-5.961870247863028e-05,-1.4923401140109134e-07,-2.754726168855013e-05,-6.097847329158417e-05,-1.5605125391555512e-07,-2.8135456382000006e-05,-6.235347712783653e-05,0.3500000000000001
-1.0240663702853338e-07,-2.3040111064196376e-05,-5.052719313687653e-05,-1.0755579660699744e-07,-2.358398182349263e-05,-5.178021290850782e-05,-1.1289664758001315e-07,-2.413348068324421e-05,-5.30484953293023e-05,-1.1843388272630179e-07,-2.468858258760666e-05,-5.4332036314325815e-05,-1.241722511700145e-07,-2.5249262493005273e-05,-5.563083172951034e-05,-1.3011655836136356e-07,-2.5815495368235925e-05,-5.694487739166763e-05,-1.36271666057024e-07,-2.6387256194565664e-05,-5.82741690685032e-05,-1.42642492300305e-07,-2.6964519965833338e-05,-5.961870247863028e-05,-1.4923401140109134e-07,-2.754726168855013e-05,-6.097847329158417e-05,-1.5605125391555512e-07,-2.8135456382000006e-05,-6.235347712783653e-05,0.3500000000000001
-1.0240663702853338e-07,-2.3040111064196376e-05,-5.052719313687653e-05,-1.0755579660699744e-07,-2.358398182349263e-05,-5.178021290850782e-05,-1.1289664758001315e-07,-2.413348068324421e-05,-5.30484953293023e-05,-1.1843388272630179e-07,-2.468858258760666e-05,-5.4332036314325815e-05,-1.241722511700145e-07,-2.5249262493005273e-05,-5.563083172951034e-05,-1.3011655836136356e-07,-2.5815495368235925e-05,-5.694487739166763e-05,-1.36271666057024e-07,-2.6387256194565664e-05,-5.82741690685032e-05,-1.42642492300305e-07,-2.6964519965833338e-05,-5.961870247863028e-05,-1.4923401140109134e-07,-2.754726168855013e-05,-6.097847329158417e-05,-1.5605125391555512e-07,-2.8135456382000006e-05,-6.235347712783653e-05,0.3500000000000001
-1.0240663702853338e-07,-2.3040111064196376e-05,-5.052719313687653e-05,-1.0755579660699744e-07,-2.358398182349263e-05,-5.178021290850782e-05,-1.1289664758001315e-07,-2.413348068324421e-05,-5.30484953293023e-05,-1.1843388272630179e-07,-2.468858258760666e-05,-5.4332036314325815e-05,-1.241722511700145e-07,-2.5249262493005273e-05,-5.563083172951034e-05,-1.3011655836136356e-07,-2.5815495368235925e-05,-5.694487739166763e-05,-1.36271666057024e-07,-2.6387256194565664e-05,-5.82741690685032e-05,-1.42642492300305e-07,-2.6964519965833338e-05,-5.961870247863028e-05,-1.4923401140109134e-07,-2.754726168855013e-05,-6.097847329158417e-05,-1.5605125391555512e-07,-2.8135456382000006e-05,-6.235347712783653e-05,0.3500000000000001
-1.0240663702853338e-07,-2.3040111064196376e-05,-5.052719313687653e-05,-1.0755579660699744e-07,-2.358398182349263e-05,-5.178021290850782e-05,-1.1289664758001315e-07,-2.413348068324421e-05,-5.30484953293023e-05,-1.1843388272630179e-07,-2.468858258760666e-05,-5.4332036314325815e-05,-1.241722511700145e-07,-2.5249262493005273e-05,-5.563083172951034e-05,-1.3011655836136356e-07,-2.5815495368235925e-05,-5.694487739166763e-05,-1.36271666057024e-07,-2.6387256194565664e-05,-5.82741690685032e-05,-1.42642492300305e-07,-2.6964519965833338e-05,-5.961870247863028e-05,-1.4923401140109134e-07,-2.754726168855013e-05,-6.097847329158417e-05,-1.5605125391555512e-07,-2.8135456382000006e-05,-6.235347712783653e-05,0.3500000000000001
-1.0240663702853338e-07,-2.3040111064196376e-05,-5.052719313687653e-05,-1.0755579660699744e-07,-2.358398182349263e-05,-5.178021290850782e-05,-1.1289664758001315e-07,-2.413348068324421e-05,-5.30484953293023e-05,-1.1843388272630179e-07,-2.468858258760666e-05,-5.4332036314325815e-05,-1.241722511700145e-07,-2.5249262493005273e-05,-5.563083172951034e-05,-1.3011655836136356e-07,-2.5815495368235925e-05,-5.694487739166763e-05,-1.36271666057024e-07,-2.6387256194565664e-05,-5.82741690685032e-05,-1.42642492300305e-07,-2.6964519965833338e-05,-5.961870247863028e-05,-1.4923401140109134e-07,-2.754726168855013e-05,-6.097847329158417e-05,-1.5605125391555512e-07,-2.8135456382000006e-05,-6.235347712783653e-05,0.3500000000000001
-1.0240663702853338e-07,-2.3040111064196376e-05,-5.052719313687653e-05,-1.0755579660699744e-07,-2.358398182349263e-05,-5.178021290850782e-05,-1.1289664758001315e-07,-2.413348068324421e-05,-5.30484953293023e-05,-1.1843388272630179e-07,-2.468858258760666e-05,-5.4332036314325815e-05,-1.241722511700145e-07,-2.5249262493005273e-05,-5.563083172951034e-05,-1.3011655836136356e-07,-2.5815495368235925e-05,-5.694487739166763e-05,-1.36271666057024e-07,-2.6387256194565664e-05,-5.82741690685032e-05,-1.42642492300305e-07,-2.6964519965833338e-05,-5.961870247863028e-05,-1.4923401140109134e-07,-2.754726168855013e-05,-6.097847329158417e-05,-1.5605125391555512e-07,-2.8135456382000006e-05,-6.235347712783653e-05,0.3500000000000001
-1.0240663702853338e-07,-2.3040111064196376e-05,-5.052719313687653e-05,-1.0755579660699744e-07,-2.358398182349263e-05,-5.178021290850782e-05,-1.1289664758001315e-07,-2.413348068324421e-05,-5.30484953293023e-05,-1.1843388272630179e-07,-2.468858258760666e-05,-5.4332036314325815e-05,-1.241722511700145e-07,-2.5249262493005273e-05,-5.563083172951034e-05,-1.3011655836136356e-07,-2.5815495368235925e-05,-5.694487739166763e-05,-1.36271666057024e-07,-2.6387256194565664e-05,-5.82741690685032e-05,-1.42642492300305e-07,-2.6964519965833338e-05,-5.961870247863028e-05,-1.4923401140109134e-07,-2.754726168855013e-05,-6.097847329158417e-05,-1.5605125391555512e-07,-2.8135456382000006e-05,-6.235347712783653e-05,0.3500000000000001
-1.0240663702853338e-07,-2.3040111064196376e-05,-5.052719313687653e-05,-1.0755579660699744e-07,-2.358398182349263e-05,-5.178021290850782e-05,-1.1289664758001315e-07,-2.413348068324421e-05,-5.30484953293023e-05,-1.1843388272630179e-07,-2.468858258760666e-05,-5.4332036314325815e-05,-1.241722511700145e-07,-2.5249262493005273e-05,-5.563083172951034e-05,-1.3011655836136356e-07,-2.5815495368235925e-05,-5.694487739166763e-05,-1.36271666057024e-07,-2.6387256194565664e-05,-5.82741690685032e-05,-1.42642492300305e-07,-2.6964519965833338e-05,-5.961870247863028e-05,-1.4923401140109134e-07,-2.754726168855013e-05,-6.097847329158417e-05,-1.5605125391555512e-07,-2.8135456382000006e-05,-6.235347712783653e-05,0.3500000000000001
-1.0240663702853338e-07,-2.3040111064196376e-05,-5.052719313687653e-05,-1.0755579660699744e-07,-2.358398182349263e-05,-5.178021290850782e-05,-1.1289664758001315e-07,-2.413348068324421e-05,-5.30484953293023e-05,-1.1843388272630179e-07,-2.468858258760666e-05,-5.4332036314325815e-05,-1.241722511700145e-07,-2.5249262493005273e-05,-5.563083172951034e-05,-1.3011655836136356e-07,-2.5815495368235925e-05,-5.694487739166763e-05,-1.36271666057024e-07,-2.6387256194565664e-05,-5.82741690685032e-05,-1.42642492300305e-07,-2.6964519965833338e-05,-5.961870247863028e-05,-1.4923401140109134e-07,-2.754726168855013e-05,-6.097847329158417e-05,-1.5605125391555512e-07,-2.8135456382000006e-05,-6.235347712783653e-05,0.3500000000000001
-1.0240663702853338e-07,-2.3040111064196376e-05,-5.052719313687653e-05,-1.0755579660699744e-07,-2.358398182349263e-05,-5.178021290850782e-05,-1.1289664758001315e-07,-2.413348068324421e-05,-5.30484953293023e-05,-1.1843388272630179e-07,-2.468858258760666e-05,-5.4332036314325815e-05,-1.241722511700145e-07,-2.5249262493005273e-05,-5.563083172951034e-05,-1.3011655836136356e-07,-2.5815495368235925e-05,-5.694487739166763e-05,-1.36271666057024e-07,-2.6387256194565664e-05,-5.82741690685032e-05,-1.42642492300305e-07,-2.6964519965833338e-05,-5.961870247863028e-05,-1.4923401140109134e-07,-2.754726168855013e-05,-6.097847329158417e-05,-1.5605125391555512e-07,-2.8135456382000006e-05,-6.235347712783653e-05,0.3500000000000001
-1.0240663702853338e-07,-2.3040111064196376e-05,-5.052719313687653e-05,-1.0755579660699744e-07,-2.358398182349263e-05,-5.178021290850782e-05,-1.1289664758001315e-07,-2.413348068324421e-05,-5.30484953293023e-05,-1.1843388272630179e-07,-2.468858258760666e-05,-5.4332036314325815e-05,-1.241722511700145e-07,-2.5249262493005273e-05,-5.563083172951034e-05,-1.3011655836136356e-07,-2.5815495368235925e-05,-5.694487739166763e-05,-1.36271666057024e-07,-2.6387256194565664e-05,-5.82741690685032e-05,-1.42642492300305e-07,-2.6964519965833338e-05,-5.961870247863028e-05,-1.4923401140109134e-07,-2.754726168855013e-05,-6.097847329158417e-05,-1.5605125391555512e-07,-2.8135456382000006e-05,-6.235347712783653e-05,0.3500000000000001
-1.0240663702853338e-07,-2.3040111064196376e-05,-5.052719313687653e-05,-1.0755579660699744e-07,-2.358398182349263e-05,-5.178021290850782e-05,-1.1289664758001315e-07,-2.413348068324421e-05,-5.30484953293023e-05,-1.1843388272630179e-07,-2.468858258760666e-05,-5.4332036314325815e-05,-1.241722511700145e-07,-2.5249262493005273e-05,-5.563083172951034e-05,-1.3011655836136356e-07,-2.5815495368235925e-05,-5.694487739166763e-05,-1.36271666057024e-07,-2.6387256194565664e-05,-5.82741690685032e-05,-1.42642492300305e-07,-2.6964519965833338e-05,-5.961870247863028e-05,-1.4923401140109134e-07,-2.754726168855013e-05,-6.097847329158417e-05,-1.5605125391555512e-07,-2.8135456382000006e-05,-6.235347712783653e-05,0.3500000000000001
-1.0240663702853338e-07,-2.3040111064196376e-05,-5.052719313687653e-05,-1.0755579660699744e-07,-2.358398182349263e-05,-5.178021290850782e-05,-1.1289664758001315e-07,-2.413348068324421e-05,-5.30484953293023e-05,-1.1843388272630179e-07,-2.468858258760666e-05,-5.4332036314325815e-05,-1.241722511700145e-07,-2.5249262493005273e-05,-5.563083172951034e-05,-1.3011655836136356e-07,-2.5815495368235925e-05,-5.694487739166763e-05,-1.36271666057024e-07,-2.6387256194565664e-05,-5.82741690685032e-05,-1.42642492300305e-07,-2.6964519965833338e-05,-5.961870247863028e-05,-1.4923401140109134e-07,-2.754726168855013e-05,-6.097847329158417e-05,-1.5605125391555512e-07,-2.8135456382000006e-05,-6.235347712783653e-05,0.3500000000000001
-1.0240663702853338e-07,-2.3040111064196376e-05,-5.052719313687653e-05,-1.0755579660699744e-07,-2.358398182349263e-05,-5.178021290850782e-05,-1.1289664758001315e-07,-2.413348068324421e-05,-5.30484953293023e-05,-1.1843388272630179e-07,-2.468858258760666e-05,-5.4332036314325815e-05,-1.241722511700145e-07,-2.5249262493005273e-05,-5.563083172951034e-05,-1.3011655836136356e-07,-2.5815495368235925e-05,-5.694487739166763e-05,-1.36271666057024e-07,-2.6387256194565664e-05,-5.82741690685032e-05,-1.42642492300305e-07,-2.6964519965833338e-05,-5.961870247863028e-05,-1.4923401140109134e-07,-2.754726168855013e-05,-6.097847329158417e-05,-1.5605125391555512e-07,-2.8135456382000006e-05,-6.235347712783653e-05,0.3500000000000001
-1.0240663702853338e-07,-2.3040111064196376e-05,-5.052719313687653e-05,-1.0755579660699744e-07,-2.358398182349263e-05,-5.178021290850782e-05,-1.1289664758001315e-07,-2.413348068324421e-05,-5.30484953293023e-05,-1.1843388272630179e-07,-2.468858258760666e-05,-5.4332036314325815e-05,-1.241722511700145e-07,-2.5249262493005273e-05,-5.563083172951034e-05,-1.3011655836136356e-07,-2.5815495368235925e-05,-5.694487739166763e-05,-1.36271666057024e-07,-2.6387256194565664e-05,-5.82741690685032e-05,-1.42642492300305e-07,-2.6964519965833338e-05,-5.961870247863028e-05,-1.4923401140109134e-07,-2.754726168855013e-05,-6.097847329158417e-05,-1.5605125391555512e-07,-2.8135456382000006e-05,-6.235347712783653e-05,0.3500000000000001
-1.0240663702853338e-07,-2.3040111064196376e-05,-5.052719313687653e-05,-1.0755579660699744e-07,-2.358398182349263e-05,-5.178021290850782e-05,-1.1289664758001315e-07,-2.413348068324421e-05,-5.30484953293023e-05,-1.1843388272630179e-07,-2.468858258760666e-05,-5.4332036314325815e-05,-1.241722511700145e-07,-2.5249262493005273e-05,-5.563083172951034e-05,-1.3011655836136356e-07,-2.5815495368235925e-05,-5.694487739166763e-05,-1.36271666057024e-07,-2.6387256194565664e-05,-5.82741690685032e-05,-1.42642492300305e-07,-2.6964519965833338e-05,-5.961870247863028e-05,-1.4923401140109134e-07,-2.754726168855013e-05,-6.097847329158417e-05,-1.5605125391555512e-07,-2.8135456382000006e-05,-6.235347712783653e-05,0.3500000000000001
-1.0240663702853338e-07,-2.3040111064196376e-05,-5.052719313687653e-05,-1.0755579660699744e-07,-2.358398182349263e-05,-5.178021290850782e-05,-1.1289664758001315e-07,-2.413348068324421e-05,-5.30484953293023e-05,-1.1843388272630179e-07,-2.468858258760666e-05,-5.4332036314325815e-05,-1.241722511700145e-07,-2.5249262493005273e-05,-5.563083172951034e-05,-1.3011655836136356e-07,-2.5815495368235925e-05,-5.694487739166763e-05,-1.36271666057024e-07,-2.6387256194565664e-05,-5.82741690685032e-05,-1.42642492300305e-07,-2.6964519965833338e-05,-5.961870247863028e-05,-1.4923401140109134e-07,-2.754726168855013e-05,-6.097847329158417e-05,-1.5605125391555512e-07,-2.8135456382000006e-05,-6.235347712783653e-05,0.3500000000000001
-1.0240663702853338e-07,-2.3040111064196376e-05,-5.052719313687653e-05,-1.0755579660699744e-07,-2.358398182349263e-05,-5.178021290850782e-05,-1.1289664758001315e-07,-2.413348068324421e-05,-5.30484953293023e-05,-1.1843388272630179e-07,-2.468858258760666e-05,-5.4332036314325815e-05,-1.241722511700145e-07,-2.5249262493005273e-05,-5.563083172951034e-05,-1.3011655836136356e-07,-2.5815495368235925e-05,-5.694487739166763e-05,-1.36271666057024e-07,-2.6387256194565664e-05,-5.82741690685032e-05,-1.42642492300305e-07,-2.6964519965833338e-05,-5.961870247863028e-05,-1.4923401140109134e-07,-2.754726168855013e-05,-6.097847329158417e-05,-1.5605125391555512e-07,-2.8135456382000006e-05,-6.235347712783653e-05,0.3500000000000001
-1.0240663702853338e-07,-2.3040111064196376e-05,-5.052719313687653e-05,-1.0755579660699744e-07,-2.358398182349263e-05,-5.178021290850782e-05,-1.1289664758001315e-07,-2.413348068324421e-05,-5.30484953293023e-05,-1.1843388272630179e-07,-2.468858258760666e-05,-5.4332036314325815e-05,-1.241722511700145e-07,-2.5249262493005273e-05,-5.563083172951034e-05,-1.3011655836136356e-07,-2.5815495368235925e-05,-5.694487739166763e-05,-1.36271666057024e-07,-2.6387256194565664e-05,-5.82741690685032e-05,-1.42642492300305e-07,-2.6964519965833338e-05,-5.961870247863028e-05,-1.4923401140109134e-07,-2.754726168855013e-05,-6.097847329158417e-05,-1.5605125391555512e-07,-2.8135456382000006e-05,-6.235347712783653e-05,0.3500000000000001
-1.0240663702853338e-07,-2.3040111064196376e-05,-5.052719313687653e-05,-1.0755579660699744e-07,-2.358398182349263e-05,-5.178021290850782e-05,-1.1289664758001315e-07,-2.413348068324421e-05,-5.30484953293023e-05,-1.1843388272630179e-07,-2.468858258760666e-05,-5.4332036314325815e-05,-1.241722511700145e-07,-2.5249262493005273e-05,-5.563083172951034e-05,-1.3011655836136356e-07,-2.5815495368235925e-05,-5.694487739166763e-05,-1.36271666057024e-07,-2.6387256194565664e-05,-5.82741690685032e-05,-1.42642492300305e-07,-2.6964519965833338e-05,-5.961870247863028e-05,-1.4923401140109134e-07,-2.754726168855013e-05,-6.097847329158417e-05,-1.5605125391555512e-07,-2.8135456382000006e-05,-6.235347712783653e-05,0.3500000000000001
-1.0240663702853338e-07,-2.3040111064196376e-05,-5.052719313687653e-05,-1.0755579660699744e-07,-2.358398182349263e-05,-5.178021290850782e-05,-1.1289664758001315e-07,-2.413348068324421e-05,-5.30484953293023e-05,-1.1843388272630179e-07,-2.468858258760666e-05,-5.4332036314325815e-05,-1.241722511700145e-07,-2.5249262493005273e-05,-5.563083172951034e-05,-1.3011655836136356e-07,-2.5815495368235925e-05,-5.694487739166763e-05,-1.36271666057024e-07,-2.6387256194565664e-05,-5.82741690685032e-05,-1.42642492300305e-07,-2.6964519965833338e-05,-5.961870247863028e-05,-1.4923401140109134e-07,-2.754726168855013e-05,-6.097847329158417e-05,-1.5605125391555512e-07,-2.8135456382000006e-05,-6.235347712783653e-05,0.3500000000000001
-1.0240663702853338e-07,-2.3040111064196376e-05,-5.052719313687653e-05,-1.0755579660699744e-07,-2.358398182349263e-05,-5.178021290850782e-05,-1.1289664758001315e-07,-2.413348068324421e-05,-5.30484953293023e-05,-1.1843388272630179e-07,-2.468858258760666e-05,-5.4332036314325815e-05,-1.241722511700145e-07,-2.5249262493005273e-05,-5.563083172951034e-05,-1.3011655836136356e-07,-2.5815495368235925e-05,-5.694487739166763e-05,-1.36271666057024e-07,-2.6387256194565664e-05,-5.82741690685032e-05,-1.42642492300305e-07,-2.6964519965833338e-05,-5.961870247863028e-05,-1.4923401140109134e-07,-2.754726168855013e-05,-6.097847329158417e-05,-1.5605125391555512e-07,-2.8135456382000006e-05,-6.235347712783653e-05,0.3500000000000001
-1.0240663702853338e-07,-2.3040111064196376e-05,-5.052719313687653e-05,-1.0755579660699744e-07,-2.358398182349263e-05,-5.178021290850782e-05,-1.1289664758001315e-07,-2.413348068324421e-05,-5.30484953293023e-05,-1.1843388272630179e-07,-2.468858258760666e-05,-5.4332036314325815e-05,-1.241722511700145e-07,-2.5249262493005273e-05,-5.563083172951034e-05,-1.3011655836136356e-07,-2.5815495368235925e-05,-5.694487739166763e-05,-1.36271666057024e-07,-2.6387256194565664e-05,-5.82741690685032e-05,-1.42642492300305e-07,-2.6964519965833338e-05,-5.961870247863028e-05,-1.4923401140109134e-07,-2.754726168855013e-05,-6.097847329158417e-05,-1.5605125391555512e-07,-2.8135456382000006e-05,-6.235347712783653e-05,0.3500000000000001
-1.0240663702853338e-07,-2.3040111064196376e-05,-5.052719313687653e-05,-1.0755579660699744e-07,-2.358398182349263e-05,-5.178021290850782e-05,-1.1289664758001315e-07,-2.413348068324421e-05,-5.30484953293023e-05,-1.1843388272630179e-07,-2.468858258760666e-05,-5.4332036314325815e-05,-1.241722511700145e-07,-2.5249262493005273e-05,-5.563083172951034e-05,-1.3011655836136356e-07,-2.5815495368235925e-05,-5.694487739166763e-05,-1.36271666057024e-07,-2.6387256194565664e-05,-5.82741690685032e-05,-1.42642492300305e-07,-2.6964519965833338e-05,-5.961870247863028e-05,-1.4923401140109134e-07,-2.754726168855013e-05,-6.097847329158417e-05,-1.5605125391555512e-07,-2.8135456382000006e-05,-6.235347712783653e-05,0.3500000000000001
-1.0240663702853338e-07,-2.3040111064196376e-05,-5.052719313687653e-05,-1.0755579660699744e-07,-2.358398182349263e-05,-5.178021290850782e-05,-1.1289664758001315e-07,-2.413348068324421e-05,-5.30484953293023e-05,-1.1843388272630179e-07,-2.468858258760666e-05,-5.4332036314325815e-05,-1.241722511700145e-07,-2.5249262493005273e-05,-5.563083172951034e-05,-1.3011655836136356e-07,-2.5815495368235925e-05,-5.694487739166763e-05,-1.36271666057024e-07,-2.6387256194565664e-05,-5.82741690685032e-05,-1.42642492300305e-07,-2.6964519965833338e-05,-5.961870247863028e-05,-1.4923401140109134e-07,-2.754726168855013e-05,-6.097847329158417e-05,-1.5605125391555512e-07,-2.8135456382000006e-05,-6.235347712783653e-05,0.3500000000000001
-1.0240663702853338e-07,-2.3040111064196376e-05,-5.052719313687653e-05,-1.0755579660699744e-07,-2.358398182349263e-05,-5.178021290850782e-05,-1.1289664758001315e-07,-2.413348068324421e-05,-5.30484953293023e-05,-1.1843388272630179e-07,-2.468858258760666e-05,-5.4332036314325815e-05,-1.241722511700145e-07,-2.5249262493005273e-05,-5.563083172951034e-05,-1.3011655836136356e-07,-2.5815495368235925e-05,-5.694487739166763e-05,-1.36271666057024e-07,-2.6387256194565664e-05,-5.82741690685032e-05,-1.42642492300305e-07,-2.6964519965833338e-05,-5.961870247863028e-05,-1.4923401140109134e-07,-2.754726168855013e-05,-6.097847329158417e-05,-1.5605125391555512e-07,-2.8135456382000006e-05,-6.235347712783653e-05,0.3500000000000001
-1.0240663702853338e-07,-2.3040111064196376e-05,-5.052719313687653e-05,-1.0755579660699744e-07,-2.358398182349263e-05,-5.178021290850782e-05,-1.1289664758001315e-07,-2.413348068324421e-05,-5.30484953293023e-05,-1.1843388272630179e-07,-2.468858258760666e-05,-5.4332036314325815e-05,-1.241722511700145e-07,-2.5249262493005273e-05,-5.563083172951034e-05,-1.3011655836136356e-07,-2.5815495368235925e-05,-5.694487739166763e-05,-1.36271666057024e-07,-2.6387256194565664e-05,-5.82741690685032e-05,-1.42642492300305e-07,-2.6964519965833338e-05,-5.961870247863028e-05,-1.4923401140109134e-07,-2.754726168855013e-05,-6.097847329158417e-05,-1.5605125391555512e-07,-2.8135456382000006e-05,-6.235347712783653e-05,0.3500000000000001
-1.0240663702853338e-07,-2.3040111064196376e-05,-5.052719313687653e-05,-1.0755579660699744e-07,-2.358398182349263e-05,-5.178021290850782e-05,-1.1289664758001315e-07,-2.413348068324421e-05,-5.30484953293023e-05,-1.1843388272630179e-07,-2.468858258760666e-05,-5.4332036314325815e-05,-1.241722511700145e-07,-2.5249262493005273e-05,-5.563083172951034e-05,-1.3011655836136356e-07,-2.5815495368235925e-05,-5.694487739166763e-05,-1.36271666057024e-07,-2.6387256194565664e-05,-5.82741690685032e-05,-1.42642492300305e-07,-2.6964519965833338e-05,-5.961870247863028e-05,-1.4923401140109134e-07,-2.754726168855013e-05,-6.097847329158417e-05,-1.5605125391555512e-07,-2.8135456382000006e-05,-6.235347712783653e-05,0.3500000000000001
-1.0240663702853338e-07,-2.3040111064196376e-05,-5.052719313687653e-05,-1.0755579660699744e-07,-2.358398182349263e-05,-5.178021290850782e-05,-1.1289664758001315e-07,-2.413348068324421e-05,-5.30484953293023e-05,-1.1843388272630179e-07,-2.468858258760666e-05,-5.4332036314325815e-05,-1.241722511700145e-07,-2.5249262493005273e-05,-5.563083172951034e-05,-1.3011655836136356e-07,-2.5815495368235925e-05,-5.694487739166763e-05,-1.36271666057024e-07,-2.6387256194565664e-05,-5.82741690685032e-05,-1.42642492300305e-07,-2.6964519965833338e-05,-5.961870247863028e-05,-1.4923401140109134e-07,-2.754726168855013e-05,-6.097847329158417e-05,-1.5605125391555512e-07,-2.8135456382000006e-05,-6.235347712783653e-05,0.3500000000000001
-1.0240663702853338e-07,-2.3040111064196376e-05,-5.052719313687653e-05,-1.0755579660699744e-07,-2.358398182349263e-05,-5.178021290850782e-05,-1.1289664758001315e-07,-2.413348068324421e-05,-5.30484953293023e-05,-1.1843388272630179e-07,-2.468858258760666e-05,-5.4332036314325815e-05,-1.241722511700145e-07,-2.5249262493005273e-05,-5.563083172951034e-05,-1.3011655836136356e-07,-2.5815495368235925e-05,-5.694487739166763e-05,-1.36271666057024e-07,-2.6387256194565664e-05,-5.82741690685032e-05,-1.42642492300305e-07,-2.6964519965833338e-05,-5.961870247863028e-05,-1.4923401140109134e-07,-2.754726168855013e-05,-6.097847329158417e-05,-1.5605125391555512e-07,-2.8135456382000006e-05,-6.235347712783653e-05,0.3500000000000001
-1.0240663702853338e-07,-2.3040111064196376e-05,-5.052719313687653e-05,-1.0755579660699744e-07,-2.358398182349263e-05,-5.178021290850782e-05,-1.1289664758001315e-07,-2.413348068324421e-05,-5.30484953293023e-05,-1.1843388272630179e-07,-2.468858258760666e-05,-5.4332036314325815e-05,-1.241722511700145e-07,-2.5249262493005273e-05,-5.563083172951034e-05,-1.3011655836136356e-07,-2.5815495368235925e-05,-5.694487739166763e-05,-1.36271666057024e-07,-2.6387256194565664e-05,-5.82741690685032e-05,-1.42642492300305e-07,-2.6964519965833338e-05,-5.961870247863028e-05,-1.4923401140109134e-07,-2.754726168855013e-05,-6.097847329158417e-05,-1.5605125391555512e-07,-2.8135456382000006e-05,-6.235347712783653e-05,0.3500000000000001
-1.0240663702853338e-07,-2.3040111064196376e-05,-5.052719313687653e-05,-1.0755579660699744e-07,-2.358398182349263e-05,-5.178021290850782e-05,-1.1289664758001315e-07,-2.413348068324421e-05,-5.30484953293023e-05,-1.1843388272630179e-07,-2.468858258760666e-05,-5.4332036314325815e-05,-1.241722511700145e-07,-2.5249262493005273e-05,-5.563083172951034e-05,-1.3011655836136356e-07,-2.5815495368235925e-05,-5.694487739166763e-05,-1.36271666057024e-07,-2.6387256194565664e-05,-5.82741690685032e-05,-1.42642492300305e-07,-2.6964519965833338e-05,-5.961870247863028e-05,-1.4923401140109134e-07,-2.754726168855013e-05,-6.097847329158417e-05,-1.5605125391555512e-07,-2.8135456382000006e-05,-6.235347712783653e-05,0.3500000000000001
-1.0240663702853338e-07,-2.3040111064196376e-05,-5.052719313687653e-05,-1.0755579660699744e-07,-2.358398182349263e-05,-5.178021290850782e-05,-1.1289664758001315e-07,-2.413348068324421e-05,-5.30484953293023e-05,-1.1843388272630179e-07,-2.468858258760666e-05,-5.4332036314325815e-05,-1.241722511700145e-07,-2.5249262493005273e-05,-5.563083172951034e-05,-1.3011655836136356e-07,-2.5815495368235925e-05,-5.694487739166763e-05,-1.36271666057024e-07,-2.6387256194565664e-05,-5.82741690685032e-05,-1.42642492300305e-07,-2.6964519965833338e-05,-5.961870247863028e-05,-1.4923401140109134e-07,-2.754726168855013e-05,-6.097847329158417e-05,-1.5605125391555512e-07,-2.8135456382000006e-05,-6.235347712783653e-05,0.3500000000000001
-1.0240663702853338e-07,-2.3040111064196376e-05,-5.052719313687653e-05,-1.0755579660699744e-07,-2.358398182349263e-05,-5.178021290850782e-05,-1.1289664758001315e-07,-2.413348068324421e-05,-5.30484953293023e-05,-1.1843388272630179e-07,-2.468858258760666e-05,-5.4332036314325815e-05,-1.241722511700145e-07,-2.5249262493005273e-05,-5.563083172951034e-05,-1.3011655836136356e-07,-2.5815495368235925e-05,-5.694487739166763e-05,-1.36271666057024e-07,-2.6387256194565664e-05,-5.82741690685032e-05,-1.42642492300305e-07,-2.6964519965833338e-05,-5.961870247863028e-05,-1.4923401140109134e-07,-2.754726168855013e-05,-6.097847329158417e-05,-1.5605125391555512e-07,-2.8135456382000006e-05,-6.235347712783653e-05,0.3500000000000001
-1.0240663702853338e-07,-2.3040111064196376e-05,-5.052719313687653e-05,-1.0755579660699744e-07,-2.358398182349263e-05,-5.178021290850782e-05,-1.1289664758001315e-07,-2.413348068324421e-05,-5.30484953293023e-05,-1.1843388272630179e-07,-2.468858258760666e-05,-5.4332036314325815e-05,-1.241722511700145e-07,-2.5249262493005273e-05,-5.563083172951034e-05,-1.3011655836136356e-07,-2.5815495368235925e-05,-5.694487739166763e-05,-1.36271666057024e-07,-2.6387256194565664e-05,-5.82741690685032e-05,-1.42642492300305e-07,-2.6964519965833338e-05,-5.961870247863028e-05,-1.4923401140109134e-07,-2.754726168855013e-05,-6.097847329158417e-05,-1.5605125391555512e-07,-2.8135456382000006e-05,-6.235347712783653e-05,0.3500000000000001
-1.0240663702853338e-07,-2.3040111064196376e-05,-5.052719313687653e-05,-1.0755579660699744e-07,-2.358398182349263e-05,-5.178021290850782e-05,-1.1289664758001315e-07,-2.413348068324421e-05,-5.30484953293023e-05,-1.1843388272630179e-07,-2.468858258760666e-05,-5.4332036314325815e-05,-1.241722511700145e-07,-2.5249262493005273e-05,-5.563083172951034e-05,-1.3011655836136356e-07,-2.5815495368235925e-05,-5.694487739166763e-05,-1.36271666057024e-07,-2.6387256194565664e-05,-5.82741690685032e-05,-1.42642492300305e-07,-2.6964519965833338e-05,-5.961870247863028e-05,-1.4923401140109134e-07,-2.754726168855013e-05,-6.097847329158417e-05,-1.5605125391555512e-07,-2.8135456382000006e-05,-6.235347712783653e-05,0.3500000000000001
-1.0240663702853338e-07,-2.3040111064196376e-05,-5.052719313687653e-05,-1.0755579660699744e-07,-2.358398182349263e-05,-5.178021290850782e-05,-1.1289664758001315e-07,-2.413348068324421e-05,-5.30484953293023e-05,-1.1843388272630179e-07,-2.468858258760666e-05,-5.4332036314325815e-05,-1.241722511700145e-07,-2.5249262493005273e-05,-5.563083172951034e-05,-1.3011655836136356e-07,-2.5815495368235925e-05,-5.694487739166763e-05,-1.36271666057024e-07,-2.6387256194565664e-05,-5.82741690685032e-05,-1.42642492300305e-07,-2.6964519965833338e-05,-5.961870247863028e-05,-1.4923401140109134e-07,-2.754726168855013e-05,-6.097847329158417e-05,-1.5605125391555512e-07,-2.8135456382000006e-05,-6.235347712783653e-05,0.3500000000000001
-1.0240663702853338e-07,-2.3040111064196376e-05,-5.052719313687653e-05,-1.0755579660699744e-07,-2.358398182349263e-05,-5.178021290850782e-05,-1.1289664758001315e-07,-2.413348068324421e-05,-5.30484953293023e-05,-1.1843388272630179e-07,-2.468858258760666e-05,-5.4332036314325815e-05,-1.241722511700145e-07,-2.5249262493005273e-05,-5.563083172951034e-05,-1.3011655836136356e-07,-2.5815495368235925e-05,-5.694487739166763e-05,-1.36271666057024e-07,-2.6387256194565664e-05,-5.82741690685032e-05,-1.42642492300305e-07,-2.6964519965833338e-05,-5.961870247863028e-05,-1.4923401140109134e-07,-2.754726168855013e-05,-6.097847329158417e-05,-1.5605125391555512e-07,-2.8135456382000006e-05,-6.235347712783653e-05,0.3500000000000001
-1.0240663702853338e-07,-2.3040111064196376e-05,-5.052719313687653e-05,-1.0755579660699744e-07,-2.358398182349263e-05,-5.178021290850782e-05,-1.1289664758001315e-07,-2.413348068324421e-05,-5.30484953293023e-05,-1.1843388272630179e-07,-2.468858258760666e-05,-5.4332036314325815e-05,-1.241722511700145e-07,-2.5249262493005273e-05,-5.563083172951034e-05,-1.3011655836136356e-07,-2.5815495368235925e-05,-5.694487739166763e-05,-1.36271666057024e-07,-2.6387256194565664e-05,-5.82741690685032e-05,-1.42642492300305e-07,-2.6964519965833338e-05,-5.961870247863028e-05,-1.4923401140109134e-07,-2.754726168855013e-05,-6.097847329158417e-05,-1.5605125391555512e-07,-2.8135456382000006e-05,-6.235347712783653e-05,0.3500000000000001
-1.0240663702853338e-07,-2.3040111064196376e-05,-5.052719313687653e-05,-1.0755579660699744e-07,-2.358398182349263e-05,-5.178021290850782e-05,-1.1289664758001315e-07,-2.413348068324421e-05,-5.30484953293023e-05,-1.1843388272630179e-07,-2.468858258760666e-05,-5.4332036314325815e-05,-1.241722511700145e-07,-2.5249262493005273e-05,-5.563083172951034e-05,-1.3011655836136356e-07,-2.5815495368235925e-05,-5.694487739166763e-05,-1.36271666057024e-07,-2.6387256194565664e-05,-5.82741690685032e-05,-1.42642492300305e-07,-2.6964519965833338e-05,-5.961870247863028e-05,-1.4923401140109134e-07,-2.754726168855013e-05,-6.097847329158417e-05,-1.5605125391555512e-07,-2.8135456382000006e-05,-6.235347712783653e-05,0.3500000000000001
-1.0240663702853338e-07,-2.3040111064196376e-05,-5.052719313687653e-05,-1.0755579660699744e-07,-2.358398182349263e-05,-5.178021290850782e-05,-1.1289664758001315e-07,-2.413348068324421e-05,-5.30484953293023e-05,-1.1843388272630179e-07,-2.468858258760666e-05,-5.4332036314325815e-05,-1.241722511700145e-07,-2.5249262493005273e-05,-5.563083172951034e-05,-1.3011655836136356e-07,-2.5815495368235925e-05,-5.694487739166763e-05,-1.36271666057024e-07,-2.6387256194565664e-05,-5.82741690685032e-05,-1.42642492300305e-07,-2.6964519965833338e-05,-5.961870247863028e-05,-1.4923401140109134e-07,-2.754726168855013e-05,-6.097847329158417e-05,-1.5605125391555512e-07,-2.8135456382000006e-05,-6.235347712783653e-05,0.3500000000000001
-1.0240663702853338e-07,-2.3040111064196376e-05,-5.052719313687653e-05,-1.0755579660699744e-07,-2.358398182349263e-05,-5.178021290850782e-05,-1.1289664758001315e-07,-2.413348068324421e-05,-5.30484953293023e-05,-1.1843388272630179e-07,-2.468858258760666e-05,-5.4332036314325815e-05,-1.241722511700145e-07,-2.5249262493005273e-05,-5.563083172951034e-05,-1.3011655836136356e-07,-2.5815495368235925e-05,-5.694487739166763e-05,-1.36271666057024e-07,-2.6387256194565664e-05,-5.82741690685032e-05,-1.42642492300305e-07,-2.6964519965833338e-05,-5.961870247863028e-05,-1.4923401140109134e-07,-2.754726168855013e-05,-6.097847329158417e-05,-1.5605125391555512e-07,-2.8135456382000006e-05,-6.235347712783653e-05,0.3500000000000001
-1.0240663702853338e-07,-2.3040111064196376e-05,-5.052719313687653e-05,-1.0755579660699744e-07,-2.358398182349263e-05,-5.178021290850782e-05,-1.1289664758001315e-07,-2.413348068324421e-05,-5.30484953293023e-05,-1.1843388272630179e-07,-2.468858258760666e-05,-5.4332036314325815e-05,-1.241722511700145e-07,-2.5249262493005273e-05,-5.563083172951034e-05,-1.3011655836136356e-07,-2.5815495368235925e-05,-5.694487739166763e-05,-1.36271666057024e-07,-2.6387256194565664e-05,-5.82741690685032e-05,-1.42642492300305e-07,-2.6964519965833338e-05,-5.961870247863028e-05,-1.4923401140109134e-07,-2.754726168855013e-05,-6.097847329158417e-05,-1.5605125391555512e-07,-2.8135456382000006e-05,-6.235347712783653e-05,0.3500000000000001
-1.0240663702853338e-07,-2.3040111064196376e-05,-5.052719313687653e-05,-1.0755579660699744e-07,-2.358398182349263e-05,-5.178021290850782e-05,-1.1289664758001315e-07,-2.413348068324421e-05,-5.30484953293023e-05,-1.1843388272630179e-07,-2.468858258760666e-05,-5.4332036314325815e-05,-1.241722511700145e-07,-2.5249262493005273e-05,-5.563083172951034e-05,-1.3011655836136356e-07,-2.5815495368235925e-05,-5.694487739166763e-05,-1.36271666057024e-07,-2.6387256194565664e-05,-5.82741690685032e-05,-1.42642492300305e-07,-2.6964519965833338e-05,-5.961870247863028e-05,-1.4923401140109134e-07,-2.754726168855013e-05,-6.097847329158417e-05,-1.5605125391555512e-07,-2.8135456382000006e-05,-6.235347712783653e-05,0.3500000000000001
-1.0240663702853338e-07,-2.3040111064196376e-05,-5.052719313687653e-05,-1.0755579660699744e-07,-2.358398182349263e-05,-5.178021290850782e-05,-1.1289664758001315e-07,-2.413348068324421e-05,-5.30484953293023e-05,-1.1843388272630179e-07,-2.468858258760666e-05,-5.4332036314325815e-05,-1.241722511700145e-07,-2.5249262493005273e-05,-5.563083172951034e-05,-1.3011655836136356e-07,-2.5815495368235925e-05,-5.694487739166763e-05,-1.36271666057024e-07,-2.6387256194565664e-05,-5.82741690685032e-05,-1.42642492300305e-07,-2.6964519965833338e-05,-5.961870247863028e-05,-1.4923401140109134e-07,-2.754726168855013e-05,-6.097847329158417e-05,-1.5605125391555512e-07,-2.8135456382000006e-05,-6.235347712783653e-05,0.3500000000000001
-1.0240663702853338e-07,-2.3040111064196376e-05,-5.052719313687653e-05,-1.0755579660699744e-07,-2.358398182349263e-05,-5.178021290850782e-05,-1.1289664758001315e-07,-2.413348068324421e-05,-5.30484953293023e-05,-1.1843388272630179e-07,-2.468858258760666e-05,-5.4332036314325815e-05,-1.241722511700145e-07,-2.5249262493005273e-05,-5.563083172951034e-05,-1.3011655836136356e-07,-2.5815495368235925e-05,-5.694487739166763e-05,-1.36271666057024e-07,-2.6387256194565664e-05,-5.82741690685032e-05,-1.42642492300305e-07,-2.6964519965833338e-05,-5.961870247863028e-05,-1.4923401140109134e-07,-2.754726168855013e-05,-6.097847329158417e-05,-1.5605125391555512e-07,-2.8135456382000006e-05,-6.235347712783653e-05,0.3500000000000001
-1.0240663702853338e-07,-2.3040111064196376e-05,-5.052719313687653e-05,-1.0755579660699744e-07,-2.358398182349263e-05,-5.178021290850782e-05,-1.1289664758001315e-07,-2.413348068324421e-05,-5.30484953293023e-05,-1.1843388272630179e-07,-2.468858258760666e-05,-5.4332036314325815e-05,-1.241722511700145e-07,-2.5249262493005273e-05,-5.563083172951034e-05,-1.3011655836136356e-07,-2.5815495368235925e-05,-5.694487739166763e-05,-1.36271666057024e-07,-2.6387256194565664e-05,-5.82741690685032e-05,-1.42642492300305e-07,-2.6964519965833338e-05,-5.961870247863028e-05,-1.4923401140109134e-07,-2.754726168855013e-05,-6.097847329158417e-05,-1.5605125391555512e-07,-2.8135456382000006e-05,-6.235347712783653e-05,0.3500000000000001
-1.0240663702853338e-07,-2.3040111064196376e-05,-5.052719313687653e-05,-1.0755579660699744e-07,-2.358398182349263e-05,-5.178021290850782e-05,-1.1289664758001315e-07,-2.413348068324421e-05,-5.30484953293023e-05,-1.1843388272630179e-07,-2.468858258760666e-05,-5.4332036314325815e-05,-1.241722511700145e-07,-2.5249262493005273e-05,-5.563083172951034e-05,-1.3011655836136356e-07,-2.5815495368235925e-05,-5.694487739166763e-05,-1.36271666057024e-07,-2.6387256194565664e-05,-5.82741690685032e-05,-1.42642492300305e-07,-2.6964519965833338e-05,-5.961870247863028e-05,-1.4923401140109134e-07,-2.754726168855013e-05,-6.097847329158417e-05,-1.5605125391555512e-07,-2.8135456382000006e-05,-6.235347712783653e-05,0.3500000000000001
-1.0240663702853338e-07,-2.3040111064196376e-05,-5.052719313687653e-05,-1.0755579660699744e-07,-2.358398182349263e-05,-5.178021290850782e-05,-1.1289664758001315e-07,-2.413348068324421e-05,-5.30484953293023e-05,-1.1843388272630179e-07,-2.468858258760666e-05,-5.4332036314325815e-05,-1.241722511700145e-07,-2.5249262493005273e-05,-5.563083172951034e-05,-1.3011655836136356e-07,-2.5815495368235925e-05,-5.694487739166763e-05,-1.36271666057024e-07,-2.6387256194565664e-05,-5.82741690685032e-05,-1.42642492300305e-07,-2.6964519965833338e-05,-5.961870247863028e-05,-1.4923401140109134e-07,-2.754726168855013e-05,-6.097847329158417e-05,-1.5605125391555512e-07,-2.8135456382000006e-05,-6.235347712783653e-05,0.3500000000000001
-1.0240663702853338e-07,-2.3040111064196376e-05,-5.052719313687653e-05,-1.0755579660699744e-07,-2.358398182349263e-05,-5.178021290850782e-05,-1.1289664758001315e-07,-2.413348068324421e-05,-5.30484953293023e-05,-1.1843388272630179e-07,-2.468858258760666e-05,-5.4332036314325815e-05,-1.241722511700145e-07,-2.5249262493005273e-05,-5.563083172951034e-05,-1.3011655836136356e-07,-2.5815495368235925e-05,-5.694487739166763e-05,-1.36271666057024e-07,-2.6387256194565664e-05,-5.82741690685032e-05,-1.42642492300305e-07,-2.6964519965833338e-05,-5.961870247863028e-05,-1.4923401140109134e-07,-2.754726168855013e-05,-6.097847329158417e-05,-1.5605125391555512e-07,-2.8135456382000006e-05,-6.235347712783653e-05,0.3500000000000001
-1.0240663702853338e-07,-2.3040111064196376e-05,-5.052719313687653e-05,-1.0755579660699744e-07,-2.358398182349263e-05,-5.178021290850782e-05,-1.1289664758001315e-07,-2.413348068324421e-05,-5.30484953293023e-05,-1.1843388272630179e-07,-2.468858258760666e-05,-5.4332036314325815e-05,-1.241722511700145e-07,-2.5249262493005273e-05,-5.563083172951034e-05,-1.3011655836136356e-07,-2.5815495368235925e-05,-5.694487739166763e-05,-1.36271666057024e-07,-2.6387256194565664e-05,-5.82741690685032e-05,-1.42642492300305e-07,-2.6964519965833338e-05,-5.961870247863028e-05,-1.4923401140109134e-07,-2.754726168855013e-05,-6.097847329158417e-05,-1.5605125391555512e-07,-2.8135456382000006e-05,-6.235347712783653e-05,0.3500000000000001
-1.0240663702853338e-07,-2.3040111064196376e-05,-5.052719313687653e-05,-1.0755579660699744e-07,-2.358398182349263e-05,-5.178021290850782e-05,-1.1289664758001315e-07,-2.413348068324421e-05,-5.30484953293023e-05,-1.1843388272630179e-07,-2.468858258760666e-05,-5.4332036314325815e-05,-1.241722511700145e-07,-2.5249262493005273e-05,-5.563083172951034e-05,-1.3011655836136356e-07,-2.5815495368235925e-05,-5.694487739166763e-05,-1.36271666057024e-07,-2.6387256194565664e-05,-5.82741690685032e-05,-1.42642492300305e-07,-2.6964519965833338e-05,-5.961870247863028e-05,-1.4923401140109134e-07,-2.754726168855013e-05,-6.097847329158417e-05,-1.5605125391555512e-07,-2.8135456382000006e-05,-6.235347712783653e-05,0.3500000000000001
-1.0240663702853338e-07,-2.3040111064196376e-05,-5.052719313687653e-05,-1.0755579660699744e-07,-2.358398182349263e-05,-5.178021290850782e-05,-1.1289664758001315e-07,-2.413348068324421e-05,-5.30484953293023e-05,-1.1843388272630179e-07,-2.468858258760666e-05,-5.4332036314325815e-05,-1.241722511700145e-07,-2.5249262493005273e-05,-5.563083172951034e-05,-1.3011655836136356e-07,-2.5815495368235925e-05,-5.694487739166763e-05,-1.36271666057024e-07,-2.6387256194565664e-05,-5.82741690685032e-05,-1.42642492300305e-07,-2.6964519965833338e-05,-5.961870247863028e-05,-1.4923401140109134e-07,-2.754726168855013e-05,-6.097847329158417e-05,-1.5605125391555512e-07,-2.8135456382000006e-05,-6.235347712783653e-05,0.3500000000000001
-1.0240663702853338e-07,-2.3040111064196376e-05,-5.052719313687653e-05,-1.0755579660699744e-07,-2.358398182349263e-05,-5.178021290850782e-05,-1.1289664758001315e-07,-2.413348068324421e-05,-5.30484953293023e-05,-1.1843388272630179e-07,-2.468858258760666e-05,-5.4332036314325815e-05,-1.241722511700145e-07,-2.5249262493005273e-05,-5.563083172951034e-05,-1.3011655836136356e-07,-2.5815495368235925e-05,-5.694487739166763e-05,-1.36271666057024e-07,-2.6387256194565664e-05,-5.82741690685032e-05,-1.42642492300305e-07,-2.6964519965833338e-05,-5.961870247863028e-05,-1.4923401140109134e-07,-2.754726168855013e-05,-6.097847329158417e-05,-1.5605125391555512e-07,-2.8135456382000006e-05,-6.235347712783653e-05,0.3500000000000001
-1.0240663702853338e-07,-2.3040111064196376e-05,-5.052719313687653e-05,-1.0755579660699744e-07,-2.358398182349263e-05,-5.178021290850782e-05,-1.1289664758001315e-07,-2.413348068324421e-05,-5.30484953293023e-05,-1.1843388272630179e-07,-2.468858258760666e-05,-5.4332036314325815e-05,-1.241722511700145e-07,-2.5249262493005273e-05,-5.563083172951034e-05,-1.3011655836136356e-07,-2.5815495368235925e-05,-5.694487739166763e-05,-1.36271666057024e-07,-2.6387256194565664e-05,-5.82741690685032e-05,-1.42642492300305e-07,-2.6964519965833338e-05,-5.961870247863028e-05,-1.4923401140109134e-07,-2.754726168855013e-05,-6.097847329158417e-05,-1.5605125391555512e-07,-2.8135456382000006e-05,-6.235347712783653e-05,0.3500000000000001
-1.0240663702853338e-07,-2.3040111064196376e-05,-5.052719313687653e-05,-1.0755579660699744e-07,-2.358398182349263e-05,-5.178021290850782e-05,-1.1289664758001315e-07,-2.413348068324421e-05,-5.30484953293023e-05,-1.1843388272630179e-07,-2.468858258760666e-05,-5.4332036314325815e-05,-1.241722511700145e-07,-2.5249262493005273e-05,-5.563083172951034e-05,-1.3011655836136356e-07,-2.5815495368235925e-05,-5.694487739166763e-05,-1.36271666057024e-07,-2.6387256194565664e-05,-5.82741690685032e-05,-1.42642492300305e-07,-2.6964519965833338e-05,-5.961870247863028e-05,-1.4923401140109134e-07,-2.754726168855013e-05,-6.097847329158417e-05,-1.5605125391555512e-07,-2.8135456382000006e-05,-6.235347712783653e-05,0.3500000000000001
-1.0240663702853338e-07,-2.3040111064196376e-05,-5.052719313687653e-05,-1.0755579660699744e-07,-2.358398182349263e-05,-5.178021290850782e-05,-1.1289664758001315e-07,-2.413348068324421e-05,-5.30484953293023e-05,-1.1843388272630179e-07,-2.468858258760666e-05,-5.4332036314325815e-05,-1.241722511700145e-07,-2.5249262493005273e-05,-5.563083172951034e-05,-1.3011655836136356e-07,-2.5815495368235925e-05,-5.694487739166763e-05,-1.36271666057024e-07,-2.6387256194565664e-05,-5.82741690685032e-05,-1.42642492300305e-07,-2.6964519965833338e-05,-5.961870247863028e-05,-1.4923401140109134e-07,-2.754726168855013e-05,-6.097847329158417e-05,-1.5605125391555512e-07,-2.8135456382000006e-05,-6.235347712783653e-05,0.3500000000000001
-1.0240663702853338e-07,-2.3040111064196376e-05,-5.052719313687653e-05,-1.0755579660699744e-07,-2.358398182349263e-05,-5.178021290850782e-05,-1.1289664758001315e-07,-2.413348068324421e-05,-5.30484953293023e-05,-1.1843388272630179e-07,-2.468858258760666e-05,-5.4332036314325815e-05,-1.241722511700145e-07,-2.5249262493005273e-05,-5.563083172951034e-05,-1.3011655836136356e-07,-2.5815495368235925e-05,-5.694487739166763e-05,-1.36271666057024e-07,-2.6387256194565664e-05,-5.82741690685032e-05,-1.42642492300305e-07,-2.6964519965833338e-05,-5.961870247863028e-05,-1.4923401140109134e-07,-2.754726168855013e-05,-6.097847329158417e-05,-1.5605125391555512e-07,-2.8135456382000006e-05,-6.235347712783653e-05,0.3500000000000001
-1.0240663702853338e-07,-2.3040111064196376e-05,-5.052719313687653e-05,-1.0755579660699744e-07,-2.358398182349263e-05,-5.178021290850782e-05,-1.1289664758001315e-07,-2.413348068324421e-05,-5.30484953293023e-05,-1.1843388272630179e-07,-2.468858258760666e-05,-5.4332036314325815e-05,-1.241722511700145e-07,-2.5249262493005273e-05,-5.563083172951034e-05,-1.3011655836136356e-07,-2.5815495368235925e-05,-5.694487739166763e-05,-1.36271666057024e-07,-2.6387256194565664e-05,-5.82741690685032e-05,-1.42642492300305e-07,-2.6964519965833338e-05,-5.961870247863028e-05,-1.4923401140109134e-07,-2.754726168855013e-05,-6.097847329158417e-05,-1.5605125391555512e-07,-2.8135456382000006e-05,-6.235347712783653e-05,0.3500000000000001
-1.0240663702853338e-07,-2.3040111064196376e-05,-5.052719313687653e-05,-1.0755579660699744e-07,-2.358398182349263e-05,-5.178021290850782e-05,-1.1289664758001315e-07,-2.413348068324421e-05,-5.30484953293023e-05,-1.1843388272630179e-07,-2.468858258760666e-05,-5.4332036314325815e-05,-1.241722511700145e-07,-2.5249262493005273e-05,-5.563083172951034e-05,-1.3011655836136356e-07,-2.5815495368235925e-05,-5.694487739166763e-05,-1.36271666057024e-07,-2.6387256194565664e-05,-5.82741690685032e-05,-1.42642492300305e-07,-2.6964519965833338e-05,-5.961870247863028e-05,-1.4923401140109134e-07,-2.754726168855013e-05,-6.097847329158417e-05,-1.5605125391555512e-07,-2.8135456382000006e-05,-6.235347712783653e-05,0.3500000000000001
-1.0240663702853338e-07,-2.3040111064196376e-05,-5.052719313687653e-05,-1.0755579660699744e-07,-2.358398182349263e-05,-5.178021290850782e-05,-1.1289664758001315e-07,-2.413348068324421e-05,-5.30484953293023e-05,-1.1843388272630179e-07,-2.468858258760666e-05,-5.4332036314325815e-05,-1.241722511700145e-07,-2.5249262493005273e-05,-5.563083172951034e-05,-1.3011655836136356e-07,-2.5815495368235925e-05,-5.694487739166763e-05,-1.36271666057024e-07,-2.6387256194565664e-05,-5.82741690685032e-05,-1.42642492300305e-07,-2.6964519965833338e-05,-5.961870247863028e-05,-1.4923401140109134e-07,-2.754726168855013e-05,-6.097847329158417e-05,-1.5605125391555512e-07,-2.8135456382000006e-05,-6.235347712783653e-05,0.3500000000000001
-1.0240663702853338e-07,-2.3040111064196376e-05,-5.052719313687653e-05,-1.0755579660699744e-07,-2.358398182349263e-05,-5.178021290850782e-05,-1.1289664758001315e-07,-2.413348068324421e-05,-5.30484953293023e-05,-1.1843388272630179e-07,-2.468858258760666e-05,-5.4332036314325815e-05,-1.241722511700145e-07,-2.5249262493005273e-05,-5.563083172951034e-05,-1.3011655836136356e-07,-2.5815495368235925e-05,-5.694487739166763e-05,-1.36271666057024e-07,-2.6387256194565664e-05,-5.82741690685032e-05,-1.42642492300305e-07,-2.6964519965833338e-05,-5.961870247863028e-05,-1.4923401140109134e-07,-2.754726168855013e-05,-6.097847329158417e-05,-1.5605125391555512e-07,-2.8135456382000006e-05,-6.235347712783653e-05,0.3500000000000001
-1.0240663702853338e-07,-2.3040111064196376e-05,-5.052719313687653e-05,-1.0755579660699744e-07,-2.358398182349263e-05,-5.178021290850782e-05,-1.1289664758001315e-07,-2.413348068324421e-05,-5.30484953293023e-05,-1.1843388272630179e-07,-2.468858258760666e-05,-5.4332036314325815e-05,-1.241722511700145e-07,-2.5249262493005273e-05,-5.563083172951034e-05,-1.3011655836136356e-07,-2.5815495368235925e-05,-5.694487739166763e-05,-1.36271666057024e-07,-2.6387256194565664e-05,-5.82741690685032e-05,-1.42642492300305e-07,-2.6964519965833338e-05,-5.961870247863028e-05,-1.4923401140109134e-07,-2.754726168855013e-05,-6.097847329158417e-05,-1.5605125391555512e-07,-2.8135456382000006e-05,-6.235347712783653e-05,0.3500000000000001
-1.0240663702853338e-07,-2.3040111064196376e-05,-5.052719313687653e-05,-1.0755579660699744e-07,-2.358398182349263e-05,-5.178021290850782e-05,-1.1289664758001315e-07,-2.413348068324421e-05,-5.30484953293023e-05,-1.1843388272630179e-07,-2.468858258760666e-05,-5.4332036314325815e-05,-1.241722511700145e-07,-2.5249262493005273e-05,-5.563083172951034e-05,-1.3011655836136356e-07,-2.5815495368235925e-05,-5.694487739166763e-05,-1.36271666057024e-07,-2.6387256194565664e-05,-5.82741690685032e-05,-1.42642492300305e-07,-2.6964519965833338e-05,-5.961870247863028e-05,-1.4923401140109134e-07,-2.754726168855013e-05,-6.097847329158417e-05,-1.5605125391555512e-07,-2.8135456382000006e-05,-6.235347712783653e-05,0.3500000000000001
-1.0240663702853338e-07,-2.3040111064196376e-05,-5.052719313687653e-05,-1.0755579660699744e-07,-2.358398182349263e-05,-5.178021290850782e-05,-1.1289664758001315e-07,-2.413348068324421e-05,-5.30484953293023e-05,-1.1843388272630179e-07,-2.468858258760666e-05,-5.4332036314325815e-05,-1.241722511700145e-07,-2.5249262493005273e-05,-5.563083172951034e-05,-1.3011655836136356e-07,-2.5815495368235925e-05,-5.694487739166763e-05,-1.36271666057024e-07,-2.6387256194565664e-05,-5.82741690685032e-05,-1.42642492300305e-07,-2.6964519965833338e-05,-5.961870247863028e-05,-1.4923401140109134e-07,-2.754726168855013e-05,-6.097847329158417e-05,-1.5605125391555512e-07,-2.8135456382000006e-05,-6.235347712783653e-05,0.3500000000000001
-1.0240663702853338e-07,-2.3040111064196376e-05,-5.052719313687653e-05,-1.0755579660699744e-07,-2.358398182349263e-05,-5.178021290850782e-05,-1.1289664758001315e-07,-2.413348068324421e-05,-5.30484953293023e-05,-1.1843388272630179e-07,-2.468858258760666e-05,-5.4332036314325815e-05,-1.241722511700145e-07,-2.5249262493005273e-05,-5.563083172951034e-05,-1.3011655836136356e-07,-2.5815495368235925e-05,-5.694487739166763e-05,-1.36271666057024e-07,-2.6387256194565664e-05,-5.82741690685032e-05,-1.42642492300305e-07,-2.6964519965833338e-05,-5.961870247863028e-05,-1.4923401140109134e-07,-2.754726168855013e-05,-6.097847329158417e-05,-1.5605125391555512e-07,-2.8135456382000006e-05,-6.235347712783653e-05,0.3500000000000001
-1.0240663702853338e-07,-2.3040111064196376e-05,-5.052719313687653e-05,-1.0755579660699744e-07,-2.358398182349263e-05,-5.178021290850782e-05,-1.1289664758001315e-07,-2.413348068324421e-05,-5.30484953293023e-05,-1.1843388272630179e-07,-2.468858258760666e-05,-5.4332036314325815e-05,-1.241722511700145e-07,-2.5249262493005273e-05,-5.563083172951034e-05,-1.3011655836136356e-07,-2.5815495368235925e-05,-5.694487739166763e-05,-1.36271666057024e-07,-2.6387256194565664e-05,-5.82741690685032e-05,-1.42642492300305e-07,-2.6964519965833338e-05,-5.961870247863028e-05,-1.4923401140109134e-07,-2.754726168855013e-05,-6.097847329158417e-05,-1.5605125391555512e-07,-2.8135456382000006e-05,-6.235347712783653e-05,0.3500000000000001
-1.0240663702853338e-07,-2.3040111064196376e-05,-5.052719313687653e-05,-1.0755579660699744e-07,-2.358398182349263e-05,-5.178021290850782e-05,-1.1289664758001315e-07,-2.413348068324421e-05,-5.30484953293023e-05,-1.1843388272630179e-07,-2.468858258760666e-05,-5.4332036314325815e-05,-1.241722511700145e-07,-2.5249262493005273e-05,-5.563083172951034e-05,-1.3011655836136356e-07,-2.5815495368235925e-05,-5.694487739166763e-05,-1.36271666057024e-07,-2.6387256194565664e-05,-5.82741690685032e-05,-1.42642492300305e-07,-2.6964519965833338e-05,-5.961870247863028e-05,-1.4923401140109134e-07,-2.754726168855013e-05,-6.097847329158417e-05,-1.5605125391555512e-07,-2.8135456382000006e-05,-6.235347712783653e-05,0.3500000000000001
-1.0240663702853338e-07,-2.3040111064196376e-05,-5.052719313687653e-05,-1.0755579660699744e-07,-2.358398182349263e-05,-5.178021290850782e-05,-1.1289664758001315e-07,-2.413348068324421e-05,-5.30484953293023e-05,-1.1843388272630179e-07,-2.468858258760666e-05,-5.4332036314325815e-05,-1.241722511700145e-07,-2.5249262493005273e-05,-5.563083172951034e-05,-1.3011655836136356e-07,-2.5815495368235925e-05,-5.694487739166763e-05,-1.36271666057024e-07,-2.6387256194565664e-05,-5.82741690685032e-05,-1.42642492300305e-07,-2.6964519965833338e-05,-5.961870247863028e-05,-1.4923401140109134e-07,-2.754726168855013e-05,-6.097847329158417e-05,-1.5605125391555512e-07,-2.8135456382000006e-05,-6.235347712783653e-05,0.3500000000000001
-1.0240663702853338e-07,-2.3040111064196376e-05,-5.052719313687653e-05,-1.0755579660699744e-07,-2.358398182349263e-05,-5.178021290850782e-05,-1.1289664758001315e-07,-2.413348068324421e-05,-5.30484953293023e-05,-1.1843388272630179e-07,-2.468858258760666e-05,-5.4332036314325815e-05,-1.241722511700145e-07,-2.5249262493005273e-05,-5.563083172951034e-05,-1.3011655836136356e-07,-2.5815495368235925e-05,-5.694487739166763e-05,-1.36271666057024e-07,-2.6387256194565664e-05,-5.82741690685032e-05,-1.42642492300305e-07,-2.6964519965833338e-05,-5.961870247863028e-05,-1.4923401140109134e-07,-2.754726168855013e-05,-6.097847329158417e-05,-1.5605125391555512e-07,-2.8135456382000006e-05,-6.235347712783653e-05,0.3500000000000001
-1.0240663702853338e-07,-2.3040111064196376e-05,-5.052719313687653e-05,-1.0755579660699744e-07,-2.358398182349263e-05,-5.178021290850782e-05,-1.1289664758001315e-07,-2.413348068324421e-05,-5.30484953293023e-05,-1.1843388272630179e-07,-2.468858258760666e-05,-5.4332036314325815e-05,-1.241722511700145e-07,-2.5249262493005273e-05,-5.563083172951034e-05,-1.3011655836136356e-07,-2.5815495368235925e-05,-5.694487739166763e-05,-1.36271666057024e-07,-2.6387256194565664e-05,-5.82741690685032e-05,-1.42642492300305e-07,-2.6964519965833338e-05,-5.961870247863028e-05,-1.4923401140109134e-07,-2.754726168855013e-05,-6.097847329158417e-05,-1.5605125391555512e-07,-2.8135456382000006e-05,-6.235347712783653e-05,0.3500000000000001
-1.0240663702853338e-07,-2.3040111064196376e-05,-5.052719313687653e-05,-1.0755579660699744e-07,-2.358398182349263e-05,-5.178021290850782e-05,-1.1289664758001315e-07,-2.413348068324421e-05,-5.30484953293023e-05,-1.1843388272630179e-07,-2.468858258760666e-05,-5.4332036314325815e-05,-1.241722511700145e-07,-2.5249262493005273e-05,-5.563083172951034e-05,-1.3011655836136356e-07,-2.5815495368235925e-05,-5.694487739166763e-05,-1.36271666057024e-07,-2.6387256194565664e-05,-5.82741690685032e-05,-1.42642492300305e-07,-2.6964519965833338e-05,-5.961870247863028e-05,-1.4923401140109134e-07,-2.754726168855013e-05,-6.097847329158417e-05,-1.5605125391555512e-07,-2.8135456382000006e-05,-6.235347712783653e-05,0.3500000000000001
-1.0240663702853338e-07,-2.3040111064196376e-05,-5.052719313687653e-05,-1.0755579660699744e-07,-2.358398182349263e-05,-5.178021290850782e-05,-1.1289664758001315e-07,-2.413348068324421e-05,-5.30484953293023e-05,-1.1843388272630179e-07,-2.468858258760666e-05,-5.4332036314325815e-05,-1.241722511700145e-07,-2.5249262493005273e-05,-5.563083172951034e-05,-1.3011655836136356e-07,-2.5815495368235925e-05,-5.694487739166763e-05,-1.36271666057024e-07,-2.6387256194565664e-05,-5.82741690685032e-05,-1.42642492300305e-07,-2.6964519965833338e-05,-5.961870247863028e-05,-1.4923401140109134e-07,-2.754726168855013e-05,-6.097847329158417e-05,-1.5605125391555512e-07,-2.8135456382000006e-05,-6.235347712783653e-05,0.3500000000000001
-1.0240663702853338e-07,-2.3040111064196376e-05,-5.052719313687653e-05,-1.0755579660699744e-07,-2.358398182349263e-05,-5.178021290850782e-05,-1.1289664758001315e-07,-2.413348068324421e-05,-5.30484953293023e-05,-1.1843388272630179e-07,-2.468858258760666e-05,-5.4332036314325815e-05,-1.241722511700145e-07,-2.5249262493005273e-05,-5.563083172951034e-05,-1.3011655836136356e-07,-2.5815495368235925e-05,-5.694487739166763e-05,-1.36271666057024e-07,-2.6387256194565664e-05,-5.82741690685032e-05,-1.42642492300305e-07,-2.6964519965833338e-05,-5.961870247863028e-05,-1.4923401140109134e-07,-2.754726168855013e-05,-6.097847329158417e-05,-1.5605125391555512e-07,-2.8135456382000006e-05,-6.235347712783653e-05,0.3500000000000001
-1.0240663702853338e-07,-2.3040111064196376e-05,-5.052719313687653e-05,-1.0755579660699744e-07,-2.358398182349263e-05,-5.178021290850782e-05,-1.1289664758001315e-07,-2.413348068324421e-05,-5.30484953293023e-05,-1.1843388272630179e-07,-2.468858258760666e-05,-5.4332036314325815e-05,-1.241722511700145e-07,-2.5249262493005273e-05,-5.563083172951034e-05,-1.3011655836136356e-07,-2.5815495368235925e-05,-5.694487739166763e-05,-1.36271666057024e-07,-2.6387256194565664e-05,-5.82741690685032e-05,-1.42642492300305e-07,-2.6964519965833338e-05,-5.961870247863028e-05,-1.4923401140109134e-07,-2.754726168855013e-05,-6.097847329158417e-05,-1.5605125391555512e-07,-2.8135456382000006e-05,-6.235347712783653e-05,0.3500000000000001
-1.0240663702853338e-07,-2.3040111064196376e-05,-5.052719313687653e-05,-1.0755579660699744e-07,-2.358398182349263e-05,-5.178021290850782e-05,-1.1289664758001315e-07,-2.413348068324421e-05,-5.30484953293023e-05,-1.1843388272630179e-07,-2.468858258760666e-05,-5.4332036314325815e-05,-1.241722511700145e-07,-2.5249262493005273e-05,-5.563083172951034e-05,-1.3011655836136356e-07,-2.5815495368235925e-05,-5.694487739166763e-05,-1.36271666057024e-07,-2.6387256194565664e-05,-5.82741690685032e-05,-1.42642492300305e-07,-2.6964519965833338e-05,-5.961870247863028e-05,-1.4923401140109134e-07,-2.754726168855013e-05,-6.097847329158417e-05,-1.5605125391555512e-07,-2.8135456382000006e-05,-6.235347712783653e-05,0.3500000000000001
-1.0240663702853338e-07,-2.3040111064196376e-05,-5.052719313687653e-05,-1.0755579660699744e-07,-2.358398182349263e-05,-5.178021290850782e-05,-1.1289664758001315e-07,-2.413348068324421e-05,-5.30484953293023e-05,-1.1843388272630179e-07,-2.468858258760666e-05,-5.4332036314325815e-05,-1.241722511700145e-07,-2.5249262493005273e-05,-5.563083172951034e-05,-1.3011655836136356e-07,-2.5815495368235925e-05,-5.694487739166763e-05,-1.36271666057024e-07,-2.6387256194565664e-05,-5.82741690685032e-05,-1.42642492300305e-07,-2.6964519965833338e-05,-5.961870247863028e-05,-1.4923401140109134e-07,-2.754726168855013e-05,-6.097847329158417e-05,-1.5605125391555512e-07,-2.8135456382000006e-05,-6.235347712783653e-05,0.3500000000000001
-1.0240663702853338e-07,-2.3040111064196376e-05,-5.052719313687653e-05,-1.0755579660699744e-07,-2.358398182349263e-05,-5.178021290850782e-05,-1.1289664758001315e-07,-2.413348068324421e-05,-5.30484953293023e-05,-1.1843388272630179e-07,-2.468858258760666e-05,-5.4332036314325815e-05,-1.241722511700145e-07,-2.5249262493005273e-05,-5.563083172951034e-05,-1.3011655836136356e-07,-2.5815495368235925e-05,-5.694487739166763e-05,-1.36271666057024e-07,-2.6387256194565664e-05,-5.82741690685032e-05,-1.42642492300305e-07,-2.6964519965833338e-05,-5.961870247863028e-05,-1.4923401140109134e-07,-2.754726168855013e-05,-6.097847329158417e-05,-1.5605125391555512e-07,-2.8135456382000006e-05,-6.235347712783653e-05,0.3500000000000001
-1.0240663702853338e-07,-2.3040111064196376e-05,-5.052719313687653e-05,-1.0755579660699744e-07,-2.358398182349263e-05,-5.178021290850782e-05,-1.1289664758001315e-07,-2.413348068324421e-05,-5.30484953293023e-05,-1.1843388272630179e-07,-2.468858258760666e-05,-5.4332036314325815e-05,-1.241722511700145e-07,-2.5249262493005273e-05,-5.563083172951034e-05,-1.3011655836136356e-07,-2.5815495368235925e-05,-5.694487739166763e-05,-1.36271666057024e-07,-2.6387256194565664e-05,-5.82741690685032e-05,-1.42642492300305e-07,-2.6964519965833338e-05,-5.961870247863028e-05,-1.4923401140109134e-07,-2.754726168855013e-05,-6.097847329158417e-05,-1.5605125391555512e-07,-2.8135456382000006e-05,-6.235347712783653e-05,0.3500000000000001
-1.0240663702853338e-07,-2.3040111064196376e-05,-5.052719313687653e-05,-1.0755579660699744e-07,-2.358398182349263e-05,-5.178021290850782e-05,-1.1289664758001315e-07,-2.413348068324421e-05,-5.30484953293023e-05,-1.1843388272630179e-07,-2.468858258760666e-05,-5.4332036314325815e-05,-1.241722511700145e-07,-2.5249262493005273e-05,-5.563083172951034e-05,-1.3011655836136356e-07,-2.5815495368235925e-05,-5.694487739166763e-05,-1.36271666057024e-07,-2.6387256194565664e-05,-5.82741690685032e-05,-1.42642492300305e-07,-2.6964519965833338e-05,-5.961870247863028e-05,-1.4923401140109134e-07,-2.754726168855013e-05,-6.097847329158417e-05,-1.5605125391555512e-07,-2.8135456382000006e-05,-6.235347712783653e-05,0.3500000000000001
-1.0240663702853338e-07,-2.3040111064196376e-05,-5.052719313687653e-05,-1.0755579660699744e-07,-2.358398182349263e-05,-5.178021290850782e-05,-1.1289664758001315e-07,-2.413348068324421e-05,-5.30484953293023e-05,-1.1843388272630179e-07,-2.468858258760666e-05,-5.4332036314325815e-05,-1.241722511700145e-07,-2.5249262493005273e-05,-5.563083172951034e-05,-1.3011655836136356e-07,-2.5815495368235925e-05,-5.694487739166763e-05,-1.36271666057024e-07,-2.6387256194565664e-05,-5.82741690685032e-05,-1.42642492300305e-07,-2.6964519965833338e-05,-5.961870247863028e-05,-1.4923401140109134e-07,-2.754726168855013e-05,-6.097847329158417e-05,-1.5605125391555512e-07,-2.8135456382000006e-05,-6.235347712783653e-05,0.3500000000000001
-1.0240663702853338e-07,-2.3040111064196376e-05,-5.052719313687653e-05,-1.0755579660699744e-07,-2.358398182349263e-05,-5.178021290850782e-05,-1.1289664758001315e-07,-2.413348068324421e-05,-5.30484953293023e-05,-1.1843388272630179e-07,-2.468858258760666e-05,-5.4332036314325815e-05,-1.241722511700145e-07,-2.5249262493005273e-05,-5.563083172951034e-05,-1.3011655836136356e-07,-2.5815495368235925e-05,-5.694487739166763e-05,-1.36271666057024e-07,-2.6387256194565664e-05,-5.82741690685032e-05,-1.42642492300305e-07,-2.6964519965833338e-05,-5.961870247863028e-05,-1.4923401140109134e-07,-2.754726168855013e-05,-6.097847329158417e-05,-1.5605125391555512e-07,-2.8135456382000006e-05,-6.235347712783653e-05,0.3500000000000001
-1.0240663702853338e-07,-2.3040111064196376e-05,-5.052719313687653e-05,-1.0755579660699744e-07,-2.358398182349263e-05,-5.178021290850782e-05,-1.1289664758001315e-07,-2.413348068324421e-05,-5.30484953293023e-05,-1.1843388272630179e-07,-2.468858258760666e-05,-5.4332036314325815e-05,-1.241722511700145e-07,-2.5249262493005273e-05,-5.563083172951034e-05,-1.3011655836136356e-07,-2.5815495368235925e-05,-5.694487739166763e-05,-1.36271666057024e-07,-2.6387256194565664e-05,-5.82741690685032e-05,-1.42642492300305e-07,-2.6964519965833338e-05,-5.961870247863028e-05,-1.4923401140109134e-07,-2.754726168855013e-05,-6.097847329158417e-05,-1.5605125391555512e-07,-2.8135456382000006e-05,-6.235347712783653e-05,0.3500000000000001
-1.0240663702853338e-07,-2.3040111064196376e-05,-5.052719313687653e-05,-1.0755579660699744e-07,-2.358398182349263e-05,-5.178021290850782e-05,-1.1289664758001315e-07,-2.413348068324421e-05,-5.30484953293023e-05,-1.1843388272630179e-07,-2.468858258760666e-05,-5.4332036314325815e-05,-1.241722511700145e-07,-2.5249262493005273e-05,-5.563083172951034e-05,-1.3011655836136356e-07,-2.5815495368235925e-05,-5.694487739166763e-05,-1.36271666057024e-07,-2.6387256194565664e-05,-5.82741690685032e-05,-1.42642492300305e-07,-2.6964519965833338e-05,-5.961870247863028e-05,-1.4923401140109134e-07,-2.754726168855013e-05,-6.097847329158417e-05,-1.5605125391555512e-07,-2.8135456382000006e-05,-6.235347712783653e-05,0.3500000000000001
-1.0240663702853338e-07,-2.3040111064196376e-05,-5.052719313687653e-05,-1.0755579660699744e-07,-2.358398182349263e-05,-5.178021290850782e-05,-1.1289664758001315e-07,-2.413348068324421e-05,-5.30484953293023e-05,-1.1843388272630179e-07,-2.468858258760666e-05,-5.4332036314325815e-05,-1.241722511700145e-07,-2.5249262493005273e-05,-5.563083172951034e-05,-1.3011655836136356e-07,-2.5815495368235925e-05,-5.694487739166763e-05,-1.36271666057024e-07,-2.6387256194565664e-05,-5.82741690685032e-05,-1.42642492300305e-07,-2.6964519965833338e-05,-5.961870247863028e-05,-1.4923401140109134e-07,-2.754726168855013e-05,-6.097847329158417e-05,-1.5605125391555512e-07,-2.8135456382000006e-05,-6.235347712783653e-05,0.3500000000000001
-1.0240663702853338e-07,-2.3040111064196376e-05,-5.052719313687653e-05,-1.0755579660699744e-07,-2.358398182349263e-05,-5.178021290850782e-05,-1.1289664758001315e-07,-2.413348068324421e-05,-5.30484953293023e-05,-1.1843388272630179e-07,-2.468858258760666e-05,-5.4332036314325815e-05,-1.241722511700145e-07,-2.5249262493005273e-05,-5.563083172951034e-05,-1.3011655836136356e-07,-2.5815495368235925e-05,-5.694487739166763e-05,-1.36271666057024e-07,-2.6387256194565664e-05,-5.82741690685032e-05,-1.42642492300305e-07,-2.6964519965833338e-05,-5.961870247863028e-05,-1.4923401140109134e-07,-2.754726168855013e-05,-6.097847329158417e-05,-1.5605125391555512e-07,-2.8135456382000006e-05,-6.235347712783653e-05,0.3500000000000001
-1.0240663702853338e-07,-2.3040111064196376e-05,-5.052719313687653e-05,-1.0755579660699744e-07,-2.358398182349263e-05,-5.178021290850782e-05,-1.1289664758001315e-07,-2.413348068324421e-05,-5.30484953293023e-05,-1.1843388272630179e-07,-2.468858258760666e-05,-5.4332036314325815e-05,-1.241722511700145e-07,-2.5249262493005273e-05,-5.563083172951034e-05,-1.3011655836136356e-07,-2.5815495368235925e-05,-5.694487739166763e-05,-1.36271666057024e-07,-2.6387256194565664e-05,-5.82741690685032e-05,-1.42642492300305e-07,-2.6964519965833338e-05,-5.961870247863028e-05,-1.4923401140109134e-07,-2.754726168855013e-05,-6.097847329158417e-05,-1.5605125391555512e-07,-2.8135456382000006e-05,-6.235347712783653e-05,0.3500000000000001
-1.0240663702853338e-07,-2.3040111064196376e-05,-5.052719313687653e-05,-1.0755579660699744e-07,-2.358398182349263e-05,-5.178021290850782e-05,-1.1289664758001315e-07,-2.413348068324421e-05,-5.30484953293023e-05,-1.1843388272630179e-07,-2.468858258760666e-05,-5.4332036314325815e-05,-1.241722511700145e-07,-2.5249262493005273e-05,-5.563083172951034e-05,-1.3011655836136356e-07,-2.5815495368235925e-05,-5.694487739166763e-05,-1.36271666057024e-07,-2.6387256194565664e-05,-5.82741690685032e-05,-1.42642492300305e-07,-2.6964519965833338e-05,-5.961870247863028e-05,-1.4923401140109134e-07,-2.754726168855013e-05,-6.097847329158417e-05,-1.5605125391555512e-07,-2.8135456382000006e-05,-6.235347712783653e-05,0.3500000000000001
-1.0240663702853338e-07,-2.3040111064196376e-05,-5.052719313687653e-05,-1.0755579660699744e-07,-2.358398182349263e-05,-5.178021290850782e-05,-1.1289664758001315e-07,-2.413348068324421e-05,-5.30484953293023e-05,-1.1843388272630179e-07,-2.468858258760666e-05,-5.4332036314325815e-05,-1.241722511700145e-07,-2.5249262493005273e-05,-5.563083172951034e-05,-1.3011655836136356e-07,-2.5815495368235925e-05,-5.694487739166763e-05,-1.36271666057024e-07,-2.6387256194565664e-05,-5.82741690685032e-05,-1.42642492300305e-07,-2.6964519965833338e-05,-5.961870247863028e-05,-1.4923401140109134e-07,-2.754726168855013e-05,-6.097847329158417e-05,-1.5605125391555512e-07,-2.8135456382000006e-05,-6.235347712783653e-05,0.3500000000000001
-1.0240663702853338e-07,-2.3040111064196376e-05,-5.052719313687653e-05,-1.0755579660699744e-07,-2.358398182349263e-05,-5.178021290850782e-05,-1.1289664758001315e-07,-2.413348068324421e-05,-5.30484953293023e-05,-1.1843388272630179e-07,-2.468858258760666e-05,-5.4332036314325815e-05,-1.241722511700145e-07,-2.5249262493005273e-05,-5.563083172951034e-05,-1.3011655836136356e-07,-2.5815495368235925e-05,-5.694487739166763e-05,-1.36271666057024e-07,-2.6387256194565664e-05,-5.82741690685032e-05,-1.42642492300305e-07,-2.6964519965833338e-05,-5.961870247863028e-05,-1.4923401140109134e-07,-2.754726168855013e-05,-6.097847329158417e-05,-1.5605125391555512e-07,-2.8135456382000006e-05,-6.235347712783653e-05,0.3500000000000001
-1.0240663702853338e-07,-2.3040111064196376e-05,-5.052719313687653e-05,-1.0755579660699744e-07,-2.358398182349263e-05,-5.178021290850782e-05,-1.1289664758001315e-07,-2.413348068324421e-05,-5.30484953293023e-05,-1.1843388272630179e-07,-2.468858258760666e-05,-5.4332036314325815e-05,-1.241722511700145e-07,-2.5249262493005273e-05,-5.563083172951034e-05,-1.3011655836136356e-07,-2.5815495368235925e-05,-5.694487739166763e-05,-1.36271666057024e-07,-2.6387256194565664e-05,-5.82741690685032e-05,-1.42642492300305e-07,-2.6964519965833338e-05,-5.961870247863028e-05,-1.4923401140109134e-07,-2.754726168855013e-05,-6.097847329158417e-05,-1.5605125391555512e-07,-2.8135456382000006e-05,-6.235347712783653e-05,0.3500000000000001
-1.0240663702853338e-07,-2.3040111064196376e-05,-5.052719313687653e-05,-1.0755579660699744e-07,-2.358398182349263e-05,-5.178021290850782e-05,-1.1289664758001315e-07,-2.413348068324421e-05,-5.30484953293023e-05,-1.1843388272630179e-07,-2.468858258760666e-05,-5.4332036314325815e-05,-1.241722511700145e-07,-2.5249262493005273e-05,-5.563083172951034e-05,-1.3011655836136356e-07,-2.5815495368235925e-05,-5.694487739166763e-05,-1.36271666057024e-07,-2.6387256194565664e-05,-5.82741690685032e-05,-1.42642492300305e-07,-2.6964519965833338e-05,-5.961870247863028e-05,-1.4923401140109134e-07,-2.754726168855013e-05,-6.097847329158417e-05,-1.5605125391555512e-07,-2.8135456382000006e-05,-6.235347712783653e-05,0.3500000000000001
-1.0240663702853338e-07,-2.3040111064196376e-05,-5.052719313687653e-05,-1.0755579660699744e-07,-2.358398182349263e-05,-5.178021290850782e-05,-1.1289664758001315e-07,-2.413348068324421e-05,-5.30484953293023e-05,-1.1843388272630179e-07,-2.468858258760666e-05,-5.4332036314325815e-05,-1.241722511700145e-07,-2.5249262493005273e-05,-5.563083172951034e-05,-1.3011655836136356e-07,-2.5815495368235925e-05,-5.694487739166763e-05,-1.36271666057024e-07,-2.6387256194565664e-05,-5.82741690685032e-05,-1.42642492300305e-07,-2.6964519965833338e-05,-5.961870247863028e-05,-1.4923401140109134e-07,-2.754726168855013e-05,-6.097847329158417e-05,-1.5605125391555512e-07,-2.8135456382000006e-05,-6.235347712783653e-05,0.3500000000000001
-1.0240663702853338e-07,-2.3040111064196376e-05,-5.052719313687653e-05,-1.0755579660699744e-07,-2.358398182349263e-05,-5.178021290850782e-05,-1.1289664758001315e-07,-2.413348068324421e-05,-5.30484953293023e-05,-1.1843388272630179e-07,-2.468858258760666e-05,-5.4332036314325815e-05,-1.241722511700145e-07,-2.5249262493005273e-05,-5.563083172951034e-05,-1.3011655836136356e-07,-2.5815495368235925e-05,-5.694487739166763e-05,-1.36271666057024e-07,-2.6387256194565664e-05,-5.82741690685032e-05,-1.42642492300305e-07,-2.6964519965833338e-05,-5.961870247863028e-05,-1.4923401140109134e-07,-2.754726168855013e-05,-6.097847329158417e-05,-1.5605125391555512e-07,-2.8135456382000006e-05,-6.235347712783653e-05,0.3500000000000001
-1.0240663702853338e-07,-2.3040111064196376e-05,-5.052719313687653e-05,-1.0755579660699744e-07,-2.358398182349263e-05,-5.178021290850782e-05,-1.1289664758001315e-07,-2.413348068324421e-05,-5.30484953293023e-05,-1.1843388272630179e-07,-2.468858258760666e-05,-5.4332036314325815e-05,-1.241722511700145e-07,-2.5249262493005273e-05,-5.563083172951034e-05,-1.3011655836136356e-07,-2.5815495368235925e-05,-5.694487739166763e-05,-1.36271666057024e-07,-2.6387256194565664e-05,-5.82741690685032e-05,-1.42642492300305e-07,-2.6964519965833338e-05,-5.961870247863028e-05,-1.4923401140109134e-07,-2.754726168855013e-05,-6.097847329158417e-05,-1.5605125391555512e-07,-2.8135456382000006e-05,-6.235347712783653e-05,0.3500000000000001
-1.0240663702853338e-07,-2.3040111064196376e-05,-5.052719313687653e-05,-1.0755579660699744e-07,-2.358398182349263e-05,-5.178021290850782e-05,-1.1289664758001315e-07,-2.413348068324421e-05,-5.30484953293023e-05,-1.1843388272630179e-07,-2.468858258760666e-05,-5.4332036314325815e-05,-1.241722511700145e-07,-2.5249262493005273e-05,-5.563083172951034e-05,-1.3011655836136356e-07,-2.5815495368235925e-05,-5.694487739166763e-05,-1.36271666057024e-07,-2.6387256194565664e-05,-5.82741690685032e-05,-1.42642492300305e-07,-2.6964519965833338e-05,-5.961870247863028e-05,-1.4923401140109134e-07,-2.754726168855013e-05,-6.097847329158417e-05,-1.5605125391555512e-07,-2.8135456382000006e-05,-6.235347712783653e-05,0.3500000000000001
-1.0240663702853338e-07,-2.3040111064196376e-05,-5.052719313687653e-05,-1.0755579660699744e-07,-2.358398182349263e-05,-5.178021290850782e-05,-1.1289664758001315e-07,-2.413348068324421e-05,-5.30484953293023e-05,-1.1843388272630179e-07,-2.468858258760666e-05,-5.4332036314325815e-05,-1.241722511700145e-07,-2.5249262493005273e-05,-5.563083172951034e-05,-1.3011655836136356e-07,-2.5815495368235925e-05,-5.694487739166763e-05,-1.36271666057024e-07,-2.6387256194565664e-05,-5.82741690685032e-05,-1.42642492300305e-07,-2.6964519965833338e-05,-5.961870247863028e-05,-1.4923401140109134e-07,-2.754726168855013e-05,-6.097847329158417e-05,-1.5605125391555512e-07,-2.8135456382000006e-05,-6.235347712783653e-05,0.3500000000000001
-1.0240663702853338e-07,-2.3040111064196376e-05,-5.052719313687653e-05,-1.0755579660699744e-07,-2.358398182349263e-05,-5.178021290850782e-05,-1.1289664758001315e-07,-2.413348068324421e-05,-5.30484953293023e-05,-1.1843388272630179e-07,-2.468858258760666e-05,-5.4332036314325815e-05,-1.241722511700145e-07,-2.5249262493005273e-05,-5.563083172951034e-05,-1.3011655836136356e-07,-2.5815495368235925e-05,-5.694487739166763e-05,-1.36271666057024e-07,-2.6387256194565664e-05,-5.82741690685032e-05,-1.42642492300305e-07,-2.6964519965833338e-05,-5.961870247863028e-05,-1.4923401140109134e-07,-2.754726168855013e-05,-6.097847329158417e-05,-1.5605125391555512e-07,-2.8135456382000006e-05,-6.235347712783653e-05,0.3500000000000001
-1.0240663702853338e-07,-2.3040111064196376e-05,-5.052719313687653e-05,-1.0755579660699744e-07,-2.358398182349263e-05,-5.178021290850782e-05,-1.1289664758001315e-07,-2.413348068324421e-05,-5.30484953293023e-05,-1.1843388272630179e-07,-2.468858258760666e-05,-5.4332036314325815e-05,-1.241722511700145e-07,-2.5249262493005273e-05,-5.563083172951034e-05,-1.3011655836136356e-07,-2.5815495368235925e-05,-5.694487739166763e-05,-1.36271666057024e-07,-2.6387256194565664e-05,-5.82741690685032e-05,-1.42642492300305e-07,-2.6964519965833338e-05,-5.961870247863028e-05,-1.4923401140109134e-07,-2.754726168855013e-05,-6.097847329158417e-05,-1.5605125391555512e-07,-2.8135456382000006e-05,-6.235347712783653e-05,0.3500000000000001
-1.0240663702853338e-07,-2.3040111064196376e-05,-5.052719313687653e-05,-1.0755579660699744e-07,-2.358398182349263e-05,-5.178021290850782e-05,-1.1289664758001315e-07,-2.413348068324421e-05,-5.30484953293023e-05,-1.1843388272630179e-07,-2.468858258760666e-05,-5.4332036314325815e-05,-1.241722511700145e-07,-2.5249262493005273e-05,-5.563083172951034e-05,-1.3011655836136356e-07,-2.5815495368235925e-05,-5.694487739166763e-05,-1.36271666057024e-07,-2.6387256194565664e-05,-5.82741690685032e-05,-1.42642492300305e-07,-2.6964519965833338e-05,-5.961870247863028e-05,-1.4923401140109134e-07,-2.754726168855013e-05,-6.097847329158417e-05,-1.5605125391555512e-07,-2.8135456382000006e-05,-6.235347712783653e-05,0.3500000000000001
-1.0240663702853338e-07,-2.3040111064196376e-05,-5.052719313687653e-05,-1.0755579660699744e-07,-2.358398182349263e-05,-5.178021290850782e-05,-1.1289664758001315e-07,-2.413348068324421e-05,-5.30484953293023e-05,-1.1843388272630179e-07,-2.468858258760666e-05,-5.4332036314325815e-05,-1.241722511700145e-07,-2.5249262493005273e-05,-5.563083172951034e-05,-1.3011655836136356e-07,-2.5815495368235925e-05,-5.694487739166763e-05,-1.36271666057024e-07,-2.6387256194565664e-05,-5.82741690685032e-05,-1.42642492300305e-07,-2.6964519965833338e-05,-5.961870247863028e-05,-1.4923401140109134e-07,-2.754726168855013e-05,-6.097847329158417e-05,-1.5605125391555512e-07,-2.8135456382000006e-05,-6.235347712783653e-05,0.3500000000000001
-1.0240663702853338e-07,-2.3040111064196376e-05,-5.052719313687653e-05,-1.0755579660699744e-07,-2.358398182349263e-05,-5.178021290850782e-05,-1.1289664758001315e-07,-2.413348068324421e-05,-5.30484953293023e-05,-1.1843388272630179e-07,-2.468858258760666e-05,-5.4332036314325815e-05,-1.241722511700145e-07,-2.5249262493005273e-05,-5.563083172951034e-05,-1.3011655836136356e-07,-2.5815495368235925e-05,-5.694487739166763e-05,-1.36271666057024e-07,-2.6387256194565664e-05,-5.82741690685032e-05,-1.42642492300305e-07,-2.6964519965833338e-05,-5.961870247863028e-05,-1.4923401140109134e-07,-2.754726168855013e-05,-6.097847329158417e-05,-1.5605125391555512e-07,-2.8135456382000006e-05,-6.235347712783653e-05,0.3500000000000001
-1.0240663702853338e-07,-2.3040111064196376e-05,-5.052719313687653e-05,-1.0755579660699744e-07,-2.358398182349263e-05,-5.178021290850782e-05,-1.1289664758001315e-07,-2.413348068324421e-05,-5.30484953293023e-05,-1.1843388272630179e-07,-2.468858258760666e-05,-5.4332036314325815e-05,-1.241722511700145e-07,-2.5249262493005273e-05,-5.563083172951034e-05,-1.3011655836136356e-07,-2.5815495368235925e-05,-5.694487739166763e-05,-1.36271666057024e-07,-2.6387256194565664e-05,-5.82741690685032e-05,-1.42642492300305e-07,-2.6964519965833338e-05,-5.961870247863028e-05,-1.4923401140109134e-07,-2.754726168855013e-05,-6.097847329158417e-05,-1.5605125391555512e-07,-2.8135456382000006e-05,-6.235347712783653e-05,0.3500000000000001
-1.0240663702853338e-07,-2.3040111064196376e-05,-5.052719313687653e-05,-1.0755579660699744e-07,-2.358398182349263e-05,-5.178021290850782e-05,-1.1289664758001315e-07,-2.413348068324421e-05,-5.30484953293023e-05,-1.1843388272630179e-07,-2.468858258760666e-05,-5.4332036314325815e-05,-1.241722511700145e-07,-2.5249262493005273e-05,-5.563083172951034e-05,-1.3011655836136356e-07,-2.5815495368235925e-05,-5.694487739166763e-05,-1.36271666057024e-07,-2.6387256194565664e-05,-5.82741690685032e-05,-1.42642492300305e-07,-2.6964519965833338e-05,-5.961870247863028e-05,-1.4923401140109134e-07,-2.754726168855013e-05,-6.097847329158417e-05,-1.5605125391555512e-07,-2.8135456382000006e-05,-6.235347712783653e-05,0.3500000000000001
-1.0240663702853338e-07,-2.3040111064196376e-05,-5.052719313687653e-05,-1.0755579660699744e-07,-2.358398182349263e-05,-5.178021290850782e-05,-1.1289664758001315e-07,-2.413348068324421e-05,-5.30484953293023e-05,-1.1843388272630179e-07,-2.468858258760666e-05,-5.4332036314325815e-05,-1.241722511700145e-07,-2.5249262493005273e-05,-5.563083172951034e-05,-1.3011655836136356e-07,-2.5815495368235925e-05,-5.694487739166763e-05,-1.36271666057024e-07,-2.6387256194565664e-05,-5.82741690685032e-05,-1.42642492300305e-07,-2.6964519965833338e-05,-5.961870247863028e-05,-1.4923401140109134e-07,-2.754726168855013e-05,-6.097847329158417e-05,-1.5605125391555512e-07,-2.8135456382000006e-05,-6.235347712783653e-05,0.3500000000000001
-1.0240663702853338e-07,-2.3040111064196376e-05,-5.052719313687653e-05,-1.0755579660699744e-07,-2.358398182349263e-05,-5.178021290850782e-05,-1.1289664758001315e-07,-2.413348068324421e-05,-5.30484953293023e-05,-1.1843388272630179e-07,-2.468858258760666e-05,-5.4332036314325815e-05,-1.241722511700145e-07,-2.5249262493005273e-05,-5.563083172951034e-05,-1.3011655836136356e-07,-2.5815495368235925e-05,-5.694487739166763e-05,-1.36271666057024e-07,-2.6387256194565664e-05,-5.82741690685032e-05,-1.42642492300305e-07,-2.6964519965833338e-05,-5.961870247863028e-05,-1.4923401140109134e-07,-2.754726168855013e-05,-6.097847329158417e-05,-1.5605125391555512e-07,-2.8135456382000006e-05,-6.235347712783653e-05,0.3500000000000001
-1.0240663702853338e-07,-2.3040111064196376e-05,-5.052719313687653e-05,-1.0755579660699744e-07,-2.358398182349263e-05,-5.178021290850782e-05,-1.1289664758001315e-07,-2.413348068324421e-05,-5.30484953293023e-05,-1.1843388272630179e-07,-2.468858258760666e-05,-5.4332036314325815e-05,-1.241722511700145e-07,-2.5249262493005273e-05,-5.563083172951034e-05,-1.3011655836136356e-07,-2.5815495368235925e-05,-5.694487739166763e-05,-1.36271666057024e-07,-2.6387256194565664e-05,-5.82741690685032e-05,-1.42642492300305e-07,-2.6964519965833338e-05,-5.961870247863028e-05,-1.4923401140109134e-07,-2.754726168855013e-05,-6.097847329158417e-05,-1.5605125391555512e-07,-2.8135456382000006e-05,-6.235347712783653e-05,0.3500000000000001
-1.0240663702853338e-07,-2.3040111064196376e-05,-5.052719313687653e-05,-1.0755579660699744e-07,-2.358398182349263e-05,-5.178021290850782e-05,-1.1289664758001315e-07,-2.413348068324421e-05,-5.30484953293023e-05,-1.1843388272630179e-07,-2.468858258760666e-05,-5.4332036314325815e-05,-1.241722511700145e-07,-2.5249262493005273e-05,-5.563083172951034e-05,-1.3011655836136356e-07,-2.5815495368235925e-05,-5.694487739166763e-05,-1.36271666057024e-07,-2.6387256194565664e-05,-5.82741690685032e-05,-1.42642492300305e-07,-2.6964519965833338e-05,-5.961870247863028e-05,-1.4923401140109134e-07,-2.754726168855013e-05,-6.097847329158417e-05,-1.5605125391555512e-07,-2.8135456382000006e-05,-6.235347712783653e-05,0.3500000000000001
-1.0240663702853338e-07,-2.3040111064196376e-05,-5.052719313687653e-05,-1.0755579660699744e-07,-2.358398182349263e-05,-5.178021290850782e-05,-1.1289664758001315e-07,-2.413348068324421e-05,-5.30484953293023e-05,-1.1843388272630179e-07,-2.468858258760666e-05,-5.4332036314325815e-05,-1.241722511700145e-07,-2.5249262493005273e-05,-5.563083172951034e-05,-1.3011655836136356e-07,-2.5815495368235925e-05,-5.694487739166763e-05,-1.36271666057024e-07,-2.6387256194565664e-05,-5.82741690685032e-05,-1.42642492300305e-07,-2.6964519965833338e-05,-5.961870247863028e-05,-1.4923401140109134e-07,-2.754726168855013e-05,-6.097847329158417e-05,-1.5605125391555512e-07,-2.8135456382000006e-05,-6.235347712783653e-05,0.3500000000000001
-1.0240663702853338e-07,-2.3040111064196376e-05,-5.052719313687653e-05,-1.0755579660699744e-07,-2.358398182349263e-05,-5.178021290850782e-05,-1.1289664758001315e-07,-2.413348068324421e-05,-5.30484953293023e-05,-1.1843388272630179e-07,-2.468858258760666e-05,-5.4332036314325815e-05,-1.241722511700145e-07,-2.5249262493005273e-05,-5.563083172951034e-05,-1.3011655836136356e-07,-2.5815495368235925e-05,-5.694487739166763e-05,-1.36271666057024e-07,-2.6387256194565664e-05,-5.82741690685032e-05,-1.42642492300305e-07,-2.6964519965833338e-05,-5.961870247863028e-05,-1.4923401140109134e-07,-2.754726168855013e-05,-6.097847329158417e-05,-1.5605125391555512e-07,-2.8135456382000006e-05,-6.235347712783653e-05,0.3500000000000001
-1.0240663702853338e-07,-2.3040111064196376e-05,-5.052719313687653e-05,-1.0755579660699744e-07,-2.358398182349263e-05,-5.178021290850782e-05,-1.1289664758001315e-07,-2.413348068324421e-05,-5.30484953293023e-05,-1.1843388272630179e-07,-2.468858258760666e-05,-5.4332036314325815e-05,-1.241722511700145e-07,-2.5249262493005273e-05,-5.563083172951034e-05,-1.3011655836136356e-07,-2.5815495368235925e-05,-5.694487739166763e-05,-1.36271666057024e-07,-2.6387256194565664e-05,-5.82741690685032e-05,-1.42642492300305e-07,-2.6964519965833338e-05,-5.961870247863028e-05,-1.4923401140109134e-07,-2.754726168855013e-05,-6.097847329158417e-05,-1.5605125391555512e-07,-2.8135456382000006e-05,-6.235347712783653e-05,0.3500000000000001
-1.0240663702853338e-07,-2.3040111064196376e-05,-5.052719313687653e-05,-1.0755579660699744e-07,-2.358398182349263e-05,-5.178021290850782e-05,-1.1289664758001315e-07,-2.413348068324421e-05,-5.30484953293023e-05,-1.1843388272630179e-07,-2.468858258760666e-05,-5.4332036314325815e-05,-1.241722511700145e-07,-2.5249262493005273e-05,-5.563083172951034e-05,-1.3011655836136356e-07,-2.5815495368235925e-05,-5.694487739166763e-05,-1.36271666057024e-07,-2.6387256194565664e-05,-5.82741690685032e-05,-1.42642492300305e-07,-2.6964519965833338e-05,-5.961870247863028e-05,-1.4923401140109134e-07,-2.754726168855013e-05,-6.097847329158417e-05,-1.5605125391555512e-07,-2.8135456382000006e-05,-6.235347712783653e-05,0.3500000000000001
-1.0240663702853338e-07,-2.3040111064196376e-05,-5.052719313687653e-05,-1.0755579660699744e-07,-2.358398182349263e-05,-5.178021290850782e-05,-1.1289664758001315e-07,-2.413348068324421e-05,-5.30484953293023e-05,-1.1843388272630179e-07,-2.468858258760666e-05,-5.4332036314325815e-05,-1.241722511700145e-07,-2.5249262493005273e-05,-5.563083172951034e-05,-1.3011655836136356e-07,-2.5815495368235925e-05,-5.694487739166763e-05,-1.36271666057024e-07,-2.6387256194565664e-05,-5.82741690685032e-05,-1.42642492300305e-07,-2.6964519965833338e-05,-5.961870247863028e-05,-1.4923401140109134e-07,-2.754726168855013e-05,-6.097847329158417e-05,-1.5605125391555512e-07,-2.8135456382000006e-05,-6.235347712783653e-05,0.3500000000000001
-1.0240663702853338e-07,-2.3040111064196376e-05,-5.052719313687653e-05,-1.0755579660699744e-07,-2.358398182349263e-05,-5.178021290850782e-05,-1.1289664758001315e-07,-2.413348068324421e-05,-5.30484953293023e-05,-1.1843388272630179e-07,-2.468858258760666e-05,-5.4332036314325815e-05,-1.241722511700145e-07,-2.5249262493005273e-05,-5.563083172951034e-05,-1.3011655836136356e-07,-2.5815495368235925e-05,-5.694487739166763e-05,-1.36271666057024e-07,-2.6387256194565664e-05,-5.82741690685032e-05,-1.42642492300305e-07,-2.6964519965833338e-05,-5.961870247863028e-05,-1.4923401140109134e-07,-2.754726168855013e-05,-6.097847329158417e-05,-1.5605125391555512e-07,-2.8135456382000006e-05,-6.235347712783653e-05,0.3500000000000001
-1.0240663702853338e-07,-2.3040111064196376e-05,-5.052719313687653e-05,-1.0755579660699744e-07,-2.358398182349263e-05,-5.178021290850782e-05,-1.1289664758001315e-07,-2.413348068324421e-05,-5.30484953293023e-05,-1.1843388272630179e-07,-2.468858258760666e-05,-5.4332036314325815e-05,-1.241722511700145e-07,-2.5249262493005273e-05,-5.563083172951034e-05,-1.3011655836136356e-07,-2.5815495368235925e-05,-5.694487739166763e-05,-1.36271666057024e-07,-2.6387256194565664e-05,-5.82741690685032e-05,-1.42642492300305e-07,-2.6964519965833338e-05,-5.961870247863028e-05,-1.4923401140109134e-07,-2.754726168855013e-05,-6.097847329158417e-05,-1.5605125391555512e-07,-2.8135456382000006e-05,-6.235347712783653e-05,0.3500000000000001
-1.0240663702853338e-07,-2.3040111064196376e-05,-5.052719313687653e-05,-1.0755579660699744e-07,-2.358398182349263e-05,-5.178021290850782e-05,-1.1289664758001315e-07,-2.413348068324421e-05,-5.30484953293023e-05,-1.1843388272630179e-07,-2.468858258760666e-05,-5.4332036314325815e-05,-1.241722511700145e-07,-2.5249262493005273e-05,-5.563083172951034e-05,-1.3011655836136356e-07,-2.5815495368235925e-05,-5.694487739166763e-05,-1.36271666057024e-07,-2.6387256194565664e-05,-5.82741690685032e-05,-1.42642492300305e-07,-2.6964519965833338e-05,-5.961870247863028e-05,-1.4923401140109134e-07,-2.754726168855013e-05,-6.097847329158417e-05,-1.5605125391555512e-07,-2.8135456382000006e-05,-6.235347712783653e-05,0.3500000000000001
-1.0240663702853338e-07,-2.3040111064196376e-05,-5.052719313687653e-05,-1.0755579660699744e-07,-2.358398182349263e-05,-5.178021290850782e-05,-1.1289664758001315e-07,-2.413348068324421e-05,-5.30484953293023e-05,-1.1843388272630179e-07,-2.468858258760666e-05,-5.4332036314325815e-05,-1.241722511700145e-07,-2.5249262493005273e-05,-5.563083172951034e-05,-1.3011655836136356e-07,-2.5815495368235925e-05,-5.694487739166763e-05,-1.36271666057024e-07,-2.6387256194565664e-05,-5.82741690685032e-05,-1.42642492300305e-07,-2.6964519965833338e-05,-5.961870247863028e-05,-1.4923401140109134e-07,-2.754726168855013e-05,-6.097847329158417e-05,-1.5605125391555512e-07,-2.8135456382000006e-05,-6.235347712783653e-05,0.3500000000000001
-1.0240663702853338e-07,-2.3040111064196376e-05,-5.052719313687653e-05,-1.0755579660699744e-07,-2.358398182349263e-05,-5.178021290850782e-05,-1.1289664758001315e-07,-2.413348068324421e-05,-5.30484953293023e-05,-1.1843388272630179e-07,-2.468858258760666e-05,-5.4332036314325815e-05,-1.241722511700145e-07,-2.5249262493005273e-05,-5.563083172951034e-05,-1.3011655836136356e-07,-2.5815495368235925e-05,-5.694487739166763e-05,-1.36271666057024e-07,-2.6387256194565664e-05,-5.82741690685032e-05,-1.42642492300305e-07,-2.6964519965833338e-05,-5.961870247863028e-05,-1.4923401140109134e-07,-2.754726168855013e-05,-6.097847329158417e-05,-1.5605125391555512e-07,-2.8135456382000006e-05,-6.235347712783653e-05,0.3500000000000001
-1.0240663702853338e-07,-2.3040111064196376e-05,-5.052719313687653e-05,-1.0755579660699744e-07,-2.358398182349263e-05,-5.178021290850782e-05,-1.1289664758001315e-07,-2.413348068324421e-05,-5.30484953293023e-05,-1.1843388272630179e-07,-2.468858258760666e-05,-5.4332036314325815e-05,-1.241722511700145e-07,-2.5249262493005273e-05,-5.563083172951034e-05,-1.3011655836136356e-07,-2.5815495368235925e-05,-5.694487739166763e-05,-1.36271666057024e-07,-2.6387256194565664e-05,-5.82741690685032e-05,-1.42642492300305e-07,-2.6964519965833338e-05,-5.961870247863028e-05,-1.4923401140109134e-07,-2.754726168855013e-05,-6.097847329158417e-05,-1.5605125391555512e-07,-2.8135456382000006e-05,-6.235347712783653e-05,0.3500000000000001
-1.0240663702853338e-07,-2.3040111064196376e-05,-5.052719313687653e-05,-1.0755579660699744e-07,-2.358398182349263e-05,-5.178021290850782e-05,-1.1289664758001315e-07,-2.413348068324421e-05,-5.30484953293023e-05,-1.1843388272630179e-07,-2.468858258760666e-05,-5.4332036314325815e-05,-1.241722511700145e-07,-2.5249262493005273e-05,-5.563083172951034e-05,-1.3011655836136356e-07,-2.5815495368235925e-05,-5.694487739166763e-05,-1.36271666057024e-07,-2.6387256194565664e-05,-5.82741690685032e-05,-1.42642492300305e-07,-2.6964519965833338e-05,-5.961870247863028e-05,-1.4923401140109134e-07,-2.754726168855013e-05,-6.097847329158417e-05,-1.5605125391555512e-07,-2.8135456382000006e-05,-6.235347712783653e-05,0.3500000000000001
-1.0240663702853338e-07,-2.3040111064196376e-05,-5.052719313687653e-05,-1.0755579660699744e-07,-2.358398182349263e-05,-5.178021290850782e-05,-1.1289664758001315e-07,-2.413348068324421e-05,-5.30484953293023e-05,-1.1843388272630179e-07,-2.468858258760666e-05,-5.4332036314325815e-05,-1.241722511700145e-07,-2.5249262493005273e-05,-5.563083172951034e-05,-1.3011655836136356e-07,-2.5815495368235925e-05,-5.694487739166763e-05,-1.36271666057024e-07,-2.6387256194565664e-05,-5.82741690685032e-05,-1.42642492300305e-07,-2.6964519965833338e-05,-5.961870247863028e-05,-1.4923401140109134e-07,-2.754726168855013e-05,-6.097847329158417e-05,-1.5605125391555512e-07,-2.8135456382000006e-05,-6.235347712783653e-05,0.3500000000000001
-1.0240663702853338e-07,-2.3040111064196376e-05,-5.052719313687653e-05,-1.0755579660699744e-07,-2.358398182349263e-05,-5.178021290850782e-05,-1.1289664758001315e-07,-2.413348068324421e-05,-5.30484953293023e-05,-1.1843388272630179e-07,-2.468858258760666e-05,-5.4332036314325815e-05,-1.241722511700145e-07,-2.5249262493005273e-05,-5.563083172951034e-05,-1.3011655836136356e-07,-2.5815495368235925e-05,-5.694487739166763e-05,-1.36271666057024e-07,-2.6387256194565664e-05,-5.82741690685032e-05,-1.42642492300305e-07,-2.6964519965833338e-05,-5.961870247863028e-05,-1.4923401140109134e-07,-2.754726168855013e-05,-6.097847329158417e-05,-1.5605125391555512e-07,-2.8135456382000006e-05,-6.235347712783653e-05,0.3500000000000001
-1.0240663702853338e-07,-2.3040111064196376e-05,-5.052719313687653e-05,-1.0755579660699744e-07,-2.358398182349263e-05,-5.178021290850782e-05,-1.1289664758001315e-07,-2.413348068324421e-05,-5.30484953293023e-05,-1.1843388272630179e-07,-2.468858258760666e-05,-5.4332036314325815e-05,-1.241722511700145e-07,-2.5249262493005273e-05,-5.563083172951034e-05,-1.3011655836136356e-07,-2.5815495368235925e-05,-5.694487739166763e-05,-1.36271666057024e-07,-2.6387256194565664e-05,-5.82741690685032e-05,-1.42642492300305e-07,-2.6964519965833338e-05,-5.961870247863028e-05,-1.4923401140109134e-07,-2.754726168855013e-05,-6.097847329158417e-05,-1.5605125391555512e-07,-2.8135456382000006e-05,-6.235347712783653e-05,0.3500000000000001
-1.0240663702853338e-07,-2.3040111064196376e-05,-5.052719313687653e-05,-1.0755579660699744e-07,-2.358398182349263e-05,-5.178021290850782e-05,-1.1289664758001315e-07,-2.413348068324421e-05,-5.30484953293023e-05,-1.1843388272630179e-07,-2.468858258760666e-05,-5.4332036314325815e-05,-1.241722511700145e-07,-2.5249262493005273e-05,-5.563083172951034e-05,-1.3011655836136356e-07,-2.5815495368235925e-05,-5.694487739166763e-05,-1.36271666057024e-07,-2.6387256194565664e-05,-5.82741690685032e-05,-1.42642492300305e-07,-2.6964519965833338e-05,-5.961870247863028e-05,-1.4923401140109134e-07,-2.754726168855013e-05,-6.097847329158417e-05,-1.5605125391555512e-07,-2.8135456382000006e-05,-6.235347712783653e-05,0.3500000000000001
-1.0240663702853338e-07,-2.3040111064196376e-05,-5.052719313687653e-05,-1.0755579660699744e-07,-2.358398182349263e-05,-5.178021290850782e-05,-1.1289664758001315e-07,-2.413348068324421e-05,-5.30484953293023e-05,-1.1843388272630179e-07,-2.468858258760666e-05,-5.4332036314325815e-05,-1.241722511700145e-07,-2.5249262493005273e-05,-5.563083172951034e-05,-1.3011655836136356e-07,-2.5815495368235925e-05,-5.694487739166763e-05,-1.36271666057024e-07,-2.6387256194565664e-05,-5.82741690685032e-05,-1.42642492300305e-07,-2.6964519965833338e-05,-5.961870247863028e-05,-1.4923401140109134e-07,-2.754726168855013e-05,-6.097847329158417e-05,-1.5605125391555512e-07,-2.8135456382000006e-05,-6.235347712783653e-05,0.3500000000000001
-1.0240663702853338e-07,-2.3040111064196376e-05,-5.052719313687653e-05,-1.0755579660699744e-07,-2.358398182349263e-05,-5.178021290850782e-05,-1.1289664758001315e-07,-2.413348068324421e-05,-5.30484953293023e-05,-1.1843388272630179e-07,-2.468858258760666e-05,-5.4332036314325815e-05,-1.241722511700145e-07,-2.5249262493005273e-05,-5.563083172951034e-05,-1.3011655836136356e-07,-2.5815495368235925e-05,-5.694487739166763e-05,-1.36271666057024e-07,-2.6387256194565664e-05,-5.82741690685032e-05,-1.42642492300305e-07,-2.6964519965833338e-05,-5.961870247863028e-05,-1.4923401140109134e-07,-2.754726168855013e-05,-6.097847329158417e-05,-1.5605125391555512e-07,-2.8135456382000006e-05,-6.235347712783653e-05,0.3500000000000001
-1.0240663702853338e-07,-2.3040111064196376e-05,-5.052719313687653e-05,-1.0755579660699744e-07,-2.358398182349263e-05,-5.178021290850782e-05,-1.1289664758001315e-07,-2.413348068324421e-05,-5.30484953293023e-05,-1.1843388272630179e-07,-2.468858258760666e-05,-5.4332036314325815e-05,-1.241722511700145e-07,-2.5249262493005273e-05,-5.563083172951034e-05,-1.3011655836136356e-07,-2.5815495368235925e-05,-5.694487739166763e-05,-1.36271666057024e-07,-2.6387256194565664e-05,-5.82741690685032e-05,-1.42642492300305e-07,-2.6964519965833338e-05,-5.961870247863028e-05,-1.4923401140109134e-07,-2.754726168855013e-05,-6.097847329158417e-05,-1.5605125391555512e-07,-2.8135456382000006e-05,-6.235347712783653e-05,0.3500000000000001
-1.0240663702853338e-07,-2.3040111064196376e-05,-5.052719313687653e-05,-1.0755579660699744e-07,-2.358398182349263e-05,-5.178021290850782e-05,-1.1289664758001315e-07,-2.413348068324421e-05,-5.30484953293023e-05,-1.1843388272630179e-07,-2.468858258760666e-05,-5.4332036314325815e-05,-1.241722511700145e-07,-2.5249262493005273e-05,-5.563083172951034e-05,-1.3011655836136356e-07,-2.5815495368235925e-05,-5.694487739166763e-05,-1.36271666057024e-07,-2.6387256194565664e-05,-5.82741690685032e-05,-1.42642492300305e-07,-2.6964519965833338e-05,-5.961870247863028e-05,-1.4923401140109134e-07,-2.754726168855013e-05,-6.097847329158417e-05,-1.5605125391555512e-07,-2.8135456382000006e-05,-6.235347712783653e-05,0.3500000000000001
-1.0240663702853338e-07,-2.3040111064196376e-05,-5.052719313687653e-05,-1.0755579660699744e-07,-2.358398182349263e-05,-5.178021290850782e-05,-1.1289664758001315e-07,-2.413348068324421e-05,-5.30484953293023e-05,-1.1843388272630179e-07,-2.468858258760666e-05,-5.4332036314325815e-05,-1.241722511700145e-07,-2.5249262493005273e-05,-5.563083172951034e-05,-1.3011655836136356e-07,-2.5815495368235925e-05,-5.694487739166763e-05,-1.36271666057024e-07,-2.6387256194565664e-05,-5.82741690685032e-05,-1.42642492300305e-07,-2.6964519965833338e-05,-5.961870247863028e-05,-1.4923401140109134e-07,-2.754726168855013e-05,-6.097847329158417e-05,-1.5605125391555512e-07,-2.8135456382000006e-05,-6.235347712783653e-05,0.3500000000000001
-1.0240663702853338e-07,-2.3040111064196376e-05,-5.052719313687653e-05,-1.0755579660699744e-07,-2.358398182349263e-05,-5.178021290850782e-05,-1.1289664758001315e-07,-2.413348068324421e-05,-5.30484953293023e-05,-1.1843388272630179e-07,-2.468858258760666e-05,-5.4332036314325815e-05,-1.241722511700145e-07,-2.5249262493005273e-05,-5.563083172951034e-05,-1.3011655836136356e-07,-2.5815495368235925e-05,-5.694487739166763e-05,-1.36271666057024e-07,-2.6387256194565664e-05,-5.82741690685032e-05,-1.42642492300305e-07,-2.6964519965833338e-05,-5.961870247863028e-05,-1.4923401140109134e-07,-2.754726168855013e-05,-6.097847329158417e-05,-1.5605125391555512e-07,-2.8135456382000006e-05,-6.235347712783653e-05,0.3500000000000001
-1.0240663702853338e-07,-2.3040111064196376e-05,-5.052719313687653e-05,-1.0755579660699744e-07,-2.358398182349263e-05,-5.178021290850782e-05,-1.1289664758001315e-07,-2.413348068324421e-05,-5.30484953293023e-05,-1.1843388272630179e-07,-2.468858258760666e-05,-5.4332036314325815e-05,-1.241722511700145e-07,-2.5249262493005273e-05,-5.563083172951034e-05,-1.3011655836136356e-07,-2.5815495368235925e-05,-5.694487739166763e-05,-1.36271666057024e-07,-2.6387256194565664e-05,-5.82741690685032e-05,-1.42642492300305e-07,-2.6964519965833338e-05,-5.961870247863028e-05,-1.4923401140109134e-07,-2.754726168855013e-05,-6.097847329158417e-05,-1.5605125391555512e-07,-2.8135456382000006e-05,-6.235347712783653e-05,0.3500000000000001
-1.0240663702853338e-07,-2.3040111064196376e-05,-5.052719313687653e-05,-1.0755579660699744e-07,-2.358398182349263e-05,-5.178021290850782e-05,-1.1289664758001315e-07,-2.413348068324421e-05,-5.30484953293023e-05,-1.1843388272630179e-07,-2.468858258760666e-05,-5.4332036314325815e-05,-1.241722511700145e-07,-2.5249262493005273e-05,-5.563083172951034e-05,-1.3011655836136356e-07,-2.5815495368235925e-05,-5.694487739166763e-05,-1.36271666057024e-07,-2.6387256194565664e-05,-5.82741690685032e-05,-1.42642492300305e-07,-2.6964519965833338e-05,-5.961870247863028e-05,-1.4923401140109134e-07,-2.754726168855013e-05,-6.097847329158417e-05,-1.5605125391555512e-07,-2.8135456382000006e-05,-6.235347712783653e-05,0.3500000000000001
-1.0240663702853338e-07,-2.3040111064196376e-05,-5.052719313687653e-05,-1.0755579660699744e-07,-2.358398182349263e-05,-5.178021290850782e-05,-1.1289664758001315e-07,-2.413348068324421e-05,-5.30484953293023e-05,-1.1843388272630179e-07,-2.468858258760666e-05,-5.4332036314325815e-05,-1.241722511700145e-07,-2.5249262493005273e-05,-5.563083172951034e-05,-1.3011655836136356e-07,-2.5815495368235925e-05,-5.694487739166763e-05,-1.36271666057024e-07,-2.6387256194565664e-05,-5.82741690685032e-05,-1.42642492300305e-07,-2.6964519965833338e-05,-5.961870247863028e-05,-1.4923401140109134e-07,-2.754726168855013e-05,-6.097847329158417e-05,-1.5605125391555512e-07,-2.8135456382000006e-05,-6.235347712783653e-05,0.3500000000000001
-1.0240663702853338e-07,-2.3040111064196376e-05,-5.052719313687653e-05,-1.0755579660699744e-07,-2.358398182349263e-05,-5.178021290850782e-05,-1.1289664758001315e-07,-2.413348068324421e-05,-5.30484953293023e-05,-1.1843388272630179e-07,-2.468858258760666e-05,-5.4332036314325815e-05,-1.241722511700145e-07,-2.5249262493005273e-05,-5.563083172951034e-05,-1.3011655836136356e-07,-2.5815495368235925e-05,-5.694487739166763e-05,-1.36271666057024e-07,-2.6387256194565664e-05,-5.82741690685032e-05,-1.42642492300305e-07,-2.6964519965833338e-05,-5.961870247863028e-05,-1.4923401140109134e-07,-2.754726168855013e-05,-6.097847329158417e-05,-1.5605125391555512e-07,-2.8135456382000006e-05,-6.235347712783653e-05,0.3500000000000001
-1.0240663702853338e-07,-2.3040111064196376e-05,-5.052719313687653e-05,-1.0755579660699744e-07,-2.358398182349263e-05,-5.178021290850782e-05,-1.1289664758001315e-07,-2.413348068324421e-05,-5.30484953293023e-05,-1.1843388272630179e-07,-2.468858258760666e-05,-5.4332036314325815e-05,-1.241722511700145e-07,-2.5249262493005273e-05,-5.563083172951034e-05,-1.3011655836136356e-07,-2.5815495368235925e-05,-5.694487739166763e-05,-1.36271666057024e-07,-2.6387256194565664e-05,-5.82741690685032e-05,-1.42642492300305e-07,-2.6964519965833338e-05,-5.961870247863028e-05,-1.4923401140109134e-07,-2.754726168855013e-05,-6.097847329158417e-05,-1.5605125391555512e-07,-2.8135456382000006e-05,-6.235347712783653e-05,0.3500000000000001
-1.0240663702853338e-07,-2.3040111064196376e-05,-5.052719313687653e-05,-1.0755579660699744e-07,-2.358398182349263e-05,-5.178021290850782e-05,-1.1289664758001315e-07,-2.413348068324421e-05,-5.30484953293023e-05,-1.1843388272630179e-07,-2.468858258760666e-05,-5.4332036314325815e-05,-1.241722511700145e-07,-2.5249262493005273e-05,-5.563083172951034e-05,-1.3011655836136356e-07,-2.5815495368235925e-05,-5.694487739166763e-05,-1.36271666057024e-07,-2.6387256194565664e-05,-5.82741690685032e-05,-1.42642492300305e-07,-2.6964519965833338e-05,-5.961870247863028e-05,-1.4923401140109134e-07,-2.754726168855013e-05,-6.097847329158417e-05,-1.5605125391555512e-07,-2.8135456382000006e-05,-6.235347712783653e-05,0.3500000000000001
-1.0240663702853338e-07,-2.3040111064196376e-05,-5.052719313687653e-05,-1.0755579660699744e-07,-2.358398182349263e-05,-5.178021290850782e-05,-1.1289664758001315e-07,-2.413348068324421e-05,-5.30484953293023e-05,-1.1843388272630179e-07,-2.468858258760666e-05,-5.4332036314325815e-05,-1.241722511700145e-07,-2.5249262493005273e-05,-5.563083172951034e-05,-1.3011655836136356e-07,-2.5815495368235925e-05,-5.694487739166763e-05,-1.36271666057024e-07,-2.6387256194565664e-05,-5.82741690685032e-05,-1.42642492300305e-07,-2.6964519965833338e-05,-5.961870247863028e-05,-1.4923401140109134e-07,-2.754726168855013e-05,-6.097847329158417e-05,-1.5605125391555512e-07,-2.8135456382000006e-05,-6.235347712783653e-05,0.3500000000000001
-1.0240663702853338e-07,-2.3040111064196376e-05,-5.052719313687653e-05,-1.0755579660699744e-07,-2.358398182349263e-05,-5.178021290850782e-05,-1.1289664758001315e-07,-2.413348068324421e-05,-5.30484953293023e-05,-1.1843388272630179e-07,-2.468858258760666e-05,-5.4332036314325815e-05,-1.241722511700145e-07,-2.5249262493005273e-05,-5.563083172951034e-05,-1.3011655836136356e-07,-2.5815495368235925e-05,-5.694487739166763e-05,-1.36271666057024e-07,-2.6387256194565664e-05,-5.82741690685032e-05,-1.42642492300305e-07,-2.6964519965833338e-05,-5.961870247863028e-05,-1.4923401140109134e-07,-2.754726168855013e-05,-6.097847329158417e-05,-1.5605125391555512e-07,-2.8135456382000006e-05,-6.235347712783653e-05,0.3500000000000001
-1.0240663702853338e-07,-2.3040111064196376e-05,-5.052719313687653e-05,-1.0755579660699744e-07,-2.358398182349263e-05,-5.178021290850782e-05,-1.1289664758001315e-07,-2.413348068324421e-05,-5.30484953293023e-05,-1.1843388272630179e-07,-2.468858258760666e-05,-5.4332036314325815e-05,-1.241722511700145e-07,-2.5249262493005273e-05,-5.563083172951034e-05,-1.3011655836136356e-07,-2.5815495368235925e-05,-5.694487739166763e-05,-1.36271666057024e-07,-2.6387256194565664e-05,-5.82741690685032e-05,-1.42642492300305e-07,-2.6964519965833338e-05,-5.961870247863028e-05,-1.4923401140109134e-07,-2.754726168855013e-05,-6.097847329158417e-05,-1.5605125391555512e-07,-2.8135456382000006e-05,-6.235347712783653e-05,0.3500000000000001
-1.0240663702853338e-07,-2.3040111064196376e-05,-5.052719313687653e-05,-1.0755579660699744e-07,-2.358398182349263e-05,-5.178021290850782e-05,-1.1289664758001315e-07,-2.413348068324421e-05,-5.30484953293023e-05,-1.1843388272630179e-07,-2.468858258760666e-05,-5.4332036314325815e-05,-1.241722511700145e-07,-2.5249262493005273e-05,-5.563083172951034e-05,-1.3011655836136356e-07,-2.5815495368235925e-05,-5.694487739166763e-05,-1.36271666057024e-07,-2.6387256194565664e-05,-5.82741690685032e-05,-1.42642492300305e-07,-2.6964519965833338e-05,-5.961870247863028e-05,-1.4923401140109134e-07,-2.754726168855013e-05,-6.097847329158417e-05,-1.5605125391555512e-07,-2.8135456382000006e-05,-6.235347712783653e-05,0.3500000000000001
-1.0240663702853338e-07,-2.3040111064196376e-05,-5.052719313687653e-05,-1.0755579660699744e-07,-2.358398182349263e-05,-5.178021290850782e-05,-1.1289664758001315e-07,-2.413348068324421e-05,-5.30484953293023e-05,-1.1843388272630179e-07,-2.468858258760666e-05,-5.4332036314325815e-05,-1.241722511700145e-07,-2.5249262493005273e-05,-5.563083172951034e-05,-1.3011655836136356e-07,-2.5815495368235925e-05,-5.694487739166763e-05,-1.36271666057024e-07,-2.6387256194565664e-05,-5.82741690685032e-05,-1.42642492300305e-07,-2.6964519965833338e-05,-5.961870247863028e-05,-1.4923401140109134e-07,-2.754726168855013e-05,-6.097847329158417e-05,-1.5605125391555512e-07,-2.8135456382000006e-05,-6.235347712783653e-05,0.3500000000000001
-1.0240663702853338e-07,-2.3040111064196376e-05,-5.052719313687653e-05,-1.0755579660699744e-07,-2.358398182349263e-05,-5.178021290850782e-05,-1.1289664758001315e-07,-2.413348068324421e-05,-5.30484953293023e-05,-1.1843388272630179e-07,-2.468858258760666e-05,-5.4332036314325815e-05,-1.241722511700145e-07,-2.5249262493005273e-05,-5.563083172951034e-05,-1.3011655836136356e-07,-2.5815495368235925e-05,-5.694487739166763e-05,-1.36271666057024e-07,-2.6387256194565664e-05,-5.82741690685032e-05,-1.42642492300305e-07,-2.6964519965833338e-05,-5.961870247863028e-05,-1.4923401140109134e-07,-2.754726168855013e-05,-6.097847329158417e-05,-1.5605125391555512e-07,-2.8135456382000006e-05,-6.235347712783653e-05,0.3500000000000001
-1.0240663702853338e-07,-2.3040111064196376e-05,-5.052719313687653e-05,-1.0755579660699744e-07,-2.358398182349263e-05,-5.178021290850782e-05,-1.1289664758001315e-07,-2.413348068324421e-05,-5.30484953293023e-05,-1.1843388272630179e-07,-2.468858258760666e-05,-5.4332036314325815e-05,-1.241722511700145e-07,-2.5249262493005273e-05,-5.563083172951034e-05,-1.3011655836136356e-07,-2.5815495368235925e-05,-5.694487739166763e-05,-1.36271666057024e-07,-2.6387256194565664e-05,-5.82741690685032e-05,-1.42642492300305e-07,-2.6964519965833338e-05,-5.961870247863028e-05,-1.4923401140109134e-07,-2.754726168855013e-05,-6.097847329158417e-05,-1.5605125391555512e-07,-2.8135456382000006e-05,-6.235347712783653e-05,0.3500000000000001
-1.0240663702853338e-07,-2.3040111064196376e-05,-5.052719313687653e-05,-1.0755579660699744e-07,-2.358398182349263e-05,-5.178021290850782e-05,-1.1289664758001315e-07,-2.413348068324421e-05,-5.30484953293023e-05,-1.1843388272630179e-07,-2.468858258760666e-05,-5.4332036314325815e-05,-1.241722511700145e-07,-2.5249262493005273e-05,-5.563083172951034e-05,-1.3011655836136356e-07,-2.5815495368235925e-05,-5.694487739166763e-05,-1.36271666057024e-07,-2.6387256194565664e-05,-5.82741690685032e-05,-1.42642492300305e-07,-2.6964519965833338e-05,-5.961870247863028e-05,-1.4923401140109134e-07,-2.754726168855013e-05,-6.097847329158417e-05,-1.5605125391555512e-07,-2.8135456382000006e-05,-6.235347712783653e-05,0.3500000000000001
-1.0240663702853338e-07,-2.3040111064196376e-05,-5.052719313687653e-05,-1.0755579660699744e-07,-2.358398182349263e-05,-5.178021290850782e-05,-1.1289664758001315e-07,-2.413348068324421e-05,-5.30484953293023e-05,-1.1843388272630179e-07,-2.468858258760666e-05,-5.4332036314325815e-05,-1.241722511700145e-07,-2.5249262493005273e-05,-5.563083172951034e-05,-1.3011655836136356e-07,-2.5815495368235925e-05,-5.694487739166763e-05,-1.36271666057024e-07,-2.6387256194565664e-05,-5.82741690685032e-05,-1.42642492300305e-07,-2.6964519965833338e-05,-5.961870247863028e-05,-1.4923401140109134e-07,-2.754726168855013e-05,-6.097847329158417e-05,-1.5605125391555512e-07,-2.8135456382000006e-05,-6.235347712783653e-05,0.3500000000000001
-1.0240663702853338e-07,-2.3040111064196376e-05,-5.052719313687653e-05,-1.0755579660699744e-07,-2.358398182349263e-05,-5.178021290850782e-05,-1.1289664758001315e-07,-2.413348068324421e-05,-5.30484953293023e-05,-1.1843388272630179e-07,-2.468858258760666e-05,-5.4332036314325815e-05,-1.241722511700145e-07,-2.5249262493005273e-05,-5.563083172951034e-05,-1.3011655836136356e-07,-2.5815495368235925e-05,-5.694487739166763e-05,-1.36271666057024e-07,-2.6387256194565664e-05,-5.82741690685032e-05,-1.42642492300305e-07,-2.6964519965833338e-05,-5.961870247863028e-05,-1.4923401140109134e-07,-2.754726168855013e-05,-6.097847329158417e-05,-1.5605125391555512e-07,-2.8135456382000006e-05,-6.235347712783653e-05,0.3500000000000001
-1.0240663702853338e-07,-2.3040111064196376e-05,-5.052719313687653e-05,-1.0755579660699744e-07,-2.358398182349263e-05,-5.178021290850782e-05,-1.1289664758001315e-07,-2.413348068324421e-05,-5.30484953293023e-05,-1.1843388272630179e-07,-2.468858258760666e-05,-5.4332036314325815e-05,-1.241722511700145e-07,-2.5249262493005273e-05,-5.563083172951034e-05,-1.3011655836136356e-07,-2.5815495368235925e-05,-5.694487739166763e-05,-1.36271666057024e-07,-2.6387256194565664e-05,-5.82741690685032e-05,-1.42642492300305e-07,-2.6964519965833338e-05,-5.961870247863028e-05,-1.4923401140109134e-07,-2.754726168855013e-05,-6.097847329158417e-05,-1.5605125391555512e-07,-2.8135456382000006e-05,-6.235347712783653e-05,0.3500000000000001
-1.0240663702853338e-07,-2.3040111064196376e-05,-5.052719313687653e-05,-1.0755579660699744e-07,-2.358398182349263e-05,-5.178021290850782e-05,-1.1289664758001315e-07,-2.413348068324421e-05,-5.30484953293023e-05,-1.1843388272630179e-07,-2.468858258760666e-05,-5.4332036314325815e-05,-1.241722511700145e-07,-2.5249262493005273e-05,-5.563083172951034e-05,-1.3011655836136356e-07,-2.5815495368235925e-05,-5.694487739166763e-05,-1.36271666057024e-07,-2.6387256194565664e-05,-5.82741690685032e-05,-1.42642492300305e-07,-2.6964519965833338e-05,-5.961870247863028e-05,-1.4923401140109134e-07,-2.754726168855013e-05,-6.097847329158417e-05,-1.5605125391555512e-07,-2.8135456382000006e-05,-6.235347712783653e-05,0.3500000000000001
-1.0240663702853338e-07,-2.3040111064196376e-05,-5.052719313687653e-05,-1.0755579660699744e-07,-2.358398182349263e-05,-5.178021290850782e-05,-1.1289664758001315e-07,-2.413348068324421e-05,-5.30484953293023e-05,-1.1843388272630179e-07,-2.468858258760666e-05,-5.4332036314325815e-05,-1.241722511700145e-07,-2.5249262493005273e-05,-5.563083172951034e-05,-1.3011655836136356e-07,-2.5815495368235925e-05,-5.694487739166763e-05,-1.36271666057024e-07,-2.6387256194565664e-05,-5.82741690685032e-05,-1.42642492300305e-07,-2.6964519965833338e-05,-5.961870247863028e-05,-1.4923401140109134e-07,-2.754726168855013e-05,-6.097847329158417e-05,-1.5605125391555512e-07,-2.8135456382000006e-05,-6.235347712783653e-05,0.3500000000000001
-1.0240663702853338e-07,-2.3040111064196376e-05,-5.052719313687653e-05,-1.0755579660699744e-07,-2.358398182349263e-05,-5.178021290850782e-05,-1.1289664758001315e-07,-2.413348068324421e-05,-5.30484953293023e-05,-1.1843388272630179e-07,-2.468858258760666e-05,-5.4332036314325815e-05,-1.241722511700145e-07,-2.5249262493005273e-05,-5.563083172951034e-05,-1.3011655836136356e-07,-2.5815495368235925e-05,-5.694487739166763e-05,-1.36271666057024e-07,-2.6387256194565664e-05,-5.82741690685032e-05,-1.42642492300305e-07,-2.6964519965833338e-05,-5.961870247863028e-05,-1.4923401140109134e-07,-2.754726168855013e-05,-6.097847329158417e-05,-1.5605125391555512e-07,-2.8135456382000006e-05,-6.235347712783653e-05,0.3500000000000001
-1.0240663702853338e-07,-2.3040111064196376e-05,-5.052719313687653e-05,-1.0755579660699744e-07,-2.358398182349263e-05,-5.178021290850782e-05,-1.1289664758001315e-07,-2.413348068324421e-05,-5.30484953293023e-05,-1.1843388272630179e-07,-2.468858258760666e-05,-5.4332036314325815e-05,-1.241722511700145e-07,-2.5249262493005273e-05,-5.563083172951034e-05,-1.3011655836136356e-07,-2.5815495368235925e-05,-5.694487739166763e-05,-1.36271666057024e-07,-2.6387256194565664e-05,-5.82741690685032e-05,-1.42642492300305e-07,-2.6964519965833338e-05,-5.961870247863028e-05,-1.4923401140109134e-07,-2.754726168855013e-05,-6.097847329158417e-05,-1.5605125391555512e-07,-2.8135456382000006e-05,-6.235347712783653e-05,0.3500000000000001
-1.0240663702853338e-07,-2.3040111064196376e-05,-5.052719313687653e-05,-1.0755579660699744e-07,-2.358398182349263e-05,-5.178021290850782e-05,-1.1289664758001315e-07,-2.413348068324421e-05,-5.30484953293023e-05,-1.1843388272630179e-07,-2.468858258760666e-05,-5.4332036314325815e-05,-1.241722511700145e-07,-2.5249262493005273e-05,-5.563083172951034e-05,-1.3011655836136356e-07,-2.5815495368235925e-05,-5.694487739166763e-05,-1.36271666057024e-07,-2.6387256194565664e-05,-5.82741690685032e-05,-1.42642492300305e-07,-2.6964519965833338e-05,-5.961870247863028e-05,-1.4923401140109134e-07,-2.754726168855013e-05,-6.097847329158417e-05,-1.5605125391555512e-07,-2.8135456382000006e-05,-6.235347712783653e-05,0.3500000000000001
-1.0240663702853338e-07,-2.3040111064196376e-05,-5.052719313687653e-05,-1.0755579660699744e-07,-2.358398182349263e-05,-5.178021290850782e-05,-1.1289664758001315e-07,-2.413348068324421e-05,-5.30484953293023e-05,-1.1843388272630179e-07,-2.468858258760666e-05,-5.4332036314325815e-05,-1.241722511700145e-07,-2.5249262493005273e-05,-5.563083172951034e-05,-1.3011655836136356e-07,-2.5815495368235925e-05,-5.694487739166763e-05,-1.36271666057024e-07,-2.6387256194565664e-05,-5.82741690685032e-05,-1.42642492300305e-07,-2.6964519965833338e-05,-5.961870247863028e-05,-1.4923401140109134e-07,-2.754726168855013e-05,-6.097847329158417e-05,-1.5605125391555512e-07,-2.8135456382000006e-05,-6.235347712783653e-05,0.3500000000000001
-1.0240663702853338e-07,-2.3040111064196376e-05,-5.052719313687653e-05,-1.0755579660699744e-07,-2.358398182349263e-05,-5.178021290850782e-05,-1.1289664758001315e-07,-2.413348068324421e-05,-5.30484953293023e-05,-1.1843388272630179e-07,-2.468858258760666e-05,-5.4332036314325815e-05,-1.241722511700145e-07,-2.5249262493005273e-05,-5.563083172951034e-05,-1.3011655836136356e-07,-2.5815495368235925e-05,-5.694487739166763e-05,-1.36271666057024e-07,-2.6387256194565664e-05,-5.82741690685032e-05,-1.42642492300305e-07,-2.6964519965833338e-05,-5.961870247863028e-05,-1.4923401140109134e-07,-2.754726168855013e-05,-6.097847329158417e-05,-1.5605125391555512e-07,-2.8135456382000006e-05,-6.235347712783653e-05,0.3500000000000001
-1.0240663702853338e-07,-2.3040111064196376e-05,-5.052719313687653e-05,-1.0755579660699744e-07,-2.358398182349263e-05,-5.178021290850782e-05,-1.1289664758001315e-07,-2.413348068324421e-05,-5.30484953293023e-05,-1.1843388272630179e-07,-2.468858258760666e-05,-5.4332036314325815e-05,-1.241722511700145e-07,-2.5249262493005273e-05,-5.563083172951034e-05,-1.3011655836136356e-07,-2.5815495368235925e-05,-5.694487739166763e-05,-1.36271666057024e-07,-2.6387256194565664e-05,-5.82741690685032e-05,-1.42642492300305e-07,-2.6964519965833338e-05,-5.961870247863028e-05,-1.4923401140109134e-07,-2.754726168855013e-05,-6.097847329158417e-05,-1.5605125391555512e-07,-2.8135456382000006e-05,-6.235347712783653e-05,0.3500000000000001
-1.0240663702853338e-07,-2.3040111064196376e-05,-5.052719313687653e-05,-1.0755579660699744e-07,-2.358398182349263e-05,-5.178021290850782e-05,-1.1289664758001315e-07,-2.413348068324421e-05,-5.30484953293023e-05,-1.1843388272630179e-07,-2.468858258760666e-05,-5.4332036314325815e-05,-1.241722511700145e-07,-2.5249262493005273e-05,-5.563083172951034e-05,-1.3011655836136356e-07,-2.5815495368235925e-05,-5.694487739166763e-05,-1.36271666057024e-07,-2.6387256194565664e-05,-5.82741690685032e-05,-1.42642492300305e-07,-2.6964519965833338e-05,-5.961870247863028e-05,-1.4923401140109134e-07,-2.754726168855013e-05,-6.097847329158417e-05,-1.5605125391555512e-07,-2.8135456382000006e-05,-6.235347712783653e-05,0.3500000000000001
-1.0240663702853338e-07,-2.3040111064196376e-05,-5.052719313687653e-05,-1.0755579660699744e-07,-2.358398182349263e-05,-5.178021290850782e-05,-1.1289664758001315e-07,-2.413348068324421e-05,-5.30484953293023e-05,-1.1843388272630179e-07,-2.468858258760666e-05,-5.4332036314325815e-05,-1.241722511700145e-07,-2.5249262493005273e-05,-5.563083172951034e-05,-1.3011655836136356e-07,-2.5815495368235925e-05,-5.694487739166763e-05,-1.36271666057024e-07,-2.6387256194565664e-05,-5.82741690685032e-05,-1.42642492300305e-07,-2.6964519965833338e-05,-5.961870247863028e-05,-1.4923401140109134e-07,-2.754726168855013e-05,-6.097847329158417e-05,-1.5605125391555512e-07,-2.8135456382000006e-05,-6.235347712783653e-05,0.3500000000000001
-1.0240663702853338e-07,-2.3040111064196376e-05,-5.052719313687653e-05,-1.0755579660699744e-07,-2.358398182349263e-05,-5.178021290850782e-05,-1.1289664758001315e-07,-2.413348068324421e-05,-5.30484953293023e-05,-1.1843388272630179e-07,-2.468858258760666e-05,-5.4332036314325815e-05,-1.241722511700145e-07,-2.5249262493005273e-05,-5.563083172951034e-05,-1.3011655836136356e-07,-2.5815495368235925e-05,-5.694487739166763e-05,-1.36271666057024e-07,-2.6387256194565664e-05,-5.82741690685032e-05,-1.42642492300305e-07,-2.6964519965833338e-05,-5.961870247863028e-05,-1.4923401140109134e-07,-2.754726168855013e-05,-6.097847329158417e-05,-1.5605125391555512e-07,-2.8135456382000006e-05,-6.235347712783653e-05,0.3500000000000001
-1.0240663702853338e-07,-2.3040111064196376e-05,-5.052719313687653e-05,-1.0755579660699744e-07,-2.358398182349263e-05,-5.178021290850782e-05,-1.1289664758001315e-07,-2.413348068324421e-05,-5.30484953293023e-05,-1.1843388272630179e-07,-2.468858258760666e-05,-5.4332036314325815e-05,-1.241722511700145e-07,-2.5249262493005273e-05,-5.563083172951034e-05,-1.3011655836136356e-07,-2.5815495368235925e-05,-5.694487739166763e-05,-1.36271666057024e-07,-2.6387256194565664e-05,-5.82741690685032e-05,-1.42642492300305e-07,-2.6964519965833338e-05,-5.961870247863028e-05,-1.4923401140109134e-07,-2.754726168855013e-05,-6.097847329158417e-05,-1.5605125391555512e-07,-2.8135456382000006e-05,-6.235347712783653e-05,0.3500000000000001
-1.0240663702853338e-07,-2.3040111064196376e-05,-5.052719313687653e-05,-1.0755579660699744e-07,-2.358398182349263e-05,-5.178021290850782e-05,-1.1289664758001315e-07,-2.413348068324421e-05,-5.30484953293023e-05,-1.1843388272630179e-07,-2.468858258760666e-05,-5.4332036314325815e-05,-1.241722511700145e-07,-2.5249262493005273e-05,-5.563083172951034e-05,-1.3011655836136356e-07,-2.5815495368235925e-05,-5.694487739166763e-05,-1.36271666057024e-07,-2.6387256194565664e-05,-5.82741690685032e-05,-1.42642492300305e-07,-2.6964519965833338e-05,-5.961870247863028e-05,-1.4923401140109134e-07,-2.754726168855013e-05,-6.097847329158417e-05,-1.5605125391555512e-07,-2.8135456382000006e-05,-6.235347712783653e-05,0.3500000000000001
-1.0240663702853338e-07,-2.3040111064196376e-05,-5.052719313687653e-05,-1.0755579660699744e-07,-2.358398182349263e-05,-5.178021290850782e-05,-1.1289664758001315e-07,-2.413348068324421e-05,-5.30484953293023e-05,-1.1843388272630179e-07,-2.468858258760666e-05,-5.4332036314325815e-05,-1.241722511700145e-07,-2.5249262493005273e-05,-5.563083172951034e-05,-1.3011655836136356e-07,-2.5815495368235925e-05,-5.694487739166763e-05,-1.36271666057024e-07,-2.6387256194565664e-05,-5.82741690685032e-05,-1.42642492300305e-07,-2.6964519965833338e-05,-5.961870247863028e-05,-1.4923401140109134e-07,-2.754726168855013e-05,-6.097847329158417e-05,-1.5605125391555512e-07,-2.8135456382000006e-05,-6.235347712783653e-05,0.3500000000000001
-1.0240663702853338e-07,-2.3040111064196376e-05,-5.052719313687653e-05,-1.0755579660699744e-07,-2.358398182349263e-05,-5.178021290850782e-05,-1.1289664758001315e-07,-2.413348068324421e-05,-5.30484953293023e-05,-1.1843388272630179e-07,-2.468858258760666e-05,-5.4332036314325815e-05,-1.241722511700145e-07,-2.5249262493005273e-05,-5.563083172951034e-05,-1.3011655836136356e-07,-2.5815495368235925e-05,-5.694487739166763e-05,-1.36271666057024e-07,-2.6387256194565664e-05,-5.82741690685032e-05,-1.42642492300305e-07,-2.6964519965833338e-05,-5.961870247863028e-05,-1.4923401140109134e-07,-2.754726168855013e-05,-6.097847329158417e-05,-1.5605125391555512e-07,-2.8135456382000006e-05,-6.235347712783653e-05,0.3500000000000001
-1.0240663702853338e-07,-2.3040111064196376e-05,-5.052719313687653e-05,-1.0755579660699744e-07,-2.358398182349263e-05,-5.178021290850782e-05,-1.1289664758001315e-07,-2.413348068324421e-05,-5.30484953293023e-05,-1.1843388272630179e-07,-2.468858258760666e-05,-5.4332036314325815e-05,-1.241722511700145e-07,-2.5249262493005273e-05,-5.563083172951034e-05,-1.3011655836136356e-07,-2.5815495368235925e-05,-5.694487739166763e-05,-1.36271666057024e-07,-2.6387256194565664e-05,-5.82741690685032e-05,-1.42642492300305e-07,-2.6964519965833338e-05,-5.961870247863028e-05,-1.4923401140109134e-07,-2.754726168855013e-05,-6.097847329158417e-05,-1.5605125391555512e-07,-2.8135456382000006e-05,-6.235347712783653e-05,0.3500000000000001
-1.0240663702853338e-07,-2.3040111064196376e-05,-5.052719313687653e-05,-1.0755579660699744e-07,-2.358398182349263e-05,-5.178021290850782e-05,-1.1289664758001315e-07,-2.413348068324421e-05,-5.30484953293023e-05,-1.1843388272630179e-07,-2.468858258760666e-05,-5.4332036314325815e-05,-1.241722511700145e-07,-2.5249262493005273e-05,-5.563083172951034e-05,-1.3011655836136356e-07,-2.5815495368235925e-05,-5.694487739166763e-05,-1.36271666057024e-07,-2.6387256194565664e-05,-5.82741690685032e-05,-1.42642492300305e-07,-2.6964519965833338e-05,-5.961870247863028e-05,-1.4923401140109134e-07,-2.754726168855013e-05,-6.097847329158417e-05,-1.5605125391555512e-07,-2.8135456382000006e-05,-6.235347712783653e-05,0.3500000000000001
-1.0240663702853338e-07,-2.3040111064196376e-05,-5.052719313687653e-05,-1.0755579660699744e-07,-2.358398182349263e-05,-5.178021290850782e-05,-1.1289664758001315e-07,-2.413348068324421e-05,-5.30484953293023e-05,-1.1843388272630179e-07,-2.468858258760666e-05,-5.4332036314325815e-05,-1.241722511700145e-07,-2.5249262493005273e-05,-5.563083172951034e-05,-1.3011655836136356e-07,-2.5815495368235925e-05,-5.694487739166763e-05,-1.36271666057024e-07,-2.6387256194565664e-05,-5.82741690685032e-05,-1.42642492300305e-07,-2.6964519965833338e-05,-5.961870247863028e-05,-1.4923401140109134e-07,-2.754726168855013e-05,-6.097847329158417e-05,-1.5605125391555512e-07,-2.8135456382000006e-05,-6.235347712783653e-05,0.3500000000000001
-1.0240663702853338e-07,-2.3040111064196376e-05,-5.052719313687653e-05,-1.0755579660699744e-07,-2.358398182349263e-05,-5.178021290850782e-05,-1.1289664758001315e-07,-2.413348068324421e-05,-5.30484953293023e-05,-1.1843388272630179e-07,-2.468858258760666e-05,-5.4332036314325815e-05,-1.241722511700145e-07,-2.5249262493005273e-05,-5.563083172951034e-05,-1.3011655836136356e-07,-2.5815495368235925e-05,-5.694487739166763e-05,-1.36271666057024e-07,-2.6387256194565664e-05,-5.82741690685032e-05,-1.42642492300305e-07,-2.6964519965833338e-05,-5.961870247863028e-05,-1.4923401140109134e-07,-2.754726168855013e-05,-6.097847329158417e-05,-1.5605125391555512e-07,-2.8135456382000006e-05,-6.235347712783653e-05,0.3500000000000001
-1.0240663702853338e-07,-2.3040111064196376e-05,-5.052719313687653e-05,-1.0755579660699744e-07,-2.358398182349263e-05,-5.178021290850782e-05,-1.1289664758001315e-07,-2.413348068324421e-05,-5.30484953293023e-05,-1.1843388272630179e-07,-2.468858258760666e-05,-5.4332036314325815e-05,-1.241722511700145e-07,-2.5249262493005273e-05,-5.563083172951034e-05,-1.3011655836136356e-07,-2.5815495368235925e-05,-5.694487739166763e-05,-1.36271666057024e-07,-2.6387256194565664e-05,-5.82741690685032e-05,-1.42642492300305e-07,-2.6964519965833338e-05,-5.961870247863028e-05,-1.4923401140109134e-07,-2.754726168855013e-05,-6.097847329158417e-05,-1.5605125391555512e-07,-2.8135456382000006e-05,-6.235347712783653e-05,0.3500000000000001
-1.0240663702853338e-07,-2.3040111064196376e-05,-5.052719313687653e-05,-1.0755579660699744e-07,-2.358398182349263e-05,-5.178021290850782e-05,-1.1289664758001315e-07,-2.413348068324421e-05,-5.30484953293023e-05,-1.1843388272630179e-07,-2.468858258760666e-05,-5.4332036314325815e-05,-1.241722511700145e-07,-2.5249262493005273e-05,-5.563083172951034e-05,-1.3011655836136356e-07,-2.5815495368235925e-05,-5.694487739166763e-05,-1.36271666057024e-07,-2.6387256194565664e-05,-5.82741690685032e-05,-1.42642492300305e-07,-2.6964519965833338e-05,-5.961870247863028e-05,-1.4923401140109134e-07,-2.754726168855013e-05,-6.097847329158417e-05,-1.5605125391555512e-07,-2.8135456382000006e-05,-6.235347712783653e-05,0.3500000000000001
-1.0240663702853338e-07,-2.3040111064196376e-05,-5.052719313687653e-05,-1.0755579660699744e-07,-2.358398182349263e-05,-5.178021290850782e-05,-1.1289664758001315e-07,-2.413348068324421e-05,-5.30484953293023e-05,-1.1843388272630179e-07,-2.468858258760666e-05,-5.4332036314325815e-05,-1.241722511700145e-07,-2.5249262493005273e-05,-5.563083172951034e-05,-1.3011655836136356e-07,-2.5815495368235925e-05,-5.694487739166763e-05,-1.36271666057024e-07,-2.6387256194565664e-05,-5.82741690685032e-05,-1.42642492300305e-07,-2.6964519965833338e-05,-5.961870247863028e-05,-1.4923401140109134e-07,-2.754726168855013e-05,-6.097847329158417e-05,-1.5605125391555512e-07,-2.8135456382000006e-05,-6.235347712783653e-05,0.3500000000000001
-1.0240663702853338e-07,-2.3040111064196376e-05,-5.052719313687653e-05,-1.0755579660699744e-07,-2.358398182349263e-05,-5.178021290850782e-05,-1.1289664758001315e-07,-2.413348068324421e-05,-5.30484953293023e-05,-1.1843388272630179e-07,-2.468858258760666e-05,-5.4332036314325815e-05,-1.241722511700145e-07,-2.5249262493005273e-05,-5.563083172951034e-05,-1.3011655836136356e-07,-2.5815495368235925e-05,-5.694487739166763e-05,-1.36271666057024e-07,-2.6387256194565664e-05,-5.82741690685032e-05,-1.42642492300305e-07,-2.6964519965833338e-05,-5.961870247863028e-05,-1.4923401140109134e-07,-2.754726168855013e-05,-6.097847329158417e-05,-1.5605125391555512e-07,-2.8135456382000006e-05,-6.235347712783653e-05,0.3500000000000001
-1.0240663702853338e-07,-2.3040111064196376e-05,-5.052719313687653e-05,-1.0755579660699744e-07,-2.358398182349263e-05,-5.178021290850782e-05,-1.1289664758001315e-07,-2.413348068324421e-05,-5.30484953293023e-05,-1.1843388272630179e-07,-2.468858258760666e-05,-5.4332036314325815e-05,-1.241722511700145e-07,-2.5249262493005273e-05,-5.563083172951034e-05,-1.3011655836136356e-07,-2.5815495368235925e-05,-5.694487739166763e-05,-1.36271666057024e-07,-2.6387256194565664e-05,-5.82741690685032e-05,-1.42642492300305e-07,-2.6964519965833338e-05,-5.961870247863028e-05,-1.4923401140109134e-07,-2.754726168855013e-05,-6.097847329158417e-05,-1.5605125391555512e-07,-2.8135456382000006e-05,-6.235347712783653e-05,0.3500000000000001
-1.0240663702853338e-07,-2.3040111064196376e-05,-5.052719313687653e-05,-1.0755579660699744e-07,-2.358398182349263e-05,-5.178021290850782e-05,-1.1289664758001315e-07,-2.413348068324421e-05,-5.30484953293023e-05,-1.1843388272630179e-07,-2.468858258760666e-05,-5.4332036314325815e-05,-1.241722511700145e-07,-2.5249262493005273e-05,-5.563083172951034e-05,-1.3011655836136356e-07,-2.5815495368235925e-05,-5.694487739166763e-05,-1.36271666057024e-07,-2.6387256194565664e-05,-5.82741690685032e-05,-1.42642492300305e-07,-2.6964519965833338e-05,-5.961870247863028e-05,-1.4923401140109134e-07,-2.754726168855013e-05,-6.097847329158417e-05,-1.5605125391555512e-07,-2.8135456382000006e-05,-6.235347712783653e-05,0.3500000000000001
-1.0240663702853338e-07,-2.3040111064196376e-05,-5.052719313687653e-05,-1.0755579660699744e-07,-2.358398182349263e-05,-5.178021290850782e-05,-1.1289664758001315e-07,-2.413348068324421e-05,-5.30484953293023e-05,-1.1843388272630179e-07,-2.468858258760666e-05,-5.4332036314325815e-05,-1.241722511700145e-07,-2.5249262493005273e-05,-5.563083172951034e-05,-1.3011655836136356e-07,-2.5815495368235925e-05,-5.694487739166763e-05,-1.36271666057024e-07,-2.6387256194565664e-05,-5.82741690685032e-05,-1.42642492300305e-07,-2.6964519965833338e-05,-5.961870247863028e-05,-1.4923401140109134e-07,-2.754726168855013e-05,-6.097847329158417e-05,-1.5605125391555512e-07,-2.8135456382000006e-05,-6.235347712783653e-05,0.3500000000000001
-1.0240663702853338e-07,-2.3040111064196376e-05,-5.052719313687653e-05,-1.0755579660699744e-07,-2.358398182349263e-05,-5.178021290850782e-05,-1.1289664758001315e-07,-2.413348068324421e-05,-5.30484953293023e-05,-1.1843388272630179e-07,-2.468858258760666e-05,-5.4332036314325815e-05,-1.241722511700145e-07,-2.5249262493005273e-05,-5.563083172951034e-05,-1.3011655836136356e-07,-2.5815495368235925e-05,-5.694487739166763e-05,-1.36271666057024e-07,-2.6387256194565664e-05,-5.82741690685032e-05,-1.42642492300305e-07,-2.6964519965833338e-05,-5.961870247863028e-05,-1.4923401140109134e-07,-2.754726168855013e-05,-6.097847329158417e-05,-1.5605125391555512e-07,-2.8135456382000006e-05,-6.235347712783653e-05,0.3500000000000001
-1.0240663702853338e-07,-2.3040111064196376e-05,-5.052719313687653e-05,-1.0755579660699744e-07,-2.358398182349263e-05,-5.178021290850782e-05,-1.1289664758001315e-07,-2.413348068324421e-05,-5.30484953293023e-05,-1.1843388272630179e-07,-2.468858258760666e-05,-5.4332036314325815e-05,-1.241722511700145e-07,-2.5249262493005273e-05,-5.563083172951034e-05,-1.3011655836136356e-07,-2.5815495368235925e-05,-5.694487739166763e-05,-1.36271666057024e-07,-2.6387256194565664e-05,-5.82741690685032e-05,-1.42642492300305e-07,-2.6964519965833338e-05,-5.961870247863028e-05,-1.4923401140109134e-07,-2.754726168855013e-05,-6.097847329158417e-05,-1.5605125391555512e-07,-2.8135456382000006e-05,-6.235347712783653e-05,0.3500000000000001
-1.0240663702853338e-07,-2.3040111064196376e-05,-5.052719313687653e-05,-1.0755579660699744e-07,-2.358398182349263e-05,-5.178021290850782e-05,-1.1289664758001315e-07,-2.413348068324421e-05,-5.30484953293023e-05,-1.1843388272630179e-07,-2.468858258760666e-05,-5.4332036314325815e-05,-1.241722511700145e-07,-2.5249262493005273e-05,-5.563083172951034e-05,-1.3011655836136356e-07,-2.5815495368235925e-05,-5.694487739166763e-05,-1.36271666057024e-07,-2.6387256194565664e-05,-5.82741690685032e-05,-1.42642492300305e-07,-2.6964519965833338e-05,-5.961870247863028e-05,-1.4923401140109134e-07,-2.754726168855013e-05,-6.097847329158417e-05,-1.5605125391555512e-07,-2.8135456382000006e-05,-6.235347712783653e-05,0.3500000000000001
-1.0240663702853338e-07,-2.3040111064196376e-05,-5.052719313687653e-05,-1.0755579660699744e-07,-2.358398182349263e-05,-5.178021290850782e-05,-1.1289664758001315e-07,-2.413348068324421e-05,-5.30484953293023e-05,-1.1843388272630179e-07,-2.468858258760666e-05,-5.4332036314325815e-05,-1.241722511700145e-07,-2.5249262493005273e-05,-5.563083172951034e-05,-1.3011655836136356e-07,-2.5815495368235925e-05,-5.694487739166763e-05,-1.36271666057024e-07,-2.6387256194565664e-05,-5.82741690685032e-05,-1.42642492300305e-07,-2.6964519965833338e-05,-5.961870247863028e-05,-1.4923401140109134e-07,-2.754726168855013e-05,-6.097847329158417e-05,-1.5605125391555512e-07,-2.8135456382000006e-05,-6.235347712783653e-05,0.3500000000000001
-1.0240663702853338e-07,-2.3040111064196376e-05,-5.052719313687653e-05,-1.0755579660699744e-07,-2.358398182349263e-05,-5.178021290850782e-05,-1.1289664758001315e-07,-2.413348068324421e-05,-5.30484953293023e-05,-1.1843388272630179e-07,-2.468858258760666e-05,-5.4332036314325815e-05,-1.241722511700145e-07,-2.5249262493005273e-05,-5.563083172951034e-05,-1.3011655836136356e-07,-2.5815495368235925e-05,-5.694487739166763e-05,-1.36271666057024e-07,-2.6387256194565664e-05,-5.82741690685032e-05,-1.42642492300305e-07,-2.6964519965833338e-05,-5.961870247863028e-05,-1.4923401140109134e-07,-2.754726168855013e-05,-6.097847329158417e-05,-1.5605125391555512e-07,-2.8135456382000006e-05,-6.235347712783653e-05,0.3500000000000001
-1.0240663702853338e-07,-2.3040111064196376e-05,-5.052719313687653e-05,-1.0755579660699744e-07,-2.358398182349263e-05,-5.178021290850782e-05,-1.1289664758001315e-07,-2.413348068324421e-05,-5.30484953293023e-05,-1.1843388272630179e-07,-2.468858258760666e-05,-5.4332036314325815e-05,-1.241722511700145e-07,-2.5249262493005273e-05,-5.563083172951034e-05,-1.3011655836136356e-07,-2.5815495368235925e-05,-5.694487739166763e-05,-1.36271666057024e-07,-2.6387256194565664e-05,-5.82741690685032e-05,-1.42642492300305e-07,-2.6964519965833338e-05,-5.961870247863028e-05,-1.4923401140109134e-07,-2.754726168855013e-05,-6.097847329158417e-05,-1.5605125391555512e-07,-2.8135456382000006e-05,-6.235347712783653e-05,0.3500000000000001
-1.0240663702853338e-07,-2.3040111064196376e-05,-5.052719313687653e-05,-1.0755579660699744e-07,-2.358398182349263e-05,-5.178021290850782e-05,-1.1289664758001315e-07,-2.413348068324421e-05,-5.30484953293023e-05,-1.1843388272630179e-07,-2.468858258760666e-05,-5.4332036314325815e-05,-1.241722511700145e-07,-2.5249262493005273e-05,-5.563083172951034e-05,-1.3011655836136356e-07,-2.5815495368235925e-05,-5.694487739166763e-05,-1.36271666057024e-07,-2.6387256194565664e-05,-5.82741690685032e-05,-1.42642492300305e-07,-2.6964519965833338e-05,-5.961870247863028e-05,-1.4923401140109134e-07,-2.754726168855013e-05,-6.097847329158417e-05,-1.5605125391555512e-07,-2.8135456382000006e-05,-6.235347712783653e-05,0.3500000000000001
-1.0240663702853338e-07,-2.3040111064196376e-05,-5.052719313687653e-05,-1.0755579660699744e-07,-2.358398182349263e-05,-5.178021290850782e-05,-1.1289664758001315e-07,-2.413348068324421e-05,-5.30484953293023e-05,-1.1843388272630179e-07,-2.468858258760666e-05,-5.4332036314325815e-05,-1.241722511700145e-07,-2.5249262493005273e-05,-5.563083172951034e-05,-1.3011655836136356e-07,-2.5815495368235925e-05,-5.694487739166763e-05,-1.36271666057024e-07,-2.6387256194565664e-05,-5.82741690685032e-05,-1.42642492300305e-07,-2.6964519965833338e-05,-5.961870247863028e-05,-1.4923401140109134e-07,-2.754726168855013e-05,-6.097847329158417e-05,-1.5605125391555512e-07,-2.8135456382000006e-05,-6.235347712783653e-05,0.3500000000000001
-1.0240663702853338e-07,-2.3040111064196376e-05,-5.052719313687653e-05,-1.0755579660699744e-07,-2.358398182349263e-05,-5.178021290850782e-05,-1.1289664758001315e-07,-2.413348068324421e-05,-5.30484953293023e-05,-1.1843388272630179e-07,-2.468858258760666e-05,-5.4332036314325815e-05,-1.241722511700145e-07,-2.5249262493005273e-05,-5.563083172951034e-05,-1.3011655836136356e-07,-2.5815495368235925e-05,-5.694487739166763e-05,-1.36271666057024e-07,-2.6387256194565664e-05,-5.82741690685032e-05,-1.42642492300305e-07,-2.6964519965833338e-05,-5.961870247863028e-05,-1.4923401140109134e-07,-2.754726168855013e-05,-6.097847329158417e-05,-1.5605125391555512e-07,-2.8135456382000006e-05,-6.235347712783653e-05,0.3500000000000001
-1.0240663702853338e-07,-2.3040111064196376e-05,-5.052719313687653e-05,-1.0755579660699744e-07,-2.358398182349263e-05,-5.178021290850782e-05,-1.1289664758001315e-07,-2.413348068324421e-05,-5.30484953293023e-05,-1.1843388272630179e-07,-2.468858258760666e-05,-5.4332036314325815e-05,-1.241722511700145e-07,-2.5249262493005273e-05,-5.563083172951034e-05,-1.3011655836136356e-07,-2.5815495368235925e-05,-5.694487739166763e-05,-1.36271666057024e-07,-2.6387256194565664e-05,-5.82741690685032e-05,-1.42642492300305e-07,-2.6964519965833338e-05,-5.961870247863028e-05,-1.4923401140109134e-07,-2.754726168855013e-05,-6.097847329158417e-05,-1.5605125391555512e-07,-2.8135456382000006e-05,-6.235347712783653e-05,0.3500000000000001
-1.0240663702853338e-07,-2.3040111064196376e-05,-5.052719313687653e-05,-1.0755579660699744e-07,-2.358398182349263e-05,-5.178021290850782e-05,-1.1289664758001315e-07,-2.413348068324421e-05,-5.30484953293023e-05,-1.1843388272630179e-07,-2.468858258760666e-05,-5.4332036314325815e-05,-1.241722511700145e-07,-2.5249262493005273e-05,-5.563083172951034e-05,-1.3011655836136356e-07,-2.5815495368235925e-05,-5.694487739166763e-05,-1.36271666057024e-07,-2.6387256194565664e-05,-5.82741690685032e-05,-1.42642492300305e-07,-2.6964519965833338e-05,-5.961870247863028e-05,-1.4923401140109134e-07,-2.754726168855013e-05,-6.097847329158417e-05,-1.5605125391555512e-07,-2.8135456382000006e-05,-6.235347712783653e-05,0.3500000000000001
-1.0240663702853338e-07,-2.3040111064196376e-05,-5.052719313687653e-05,-1.0755579660699744e-07,-2.358398182349263e-05,-5.178021290850782e-05,-1.1289664758001315e-07,-2.413348068324421e-05,-5.30484953293023e-05,-1.1843388272630179e-07,-2.468858258760666e-05,-5.4332036314325815e-05,-1.241722511700145e-07,-2.5249262493005273e-05,-5.563083172951034e-05,-1.3011655836136356e-07,-2.5815495368235925e-05,-5.694487739166763e-05,-1.36271666057024e-07,-2.6387256194565664e-05,-5.82741690685032e-05,-1.42642492300305e-07,-2.6964519965833338e-05,-5.961870247863028e-05,-1.4923401140109134e-07,-2.754726168855013e-05,-6.097847329158417e-05,-1.5605125391555512e-07,-2.8135456382000006e-05,-6.235347712783653e-05,0.3500000000000001
-1.0240663702853338e-07,-2.3040111064196376e-05,-5.052719313687653e-05,-1.0755579660699744e-07,-2.358398182349263e-05,-5.178021290850782e-05,-1.1289664758001315e-07,-2.413348068324421e-05,-5.30484953293023e-05,-1.1843388272630179e-07,-2.468858258760666e-05,-5.4332036314325815e-05,-1.241722511700145e-07,-2.5249262493005273e-05,-5.563083172951034e-05,-1.3011655836136356e-07,-2.5815495368235925e-05,-5.694487739166763e-05,-1.36271666057024e-07,-2.6387256194565664e-05,-5.82741690685032e-05,-1.42642492300305e-07,-2.6964519965833338e-05,-5.961870247863028e-05,-1.4923401140109134e-07,-2.754726168855013e-05,-6.097847329158417e-05,-1.5605125391555512e-07,-2.8135456382000006e-05,-6.235347712783653e-05,0.3500000000000001
-1.0240663702853338e-07,-2.3040111064196376e-05,-5.052719313687653e-05,-1.0755579660699744e-07,-2.358398182349263e-05,-5.178021290850782e-05,-1.1289664758001315e-07,-2.413348068324421e-05,-5.30484953293023e-05,-1.1843388272630179e-07,-2.468858258760666e-05,-5.4332036314325815e-05,-1.241722511700145e-07,-2.5249262493005273e-05,-5.563083172951034e-05,-1.3011655836136356e-07,-2.5815495368235925e-05,-5.694487739166763e-05,-1.36271666057024e-07,-2.6387256194565664e-05,-5.82741690685032e-05,-1.42642492300305e-07,-2.6964519965833338e-05,-5.961870247863028e-05,-1.4923401140109134e-07,-2.754726168855013e-05,-6.097847329158417e-05,-1.5605125391555512e-07,-2.8135456382000006e-05,-6.235347712783653e-05,0.3500000000000001
-1.0240663702853338e-07,-2.3040111064196376e-05,-5.052719313687653e-05,-1.0755579660699744e-07,-2.358398182349263e-05,-5.178021290850782e-05,-1.1289664758001315e-07,-2.413348068324421e-05,-5.30484953293023e-05,-1.1843388272630179e-07,-2.468858258760666e-05,-5.4332036314325815e-05,-1.241722511700145e-07,-2.5249262493005273e-05,-5.563083172951034e-05,-1.3011655836136356e-07,-2.5815495368235925e-05,-5.694487739166763e-05,-1.36271666057024e-07,-2.6387256194565664e-05,-5.82741690685032e-05,-1.42642492300305e-07,-2.6964519965833338e-05,-5.961870247863028e-05,-1.4923401140109134e-07,-2.754726168855013e-05,-6.097847329158417e-05,-1.5605125391555512e-07,-2.8135456382000006e-05,-6.235347712783653e-05,0.3500000000000001
-1.0240663702853338e-07,-2.3040111064196376e-05,-5.052719313687653e-05,-1.0755579660699744e-07,-2.358398182349263e-05,-5.178021290850782e-05,-1.1289664758001315e-07,-2.413348068324421e-05,-5.30484953293023e-05,-1.1843388272630179e-07,-2.468858258760666e-05,-5.4332036314325815e-05,-1.241722511700145e-07,-2.5249262493005273e-05,-5.563083172951034e-05,-1.3011655836136356e-07,-2.5815495368235925e-05,-5.694487739166763e-05,-1.36271666057024e-07,-2.6387256194565664e-05,-5.82741690685032e-05,-1.42642492300305e-07,-2.6964519965833338e-05,-5.961870247863028e-05,-1.4923401140109134e-07,-2.754726168855013e-05,-6.097847329158417e-05,-1.5605125391555512e-07,-2.8135456382000006e-05,-6.235347712783653e-05,0.3500000000000001
-1.0240663702853338e-07,-2.3040111064196376e-05,-5.052719313687653e-05,-1.0755579660699744e-07,-2.358398182349263e-05,-5.178021290850782e-05,-1.1289664758001315e-07,-2.413348068324421e-05,-5.30484953293023e-05,-1.1843388272630179e-07,-2.468858258760666e-05,-5.4332036314325815e-05,-1.241722511700145e-07,-2.5249262493005273e-05,-5.563083172951034e-05,-1.3011655836136356e-07,-2.5815495368235925e-05,-5.694487739166763e-05,-1.36271666057024e-07,-2.6387256194565664e-05,-5.82741690685032e-05,-1.42642492300305e-07,-2.6964519965833338e-05,-5.961870247863028e-05,-1.4923401140109134e-07,-2.754726168855013e-05,-6.097847329158417e-05,-1.5605125391555512e-07,-2.8135456382000006e-05,-6.235347712783653e-05,0.3500000000000001
-1.0240663702853338e-07,-2.3040111064196376e-05,-5.052719313687653e-05,-1.0755579660699744e-07,-2.358398182349263e-05,-5.178021290850782e-05,-1.1289664758001315e-07,-2.413348068324421e-05,-5.30484953293023e-05,-1.1843388272630179e-07,-2.468858258760666e-05,-5.4332036314325815e-05,-1.241722511700145e-07,-2.5249262493005273e-05,-5.563083172951034e-05,-1.3011655836136356e-07,-2.5815495368235925e-05,-5.694487739166763e-05,-1.36271666057024e-07,-2.6387256194565664e-05,-5.82741690685032e-05,-1.42642492300305e-07,-2.6964519965833338e-05,-5.961870247863028e-05,-1.4923401140109134e-07,-2.754726168855013e-05,-6.097847329158417e-05,-1.5605125391555512e-07,-2.8135456382000006e-05,-6.235347712783653e-05,0.3500000000000001
-1.0240663702853338e-07,-2.3040111064196376e-05,-5.052719313687653e-05,-1.0755579660699744e-07,-2.358398182349263e-05,-5.178021290850782e-05,-1.1289664758001315e-07,-2.413348068324421e-05,-5.30484953293023e-05,-1.1843388272630179e-07,-2.468858258760666e-05,-5.4332036314325815e-05,-1.241722511700145e-07,-2.5249262493005273e-05,-5.563083172951034e-05,-1.3011655836136356e-07,-2.5815495368235925e-05,-5.694487739166763e-05,-1.36271666057024e-07,-2.6387256194565664e-05,-5.82741690685032e-05,-1.42642492300305e-07,-2.6964519965833338e-05,-5.961870247863028e-05,-1.4923401140109134e-07,-2.754726168855013e-05,-6.097847329158417e-05,-1.5605125391555512e-07,-2.8135456382000006e-05,-6.235347712783653e-05,0.3500000000000001
-1.0240663702853338e-07,-2.3040111064196376e-05,-5.052719313687653e-05,-1.0755579660699744e-07,-2.358398182349263e-05,-5.178021290850782e-05,-1.1289664758001315e-07,-2.413348068324421e-05,-5.30484953293023e-05,-1.1843388272630179e-07,-2.468858258760666e-05,-5.4332036314325815e-05,-1.241722511700145e-07,-2.5249262493005273e-05,-5.563083172951034e-05,-1.3011655836136356e-07,-2.5815495368235925e-05,-5.694487739166763e-05,-1.36271666057024e-07,-2.6387256194565664e-05,-5.82741690685032e-05,-1.42642492300305e-07,-2.6964519965833338e-05,-5.961870247863028e-05,-1.4923401140109134e-07,-2.754726168855013e-05,-6.097847329158417e-05,-1.5605125391555512e-07,-2.8135456382000006e-05,-6.235347712783653e-05,0.3500000000000001
-1.0240663702853338e-07,-2.3040111064196376e-05,-5.052719313687653e-05,-1.0755579660699744e-07,-2.358398182349263e-05,-5.178021290850782e-05,-1.1289664758001315e-07,-2.413348068324421e-05,-5.30484953293023e-05,-1.1843388272630179e-07,-2.468858258760666e-05,-5.4332036314325815e-05,-1.241722511700145e-07,-2.5249262493005273e-05,-5.563083172951034e-05,-1.3011655836136356e-07,-2.5815495368235925e-05,-5.694487739166763e-05,-1.36271666057024e-07,-2.6387256194565664e-05,-5.82741690685032e-05,-1.42642492300305e-07,-2.6964519965833338e-05,-5.961870247863028e-05,-1.4923401140109134e-07,-2.754726168855013e-05,-6.097847329158417e-05,-1.5605125391555512e-07,-2.8135456382000006e-05,-6.235347712783653e-05,0.3500000000000001
-1.0240663702853338e-07,-2.3040111064196376e-05,-5.052719313687653e-05,-1.0755579660699744e-07,-2.358398182349263e-05,-5.178021290850782e-05,-1.1289664758001315e-07,-2.413348068324421e-05,-5.30484953293023e-05,-1.1843388272630179e-07,-2.468858258760666e-05,-5.4332036314325815e-05,-1.241722511700145e-07,-2.5249262493005273e-05,-5.563083172951034e-05,-1.3011655836136356e-07,-2.5815495368235925e-05,-5.694487739166763e-05,-1.36271666057024e-07,-2.6387256194565664e-05,-5.82741690685032e-05,-1.42642492300305e-07,-2.6964519965833338e-05,-5.961870247863028e-05,-1.4923401140109134e-07,-2.754726168855013e-05,-6.097847329158417e-05,-1.5605125391555512e-07,-2.8135456382000006e-05,-6.235347712783653e-05,0.3500000000000001
-1.0240663702853338e-07,-2.3040111064196376e-05,-5.052719313687653e-05,-1.0755579660699744e-07,-2.358398182349263e-05,-5.178021290850782e-05,-1.1289664758001315e-07,-2.413348068324421e-05,-5.30484953293023e-05,-1.1843388272630179e-07,-2.468858258760666e-05,-5.4332036314325815e-05,-1.241722511700145e-07,-2.5249262493005273e-05,-5.563083172951034e-05,-1.3011655836136356e-07,-2.5815495368235925e-05,-5.694487739166763e-05,-1.36271666057024e-07,-2.6387256194565664e-05,-5.82741690685032e-05,-1.42642492300305e-07,-2.6964519965833338e-05,-5.961870247863028e-05,-1.4923401140109134e-07,-2.754726168855013e-05,-6.097847329158417e-05,-1.5605125391555512e-07,-2.8135456382000006e-05,-6.235347712783653e-05,0.3500000000000001
-1.0240663702853338e-07,-2.3040111064196376e-05,-5.052719313687653e-05,-1.0755579660699744e-07,-2.358398182349263e-05,-5.178021290850782e-05,-1.1289664758001315e-07,-2.413348068324421e-05,-5.30484953293023e-05,-1.1843388272630179e-07,-2.468858258760666e-05,-5.4332036314325815e-05,-1.241722511700145e-07,-2.5249262493005273e-05,-5.563083172951034e-05,-1.3011655836136356e-07,-2.5815495368235925e-05,-5.694487739166763e-05,-1.36271666057024e-07,-2.6387256194565664e-05,-5.82741690685032e-05,-1.42642492300305e-07,-2.6964519965833338e-05,-5.961870247863028e-05,-1.4923401140109134e-07,-2.754726168855013e-05,-6.097847329158417e-05,-1.5605125391555512e-07,-2.8135456382000006e-05,-6.235347712783653e-05,0.3500000000000001
-1.0240663702853338e-07,-2.3040111064196376e-05,-5.052719313687653e-05,-1.0755579660699744e-07,-2.358398182349263e-05,-5.178021290850782e-05,-1.1289664758001315e-07,-2.413348068324421e-05,-5.30484953293023e-05,-1.1843388272630179e-07,-2.468858258760666e-05,-5.4332036314325815e-05,-1.241722511700145e-07,-2.5249262493005273e-05,-5.563083172951034e-05,-1.3011655836136356e-07,-2.5815495368235925e-05,-5.694487739166763e-05,-1.36271666057024e-07,-2.6387256194565664e-05,-5.82741690685032e-05,-1.42642492300305e-07,-2.6964519965833338e-05,-5.961870247863028e-05,-1.4923401140109134e-07,-2.754726168855013e-05,-6.097847329158417e-05,-1.5605125391555512e-07,-2.8135456382000006e-05,-6.235347712783653e-05,0.3500000000000001
-1.0240663702853338e-07,-2.3040111064196376e-05,-5.052719313687653e-05,-1.0755579660699744e-07,-2.358398182349263e-05,-5.178021290850782e-05,-1.1289664758001315e-07,-2.413348068324421e-05,-5.30484953293023e-05,-1.1843388272630179e-07,-2.468858258760666e-05,-5.4332036314325815e-05,-1.241722511700145e-07,-2.5249262493005273e-05,-5.563083172951034e-05,-1.3011655836136356e-07,-2.5815495368235925e-05,-5.694487739166763e-05,-1.36271666057024e-07,-2.6387256194565664e-05,-5.82741690685032e-05,-1.42642492300305e-07,-2.6964519965833338e-05,-5.961870247863028e-05,-1.4923401140109134e-07,-2.754726168855013e-05,-6.097847329158417e-05,-1.5605125391555512e-07,-2.8135456382000006e-05,-6.235347712783653e-05,0.3500000000000001
-1.0240663702853338e-07,-2.3040111064196376e-05,-5.052719313687653e-05,-1.0755579660699744e-07,-2.358398182349263e-05,-5.178021290850782e-05,-1.1289664758001315e-07,-2.413348068324421e-05,-5.30484953293023e-05,-1.1843388272630179e-07,-2.468858258760666e-05,-5.4332036314325815e-05,-1.241722511700145e-07,-2.5249262493005273e-05,-5.563083172951034e-05,-1.3011655836136356e-07,-2.5815495368235925e-05,-5.694487739166763e-05,-1.36271666057024e-07,-2.6387256194565664e-05,-5.82741690685032e-05,-1.42642492300305e-07,-2.6964519965833338e-05,-5.961870247863028e-05,-1.4923401140109134e-07,-2.754726168855013e-05,-6.097847329158417e-05,-1.5605125391555512e-07,-2.8135456382000006e-05,-6.235347712783653e-05,0.3500000000000001
-1.0240663702853338e-07,-2.3040111064196376e-05,-5.052719313687653e-05,-1.0755579660699744e-07,-2.358398182349263e-05,-5.178021290850782e-05,-1.1289664758001315e-07,-2.413348068324421e-05,-5.30484953293023e-05,-1.1843388272630179e-07,-2.468858258760666e-05,-5.4332036314325815e-05,-1.241722511700145e-07,-2.5249262493005273e-05,-5.563083172951034e-05,-1.3011655836136356e-07,-2.5815495368235925e-05,-5.694487739166763e-05,-1.36271666057024e-07,-2.6387256194565664e-05,-5.82741690685032e-05,-1.42642492300305e-07,-2.6964519965833338e-05,-5.961870247863028e-05,-1.4923401140109134e-07,-2.754726168855013e-05,-6.097847329158417e-05,-1.5605125391555512e-07,-2.8135456382000006e-05,-6.235347712783653e-05,0.3500000000000001
-1.0240663702853338e-07,-2.3040111064196376e-05,-5.052719313687653e-05,-1.0755579660699744e-07,-2.358398182349263e-05,-5.178021290850782e-05,-1.1289664758001315e-07,-2.413348068324421e-05,-5.30484953293023e-05,-1.1843388272630179e-07,-2.468858258760666e-05,-5.4332036314325815e-05,-1.241722511700145e-07,-2.5249262493005273e-05,-5.563083172951034e-05,-1.3011655836136356e-07,-2.5815495368235925e-05,-5.694487739166763e-05,-1.36271666057024e-07,-2.6387256194565664e-05,-5.82741690685032e-05,-1.42642492300305e-07,-2.6964519965833338e-05,-5.961870247863028e-05,-1.4923401140109134e-07,-2.754726168855013e-05,-6.097847329158417e-05,-1.5605125391555512e-07,-2.8135456382000006e-05,-6.235347712783653e-05,0.3500000000000001
-1.0240663702853338e-07,-2.3040111064196376e-05,-5.052719313687653e-05,-1.0755579660699744e-07,-2.358398182349263e-05,-5.178021290850782e-05,-1.1289664758001315e-07,-2.413348068324421e-05,-5.30484953293023e-05,-1.1843388272630179e-07,-2.468858258760666e-05,-5.4332036314325815e-05,-1.241722511700145e-07,-2.5249262493005273e-05,-5.563083172951034e-05,-1.3011655836136356e-07,-2.5815495368235925e-05,-5.694487739166763e-05,-1.36271666057024e-07,-2.6387256194565664e-05,-5.82741690685032e-05,-1.42642492300305e-07,-2.6964519965833338e-05,-5.961870247863028e-05,-1.4923401140109134e-07,-2.754726168855013e-05,-6.097847329158417e-05,-1.5605125391555512e-07,-2.8135456382000006e-05,-6.235347712783653e-05,0.3500000000000001
-1.0240663702853338e-07,-2.3040111064196376e-05,-5.052719313687653e-05,-1.0755579660699744e-07,-2.358398182349263e-05,-5.178021290850782e-05,-1.1289664758001315e-07,-2.413348068324421e-05,-5.30484953293023e-05,-1.1843388272630179e-07,-2.468858258760666e-05,-5.4332036314325815e-05,-1.241722511700145e-07,-2.5249262493005273e-05,-5.563083172951034e-05,-1.3011655836136356e-07,-2.5815495368235925e-05,-5.694487739166763e-05,-1.36271666057024e-07,-2.6387256194565664e-05,-5.82741690685032e-05,-1.42642492300305e-07,-2.6964519965833338e-05,-5.961870247863028e-05,-1.4923401140109134e-07,-2.754726168855013e-05,-6.097847329158417e-05,-1.5605125391555512e-07,-2.8135456382000006e-05,-6.235347712783653e-05,0.3500000000000001
-1.0240663702853338e-07,-2.3040111064196376e-05,-5.052719313687653e-05,-1.0755579660699744e-07,-2.358398182349263e-05,-5.178021290850782e-05,-1.1289664758001315e-07,-2.413348068324421e-05,-5.30484953293023e-05,-1.1843388272630179e-07,-2.468858258760666e-05,-5.4332036314325815e-05,-1.241722511700145e-07,-2.5249262493005273e-05,-5.563083172951034e-05,-1.3011655836136356e-07,-2.5815495368235925e-05,-5.694487739166763e-05,-1.36271666057024e-07,-2.6387256194565664e-05,-5.82741690685032e-05,-1.42642492300305e-07,-2.6964519965833338e-05,-5.961870247863028e-05,-1.4923401140109134e-07,-2.754726168855013e-05,-6.097847329158417e-05,-1.5605125391555512e-07,-2.8135456382000006e-05,-6.235347712783653e-05,0.3500000000000001
-1.0240663702853338e-07,-2.3040111064196376e-05,-5.052719313687653e-05,-1.0755579660699744e-07,-2.358398182349263e-05,-5.178021290850782e-05,-1.1289664758001315e-07,-2.413348068324421e-05,-5.30484953293023e-05,-1.1843388272630179e-07,-2.468858258760666e-05,-5.4332036314325815e-05,-1.241722511700145e-07,-2.5249262493005273e-05,-5.563083172951034e-05,-1.3011655836136356e-07,-2.5815495368235925e-05,-5.694487739166763e-05,-1.36271666057024e-07,-2.6387256194565664e-05,-5.82741690685032e-05,-1.42642492300305e-07,-2.6964519965833338e-05,-5.961870247863028e-05,-1.4923401140109134e-07,-2.754726168855013e-05,-6.097847329158417e-05,-1.5605125391555512e-07,-2.8135456382000006e-05,-6.235347712783653e-05,0.3500000000000001
-1.0240663702853338e-07,-2.3040111064196376e-05,-5.052719313687653e-05,-1.0755579660699744e-07,-2.358398182349263e-05,-5.178021290850782e-05,-1.1289664758001315e-07,-2.413348068324421e-05,-5.30484953293023e-05,-1.1843388272630179e-07,-2.468858258760666e-05,-5.4332036314325815e-05,-1.241722511700145e-07,-2.5249262493005273e-05,-5.563083172951034e-05,-1.3011655836136356e-07,-2.5815495368235925e-05,-5.694487739166763e-05,-1.36271666057024e-07,-2.6387256194565664e-05,-5.82741690685032e-05,-1.42642492300305e-07,-2.6964519965833338e-05,-5.961870247863028e-05,-1.4923401140109134e-07,-2.754726168855013e-05,-6.097847329158417e-05,-1.5605125391555512e-07,-2.8135456382000006e-05,-6.235347712783653e-05,0.3500000000000001
-1.0240663702853338e-07,-2.3040111064196376e-05,-5.052719313687653e-05,-1.0755579660699744e-07,-2.358398182349263e-05,-5.178021290850782e-05,-1.1289664758001315e-07,-2.413348068324421e-05,-5.30484953293023e-05,-1.1843388272630179e-07,-2.468858258760666e-05,-5.4332036314325815e-05,-1.241722511700145e-07,-2.5249262493005273e-05,-5.563083172951034e-05,-1.3011655836136356e-07,-2.5815495368235925e-05,-5.694487739166763e-05,-1.36271666057024e-07,-2.6387256194565664e-05,-5.82741690685032e-05,-1.42642492300305e-07,-2.6964519965833338e-05,-5.961870247863028e-05,-1.4923401140109134e-07,-2.754726168855013e-05,-6.097847329158417e-05,-1.5605125391555512e-07,-2.8135456382000006e-05,-6.235347712783653e-05,0.3500000000000001
-1.0240663702853338e-07,-2.3040111064196376e-05,-5.052719313687653e-05,-1.0755579660699744e-07,-2.358398182349263e-05,-5.178021290850782e-05,-1.1289664758001315e-07,-2.413348068324421e-05,-5.30484953293023e-05,-1.1843388272630179e-07,-2.468858258760666e-05,-5.4332036314325815e-05,-1.241722511700145e-07,-2.5249262493005273e-05,-5.563083172951034e-05,-1.3011655836136356e-07,-2.5815495368235925e-05,-5.694487739166763e-05,-1.36271666057024e-07,-2.6387256194565664e-05,-5.82741690685032e-05,-1.42642492300305e-07,-2.6964519965833338e-05,-5.961870247863028e-05,-1.4923401140109134e-07,-2.754726168855013e-05,-6.097847329158417e-05,-1.5605125391555512e-07,-2.8135456382000006e-05,-6.235347712783653e-05,0.3500000000000001
-1.0240663702853338e-07,-2.3040111064196376e-05,-5.052719313687653e-05,-1.0755579660699744e-07,-2.358398182349263e-05,-5.178021290850782e-05,-1.1289664758001315e-07,-2.413348068324421e-05,-5.30484953293023e-05,-1.1843388272630179e-07,-2.468858258760666e-05,-5.4332036314325815e-05,-1.241722511700145e-07,-2.5249262493005273e-05,-5.563083172951034e-05,-1.3011655836136356e-07,-2.5815495368235925e-05,-5.694487739166763e-05,-1.36271666057024e-07,-2.6387256194565664e-05,-5.82741690685032e-05,-1.42642492300305e-07,-2.6964519965833338e-05,-5.961870247863028e-05,-1.4923401140109134e-07,-2.754726168855013e-05,-6.097847329158417e-05,-1.5605125391555512e-07,-2.8135456382000006e-05,-6.235347712783653e-05,0.3500000000000001
-1.0240663702853338e-07,-2.3040111064196376e-05,-5.052719313687653e-05,-1.0755579660699744e-07,-2.358398182349263e-05,-5.178021290850782e-05,-1.1289664758001315e-07,-2.413348068324421e-05,-5.30484953293023e-05,-1.1843388272630179e-07,-2.468858258760666e-05,-5.4332036314325815e-05,-1.241722511700145e-07,-2.5249262493005273e-05,-5.563083172951034e-05,-1.3011655836136356e-07,-2.5815495368235925e-05,-5.694487739166763e-05,-1.36271666057024e-07,-2.6387256194565664e-05,-5.82741690685032e-05,-1.42642492300305e-07,-2.6964519965833338e-05,-5.961870247863028e-05,-1.4923401140109134e-07,-2.754726168855013e-05,-6.097847329158417e-05,-1.5605125391555512e-07,-2.8135456382000006e-05,-6.235347712783653e-05,0.3500000000000001
-1.0240663702853338e-07,-2.3040111064196376e-05,-5.052719313687653e-05,-1.0755579660699744e-07,-2.358398182349263e-05,-5.178021290850782e-05,-1.1289664758001315e-07,-2.413348068324421e-05,-5.30484953293023e-05,-1.1843388272630179e-07,-2.468858258760666e-05,-5.4332036314325815e-05,-1.241722511700145e-07,-2.5249262493005273e-05,-5.563083172951034e-05,-1.3011655836136356e-07,-2.5815495368235925e-05,-5.694487739166763e-05,-1.36271666057024e-07,-2.6387256194565664e-05,-5.82741690685032e-05,-1.42642492300305e-07,-2.6964519965833338e-05,-5.961870247863028e-05,-1.4923401140109134e-07,-2.754726168855013e-05,-6.097847329158417e-05,-1.5605125391555512e-07,-2.8135456382000006e-05,-6.235347712783653e-05,0.3500000000000001
-1.0240663702853338e-07,-2.3040111064196376e-05,-5.052719313687653e-05,-1.0755579660699744e-07,-2.358398182349263e-05,-5.178021290850782e-05,-1.1289664758001315e-07,-2.413348068324421e-05,-5.30484953293023e-05,-1.1843388272630179e-07,-2.468858258760666e-05,-5.4332036314325815e-05,-1.241722511700145e-07,-2.5249262493005273e-05,-5.563083172951034e-05,-1.3011655836136356e-07,-2.5815495368235925e-05,-5.694487739166763e-05,-1.36271666057024e-07,-2.6387256194565664e-05,-5.82741690685032e-05,-1.42642492300305e-07,-2.6964519965833338e-05,-5.961870247863028e-05,-1.4923401140109134e-07,-2.754726168855013e-05,-6.097847329158417e-05,-1.5605125391555512e-07,-2.8135456382000006e-05,-6.235347712783653e-05,0.3500000000000001
-1.0240663702853338e-07,-2.3040111064196376e-05,-5.052719313687653e-05,-1.0755579660699744e-07,-2.358398182349263e-05,-5.178021290850782e-05,-1.1289664758001315e-07,-2.413348068324421e-05,-5.30484953293023e-05,-1.1843388272630179e-07,-2.468858258760666e-05,-5.4332036314325815e-05,-1.241722511700145e-07,-2.5249262493005273e-05,-5.563083172951034e-05,-1.3011655836136356e-07,-2.5815495368235925e-05,-5.694487739166763e-05,-1.36271666057024e-07,-2.6387256194565664e-05,-5.82741690685032e-05,-1.42642492300305e-07,-2.6964519965833338e-05,-5.961870247863028e-05,-1.4923401140109134e-07,-2.754726168855013e-05,-6.097847329158417e-05,-1.5605125391555512e-07,-2.8135456382000006e-05,-6.235347712783653e-05,0.3500000000000001
-1.0240663702853338e-07,-2.3040111064196376e-05,-5.052719313687653e-05,-1.0755579660699744e-07,-2.358398182349263e-05,-5.178021290850782e-05,-1.1289664758001315e-07,-2.413348068324421e-05,-5.30484953293023e-05,-1.1843388272630179e-07,-2.468858258760666e-05,-5.4332036314325815e-05,-1.241722511700145e-07,-2.5249262493005273e-05,-5.563083172951034e-05,-1.3011655836136356e-07,-2.5815495368235925e-05,-5.694487739166763e-05,-1.36271666057024e-07,-2.6387256194565664e-05,-5.82741690685032e-05,-1.42642492300305e-07,-2.6964519965833338e-05,-5.961870247863028e-05,-1.4923401140109134e-07,-2.754726168855013e-05,-6.097847329158417e-05,-1.5605125391555512e-07,-2.8135456382000006e-05,-6.235347712783653e-05,0.3500000000000001
-1.0240663702853338e-07,-2.3040111064196376e-05,-5.052719313687653e-05,-1.0755579660699744e-07,-2.358398182349263e-05,-5.178021290850782e-05,-1.1289664758001315e-07,-2.413348068324421e-05,-5.30484953293023e-05,-1.1843388272630179e-07,-2.468858258760666e-05,-5.4332036314325815e-05,-1.241722511700145e-07,-2.5249262493005273e-05,-5.563083172951034e-05,-1.3011655836136356e-07,-2.5815495368235925e-05,-5.694487739166763e-05,-1.36271666057024e-07,-2.6387256194565664e-05,-5.82741690685032e-05,-1.42642492300305e-07,-2.6964519965833338e-05,-5.961870247863028e-05,-1.4923401140109134e-07,-2.754726168855013e-05,-6.097847329158417e-05,-1.5605125391555512e-07,-2.8135456382000006e-05,-6.235347712783653e-05,0.3500000000000001
-1.0240663702853338e-07,-2.3040111064196376e-05,-5.052719313687653e-05,-1.0755579660699744e-07,-2.358398182349263e-05,-5.178021290850782e-05,-1.1289664758001315e-07,-2.413348068324421e-05,-5.30484953293023e-05,-1.1843388272630179e-07,-2.468858258760666e-05,-5.4332036314325815e-05,-1.241722511700145e-07,-2.5249262493005273e-05,-5.563083172951034e-05,-1.3011655836136356e-07,-2.5815495368235925e-05,-5.694487739166763e-05,-1.36271666057024e-07,-2.6387256194565664e-05,-5.82741690685032e-05,-1.42642492300305e-07,-2.6964519965833338e-05,-5.961870247863028e-05,-1.4923401140109134e-07,-2.754726168855013e-05,-6.097847329158417e-05,-1.5605125391555512e-07,-2.8135456382000006e-05,-6.235347712783653e-05,0.3500000000000001
-1.0240663702853338e-07,-2.3040111064196376e-05,-5.052719313687653e-05,-1.0755579660699744e-07,-2.358398182349263e-05,-5.178021290850782e-05,-1.1289664758001315e-07,-2.413348068324421e-05,-5.30484953293023e-05,-1.1843388272630179e-07,-2.468858258760666e-05,-5.4332036314325815e-05,-1.241722511700145e-07,-2.5249262493005273e-05,-5.563083172951034e-05,-1.3011655836136356e-07,-2.5815495368235925e-05,-5.694487739166763e-05,-1.36271666057024e-07,-2.6387256194565664e-05,-5.82741690685032e-05,-1.42642492300305e-07,-2.6964519965833338e-05,-5.961870247863028e-05,-1.4923401140109134e-07,-2.754726168855013e-05,-6.097847329158417e-05,-1.5605125391555512e-07,-2.8135456382000006e-05,-6.235347712783653e-05,0.3500000000000001
-1.0240663702853338e-07,-2.3040111064196376e-05,-5.052719313687653e-05,-1.0755579660699744e-07,-2.358398182349263e-05,-5.178021290850782e-05,-1.1289664758001315e-07,-2.413348068324421e-05,-5.30484953293023e-05,-1.1843388272630179e-07,-2.468858258760666e-05,-5.4332036314325815e-05,-1.241722511700145e-07,-2.5249262493005273e-05,-5.563083172951034e-05,-1.3011655836136356e-07,-2.5815495368235925e-05,-5.694487739166763e-05,-1.36271666057024e-07,-2.6387256194565664e-05,-5.82741690685032e-05,-1.42642492300305e-07,-2.6964519965833338e-05,-5.961870247863028e-05,-1.4923401140109134e-07,-2.754726168855013e-05,-6.097847329158417e-05,-1.5605125391555512e-07,-2.8135456382000006e-05,-6.235347712783653e-05,0.3500000000000001
-1.0240663702853338e-07,-2.3040111064196376e-05,-5.052719313687653e-05,-1.0755579660699744e-07,-2.358398182349263e-05,-5.178021290850782e-05,-1.1289664758001315e-07,-2.413348068324421e-05,-5.30484953293023e-05,-1.1843388272630179e-07,-2.468858258760666e-05,-5.4332036314325815e-05,-1.241722511700145e-07,-2.5249262493005273e-05,-5.563083172951034e-05,-1.3011655836136356e-07,-2.5815495368235925e-05,-5.694487739166763e-05,-1.36271666057024e-07,-2.6387256194565664e-05,-5.82741690685032e-05,-1.42642492300305e-07,-2.6964519965833338e-05,-5.961870247863028e-05,-1.4923401140109134e-07,-2.754726168855013e-05,-6.097847329158417e-05,-1.5605125391555512e-07,-2.8135456382000006e-05,-6.235347712783653e-05,0.3500000000000001
-1.0240663702853338e-07,-2.3040111064196376e-05,-5.052719313687653e-05,-1.0755579660699744e-07,-2.358398182349263e-05,-5.178021290850782e-05,-1.1289664758001315e-07,-2.413348068324421e-05,-5.30484953293023e-05,-1.1843388272630179e-07,-2.468858258760666e-05,-5.4332036314325815e-05,-1.241722511700145e-07,-2.5249262493005273e-05,-5.563083172951034e-05,-1.3011655836136356e-07,-2.5815495368235925e-05,-5.694487739166763e-05,-1.36271666057024e-07,-2.6387256194565664e-05,-5.82741690685032e-05,-1.42642492300305e-07,-2.6964519965833338e-05,-5.961870247863028e-05,-1.4923401140109134e-07,-2.754726168855013e-05,-6.097847329158417e-05,-1.5605125391555512e-07,-2.8135456382000006e-05,-6.235347712783653e-05,0.3500000000000001
-1.0240663702853338e-07,-2.3040111064196376e-05,-5.052719313687653e-05,-1.0755579660699744e-07,-2.358398182349263e-05,-5.178021290850782e-05,-1.1289664758001315e-07,-2.413348068324421e-05,-5.30484953293023e-05,-1.1843388272630179e-07,-2.468858258760666e-05,-5.4332036314325815e-05,-1.241722511700145e-07,-2.5249262493005273e-05,-5.563083172951034e-05,-1.3011655836136356e-07,-2.5815495368235925e-05,-5.694487739166763e-05,-1.36271666057024e-07,-2.6387256194565664e-05,-5.82741690685032e-05,-1.42642492300305e-07,-2.6964519965833338e-05,-5.961870247863028e-05,-1.4923401140109134e-07,-2.754726168855013e-05,-6.097847329158417e-05,-1.5605125391555512e-07,-2.8135456382000006e-05,-6.235347712783653e-05,0.3500000000000001
-1.0240663702853338e-07,-2.3040111064196376e-05,-5.052719313687653e-05,-1.0755579660699744e-07,-2.358398182349263e-05,-5.178021290850782e-05,-1.1289664758001315e-07,-2.413348068324421e-05,-5.30484953293023e-05,-1.1843388272630179e-07,-2.468858258760666e-05,-5.4332036314325815e-05,-1.241722511700145e-07,-2.5249262493005273e-05,-5.563083172951034e-05,-1.3011655836136356e-07,-2.5815495368235925e-05,-5.694487739166763e-05,-1.36271666057024e-07,-2.6387256194565664e-05,-5.82741690685032e-05,-1.42642492300305e-07,-2.6964519965833338e-05,-5.961870247863028e-05,-1.4923401140109134e-07,-2.754726168855013e-05,-6.097847329158417e-05,-1.5605125391555512e-07,-2.8135456382000006e-05,-6.235347712783653e-05,0.3500000000000001
-1.0240663702853338e-07,-2.3040111064196376e-05,-5.052719313687653e-05,-1.0755579660699744e-07,-2.358398182349263e-05,-5.178021290850782e-05,-1.1289664758001315e-07,-2.413348068324421e-05,-5.30484953293023e-05,-1.1843388272630179e-07,-2.468858258760666e-05,-5.4332036314325815e-05,-1.241722511700145e-07,-2.5249262493005273e-05,-5.563083172951034e-05,-1.3011655836136356e-07,-2.5815495368235925e-05,-5.694487739166763e-05,-1.36271666057024e-07,-2.6387256194565664e-05,-5.82741690685032e-05,-1.42642492300305e-07,-2.6964519965833338e-05,-5.961870247863028e-05,-1.4923401140109134e-07,-2.754726168855013e-05,-6.097847329158417e-05,-1.5605125391555512e-07,-2.8135456382000006e-05,-6.235347712783653e-05,0.3500000000000001
-1.0240663702853338e-07,-2.3040111064196376e-05,-5.052719313687653e-05,-1.0755579660699744e-07,-2.358398182349263e-05,-5.178021290850782e-05,-1.1289664758001315e-07,-2.413348068324421e-05,-5.30484953293023e-05,-1.1843388272630179e-07,-2.468858258760666e-05,-5.4332036314325815e-05,-1.241722511700145e-07,-2.5249262493005273e-05,-5.563083172951034e-05,-1.3011655836136356e-07,-2.5815495368235925e-05,-5.694487739166763e-05,-1.36271666057024e-07,-2.6387256194565664e-05,-5.82741690685032e-05,-1.42642492300305e-07,-2.6964519965833338e-05,-5.961870247863028e-05,-1.4923401140109134e-07,-2.754726168855013e-05,-6.097847329158417e-05,-1.5605125391555512e-07,-2.8135456382000006e-05,-6.235347712783653e-05,0.3500000000000001
-1.0240663702853338e-07,-2.3040111064196376e-05,-5.052719313687653e-05,-1.0755579660699744e-07,-2.358398182349263e-05,-5.178021290850782e-05,-1.1289664758001315e-07,-2.413348068324421e-05,-5.30484953293023e-05,-1.1843388272630179e-07,-2.468858258760666e-05,-5.4332036314325815e-05,-1.241722511700145e-07,-2.5249262493005273e-05,-5.563083172951034e-05,-1.3011655836136356e-07,-2.5815495368235925e-05,-5.694487739166763e-05,-1.36271666057024e-07,-2.6387256194565664e-05,-5.82741690685032e-05,-1.42642492300305e-07,-2.6964519965833338e-05,-5.961870247863028e-05,-1.4923401140109134e-07,-2.754726168855013e-05,-6.097847329158417e-05,-1.5605125391555512e-07,-2.8135456382000006e-05,-6.235347712783653e-05,0.3500000000000001
-1.0240663702853338e-07,-2.3040111064196376e-05,-5.052719313687653e-05,-1.0755579660699744e-07,-2.358398182349263e-05,-5.178021290850782e-05,-1.1289664758001315e-07,-2.413348068324421e-05,-5.30484953293023e-05,-1.1843388272630179e-07,-2.468858258760666e-05,-5.4332036314325815e-05,-1.241722511700145e-07,-2.5249262493005273e-05,-5.563083172951034e-05,-1.3011655836136356e-07,-2.5815495368235925e-05,-5.694487739166763e-05,-1.36271666057024e-07,-2.6387256194565664e-05,-5.82741690685032e-05,-1.42642492300305e-07,-2.6964519965833338e-05,-5.961870247863028e-05,-1.4923401140109134e-07,-2.754726168855013e-05,-6.097847329158417e-05,-1.5605125391555512e-07,-2.8135456382000006e-05,-6.235347712783653e-05,0.3500000000000001
-1.0240663702853338e-07,-2.3040111064196376e-05,-5.052719313687653e-05,-1.0755579660699744e-07,-2.358398182349263e-05,-5.178021290850782e-05,-1.1289664758001315e-07,-2.413348068324421e-05,-5.30484953293023e-05,-1.1843388272630179e-07,-2.468858258760666e-05,-5.4332036314325815e-05,-1.241722511700145e-07,-2.5249262493005273e-05,-5.563083172951034e-05,-1.3011655836136356e-07,-2.5815495368235925e-05,-5.694487739166763e-05,-1.36271666057024e-07,-2.6387256194565664e-05,-5.82741690685032e-05,-1.42642492300305e-07,-2.6964519965833338e-05,-5.961870247863028e-05,-1.4923401140109134e-07,-2.754726168855013e-05,-6.097847329158417e-05,-1.5605125391555512e-07,-2.8135456382000006e-05,-6.235347712783653e-05,0.3500000000000001
-1.0240663702853338e-07,-2.3040111064196376e-05,-5.052719313687653e-05,-1.0755579660699744e-07,-2.358398182349263e-05,-5.178021290850782e-05,-1.1289664758001315e-07,-2.413348068324421e-05,-5.30484953293023e-05,-1.1843388272630179e-07,-2.468858258760666e-05,-5.4332036314325815e-05,-1.241722511700145e-07,-2.5249262493005273e-05,-5.563083172951034e-05,-1.3011655836136356e-07,-2.5815495368235925e-05,-5.694487739166763e-05,-1.36271666057024e-07,-2.6387256194565664e-05,-5.82741690685032e-05,-1.42642492300305e-07,-2.6964519965833338e-05,-5.961870247863028e-05,-1.4923401140109134e-07,-2.754726168855013e-05,-6.097847329158417e-05,-1.5605125391555512e-07,-2.8135456382000006e-05,-6.235347712783653e-05,0.3500000000000001
-1.0240663702853338e-07,-2.3040111064196376e-05,-5.052719313687653e-05,-1.0755579660699744e-07,-2.358398182349263e-05,-5.178021290850782e-05,-1.1289664758001315e-07,-2.413348068324421e-05,-5.30484953293023e-05,-1.1843388272630179e-07,-2.468858258760666e-05,-5.4332036314325815e-05,-1.241722511700145e-07,-2.5249262493005273e-05,-5.563083172951034e-05,-1.3011655836136356e-07,-2.5815495368235925e-05,-5.694487739166763e-05,-1.36271666057024e-07,-2.6387256194565664e-05,-5.82741690685032e-05,-1.42642492300305e-07,-2.6964519965833338e-05,-5.961870247863028e-05,-1.4923401140109134e-07,-2.754726168855013e-05,-6.097847329158417e-05,-1.5605125391555512e-07,-2.8135456382000006e-05,-6.235347712783653e-05,0.3500000000000001
-1.0240663702853338e-07,-2.3040111064196376e-05,-5.052719313687653e-05,-1.0755579660699744e-07,-2.358398182349263e-05,-5.178021290850782e-05,-1.1289664758001315e-07,-2.413348068324421e-05,-5.30484953293023e-05,-1.1843388272630179e-07,-2.468858258760666e-05,-5.4332036314325815e-05,-1.241722511700145e-07,-2.5249262493005273e-05,-5.563083172951034e-05,-1.3011655836136356e-07,-2.5815495368235925e-05,-5.694487739166763e-05,-1.36271666057024e-07,-2.6387256194565664e-05,-5.82741690685032e-05,-1.42642492300305e-07,-2.6964519965833338e-05,-5.961870247863028e-05,-1.4923401140109134e-07,-2.754726168855013e-05,-6.097847329158417e-05,-1.5605125391555512e-07,-2.8135456382000006e-05,-6.235347712783653e-05,0.3500000000000001
-1.0240663702853338e-07,-2.3040111064196376e-05,-5.052719313687653e-05,-1.0755579660699744e-07,-2.358398182349263e-05,-5.178021290850782e-05,-1.1289664758001315e-07,-2.413348068324421e-05,-5.30484953293023e-05,-1.1843388272630179e-07,-2.468858258760666e-05,-5.4332036314325815e-05,-1.241722511700145e-07,-2.5249262493005273e-05,-5.563083172951034e-05,-1.3011655836136356e-07,-2.5815495368235925e-05,-5.694487739166763e-05,-1.36271666057024e-07,-2.6387256194565664e-05,-5.82741690685032e-05,-1.42642492300305e-07,-2.6964519965833338e-05,-5.961870247863028e-05,-1.4923401140109134e-07,-2.754726168855013e-05,-6.097847329158417e-05,-1.5605125391555512e-07,-2.8135456382000006e-05,-6.235347712783653e-05,0.3500000000000001
-1.0240663702853338e-07,-2.3040111064196376e-05,-5.052719313687653e-05,-1.0755579660699744e-07,-2.358398182349263e-05,-5.178021290850782e-05,-1.1289664758001315e-07,-2.413348068324421e-05,-5.30484953293023e-05,-1.1843388272630179e-07,-2.468858258760666e-05,-5.4332036314325815e-05,-1.241722511700145e-07,-2.5249262493005273e-05,-5.563083172951034e-05,-1.3011655836136356e-07,-2.5815495368235925e-05,-5.694487739166763e-05,-1.36271666057024e-07,-2.6387256194565664e-05,-5.82741690685032e-05,-1.42642492300305e-07,-2.6964519965833338e-05,-5.961870247863028e-05,-1.4923401140109134e-07,-2.754726168855013e-05,-6.097847329158417e-05,-1.5605125391555512e-07,-2.8135456382000006e-05,-6.235347712783653e-05,0.3500000000000001
-1.0240663702853338e-07,-2.3040111064196376e-05,-5.052719313687653e-05,-1.0755579660699744e-07,-2.358398182349263e-05,-5.178021290850782e-05,-1.1289664758001315e-07,-2.413348068324421e-05,-5.30484953293023e-05,-1.1843388272630179e-07,-2.468858258760666e-05,-5.4332036314325815e-05,-1.241722511700145e-07,-2.5249262493005273e-05,-5.563083172951034e-05,-1.3011655836136356e-07,-2.5815495368235925e-05,-5.694487739166763e-05,-1.36271666057024e-07,-2.6387256194565664e-05,-5.82741690685032e-05,-1.42642492300305e-07,-2.6964519965833338e-05,-5.961870247863028e-05,-1.4923401140109134e-07,-2.754726168855013e-05,-6.097847329158417e-05,-1.5605125391555512e-07,-2.8135456382000006e-05,-6.235347712783653e-05,0.3500000000000001
-1.0240663702853338e-07,-2.3040111064196376e-05,-5.052719313687653e-05,-1.0755579660699744e-07,-2.358398182349263e-05,-5.178021290850782e-05,-1.1289664758001315e-07,-2.413348068324421e-05,-5.30484953293023e-05,-1.1843388272630179e-07,-2.468858258760666e-05,-5.4332036314325815e-05,-1.241722511700145e-07,-2.5249262493005273e-05,-5.563083172951034e-05,-1.3011655836136356e-07,-2.5815495368235925e-05,-5.694487739166763e-05,-1.36271666057024e-07,-2.6387256194565664e-05,-5.82741690685032e-05,-1.42642492300305e-07,-2.6964519965833338e-05,-5.961870247863028e-05,-1.4923401140109134e-07,-2.754726168855013e-05,-6.097847329158417e-05,-1.5605125391555512e-07,-2.8135456382000006e-05,-6.235347712783653e-05,0.3500000000000001
-1.0240663702853338e-07,-2.3040111064196376e-05,-5.052719313687653e-05,-1.0755579660699744e-07,-2.358398182349263e-05,-5.178021290850782e-05,-1.1289664758001315e-07,-2.413348068324421e-05,-5.30484953293023e-05,-1.1843388272630179e-07,-2.468858258760666e-05,-5.4332036314325815e-05,-1.241722511700145e-07,-2.5249262493005273e-05,-5.563083172951034e-05,-1.3011655836136356e-07,-2.5815495368235925e-05,-5.694487739166763e-05,-1.36271666057024e-07,-2.6387256194565664e-05,-5.82741690685032e-05,-1.42642492300305e-07,-2.6964519965833338e-05,-5.961870247863028e-05,-1.4923401140109134e-07,-2.754726168855013e-05,-6.097847329158417e-05,-1.5605125391555512e-07,-2.8135456382000006e-05,-6.235347712783653e-05,0.3500000000000001
-1.0240663702853338e-07,-2.3040111064196376e-05,-5.052719313687653e-05,-1.0755579660699744e-07,-2.358398182349263e-05,-5.178021290850782e-05,-1.1289664758001315e-07,-2.413348068324421e-05,-5.30484953293023e-05,-1.1843388272630179e-07,-2.468858258760666e-05,-5.4332036314325815e-05,-1.241722511700145e-07,-2.5249262493005273e-05,-5.563083172951034e-05,-1.3011655836136356e-07,-2.5815495368235925e-05,-5.694487739166763e-05,-1.36271666057024e-07,-2.6387256194565664e-05,-5.82741690685032e-05,-1.42642492300305e-07,-2.6964519965833338e-05,-5.961870247863028e-05,-1.4923401140109134e-07,-2.754726168855013e-05,-6.097847329158417e-05,-1.5605125391555512e-07,-2.8135456382000006e-05,-6.235347712783653e-05,0.3500000000000001
-1.0240663702853338e-07,-2.3040111064196376e-05,-5.052719313687653e-05,-1.0755579660699744e-07,-2.358398182349263e-05,-5.178021290850782e-05,-1.1289664758001315e-07,-2.413348068324421e-05,-5.30484953293023e-05,-1.1843388272630179e-07,-2.468858258760666e-05,-5.4332036314325815e-05,-1.241722511700145e-07,-2.5249262493005273e-05,-5.563083172951034e-05,-1.3011655836136356e-07,-2.5815495368235925e-05,-5.694487739166763e-05,-1.36271666057024e-07,-2.6387256194565664e-05,-5.82741690685032e-05,-1.42642492300305e-07,-2.6964519965833338e-05,-5.961870247863028e-05,-1.4923401140109134e-07,-2.754726168855013e-05,-6.097847329158417e-05,-1.5605125391555512e-07,-2.8135456382000006e-05,-6.235347712783653e-05,0.3500000000000001
-1.0240663702853338e-07,-2.3040111064196376e-05,-5.052719313687653e-05,-1.0755579660699744e-07,-2.358398182349263e-05,-5.178021290850782e-05,-1.1289664758001315e-07,-2.413348068324421e-05,-5.30484953293023e-05,-1.1843388272630179e-07,-2.468858258760666e-05,-5.4332036314325815e-05,-1.241722511700145e-07,-2.5249262493005273e-05,-5.563083172951034e-05,-1.3011655836136356e-07,-2.5815495368235925e-05,-5.694487739166763e-05,-1.36271666057024e-07,-2.6387256194565664e-05,-5.82741690685032e-05,-1.42642492300305e-07,-2.6964519965833338e-05,-5.961870247863028e-05,-1.4923401140109134e-07,-2.754726168855013e-05,-6.097847329158417e-05,-1.5605125391555512e-07,-2.8135456382000006e-05,-6.235347712783653e-05,0.3500000000000001
-1.0240663702853338e-07,-2.3040111064196376e-05,-5.052719313687653e-05,-1.0755579660699744e-07,-2.358398182349263e-05,-5.178021290850782e-05,-1.1289664758001315e-07,-2.413348068324421e-05,-5.30484953293023e-05,-1.1843388272630179e-07,-2.468858258760666e-05,-5.4332036314325815e-05,-1.241722511700145e-07,-2.5249262493005273e-05,-5.563083172951034e-05,-1.3011655836136356e-07,-2.5815495368235925e-05,-5.694487739166763e-05,-1.36271666057024e-07,-2.6387256194565664e-05,-5.82741690685032e-05,-1.42642492300305e-07,-2.6964519965833338e-05,-5.961870247863028e-05,-1.4923401140109134e-07,-2.754726168855013e-05,-6.097847329158417e-05,-1.5605125391555512e-07,-2.8135456382000006e-05,-6.235347712783653e-05,0.3500000000000001
-1.0240663702853338e-07,-2.3040111064196376e-05,-5.052719313687653e-05,-1.0755579660699744e-07,-2.358398182349263e-05,-5.178021290850782e-05,-1.1289664758001315e-07,-2.413348068324421e-05,-5.30484953293023e-05,-1.1843388272630179e-07,-2.468858258760666e-05,-5.4332036314325815e-05,-1.241722511700145e-07,-2.5249262493005273e-05,-5.563083172951034e-05,-1.3011655836136356e-07,-2.5815495368235925e-05,-5.694487739166763e-05,-1.36271666057024e-07,-2.6387256194565664e-05,-5.82741690685032e-05,-1.42642492300305e-07,-2.6964519965833338e-05,-5.961870247863028e-05,-1.4923401140109134e-07,-2.754726168855013e-05,-6.097847329158417e-05,-1.5605125391555512e-07,-2.8135456382000006e-05,-6.235347712783653e-05,0.3500000000000001
-1.0240663702853338e-07,-2.3040111064196376e-05,-5.052719313687653e-05,-1.0755579660699744e-07,-2.358398182349263e-05,-5.178021290850782e-05,-1.1289664758001315e-07,-2.413348068324421e-05,-5.30484953293023e-05,-1.1843388272630179e-07,-2.468858258760666e-05,-5.4332036314325815e-05,-1.241722511700145e-07,-2.5249262493005273e-05,-5.563083172951034e-05,-1.3011655836136356e-07,-2.5815495368235925e-05,-5.694487739166763e-05,-1.36271666057024e-07,-2.6387256194565664e-05,-5.82741690685032e-05,-1.42642492300305e-07,-2.6964519965833338e-05,-5.961870247863028e-05,-1.4923401140109134e-07,-2.754726168855013e-05,-6.097847329158417e-05,-1.5605125391555512e-07,-2.8135456382000006e-05,-6.235347712783653e-05,0.3500000000000001
-1.0240663702853338e-07,-2.3040111064196376e-05,-5.052719313687653e-05,-1.0755579660699744e-07,-2.358398182349263e-05,-5.178021290850782e-05,-1.1289664758001315e-07,-2.413348068324421e-05,-5.30484953293023e-05,-1.1843388272630179e-07,-2.468858258760666e-05,-5.4332036314325815e-05,-1.241722511700145e-07,-2.5249262493005273e-05,-5.563083172951034e-05,-1.3011655836136356e-07,-2.5815495368235925e-05,-5.694487739166763e-05,-1.36271666057024e-07,-2.6387256194565664e-05,-5.82741690685032e-05,-1.42642492300305e-07,-2.6964519965833338e-05,-5.961870247863028e-05,-1.4923401140109134e-07,-2.754726168855013e-05,-6.097847329158417e-05,-1.5605125391555512e-07,-2.8135456382000006e-05,-6.235347712783653e-05,0.3500000000000001
-1.0240663702853338e-07,-2.3040111064196376e-05,-5.052719313687653e-05,-1.0755579660699744e-07,-2.358398182349263e-05,-5.178021290850782e-05,-1.1289664758001315e-07,-2.413348068324421e-05,-5.30484953293023e-05,-1.1843388272630179e-07,-2.468858258760666e-05,-5.4332036314325815e-05,-1.241722511700145e-07,-2.5249262493005273e-05,-5.563083172951034e-05,-1.3011655836136356e-07,-2.5815495368235925e-05,-5.694487739166763e-05,-1.36271666057024e-07,-2.6387256194565664e-05,-5.82741690685032e-05,-1.42642492300305e-07,-2.6964519965833338e-05,-5.961870247863028e-05,-1.4923401140109134e-07,-2.754726168855013e-05,-6.097847329158417e-05,-1.5605125391555512e-07,-2.8135456382000006e-05,-6.235347712783653e-05,0.3500000000000001
-1.0240663702853338e-07,-2.3040111064196376e-05,-5.052719313687653e-05,-1.0755579660699744e-07,-2.358398182349263e-05,-5.178021290850782e-05,-1.1289664758001315e-07,-2.413348068324421e-05,-5.30484953293023e-05,-1.1843388272630179e-07,-2.468858258760666e-05,-5.4332036314325815e-05,-1.241722511700145e-07,-2.5249262493005273e-05,-5.563083172951034e-05,-1.3011655836136356e-07,-2.5815495368235925e-05,-5.694487739166763e-05,-1.36271666057024e-07,-2.6387256194565664e-05,-5.82741690685032e-05,-1.42642492300305e-07,-2.6964519965833338e-05,-5.961870247863028e-05,-1.4923401140109134e-07,-2.754726168855013e-05,-6.097847329158417e-05,-1.5605125391555512e-07,-2.8135456382000006e-05,-6.235347712783653e-05,0.3500000000000001
-1.0240663702853338e-07,-2.3040111064196376e-05,-5.052719313687653e-05,-1.0755579660699744e-07,-2.358398182349263e-05,-5.178021290850782e-05,-1.1289664758001315e-07,-2.413348068324421e-05,-5.30484953293023e-05,-1.1843388272630179e-07,-2.468858258760666e-05,-5.4332036314325815e-05,-1.241722511700145e-07,-2.5249262493005273e-05,-5.563083172951034e-05,-1.3011655836136356e-07,-2.5815495368235925e-05,-5.694487739166763e-05,-1.36271666057024e-07,-2.6387256194565664e-05,-5.82741690685032e-05,-1.42642492300305e-07,-2.6964519965833338e-05,-5.961870247863028e-05,-1.4923401140109134e-07,-2.754726168855013e-05,-6.097847329158417e-05,-1.5605125391555512e-07,-2.8135456382000006e-05,-6.235347712783653e-05,0.3500000000000001
-1.0240663702853338e-07,-2.3040111064196376e-05,-5.052719313687653e-05,-1.0755579660699744e-07,-2.358398182349263e-05,-5.178021290850782e-05,-1.1289664758001315e-07,-2.413348068324421e-05,-5.30484953293023e-05,-1.1843388272630179e-07,-2.468858258760666e-05,-5.4332036314325815e-05,-1.241722511700145e-07,-2.5249262493005273e-05,-5.563083172951034e-05,-1.3011655836136356e-07,-2.5815495368235925e-05,-5.694487739166763e-05,-1.36271666057024e-07,-2.6387256194565664e-05,-5.82741690685032e-05,-1.42642492300305e-07,-2.6964519965833338e-05,-5.961870247863028e-05,-1.4923401140109134e-07,-2.754726168855013e-05,-6.097847329158417e-05,-1.5605125391555512e-07,-2.8135456382000006e-05,-6.235347712783653e-05,0.3500000000000001
-1.0240663702853338e-07,-2.3040111064196376e-05,-5.052719313687653e-05,-1.0755579660699744e-07,-2.358398182349263e-05,-5.178021290850782e-05,-1.1289664758001315e-07,-2.413348068324421e-05,-5.30484953293023e-05,-1.1843388272630179e-07,-2.468858258760666e-05,-5.4332036314325815e-05,-1.241722511700145e-07,-2.5249262493005273e-05,-5.563083172951034e-05,-1.3011655836136356e-07,-2.5815495368235925e-05,-5.694487739166763e-05,-1.36271666057024e-07,-2.6387256194565664e-05,-5.82741690685032e-05,-1.42642492300305e-07,-2.6964519965833338e-05,-5.961870247863028e-05,-1.4923401140109134e-07,-2.754726168855013e-05,-6.097847329158417e-05,-1.5605125391555512e-07,-2.8135456382000006e-05,-6.235347712783653e-05,0.3500000000000001
-1.0240663702853338e-07,-2.3040111064196376e-05,-5.052719313687653e-05,-1.0755579660699744e-07,-2.358398182349263e-05,-5.178021290850782e-05,-1.1289664758001315e-07,-2.413348068324421e-05,-5.30484953293023e-05,-1.1843388272630179e-07,-2.468858258760666e-05,-5.4332036314325815e-05,-1.241722511700145e-07,-2.5249262493005273e-05,-5.563083172951034e-05,-1.3011655836136356e-07,-2.5815495368235925e-05,-5.694487739166763e-05,-1.36271666057024e-07,-2.6387256194565664e-05,-5.82741690685032e-05,-1.42642492300305e-07,-2.6964519965833338e-05,-5.961870247863028e-05,-1.4923401140109134e-07,-2.754726168855013e-05,-6.097847329158417e-05,-1.5605125391555512e-07,-2.8135456382000006e-05,-6.235347712783653e-05,0.3500000000000001
-1.0240663702853338e-07,-2.3040111064196376e-05,-5.052719313687653e-05,-1.0755579660699744e-07,-2.358398182349263e-05,-5.178021290850782e-05,-1.1289664758001315e-07,-2.413348068324421e-05,-5.30484953293023e-05,-1.1843388272630179e-07,-2.468858258760666e-05,-5.4332036314325815e-05,-1.241722511700145e-07,-2.5249262493005273e-05,-5.563083172951034e-05,-1.3011655836136356e-07,-2.5815495368235925e-05,-5.694487739166763e-05,-1.36271666057024e-07,-2.6387256194565664e-05,-5.82741690685032e-05,-1.42642492300305e-07,-2.6964519965833338e-05,-5.961870247863028e-05,-1.4923401140109134e-07,-2.754726168855013e-05,-6.097847329158417e-05,-1.5605125391555512e-07,-2.8135456382000006e-05,-6.235347712783653e-05,0.3500000000000001
-1.0240663702853338e-07,-2.3040111064196376e-05,-5.052719313687653e-05,-1.0755579660699744e-07,-2.358398182349263e-05,-5.178021290850782e-05,-1.1289664758001315e-07,-2.413348068324421e-05,-5.30484953293023e-05,-1.1843388272630179e-07,-2.468858258760666e-05,-5.4332036314325815e-05,-1.241722511700145e-07,-2.5249262493005273e-05,-5.563083172951034e-05,-1.3011655836136356e-07,-2.5815495368235925e-05,-5.694487739166763e-05,-1.36271666057024e-07,-2.6387256194565664e-05,-5.82741690685032e-05,-1.42642492300305e-07,-2.6964519965833338e-05,-5.961870247863028e-05,-1.4923401140109134e-07,-2.754726168855013e-05,-6.097847329158417e-05,-1.5605125391555512e-07,-2.8135456382000006e-05,-6.235347712783653e-05,0.3500000000000001
-1.0240663702853338e-07,-2.3040111064196376e-05,-5.052719313687653e-05,-1.0755579660699744e-07,-2.358398182349263e-05,-5.178021290850782e-05,-1.1289664758001315e-07,-2.413348068324421e-05,-5.30484953293023e-05,-1.1843388272630179e-07,-2.468858258760666e-05,-5.4332036314325815e-05,-1.241722511700145e-07,-2.5249262493005273e-05,-5.563083172951034e-05,-1.3011655836136356e-07,-2.5815495368235925e-05,-5.694487739166763e-05,-1.36271666057024e-07,-2.6387256194565664e-05,-5.82741690685032e-05,-1.42642492300305e-07,-2.6964519965833338e-05,-5.961870247863028e-05,-1.4923401140109134e-07,-2.754726168855013e-05,-6.097847329158417e-05,-1.5605125391555512e-07,-2.8135456382000006e-05,-6.235347712783653e-05,0.3500000000000001
-1.0240663702853338e-07,-2.3040111064196376e-05,-5.052719313687653e-05,-1.0755579660699744e-07,-2.358398182349263e-05,-5.178021290850782e-05,-1.1289664758001315e-07,-2.413348068324421e-05,-5.30484953293023e-05,-1.1843388272630179e-07,-2.468858258760666e-05,-5.4332036314325815e-05,-1.241722511700145e-07,-2.5249262493005273e-05,-5.563083172951034e-05,-1.3011655836136356e-07,-2.5815495368235925e-05,-5.694487739166763e-05,-1.36271666057024e-07,-2.6387256194565664e-05,-5.82741690685032e-05,-1.42642492300305e-07,-2.6964519965833338e-05,-5.961870247863028e-05,-1.4923401140109134e-07,-2.754726168855013e-05,-6.097847329158417e-05,-1.5605125391555512e-07,-2.8135456382000006e-05,-6.235347712783653e-05,0.3500000000000001
-1.0240663702853338e-07,-2.3040111064196376e-05,-5.052719313687653e-05,-1.0755579660699744e-07,-2.358398182349263e-05,-5.178021290850782e-05,-1.1289664758001315e-07,-2.413348068324421e-05,-5.30484953293023e-05,-1.1843388272630179e-07,-2.468858258760666e-05,-5.4332036314325815e-05,-1.241722511700145e-07,-2.5249262493005273e-05,-5.563083172951034e-05,-1.3011655836136356e-07,-2.5815495368235925e-05,-5.694487739166763e-05,-1.36271666057024e-07,-2.6387256194565664e-05,-5.82741690685032e-05,-1.42642492300305e-07,-2.6964519965833338e-05,-5.961870247863028e-05,-1.4923401140109134e-07,-2.754726168855013e-05,-6.097847329158417e-05,-1.5605125391555512e-07,-2.8135456382000006e-05,-6.235347712783653e-05,0.3500000000000001
-1.0240663702853338e-07,-2.3040111064196376e-05,-5.052719313687653e-05,-1.0755579660699744e-07,-2.358398182349263e-05,-5.178021290850782e-05,-1.1289664758001315e-07,-2.413348068324421e-05,-5.30484953293023e-05,-1.1843388272630179e-07,-2.468858258760666e-05,-5.4332036314325815e-05,-1.241722511700145e-07,-2.5249262493005273e-05,-5.563083172951034e-05,-1.3011655836136356e-07,-2.5815495368235925e-05,-5.694487739166763e-05,-1.36271666057024e-07,-2.6387256194565664e-05,-5.82741690685032e-05,-1.42642492300305e-07,-2.6964519965833338e-05,-5.961870247863028e-05,-1.4923401140109134e-07,-2.754726168855013e-05,-6.097847329158417e-05,-1.5605125391555512e-07,-2.8135456382000006e-05,-6.235347712783653e-05,0.3500000000000001
-1.0240663702853338e-07,-2.3040111064196376e-05,-5.052719313687653e-05,-1.0755579660699744e-07,-2.358398182349263e-05,-5.178021290850782e-05,-1.1289664758001315e-07,-2.413348068324421e-05,-5.30484953293023e-05,-1.1843388272630179e-07,-2.468858258760666e-05,-5.4332036314325815e-05,-1.241722511700145e-07,-2.5249262493005273e-05,-5.563083172951034e-05,-1.3011655836136356e-07,-2.5815495368235925e-05,-5.694487739166763e-05,-1.36271666057024e-07,-2.6387256194565664e-05,-5.82741690685032e-05,-1.42642492300305e-07,-2.6964519965833338e-05,-5.961870247863028e-05,-1.4923401140109134e-07,-2.754726168855013e-05,-6.097847329158417e-05,-1.5605125391555512e-07,-2.8135456382000006e-05,-6.235347712783653e-05,0.3500000000000001
-1.0240663702853338e-07,-2.3040111064196376e-05,-5.052719313687653e-05,-1.0755579660699744e-07,-2.358398182349263e-05,-5.178021290850782e-05,-1.1289664758001315e-07,-2.413348068324421e-05,-5.30484953293023e-05,-1.1843388272630179e-07,-2.468858258760666e-05,-5.4332036314325815e-05,-1.241722511700145e-07,-2.5249262493005273e-05,-5.563083172951034e-05,-1.3011655836136356e-07,-2.5815495368235925e-05,-5.694487739166763e-05,-1.36271666057024e-07,-2.6387256194565664e-05,-5.82741690685032e-05,-1.42642492300305e-07,-2.6964519965833338e-05,-5.961870247863028e-05,-1.4923401140109134e-07,-2.754726168855013e-05,-6.097847329158417e-05,-1.5605125391555512e-07,-2.8135456382000006e-05,-6.235347712783653e-05,0.3500000000000001
-1.0240663702853338e-07,-2.3040111064196376e-05,-5.052719313687653e-05,-1.0755579660699744e-07,-2.358398182349263e-05,-5.178021290850782e-05,-1.1289664758001315e-07,-2.413348068324421e-05,-5.30484953293023e-05,-1.1843388272630179e-07,-2.468858258760666e-05,-5.4332036314325815e-05,-1.241722511700145e-07,-2.5249262493005273e-05,-5.563083172951034e-05,-1.3011655836136356e-07,-2.5815495368235925e-05,-5.694487739166763e-05,-1.36271666057024e-07,-2.6387256194565664e-05,-5.82741690685032e-05,-1.42642492300305e-07,-2.6964519965833338e-05,-5.961870247863028e-05,-1.4923401140109134e-07,-2.754726168855013e-05,-6.097847329158417e-05,-1.5605125391555512e-07,-2.8135456382000006e-05,-6.235347712783653e-05,0.3500000000000001
-1.0240663702853338e-07,-2.3040111064196376e-05,-5.052719313687653e-05,-1.0755579660699744e-07,-2.358398182349263e-05,-5.178021290850782e-05,-1.1289664758001315e-07,-2.413348068324421e-05,-5.30484953293023e-05,-1.1843388272630179e-07,-2.468858258760666e-05,-5.4332036314325815e-05,-1.241722511700145e-07,-2.5249262493005273e-05,-5.563083172951034e-05,-1.3011655836136356e-07,-2.5815495368235925e-05,-5.694487739166763e-05,-1.36271666057024e-07,-2.6387256194565664e-05,-5.82741690685032e-05,-1.42642492300305e-07,-2.6964519965833338e-05,-5.961870247863028e-05,-1.4923401140109134e-07,-2.754726168855013e-05,-6.097847329158417e-05,-1.5605125391555512e-07,-2.8135456382000006e-05,-6.235347712783653e-05,0.3500000000000001
-1.0240663702853338e-07,-2.3040111064196376e-05,-5.052719313687653e-05,-1.0755579660699744e-07,-2.358398182349263e-05,-5.178021290850782e-05,-1.1289664758001315e-07,-2.413348068324421e-05,-5.30484953293023e-05,-1.1843388272630179e-07,-2.468858258760666e-05,-5.4332036314325815e-05,-1.241722511700145e-07,-2.5249262493005273e-05,-5.563083172951034e-05,-1.3011655836136356e-07,-2.5815495368235925e-05,-5.694487739166763e-05,-1.36271666057024e-07,-2.6387256194565664e-05,-5.82741690685032e-05,-1.42642492300305e-07,-2.6964519965833338e-05,-5.961870247863028e-05,-1.4923401140109134e-07,-2.754726168855013e-05,-6.097847329158417e-05,-1.5605125391555512e-07,-2.8135456382000006e-05,-6.235347712783653e-05,0.3500000000000001
-1.0240663702853338e-07,-2.3040111064196376e-05,-5.052719313687653e-05,-1.0755579660699744e-07,-2.358398182349263e-05,-5.178021290850782e-05,-1.1289664758001315e-07,-2.413348068324421e-05,-5.30484953293023e-05,-1.1843388272630179e-07,-2.468858258760666e-05,-5.4332036314325815e-05,-1.241722511700145e-07,-2.5249262493005273e-05,-5.563083172951034e-05,-1.3011655836136356e-07,-2.5815495368235925e-05,-5.694487739166763e-05,-1.36271666057024e-07,-2.6387256194565664e-05,-5.82741690685032e-05,-1.42642492300305e-07,-2.6964519965833338e-05,-5.961870247863028e-05,-1.4923401140109134e-07,-2.754726168855013e-05,-6.097847329158417e-05,-1.5605125391555512e-07,-2.8135456382000006e-05,-6.235347712783653e-05,0.3500000000000001
-1.0240663702853338e-07,-2.3040111064196376e-05,-5.052719313687653e-05,-1.0755579660699744e-07,-2.358398182349263e-05,-5.178021290850782e-05,-1.1289664758001315e-07,-2.413348068324421e-05,-5.30484953293023e-05,-1.1843388272630179e-07,-2.468858258760666e-05,-5.4332036314325815e-05,-1.241722511700145e-07,-2.5249262493005273e-05,-5.563083172951034e-05,-1.3011655836136356e-07,-2.5815495368235925e-05,-5.694487739166763e-05,-1.36271666057024e-07,-2.6387256194565664e-05,-5.82741690685032e-05,-1.42642492300305e-07,-2.6964519965833338e-05,-5.961870247863028e-05,-1.4923401140109134e-07,-2.754726168855013e-05,-6.097847329158417e-05,-1.5605125391555512e-07,-2.8135456382000006e-05,-6.235347712783653e-05,0.3500000000000001
-1.0240663702853338e-07,-2.3040111064196376e-05,-5.052719313687653e-05,-1.0755579660699744e-07,-2.358398182349263e-05,-5.178021290850782e-05,-1.1289664758001315e-07,-2.413348068324421e-05,-5.30484953293023e-05,-1.1843388272630179e-07,-2.468858258760666e-05,-5.4332036314325815e-05,-1.241722511700145e-07,-2.5249262493005273e-05,-5.563083172951034e-05,-1.3011655836136356e-07,-2.5815495368235925e-05,-5.694487739166763e-05,-1.36271666057024e-07,-2.6387256194565664e-05,-5.82741690685032e-05,-1.42642492300305e-07,-2.6964519965833338e-05,-5.961870247863028e-05,-1.4923401140109134e-07,-2.754726168855013e-05,-6.097847329158417e-05,-1.5605125391555512e-07,-2.8135456382000006e-05,-6.235347712783653e-05,0.3500000000000001
-1.0240663702853338e-07,-2.3040111064196376e-05,-5.052719313687653e-05,-1.0755579660699744e-07,-2.358398182349263e-05,-5.178021290850782e-05,-1.1289664758001315e-07,-2.413348068324421e-05,-5.30484953293023e-05,-1.1843388272630179e-07,-2.468858258760666e-05,-5.4332036314325815e-05,-1.241722511700145e-07,-2.5249262493005273e-05,-5.563083172951034e-05,-1.3011655836136356e-07,-2.5815495368235925e-05,-5.694487739166763e-05,-1.36271666057024e-07,-2.6387256194565664e-05,-5.82741690685032e-05,-1.42642492300305e-07,-2.6964519965833338e-05,-5.961870247863028e-05,-1.4923401140109134e-07,-2.754726168855013e-05,-6.097847329158417e-05,-1.5605125391555512e-07,-2.8135456382000006e-05,-6.235347712783653e-05,0.3500000000000001
-1.0240663702853338e-07,-2.3040111064196376e-05,-5.052719313687653e-05,-1.0755579660699744e-07,-2.358398182349263e-05,-5.178021290850782e-05,-1.1289664758001315e-07,-2.413348068324421e-05,-5.30484953293023e-05,-1.1843388272630179e-07,-2.468858258760666e-05,-5.4332036314325815e-05,-1.241722511700145e-07,-2.5249262493005273e-05,-5.563083172951034e-05,-1.3011655836136356e-07,-2.5815495368235925e-05,-5.694487739166763e-05,-1.36271666057024e-07,-2.6387256194565664e-05,-5.82741690685032e-05,-1.42642492300305e-07,-2.6964519965833338e-05,-5.961870247863028e-05,-1.4923401140109134e-07,-2.754726168855013e-05,-6.097847329158417e-05,-1.5605125391555512e-07,-2.8135456382000006e-05,-6.235347712783653e-05,0.3500000000000001
-1.0240663702853338e-07,-2.3040111064196376e-05,-5.052719313687653e-05,-1.0755579660699744e-07,-2.358398182349263e-05,-5.178021290850782e-05,-1.1289664758001315e-07,-2.413348068324421e-05,-5.30484953293023e-05,-1.1843388272630179e-07,-2.468858258760666e-05,-5.4332036314325815e-05,-1.241722511700145e-07,-2.5249262493005273e-05,-5.563083172951034e-05,-1.3011655836136356e-07,-2.5815495368235925e-05,-5.694487739166763e-05,-1.36271666057024e-07,-2.6387256194565664e-05,-5.82741690685032e-05,-1.42642492300305e-07,-2.6964519965833338e-05,-5.961870247863028e-05,-1.4923401140109134e-07,-2.754726168855013e-05,-6.097847329158417e-05,-1.5605125391555512e-07,-2.8135456382000006e-05,-6.235347712783653e-05,0.3500000000000001
-1.0240663702853338e-07,-2.3040111064196376e-05,-5.052719313687653e-05,-1.0755579660699744e-07,-2.358398182349263e-05,-5.178021290850782e-05,-1.1289664758001315e-07,-2.413348068324421e-05,-5.30484953293023e-05,-1.1843388272630179e-07,-2.468858258760666e-05,-5.4332036314325815e-05,-1.241722511700145e-07,-2.5249262493005273e-05,-5.563083172951034e-05,-1.3011655836136356e-07,-2.5815495368235925e-05,-5.694487739166763e-05,-1.36271666057024e-07,-2.6387256194565664e-05,-5.82741690685032e-05,-1.42642492300305e-07,-2.6964519965833338e-05,-5.961870247863028e-05,-1.4923401140109134e-07,-2.754726168855013e-05,-6.097847329158417e-05,-1.5605125391555512e-07,-2.8135456382000006e-05,-6.235347712783653e-05,0.3500000000000001
-1.0240663702853338e-07,-2.3040111064196376e-05,-5.052719313687653e-05,-1.0755579660699744e-07,-2.358398182349263e-05,-5.178021290850782e-05,-1.1289664758001315e-07,-2.413348068324421e-05,-5.30484953293023e-05,-1.1843388272630179e-07,-2.468858258760666e-05,-5.4332036314325815e-05,-1.241722511700145e-07,-2.5249262493005273e-05,-5.563083172951034e-05,-1.3011655836136356e-07,-2.5815495368235925e-05,-5.694487739166763e-05,-1.36271666057024e-07,-2.6387256194565664e-05,-5.82741690685032e-05,-1.42642492300305e-07,-2.6964519965833338e-05,-5.961870247863028e-05,-1.4923401140109134e-07,-2.754726168855013e-05,-6.097847329158417e-05,-1.5605125391555512e-07,-2.8135456382000006e-05,-6.235347712783653e-05,0.3500000000000001
-1.0240663702853338e-07,-2.3040111064196376e-05,-5.052719313687653e-05,-1.0755579660699744e-07,-2.358398182349263e-05,-5.178021290850782e-05,-1.1289664758001315e-07,-2.413348068324421e-05,-5.30484953293023e-05,-1.1843388272630179e-07,-2.468858258760666e-05,-5.4332036314325815e-05,-1.241722511700145e-07,-2.5249262493005273e-05,-5.563083172951034e-05,-1.3011655836136356e-07,-2.5815495368235925e-05,-5.694487739166763e-05,-1.36271666057024e-07,-2.6387256194565664e-05,-5.82741690685032e-05,-1.42642492300305e-07,-2.6964519965833338e-05,-5.961870247863028e-05,-1.4923401140109134e-07,-2.754726168855013e-05,-6.097847329158417e-05,-1.5605125391555512e-07,-2.8135456382000006e-05,-6.235347712783653e-05,0.3500000000000001
-1.0240663702853338e-07,-2.3040111064196376e-05,-5.052719313687653e-05,-1.0755579660699744e-07,-2.358398182349263e-05,-5.178021290850782e-05,-1.1289664758001315e-07,-2.413348068324421e-05,-5.30484953293023e-05,-1.1843388272630179e-07,-2.468858258760666e-05,-5.4332036314325815e-05,-1.241722511700145e-07,-2.5249262493005273e-05,-5.563083172951034e-05,-1.3011655836136356e-07,-2.5815495368235925e-05,-5.694487739166763e-05,-1.36271666057024e-07,-2.6387256194565664e-05,-5.82741690685032e-05,-1.42642492300305e-07,-2.6964519965833338e-05,-5.961870247863028e-05,-1.4923401140109134e-07,-2.754726168855013e-05,-6.097847329158417e-05,-1.5605125391555512e-07,-2.8135456382000006e-05,-6.235347712783653e-05,0.3500000000000001
-1.0240663702853338e-07,-2.3040111064196376e-05,-5.052719313687653e-05,-1.0755579660699744e-07,-2.358398182349263e-05,-5.178021290850782e-05,-1.1289664758001315e-07,-2.413348068324421e-05,-5.30484953293023e-05,-1.1843388272630179e-07,-2.468858258760666e-05,-5.4332036314325815e-05,-1.241722511700145e-07,-2.5249262493005273e-05,-5.563083172951034e-05,-1.3011655836136356e-07,-2.5815495368235925e-05,-5.694487739166763e-05,-1.36271666057024e-07,-2.6387256194565664e-05,-5.82741690685032e-05,-1.42642492300305e-07,-2.6964519965833338e-05,-5.961870247863028e-05,-1.4923401140109134e-07,-2.754726168855013e-05,-6.097847329158417e-05,-1.5605125391555512e-07,-2.8135456382000006e-05,-6.235347712783653e-05,0.3500000000000001
-1.0240663702853338e-07,-2.3040111064196376e-05,-5.052719313687653e-05,-1.0755579660699744e-07,-2.358398182349263e-05,-5.178021290850782e-05,-1.1289664758001315e-07,-2.413348068324421e-05,-5.30484953293023e-05,-1.1843388272630179e-07,-2.468858258760666e-05,-5.4332036314325815e-05,-1.241722511700145e-07,-2.5249262493005273e-05,-5.563083172951034e-05,-1.3011655836136356e-07,-2.5815495368235925e-05,-5.694487739166763e-05,-1.36271666057024e-07,-2.6387256194565664e-05,-5.82741690685032e-05,-1.42642492300305e-07,-2.6964519965833338e-05,-5.961870247863028e-05,-1.4923401140109134e-07,-2.754726168855013e-05,-6.097847329158417e-05,-1.5605125391555512e-07,-2.8135456382000006e-05,-6.235347712783653e-05,0.3500000000000001
-1.0240663702853338e-07,-2.3040111064196376e-05,-5.052719313687653e-05,-1.0755579660699744e-07,-2.358398182349263e-05,-5.178021290850782e-05,-1.1289664758001315e-07,-2.413348068324421e-05,-5.30484953293023e-05,-1.1843388272630179e-07,-2.468858258760666e-05,-5.4332036314325815e-05,-1.241722511700145e-07,-2.5249262493005273e-05,-5.563083172951034e-05,-1.3011655836136356e-07,-2.5815495368235925e-05,-5.694487739166763e-05,-1.36271666057024e-07,-2.6387256194565664e-05,-5.82741690685032e-05,-1.42642492300305e-07,-2.6964519965833338e-05,-5.961870247863028e-05,-1.4923401140109134e-07,-2.754726168855013e-05,-6.097847329158417e-05,-1.5605125391555512e-07,-2.8135456382000006e-05,-6.235347712783653e-05,0.3500000000000001
-1.0240663702853338e-07,-2.3040111064196376e-05,-5.052719313687653e-05,-1.0755579660699744e-07,-2.358398182349263e-05,-5.178021290850782e-05,-1.1289664758001315e-07,-2.413348068324421e-05,-5.30484953293023e-05,-1.1843388272630179e-07,-2.468858258760666e-05,-5.4332036314325815e-05,-1.241722511700145e-07,-2.5249262493005273e-05,-5.563083172951034e-05,-1.3011655836136356e-07,-2.5815495368235925e-05,-5.694487739166763e-05,-1.36271666057024e-07,-2.6387256194565664e-05,-5.82741690685032e-05,-1.42642492300305e-07,-2.6964519965833338e-05,-5.961870247863028e-05,-1.4923401140109134e-07,-2.754726168855013e-05,-6.097847329158417e-05,-1.5605125391555512e-07,-2.8135456382000006e-05,-6.235347712783653e-05,0.3500000000000001
-1.0240663702853338e-07,-2.3040111064196376e-05,-5.052719313687653e-05,-1.0755579660699744e-07,-2.358398182349263e-05,-5.178021290850782e-05,-1.1289664758001315e-07,-2.413348068324421e-05,-5.30484953293023e-05,-1.1843388272630179e-07,-2.468858258760666e-05,-5.4332036314325815e-05,-1.241722511700145e-07,-2.5249262493005273e-05,-5.563083172951034e-05,-1.3011655836136356e-07,-2.5815495368235925e-05,-5.694487739166763e-05,-1.36271666057024e-07,-2.6387256194565664e-05,-5.82741690685032e-05,-1.42642492300305e-07,-2.6964519965833338e-05,-5.961870247863028e-05,-1.4923401140109134e-07,-2.754726168855013e-05,-6.097847329158417e-05,-1.5605125391555512e-07,-2.8135456382000006e-05,-6.235347712783653e-05,0.3500000000000001
-1.0240663702853338e-07,-2.3040111064196376e-05,-5.052719313687653e-05,-1.0755579660699744e-07,-2.358398182349263e-05,-5.178021290850782e-05,-1.1289664758001315e-07,-2.413348068324421e-05,-5.30484953293023e-05,-1.1843388272630179e-07,-2.468858258760666e-05,-5.4332036314325815e-05,-1.241722511700145e-07,-2.5249262493005273e-05,-5.563083172951034e-05,-1.3011655836136356e-07,-2.5815495368235925e-05,-5.694487739166763e-05,-1.36271666057024e-07,-2.6387256194565664e-05,-5.82741690685032e-05,-1.42642492300305e-07,-2.6964519965833338e-05,-5.961870247863028e-05,-1.4923401140109134e-07,-2.754726168855013e-05,-6.097847329158417e-05,-1.5605125391555512e-07,-2.8135456382000006e-05,-6.235347712783653e-05,0.3500000000000001
-1.0240663702853338e-07,-2.3040111064196376e-05,-5.052719313687653e-05,-1.0755579660699744e-07,-2.358398182349263e-05,-5.178021290850782e-05,-1.1289664758001315e-07,-2.413348068324421e-05,-5.30484953293023e-05,-1.1843388272630179e-07,-2.468858258760666e-05,-5.4332036314325815e-05,-1.241722511700145e-07,-2.5249262493005273e-05,-5.563083172951034e-05,-1.3011655836136356e-07,-2.5815495368235925e-05,-5.694487739166763e-05,-1.36271666057024e-07,-2.6387256194565664e-05,-5.82741690685032e-05,-1.42642492300305e-07,-2.6964519965833338e-05,-5.961870247863028e-05,-1.4923401140109134e-07,-2.754726168855013e-05,-6.097847329158417e-05,-1.5605125391555512e-07,-2.8135456382000006e-05,-6.235347712783653e-05,0.3500000000000001
-1.0240663702853338e-07,-2.3040111064196376e-05,-5.052719313687653e-05,-1.0755579660699744e-07,-2.358398182349263e-05,-5.178021290850782e-05,-1.1289664758001315e-07,-2.413348068324421e-05,-5.30484953293023e-05,-1.1843388272630179e-07,-2.468858258760666e-05,-5.4332036314325815e-05,-1.241722511700145e-07,-2.5249262493005273e-05,-5.563083172951034e-05,-1.3011655836136356e-07,-2.5815495368235925e-05,-5.694487739166763e-05,-1.36271666057024e-07,-2.6387256194565664e-05,-5.82741690685032e-05,-1.42642492300305e-07,-2.6964519965833338e-05,-5.961870247863028e-05,-1.4923401140109134e-07,-2.754726168855013e-05,-6.097847329158417e-05,-1.5605125391555512e-07,-2.8135456382000006e-05,-6.235347712783653e-05,0.3500000000000001
-1.0240663702853338e-07,-2.3040111064196376e-05,-5.052719313687653e-05,-1.0755579660699744e-07,-2.358398182349263e-05,-5.178021290850782e-05,-1.1289664758001315e-07,-2.413348068324421e-05,-5.30484953293023e-05,-1.1843388272630179e-07,-2.468858258760666e-05,-5.4332036314325815e-05,-1.241722511700145e-07,-2.5249262493005273e-05,-5.563083172951034e-05,-1.3011655836136356e-07,-2.5815495368235925e-05,-5.694487739166763e-05,-1.36271666057024e-07,-2.6387256194565664e-05,-5.82741690685032e-05,-1.42642492300305e-07,-2.6964519965833338e-05,-5.961870247863028e-05,-1.4923401140109134e-07,-2.754726168855013e-05,-6.097847329158417e-05,-1.5605125391555512e-07,-2.8135456382000006e-05,-6.235347712783653e-05,0.3500000000000001
-1.0240663702853338e-07,-2.3040111064196376e-05,-5.052719313687653e-05,-1.0755579660699744e-07,-2.358398182349263e-05,-5.178021290850782e-05,-1.1289664758001315e-07,-2.413348068324421e-05,-5.30484953293023e-05,-1.1843388272630179e-07,-2.468858258760666e-05,-5.4332036314325815e-05,-1.241722511700145e-07,-2.5249262493005273e-05,-5.563083172951034e-05,-1.3011655836136356e-07,-2.5815495368235925e-05,-5.694487739166763e-05,-1.36271666057024e-07,-2.6387256194565664e-05,-5.82741690685032e-05,-1.42642492300305e-07,-2.6964519965833338e-05,-5.961870247863028e-05,-1.4923401140109134e-07,-2.754726168855013e-05,-6.097847329158417e-05,-1.5605125391555512e-07,-2.8135456382000006e-05,-6.235347712783653e-05,0.3500000000000001
-1.0240663702853338e-07,-2.3040111064196376e-05,-5.052719313687653e-05,-1.0755579660699744e-07,-2.358398182349263e-05,-5.178021290850782e-05,-1.1289664758001315e-07,-2.413348068324421e-05,-5.30484953293023e-05,-1.1843388272630179e-07,-2.468858258760666e-05,-5.4332036314325815e-05,-1.241722511700145e-07,-2.5249262493005273e-05,-5.563083172951034e-05,-1.3011655836136356e-07,-2.5815495368235925e-05,-5.694487739166763e-05,-1.36271666057024e-07,-2.6387256194565664e-05,-5.82741690685032e-05,-1.42642492300305e-07,-2.6964519965833338e-05,-5.961870247863028e-05,-1.4923401140109134e-07,-2.754726168855013e-05,-6.097847329158417e-05,-1.5605125391555512e-07,-2.8135456382000006e-05,-6.235347712783653e-05,0.3500000000000001
-1.0240663702853338e-07,-2.3040111064196376e-05,-5.052719313687653e-05,-1.0755579660699744e-07,-2.358398182349263e-05,-5.178021290850782e-05,-1.1289664758001315e-07,-2.413348068324421e-05,-5.30484953293023e-05,-1.1843388272630179e-07,-2.468858258760666e-05,-5.4332036314325815e-05,-1.241722511700145e-07,-2.5249262493005273e-05,-5.563083172951034e-05,-1.3011655836136356e-07,-2.5815495368235925e-05,-5.694487739166763e-05,-1.36271666057024e-07,-2.6387256194565664e-05,-5.82741690685032e-05,-1.42642492300305e-07,-2.6964519965833338e-05,-5.961870247863028e-05,-1.4923401140109134e-07,-2.754726168855013e-05,-6.097847329158417e-05,-1.5605125391555512e-07,-2.8135456382000006e-05,-6.235347712783653e-05,0.3500000000000001
-1.0240663702853338e-07,-2.3040111064196376e-05,-5.052719313687653e-05,-1.0755579660699744e-07,-2.358398182349263e-05,-5.178021290850782e-05,-1.1289664758001315e-07,-2.413348068324421e-05,-5.30484953293023e-05,-1.1843388272630179e-07,-2.468858258760666e-05,-5.4332036314325815e-05,-1.241722511700145e-07,-2.5249262493005273e-05,-5.563083172951034e-05,-1.3011655836136356e-07,-2.5815495368235925e-05,-5.694487739166763e-05,-1.36271666057024e-07,-2.6387256194565664e-05,-5.82741690685032e-05,-1.42642492300305e-07,-2.6964519965833338e-05,-5.961870247863028e-05,-1.4923401140109134e-07,-2.754726168855013e-05,-6.097847329158417e-05,-1.5605125391555512e-07,-2.8135456382000006e-05,-6.235347712783653e-05,0.3500000000000001
-1.0240663702853338e-07,-2.3040111064196376e-05,-5.052719313687653e-05,-1.0755579660699744e-07,-2.358398182349263e-05,-5.178021290850782e-05,-1.1289664758001315e-07,-2.413348068324421e-05,-5.30484953293023e-05,-1.1843388272630179e-07,-2.468858258760666e-05,-5.4332036314325815e-05,-1.241722511700145e-07,-2.5249262493005273e-05,-5.563083172951034e-05,-1.3011655836136356e-07,-2.5815495368235925e-05,-5.694487739166763e-05,-1.36271666057024e-07,-2.6387256194565664e-05,-5.82741690685032e-05,-1.42642492300305e-07,-2.6964519965833338e-05,-5.961870247863028e-05,-1.4923401140109134e-07,-2.754726168855013e-05,-6.097847329158417e-05,-1.5605125391555512e-07,-2.8135456382000006e-05,-6.235347712783653e-05,0.3500000000000001
-1.0240663702853338e-07,-2.3040111064196376e-05,-5.052719313687653e-05,-1.0755579660699744e-07,-2.358398182349263e-05,-5.178021290850782e-05,-1.1289664758001315e-07,-2.413348068324421e-05,-5.30484953293023e-05,-1.1843388272630179e-07,-2.468858258760666e-05,-5.4332036314325815e-05,-1.241722511700145e-07,-2.5249262493005273e-05,-5.563083172951034e-05,-1.3011655836136356e-07,-2.5815495368235925e-05,-5.694487739166763e-05,-1.36271666057024e-07,-2.6387256194565664e-05,-5.82741690685032e-05,-1.42642492300305e-07,-2.6964519965833338e-05,-5.961870247863028e-05,-1.4923401140109134e-07,-2.754726168855013e-05,-6.097847329158417e-05,-1.5605125391555512e-07,-2.8135456382000006e-05,-6.235347712783653e-05,0.3500000000000001
-1.0240663702853338e-07,-2.3040111064196376e-05,-5.052719313687653e-05,-1.0755579660699744e-07,-2.358398182349263e-05,-5.178021290850782e-05,-1.1289664758001315e-07,-2.413348068324421e-05,-5.30484953293023e-05,-1.1843388272630179e-07,-2.468858258760666e-05,-5.4332036314325815e-05,-1.241722511700145e-07,-2.5249262493005273e-05,-5.563083172951034e-05,-1.3011655836136356e-07,-2.5815495368235925e-05,-5.694487739166763e-05,-1.36271666057024e-07,-2.6387256194565664e-05,-5.82741690685032e-05,-1.42642492300305e-07,-2.6964519965833338e-05,-5.961870247863028e-05,-1.4923401140109134e-07,-2.754726168855013e-05,-6.097847329158417e-05,-1.5605125391555512e-07,-2.8135456382000006e-05,-6.235347712783653e-05,0.3500000000000001
-1.0240663702853338e-07,-2.3040111064196376e-05,-5.052719313687653e-05,-1.0755579660699744e-07,-2.358398182349263e-05,-5.178021290850782e-05,-1.1289664758001315e-07,-2.413348068324421e-05,-5.30484953293023e-05,-1.1843388272630179e-07,-2.468858258760666e-05,-5.4332036314325815e-05,-1.241722511700145e-07,-2.5249262493005273e-05,-5.563083172951034e-05,-1.3011655836136356e-07,-2.5815495368235925e-05,-5.694487739166763e-05,-1.36271666057024e-07,-2.6387256194565664e-05,-5.82741690685032e-05,-1.42642492300305e-07,-2.6964519965833338e-05,-5.961870247863028e-05,-1.4923401140109134e-07,-2.754726168855013e-05,-6.097847329158417e-05,-1.5605125391555512e-07,-2.8135456382000006e-05,-6.235347712783653e-05,0.3500000000000001
-1.0240663702853338e-07,-2.3040111064196376e-05,-5.052719313687653e-05,-1.0755579660699744e-07,-2.358398182349263e-05,-5.178021290850782e-05,-1.1289664758001315e-07,-2.413348068324421e-05,-5.30484953293023e-05,-1.1843388272630179e-07,-2.468858258760666e-05,-5.4332036314325815e-05,-1.241722511700145e-07,-2.5249262493005273e-05,-5.563083172951034e-05,-1.3011655836136356e-07,-2.5815495368235925e-05,-5.694487739166763e-05,-1.36271666057024e-07,-2.6387256194565664e-05,-5.82741690685032e-05,-1.42642492300305e-07,-2.6964519965833338e-05,-5.961870247863028e-05,-1.4923401140109134e-07,-2.754726168855013e-05,-6.097847329158417e-05,-1.5605125391555512e-07,-2.8135456382000006e-05,-6.235347712783653e-05,0.3500000000000001
-1.0240663702853338e-07,-2.3040111064196376e-05,-5.052719313687653e-05,-1.0755579660699744e-07,-2.358398182349263e-05,-5.178021290850782e-05,-1.1289664758001315e-07,-2.413348068324421e-05,-5.30484953293023e-05,-1.1843388272630179e-07,-2.468858258760666e-05,-5.4332036314325815e-05,-1.241722511700145e-07,-2.5249262493005273e-05,-5.563083172951034e-05,-1.3011655836136356e-07,-2.5815495368235925e-05,-5.694487739166763e-05,-1.36271666057024e-07,-2.6387256194565664e-05,-5.82741690685032e-05,-1.42642492300305e-07,-2.6964519965833338e-05,-5.961870247863028e-05,-1.4923401140109134e-07,-2.754726168855013e-05,-6.097847329158417e-05,-1.5605125391555512e-07,-2.8135456382000006e-05,-6.235347712783653e-05,0.3500000000000001
-1.0240663702853338e-07,-2.3040111064196376e-05,-5.052719313687653e-05,-1.0755579660699744e-07,-2.358398182349263e-05,-5.178021290850782e-05,-1.1289664758001315e-07,-2.413348068324421e-05,-5.30484953293023e-05,-1.1843388272630179e-07,-2.468858258760666e-05,-5.4332036314325815e-05,-1.241722511700145e-07,-2.5249262493005273e-05,-5.563083172951034e-05,-1.3011655836136356e-07,-2.5815495368235925e-05,-5.694487739166763e-05,-1.36271666057024e-07,-2.6387256194565664e-05,-5.82741690685032e-05,-1.42642492300305e-07,-2.6964519965833338e-05,-5.961870247863028e-05,-1.4923401140109134e-07,-2.754726168855013e-05,-6.097847329158417e-05,-1.5605125391555512e-07,-2.8135456382000006e-05,-6.235347712783653e-05,0.3500000000000001
-1.0240663702853338e-07,-2.3040111064196376e-05,-5.052719313687653e-05,-1.0755579660699744e-07,-2.358398182349263e-05,-5.178021290850782e-05,-1.1289664758001315e-07,-2.413348068324421e-05,-5.30484953293023e-05,-1.1843388272630179e-07,-2.468858258760666e-05,-5.4332036314325815e-05,-1.241722511700145e-07,-2.5249262493005273e-05,-5.563083172951034e-05,-1.3011655836136356e-07,-2.5815495368235925e-05,-5.694487739166763e-05,-1.36271666057024e-07,-2.6387256194565664e-05,-5.82741690685032e-05,-1.42642492300305e-07,-2.6964519965833338e-05,-5.961870247863028e-05,-1.4923401140109134e-07,-2.754726168855013e-05,-6.097847329158417e-05,-1.5605125391555512e-07,-2.8135456382000006e-05,-6.235347712783653e-05,0.3500000000000001
-1.0240663702853338e-07,-2.3040111064196376e-05,-5.052719313687653e-05,-1.0755579660699744e-07,-2.358398182349263e-05,-5.178021290850782e-05,-1.1289664758001315e-07,-2.413348068324421e-05,-5.30484953293023e-05,-1.1843388272630179e-07,-2.468858258760666e-05,-5.4332036314325815e-05,-1.241722511700145e-07,-2.5249262493005273e-05,-5.563083172951034e-05,-1.3011655836136356e-07,-2.5815495368235925e-05,-5.694487739166763e-05,-1.36271666057024e-07,-2.6387256194565664e-05,-5.82741690685032e-05,-1.42642492300305e-07,-2.6964519965833338e-05,-5.961870247863028e-05,-1.4923401140109134e-07,-2.754726168855013e-05,-6.097847329158417e-05,-1.5605125391555512e-07,-2.8135456382000006e-05,-6.235347712783653e-05,0.3500000000000001
-1.0240663702853338e-07,-2.3040111064196376e-05,-5.052719313687653e-05,-1.0755579660699744e-07,-2.358398182349263e-05,-5.178021290850782e-05,-1.1289664758001315e-07,-2.413348068324421e-05,-5.30484953293023e-05,-1.1843388272630179e-07,-2.468858258760666e-05,-5.4332036314325815e-05,-1.241722511700145e-07,-2.5249262493005273e-05,-5.563083172951034e-05,-1.3011655836136356e-07,-2.5815495368235925e-05,-5.694487739166763e-05,-1.36271666057024e-07,-2.6387256194565664e-05,-5.82741690685032e-05,-1.42642492300305e-07,-2.6964519965833338e-05,-5.961870247863028e-05,-1.4923401140109134e-07,-2.754726168855013e-05,-6.097847329158417e-05,-1.5605125391555512e-07,-2.8135456382000006e-05,-6.235347712783653e-05,0.3500000000000001
-1.0240663702853338e-07,-2.3040111064196376e-05,-5.052719313687653e-05,-1.0755579660699744e-07,-2.358398182349263e-05,-5.178021290850782e-05,-1.1289664758001315e-07,-2.413348068324421e-05,-5.30484953293023e-05,-1.1843388272630179e-07,-2.468858258760666e-05,-5.4332036314325815e-05,-1.241722511700145e-07,-2.5249262493005273e-05,-5.563083172951034e-05,-1.3011655836136356e-07,-2.5815495368235925e-05,-5.694487739166763e-05,-1.36271666057024e-07,-2.6387256194565664e-05,-5.82741690685032e-05,-1.42642492300305e-07,-2.6964519965833338e-05,-5.961870247863028e-05,-1.4923401140109134e-07,-2.754726168855013e-05,-6.097847329158417e-05,-1.5605125391555512e-07,-2.8135456382000006e-05,-6.235347712783653e-05,0.3500000000000001
-1.0240663702853338e-07,-2.3040111064196376e-05,-5.052719313687653e-05,-1.0755579660699744e-07,-2.358398182349263e-05,-5.178021290850782e-05,-1.1289664758001315e-07,-2.413348068324421e-05,-5.30484953293023e-05,-1.1843388272630179e-07,-2.468858258760666e-05,-5.4332036314325815e-05,-1.241722511700145e-07,-2.5249262493005273e-05,-5.563083172951034e-05,-1.3011655836136356e-07,-2.5815495368235925e-05,-5.694487739166763e-05,-1.36271666057024e-07,-2.6387256194565664e-05,-5.82741690685032e-05,-1.42642492300305e-07,-2.6964519965833338e-05,-5.961870247863028e-05,-1.4923401140109134e-07,-2.754726168855013e-05,-6.097847329158417e-05,-1.5605125391555512e-07,-2.8135456382000006e-05,-6.235347712783653e-05,0.3500000000000001
-1.0240663702853338e-07,-2.3040111064196376e-05,-5.052719313687653e-05,-1.0755579660699744e-07,-2.358398182349263e-05,-5.178021290850782e-05,-1.1289664758001315e-07,-2.413348068324421e-05,-5.30484953293023e-05,-1.1843388272630179e-07,-2.468858258760666e-05,-5.4332036314325815e-05,-1.241722511700145e-07,-2.5249262493005273e-05,-5.563083172951034e-05,-1.3011655836136356e-07,-2.5815495368235925e-05,-5.694487739166763e-05,-1.36271666057024e-07,-2.6387256194565664e-05,-5.82741690685032e-05,-1.42642492300305e-07,-2.6964519965833338e-05,-5.961870247863028e-05,-1.4923401140109134e-07,-2.754726168855013e-05,-6.097847329158417e-05,-1.5605125391555512e-07,-2.8135456382000006e-05,-6.235347712783653e-05,0.3500000000000001
-1.0240663702853338e-07,-2.3040111064196376e-05,-5.052719313687653e-05,-1.0755579660699744e-07,-2.358398182349263e-05,-5.178021290850782e-05,-1.1289664758001315e-07,-2.413348068324421e-05,-5.30484953293023e-05,-1.1843388272630179e-07,-2.468858258760666e-05,-5.4332036314325815e-05,-1.241722511700145e-07,-2.5249262493005273e-05,-5.563083172951034e-05,-1.3011655836136356e-07,-2.5815495368235925e-05,-5.694487739166763e-05,-1.36271666057024e-07,-2.6387256194565664e-05,-5.82741690685032e-05,-1.42642492300305e-07,-2.6964519965833338e-05,-5.961870247863028e-05,-1.4923401140109134e-07,-2.754726168855013e-05,-6.097847329158417e-05,-1.5605125391555512e-07,-2.8135456382000006e-05,-6.235347712783653e-05,0.3500000000000001
-1.0240663702853338e-07,-2.3040111064196376e-05,-5.052719313687653e-05,-1.0755579660699744e-07,-2.358398182349263e-05,-5.178021290850782e-05,-1.1289664758001315e-07,-2.413348068324421e-05,-5.30484953293023e-05,-1.1843388272630179e-07,-2.468858258760666e-05,-5.4332036314325815e-05,-1.241722511700145e-07,-2.5249262493005273e-05,-5.563083172951034e-05,-1.3011655836136356e-07,-2.5815495368235925e-05,-5.694487739166763e-05,-1.36271666057024e-07,-2.6387256194565664e-05,-5.82741690685032e-05,-1.42642492300305e-07,-2.6964519965833338e-05,-5.961870247863028e-05,-1.4923401140109134e-07,-2.754726168855013e-05,-6.097847329158417e-05,-1.5605125391555512e-07,-2.8135456382000006e-05,-6.235347712783653e-05,0.3500000000000001
-1.0240663702853338e-07,-2.3040111064196376e-05,-5.052719313687653e-05,-1.0755579660699744e-07,-2.358398182349263e-05,-5.178021290850782e-05,-1.1289664758001315e-07,-2.413348068324421e-05,-5.30484953293023e-05,-1.1843388272630179e-07,-2.468858258760666e-05,-5.4332036314325815e-05,-1.241722511700145e-07,-2.5249262493005273e-05,-5.563083172951034e-05,-1.3011655836136356e-07,-2.5815495368235925e-05,-5.694487739166763e-05,-1.36271666057024e-07,-2.6387256194565664e-05,-5.82741690685032e-05,-1.42642492300305e-07,-2.6964519965833338e-05,-5.961870247863028e-05,-1.4923401140109134e-07,-2.754726168855013e-05,-6.097847329158417e-05,-1.5605125391555512e-07,-2.8135456382000006e-05,-6.235347712783653e-05,0.3500000000000001
-1.0240663702853338e-07,-2.3040111064196376e-05,-5.052719313687653e-05,-1.0755579660699744e-07,-2.358398182349263e-05,-5.178021290850782e-05,-1.1289664758001315e-07,-2.413348068324421e-05,-5.30484953293023e-05,-1.1843388272630179e-07,-2.468858258760666e-05,-5.4332036314325815e-05,-1.241722511700145e-07,-2.5249262493005273e-05,-5.563083172951034e-05,-1.3011655836136356e-07,-2.5815495368235925e-05,-5.694487739166763e-05,-1.36271666057024e-07,-2.6387256194565664e-05,-5.82741690685032e-05,-1.42642492300305e-07,-2.6964519965833338e-05,-5.961870247863028e-05,-1.4923401140109134e-07,-2.754726168855013e-05,-6.097847329158417e-05,-1.5605125391555512e-07,-2.8135456382000006e-05,-6.235347712783653e-05,0.3500000000000001
-1.0240663702853338e-07,-2.3040111064196376e-05,-5.052719313687653e-05,-1.0755579660699744e-07,-2.358398182349263e-05,-5.178021290850782e-05,-1.1289664758001315e-07,-2.413348068324421e-05,-5.30484953293023e-05,-1.1843388272630179e-07,-2.468858258760666e-05,-5.4332036314325815e-05,-1.241722511700145e-07,-2.5249262493005273e-05,-5.563083172951034e-05,-1.3011655836136356e-07,-2.5815495368235925e-05,-5.694487739166763e-05,-1.36271666057024e-07,-2.6387256194565664e-05,-5.82741690685032e-05,-1.42642492300305e-07,-2.6964519965833338e-05,-5.961870247863028e-05,-1.4923401140109134e-07,-2.754726168855013e-05,-6.097847329158417e-05,-1.5605125391555512e-07,-2.8135456382000006e-05,-6.235347712783653e-05,0.3500000000000001
-1.0240663702853338e-07,-2.3040111064196376e-05,-5.052719313687653e-05,-1.0755579660699744e-07,-2.358398182349263e-05,-5.178021290850782e-05,-1.1289664758001315e-07,-2.413348068324421e-05,-5.30484953293023e-05,-1.1843388272630179e-07,-2.468858258760666e-05,-5.4332036314325815e-05,-1.241722511700145e-07,-2.5249262493005273e-05,-5.563083172951034e-05,-1.3011655836136356e-07,-2.5815495368235925e-05,-5.694487739166763e-05,-1.36271666057024e-07,-2.6387256194565664e-05,-5.82741690685032e-05,-1.42642492300305e-07,-2.6964519965833338e-05,-5.961870247863028e-05,-1.4923401140109134e-07,-2.754726168855013e-05,-6.097847329158417e-05,-1.5605125391555512e-07,-2.8135456382000006e-05,-6.235347712783653e-05,0.3500000000000001
-1.0240663702853338e-07,-2.3040111064196376e-05,-5.052719313687653e-05,-1.0755579660699744e-07,-2.358398182349263e-05,-5.178021290850782e-05,-1.1289664758001315e-07,-2.413348068324421e-05,-5.30484953293023e-05,-1.1843388272630179e-07,-2.468858258760666e-05,-5.4332036314325815e-05,-1.241722511700145e-07,-2.5249262493005273e-05,-5.563083172951034e-05,-1.3011655836136356e-07,-2.5815495368235925e-05,-5.694487739166763e-05,-1.36271666057024e-07,-2.6387256194565664e-05,-5.82741690685032e-05,-1.42642492300305e-07,-2.6964519965833338e-05,-5.961870247863028e-05,-1.4923401140109134e-07,-2.754726168855013e-05,-6.097847329158417e-05,-1.5605125391555512e-07,-2.8135456382000006e-05,-6.235347712783653e-05,0.3500000000000001
-1.0240663702853338e-07,-2.3040111064196376e-05,-5.052719313687653e-05,-1.0755579660699744e-07,-2.358398182349263e-05,-5.178021290850782e-05,-1.1289664758001315e-07,-2.413348068324421e-05,-5.30484953293023e-05,-1.1843388272630179e-07,-2.468858258760666e-05,-5.4332036314325815e-05,-1.241722511700145e-07,-2.5249262493005273e-05,-5.563083172951034e-05,-1.3011655836136356e-07,-2.5815495368235925e-05,-5.694487739166763e-05,-1.36271666057024e-07,-2.6387256194565664e-05,-5.82741690685032e-05,-1.42642492300305e-07,-2.6964519965833338e-05,-5.961870247863028e-05,-1.4923401140109134e-07,-2.754726168855013e-05,-6.097847329158417e-05,-1.5605125391555512e-07,-2.8135456382000006e-05,-6.235347712783653e-05,0.3500000000000001
-1.0240663702853338e-07,-2.3040111064196376e-05,-5.052719313687653e-05,-1.0755579660699744e-07,-2.358398182349263e-05,-5.178021290850782e-05,-1.1289664758001315e-07,-2.413348068324421e-05,-5.30484953293023e-05,-1.1843388272630179e-07,-2.468858258760666e-05,-5.4332036314325815e-05,-1.241722511700145e-07,-2.5249262493005273e-05,-5.563083172951034e-05,-1.3011655836136356e-07,-2.5815495368235925e-05,-5.694487739166763e-05,-1.36271666057024e-07,-2.6387256194565664e-05,-5.82741690685032e-05,-1.42642492300305e-07,-2.6964519965833338e-05,-5.961870247863028e-05,-1.4923401140109134e-07,-2.754726168855013e-05,-6.097847329158417e-05,-1.5605125391555512e-07,-2.8135456382000006e-05,-6.235347712783653e-05,0.3500000000000001
-1.0240663702853338e-07,-2.3040111064196376e-05,-5.052719313687653e-05,-1.0755579660699744e-07,-2.358398182349263e-05,-5.178021290850782e-05,-1.1289664758001315e-07,-2.413348068324421e-05,-5.30484953293023e-05,-1.1843388272630179e-07,-2.468858258760666e-05,-5.4332036314325815e-05,-1.241722511700145e-07,-2.5249262493005273e-05,-5.563083172951034e-05,-1.3011655836136356e-07,-2.5815495368235925e-05,-5.694487739166763e-05,-1.36271666057024e-07,-2.6387256194565664e-05,-5.82741690685032e-05,-1.42642492300305e-07,-2.6964519965833338e-05,-5.961870247863028e-05,-1.4923401140109134e-07,-2.754726168855013e-05,-6.097847329158417e-05,-1.5605125391555512e-07,-2.8135456382000006e-05,-6.235347712783653e-05,0.3500000000000001
-1.0240663702853338e-07,-2.3040111064196376e-05,-5.052719313687653e-05,-1.0755579660699744e-07,-2.358398182349263e-05,-5.178021290850782e-05,-1.1289664758001315e-07,-2.413348068324421e-05,-5.30484953293023e-05,-1.1843388272630179e-07,-2.468858258760666e-05,-5.4332036314325815e-05,-1.241722511700145e-07,-2.5249262493005273e-05,-5.563083172951034e-05,-1.3011655836136356e-07,-2.5815495368235925e-05,-5.694487739166763e-05,-1.36271666057024e-07,-2.6387256194565664e-05,-5.82741690685032e-05,-1.42642492300305e-07,-2.6964519965833338e-05,-5.961870247863028e-05,-1.4923401140109134e-07,-2.754726168855013e-05,-6.097847329158417e-05,-1.5605125391555512e-07,-2.8135456382000006e-05,-6.235347712783653e-05,0.3500000000000001
-1.0240663702853338e-07,-2.3040111064196376e-05,-5.052719313687653e-05,-1.0755579660699744e-07,-2.358398182349263e-05,-5.178021290850782e-05,-1.1289664758001315e-07,-2.413348068324421e-05,-5.30484953293023e-05,-1.1843388272630179e-07,-2.468858258760666e-05,-5.4332036314325815e-05,-1.241722511700145e-07,-2.5249262493005273e-05,-5.563083172951034e-05,-1.3011655836136356e-07,-2.5815495368235925e-05,-5.694487739166763e-05,-1.36271666057024e-07,-2.6387256194565664e-05,-5.82741690685032e-05,-1.42642492300305e-07,-2.6964519965833338e-05,-5.961870247863028e-05,-1.4923401140109134e-07,-2.754726168855013e-05,-6.097847329158417e-05,-1.5605125391555512e-07,-2.8135456382000006e-05,-6.235347712783653e-05,0.3500000000000001
-1.0240663702853338e-07,-2.3040111064196376e-05,-5.052719313687653e-05,-1.0755579660699744e-07,-2.358398182349263e-05,-5.178021290850782e-05,-1.1289664758001315e-07,-2.413348068324421e-05,-5.30484953293023e-05,-1.1843388272630179e-07,-2.468858258760666e-05,-5.4332036314325815e-05,-1.241722511700145e-07,-2.5249262493005273e-05,-5.563083172951034e-05,-1.3011655836136356e-07,-2.5815495368235925e-05,-5.694487739166763e-05,-1.36271666057024e-07,-2.6387256194565664e-05,-5.82741690685032e-05,-1.42642492300305e-07,-2.6964519965833338e-05,-5.961870247863028e-05,-1.4923401140109134e-07,-2.754726168855013e-05,-6.097847329158417e-05,-1.5605125391555512e-07,-2.8135456382000006e-05,-6.235347712783653e-05,0.3500000000000001
-1.0240663702853338e-07,-2.3040111064196376e-05,-5.052719313687653e-05,-1.0755579660699744e-07,-2.358398182349263e-05,-5.178021290850782e-05,-1.1289664758001315e-07,-2.413348068324421e-05,-5.30484953293023e-05,-1.1843388272630179e-07,-2.468858258760666e-05,-5.4332036314325815e-05,-1.241722511700145e-07,-2.5249262493005273e-05,-5.563083172951034e-05,-1.3011655836136356e-07,-2.5815495368235925e-05,-5.694487739166763e-05,-1.36271666057024e-07,-2.6387256194565664e-05,-5.82741690685032e-05,-1.42642492300305e-07,-2.6964519965833338e-05,-5.961870247863028e-05,-1.4923401140109134e-07,-2.754726168855013e-05,-6.097847329158417e-05,-1.5605125391555512e-07,-2.8135456382000006e-05,-6.235347712783653e-05,0.3500000000000001
-1.0240663702853338e-07,-2.3040111064196376e-05,-5.052719313687653e-05,-1.0755579660699744e-07,-2.358398182349263e-05,-5.178021290850782e-05,-1.1289664758001315e-07,-2.413348068324421e-05,-5.30484953293023e-05,-1.1843388272630179e-07,-2.468858258760666e-05,-5.4332036314325815e-05,-1.241722511700145e-07,-2.5249262493005273e-05,-5.563083172951034e-05,-1.3011655836136356e-07,-2.5815495368235925e-05,-5.694487739166763e-05,-1.36271666057024e-07,-2.6387256194565664e-05,-5.82741690685032e-05,-1.42642492300305e-07,-2.6964519965833338e-05,-5.961870247863028e-05,-1.4923401140109134e-07,-2.754726168855013e-05,-6.097847329158417e-05,-1.5605125391555512e-07,-2.8135456382000006e-05,-6.235347712783653e-05,0.3500000000000001
-1.0240663702853338e-07,-2.3040111064196376e-05,-5.052719313687653e-05,-1.0755579660699744e-07,-2.358398182349263e-05,-5.178021290850782e-05,-1.1289664758001315e-07,-2.413348068324421e-05,-5.30484953293023e-05,-1.1843388272630179e-07,-2.468858258760666e-05,-5.4332036314325815e-05,-1.241722511700145e-07,-2.5249262493005273e-05,-5.563083172951034e-05,-1.3011655836136356e-07,-2.5815495368235925e-05,-5.694487739166763e-05,-1.36271666057024e-07,-2.6387256194565664e-05,-5.82741690685032e-05,-1.42642492300305e-07,-2.6964519965833338e-05,-5.961870247863028e-05,-1.4923401140109134e-07,-2.754726168855013e-05,-6.097847329158417e-05,-1.5605125391555512e-07,-2.8135456382000006e-05,-6.235347712783653e-05,0.3500000000000001
-1.0240663702853338e-07,-2.3040111064196376e-05,-5.052719313687653e-05,-1.0755579660699744e-07,-2.358398182349263e-05,-5.178021290850782e-05,-1.1289664758001315e-07,-2.413348068324421e-05,-5.30484953293023e-05,-1.1843388272630179e-07,-2.468858258760666e-05,-5.4332036314325815e-05,-1.241722511700145e-07,-2.5249262493005273e-05,-5.563083172951034e-05,-1.3011655836136356e-07,-2.5815495368235925e-05,-5.694487739166763e-05,-1.36271666057024e-07,-2.6387256194565664e-05,-5.82741690685032e-05,-1.42642492300305e-07,-2.6964519965833338e-05,-5.961870247863028e-05,-1.4923401140109134e-07,-2.754726168855013e-05,-6.097847329158417e-05,-1.5605125391555512e-07,-2.8135456382000006e-05,-6.235347712783653e-05,0.3500000000000001
-1.0240663702853338e-07,-2.3040111064196376e-05,-5.052719313687653e-05,-1.0755579660699744e-07,-2.358398182349263e-05,-5.178021290850782e-05,-1.1289664758001315e-07,-2.413348068324421e-05,-5.30484953293023e-05,-1.1843388272630179e-07,-2.468858258760666e-05,-5.4332036314325815e-05,-1.241722511700145e-07,-2.5249262493005273e-05,-5.563083172951034e-05,-1.3011655836136356e-07,-2.5815495368235925e-05,-5.694487739166763e-05,-1.36271666057024e-07,-2.6387256194565664e-05,-5.82741690685032e-05,-1.42642492300305e-07,-2.6964519965833338e-05,-5.961870247863028e-05,-1.4923401140109134e-07,-2.754726168855013e-05,-6.097847329158417e-05,-1.5605125391555512e-07,-2.8135456382000006e-05,-6.235347712783653e-05,0.3500000000000001
-1.0240663702853338e-07,-2.3040111064196376e-05,-5.052719313687653e-05,-1.0755579660699744e-07,-2.358398182349263e-05,-5.178021290850782e-05,-1.1289664758001315e-07,-2.413348068324421e-05,-5.30484953293023e-05,-1.1843388272630179e-07,-2.468858258760666e-05,-5.4332036314325815e-05,-1.241722511700145e-07,-2.5249262493005273e-05,-5.563083172951034e-05,-1.3011655836136356e-07,-2.5815495368235925e-05,-5.694487739166763e-05,-1.36271666057024e-07,-2.6387256194565664e-05,-5.82741690685032e-05,-1.42642492300305e-07,-2.6964519965833338e-05,-5.961870247863028e-05,-1.4923401140109134e-07,-2.754726168855013e-05,-6.097847329158417e-05,-1.5605125391555512e-07,-2.8135456382000006e-05,-6.235347712783653e-05,0.3500000000000001
-1.0240663702853338e-07,-2.3040111064196376e-05,-5.052719313687653e-05,-1.0755579660699744e-07,-2.358398182349263e-05,-5.178021290850782e-05,-1.1289664758001315e-07,-2.413348068324421e-05,-5.30484953293023e-05,-1.1843388272630179e-07,-2.468858258760666e-05,-5.4332036314325815e-05,-1.241722511700145e-07,-2.5249262493005273e-05,-5.563083172951034e-05,-1.3011655836136356e-07,-2.5815495368235925e-05,-5.694487739166763e-05,-1.36271666057024e-07,-2.6387256194565664e-05,-5.82741690685032e-05,-1.42642492300305e-07,-2.6964519965833338e-05,-5.961870247863028e-05,-1.4923401140109134e-07,-2.754726168855013e-05,-6.097847329158417e-05,-1.5605125391555512e-07,-2.8135456382000006e-05,-6.235347712783653e-05,0.3500000000000001
-1.0240663702853338e-07,-2.3040111064196376e-05,-5.052719313687653e-05,-1.0755579660699744e-07,-2.358398182349263e-05,-5.178021290850782e-05,-1.1289664758001315e-07,-2.413348068324421e-05,-5.30484953293023e-05,-1.1843388272630179e-07,-2.468858258760666e-05,-5.4332036314325815e-05,-1.241722511700145e-07,-2.5249262493005273e-05,-5.563083172951034e-05,-1.3011655836136356e-07,-2.5815495368235925e-05,-5.694487739166763e-05,-1.36271666057024e-07,-2.6387256194565664e-05,-5.82741690685032e-05,-1.42642492300305e-07,-2.6964519965833338e-05,-5.961870247863028e-05,-1.4923401140109134e-07,-2.754726168855013e-05,-6.097847329158417e-05,-1.5605125391555512e-07,-2.8135456382000006e-05,-6.235347712783653e-05,0.3500000000000001
-1.0240663702853338e-07,-2.3040111064196376e-05,-5.052719313687653e-05,-1.0755579660699744e-07,-2.358398182349263e-05,-5.178021290850782e-05,-1.1289664758001315e-07,-2.413348068324421e-05,-5.30484953293023e-05,-1.1843388272630179e-07,-2.468858258760666e-05,-5.4332036314325815e-05,-1.241722511700145e-07,-2.5249262493005273e-05,-5.563083172951034e-05,-1.3011655836136356e-07,-2.5815495368235925e-05,-5.694487739166763e-05,-1.36271666057024e-07,-2.6387256194565664e-05,-5.82741690685032e-05,-1.42642492300305e-07,-2.6964519965833338e-05,-5.961870247863028e-05,-1.4923401140109134e-07,-2.754726168855013e-05,-6.097847329158417e-05,-1.5605125391555512e-07,-2.8135456382000006e-05,-6.235347712783653e-05,0.3500000000000001
-1.0240663702853338e-07,-2.3040111064196376e-05,-5.052719313687653e-05,-1.0755579660699744e-07,-2.358398182349263e-05,-5.178021290850782e-05,-1.1289664758001315e-07,-2.413348068324421e-05,-5.30484953293023e-05,-1.1843388272630179e-07,-2.468858258760666e-05,-5.4332036314325815e-05,-1.241722511700145e-07,-2.5249262493005273e-05,-5.563083172951034e-05,-1.3011655836136356e-07,-2.5815495368235925e-05,-5.694487739166763e-05,-1.36271666057024e-07,-2.6387256194565664e-05,-5.82741690685032e-05,-1.42642492300305e-07,-2.6964519965833338e-05,-5.961870247863028e-05,-1.4923401140109134e-07,-2.754726168855013e-05,-6.097847329158417e-05,-1.5605125391555512e-07,-2.8135456382000006e-05,-6.235347712783653e-05,0.3500000000000001
-1.0240663702853338e-07,-2.3040111064196376e-05,-5.052719313687653e-05,-1.0755579660699744e-07,-2.358398182349263e-05,-5.178021290850782e-05,-1.1289664758001315e-07,-2.413348068324421e-05,-5.30484953293023e-05,-1.1843388272630179e-07,-2.468858258760666e-05,-5.4332036314325815e-05,-1.241722511700145e-07,-2.5249262493005273e-05,-5.563083172951034e-05,-1.3011655836136356e-07,-2.5815495368235925e-05,-5.694487739166763e-05,-1.36271666057024e-07,-2.6387256194565664e-05,-5.82741690685032e-05,-1.42642492300305e-07,-2.6964519965833338e-05,-5.961870247863028e-05,-1.4923401140109134e-07,-2.754726168855013e-05,-6.097847329158417e-05,-1.5605125391555512e-07,-2.8135456382000006e-05,-6.235347712783653e-05,0.3500000000000001
-1.0240663702853338e-07,-2.3040111064196376e-05,-5.052719313687653e-05,-1.0755579660699744e-07,-2.358398182349263e-05,-5.178021290850782e-05,-1.1289664758001315e-07,-2.413348068324421e-05,-5.30484953293023e-05,-1.1843388272630179e-07,-2.468858258760666e-05,-5.4332036314325815e-05,-1.241722511700145e-07,-2.5249262493005273e-05,-5.563083172951034e-05,-1.3011655836136356e-07,-2.5815495368235925e-05,-5.694487739166763e-05,-1.36271666057024e-07,-2.6387256194565664e-05,-5.82741690685032e-05,-1.42642492300305e-07,-2.6964519965833338e-05,-5.961870247863028e-05,-1.4923401140109134e-07,-2.754726168855013e-05,-6.097847329158417e-05,-1.5605125391555512e-07,-2.8135456382000006e-05,-6.235347712783653e-05,0.3500000000000001
-1.0240663702853338e-07,-2.3040111064196376e-05,-5.052719313687653e-05,-1.0755579660699744e-07,-2.358398182349263e-05,-5.178021290850782e-05,-1.1289664758001315e-07,-2.413348068324421e-05,-5.30484953293023e-05,-1.1843388272630179e-07,-2.468858258760666e-05,-5.4332036314325815e-05,-1.241722511700145e-07,-2.5249262493005273e-05,-5.563083172951034e-05,-1.3011655836136356e-07,-2.5815495368235925e-05,-5.694487739166763e-05,-1.36271666057024e-07,-2.6387256194565664e-05,-5.82741690685032e-05,-1.42642492300305e-07,-2.6964519965833338e-05,-5.961870247863028e-05,-1.4923401140109134e-07,-2.754726168855013e-05,-6.097847329158417e-05,-1.5605125391555512e-07,-2.8135456382000006e-05,-6.235347712783653e-05,0.3500000000000001
-1.0240663702853338e-07,-2.3040111064196376e-05,-5.052719313687653e-05,-1.0755579660699744e-07,-2.358398182349263e-05,-5.178021290850782e-05,-1.1289664758001315e-07,-2.413348068324421e-05,-5.30484953293023e-05,-1.1843388272630179e-07,-2.468858258760666e-05,-5.4332036314325815e-05,-1.241722511700145e-07,-2.5249262493005273e-05,-5.563083172951034e-05,-1.3011655836136356e-07,-2.5815495368235925e-05,-5.694487739166763e-05,-1.36271666057024e-07,-2.6387256194565664e-05,-5.82741690685032e-05,-1.42642492300305e-07,-2.6964519965833338e-05,-5.961870247863028e-05,-1.4923401140109134e-07,-2.754726168855013e-05,-6.097847329158417e-05,-1.5605125391555512e-07,-2.8135456382000006e-05,-6.235347712783653e-05,0.3500000000000001
-1.0240663702853338e-07,-2.3040111064196376e-05,-5.052719313687653e-05,-1.0755579660699744e-07,-2.358398182349263e-05,-5.178021290850782e-05,-1.1289664758001315e-07,-2.413348068324421e-05,-5.30484953293023e-05,-1.1843388272630179e-07,-2.468858258760666e-05,-5.4332036314325815e-05,-1.241722511700145e-07,-2.5249262493005273e-05,-5.563083172951034e-05,-1.3011655836136356e-07,-2.5815495368235925e-05,-5.694487739166763e-05,-1.36271666057024e-07,-2.6387256194565664e-05,-5.82741690685032e-05,-1.42642492300305e-07,-2.6964519965833338e-05,-5.961870247863028e-05,-1.4923401140109134e-07,-2.754726168855013e-05,-6.097847329158417e-05,-1.5605125391555512e-07,-2.8135456382000006e-05,-6.235347712783653e-05,0.3500000000000001
-1.0240663702853338e-07,-2.3040111064196376e-05,-5.052719313687653e-05,-1.0755579660699744e-07,-2.358398182349263e-05,-5.178021290850782e-05,-1.1289664758001315e-07,-2.413348068324421e-05,-5.30484953293023e-05,-1.1843388272630179e-07,-2.468858258760666e-05,-5.4332036314325815e-05,-1.241722511700145e-07,-2.5249262493005273e-05,-5.563083172951034e-05,-1.3011655836136356e-07,-2.5815495368235925e-05,-5.694487739166763e-05,-1.36271666057024e-07,-2.6387256194565664e-05,-5.82741690685032e-05,-1.42642492300305e-07,-2.6964519965833338e-05,-5.961870247863028e-05,-1.4923401140109134e-07,-2.754726168855013e-05,-6.097847329158417e-05,-1.5605125391555512e-07,-2.8135456382000006e-05,-6.235347712783653e-05,0.3500000000000001
-1.0240663702853338e-07,-2.3040111064196376e-05,-5.052719313687653e-05,-1.0755579660699744e-07,-2.358398182349263e-05,-5.178021290850782e-05,-1.1289664758001315e-07,-2.413348068324421e-05,-5.30484953293023e-05,-1.1843388272630179e-07,-2.468858258760666e-05,-5.4332036314325815e-05,-1.241722511700145e-07,-2.5249262493005273e-05,-5.563083172951034e-05,-1.3011655836136356e-07,-2.5815495368235925e-05,-5.694487739166763e-05,-1.36271666057024e-07,-2.6387256194565664e-05,-5.82741690685032e-05,-1.42642492300305e-07,-2.6964519965833338e-05,-5.961870247863028e-05,-1.4923401140109134e-07,-2.754726168855013e-05,-6.097847329158417e-05,-1.5605125391555512e-07,-2.8135456382000006e-05,-6.235347712783653e-05,0.3500000000000001
-1.0240663702853338e-07,-2.3040111064196376e-05,-5.052719313687653e-05,-1.0755579660699744e-07,-2.358398182349263e-05,-5.178021290850782e-05,-1.1289664758001315e-07,-2.413348068324421e-05,-5.30484953293023e-05,-1.1843388272630179e-07,-2.468858258760666e-05,-5.4332036314325815e-05,-1.241722511700145e-07,-2.5249262493005273e-05,-5.563083172951034e-05,-1.3011655836136356e-07,-2.5815495368235925e-05,-5.694487739166763e-05,-1.36271666057024e-07,-2.6387256194565664e-05,-5.82741690685032e-05,-1.42642492300305e-07,-2.6964519965833338e-05,-5.961870247863028e-05,-1.4923401140109134e-07,-2.754726168855013e-05,-6.097847329158417e-05,-1.5605125391555512e-07,-2.8135456382000006e-05,-6.235347712783653e-05,0.3500000000000001
-1.0240663702853338e-07,-2.3040111064196376e-05,-5.052719313687653e-05,-1.0755579660699744e-07,-2.358398182349263e-05,-5.178021290850782e-05,-1.1289664758001315e-07,-2.413348068324421e-05,-5.30484953293023e-05,-1.1843388272630179e-07,-2.468858258760666e-05,-5.4332036314325815e-05,-1.241722511700145e-07,-2.5249262493005273e-05,-5.563083172951034e-05,-1.3011655836136356e-07,-2.5815495368235925e-05,-5.694487739166763e-05,-1.36271666057024e-07,-2.6387256194565664e-05,-5.82741690685032e-05,-1.42642492300305e-07,-2.6964519965833338e-05,-5.961870247863028e-05,-1.4923401140109134e-07,-2.754726168855013e-05,-6.097847329158417e-05,-1.5605125391555512e-07,-2.8135456382000006e-05,-6.235347712783653e-05,0.3500000000000001
-1.0240663702853338e-07,-2.3040111064196376e-05,-5.052719313687653e-05,-1.0755579660699744e-07,-2.358398182349263e-05,-5.178021290850782e-05,-1.1289664758001315e-07,-2.413348068324421e-05,-5.30484953293023e-05,-1.1843388272630179e-07,-2.468858258760666e-05,-5.4332036314325815e-05,-1.241722511700145e-07,-2.5249262493005273e-05,-5.563083172951034e-05,-1.3011655836136356e-07,-2.5815495368235925e-05,-5.694487739166763e-05,-1.36271666057024e-07,-2.6387256194565664e-05,-5.82741690685032e-05,-1.42642492300305e-07,-2.6964519965833338e-05,-5.961870247863028e-05,-1.4923401140109134e-07,-2.754726168855013e-05,-6.097847329158417e-05,-1.5605125391555512e-07,-2.8135456382000006e-05,-6.235347712783653e-05,0.3500000000000001
-1.0240663702853338e-07,-2.3040111064196376e-05,-5.052719313687653e-05,-1.0755579660699744e-07,-2.358398182349263e-05,-5.178021290850782e-05,-1.1289664758001315e-07,-2.413348068324421e-05,-5.30484953293023e-05,-1.1843388272630179e-07,-2.468858258760666e-05,-5.4332036314325815e-05,-1.241722511700145e-07,-2.5249262493005273e-05,-5.563083172951034e-05,-1.3011655836136356e-07,-2.5815495368235925e-05,-5.694487739166763e-05,-1.36271666057024e-07,-2.6387256194565664e-05,-5.82741690685032e-05,-1.42642492300305e-07,-2.6964519965833338e-05,-5.961870247863028e-05,-1.4923401140109134e-07,-2.754726168855013e-05,-6.097847329158417e-05,-1.5605125391555512e-07,-2.8135456382000006e-05,-6.235347712783653e-05,0.3500000000000001
-1.0240663702853338e-07,-2.3040111064196376e-05,-5.052719313687653e-05,-1.0755579660699744e-07,-2.358398182349263e-05,-5.178021290850782e-05,-1.1289664758001315e-07,-2.413348068324421e-05,-5.30484953293023e-05,-1.1843388272630179e-07,-2.468858258760666e-05,-5.4332036314325815e-05,-1.241722511700145e-07,-2.5249262493005273e-05,-5.563083172951034e-05,-1.3011655836136356e-07,-2.5815495368235925e-05,-5.694487739166763e-05,-1.36271666057024e-07,-2.6387256194565664e-05,-5.82741690685032e-05,-1.42642492300305e-07,-2.6964519965833338e-05,-5.961870247863028e-05,-1.4923401140109134e-07,-2.754726168855013e-05,-6.097847329158417e-05,-1.5605125391555512e-07,-2.8135456382000006e-05,-6.235347712783653e-05,0.3500000000000001
-1.0240663702853338e-07,-2.3040111064196376e-05,-5.052719313687653e-05,-1.0755579660699744e-07,-2.358398182349263e-05,-5.178021290850782e-05,-1.1289664758001315e-07,-2.413348068324421e-05,-5.30484953293023e-05,-1.1843388272630179e-07,-2.468858258760666e-05,-5.4332036314325815e-05,-1.241722511700145e-07,-2.5249262493005273e-05,-5.563083172951034e-05,-1.3011655836136356e-07,-2.5815495368235925e-05,-5.694487739166763e-05,-1.36271666057024e-07,-2.6387256194565664e-05,-5.82741690685032e-05,-1.42642492300305e-07,-2.6964519965833338e-05,-5.961870247863028e-05,-1.4923401140109134e-07,-2.754726168855013e-05,-6.097847329158417e-05,-1.5605125391555512e-07,-2.8135456382000006e-05,-6.235347712783653e-05,0.3500000000000001
-1.0240663702853338e-07,-2.3040111064196376e-05,-5.052719313687653e-05,-1.0755579660699744e-07,-2.358398182349263e-05,-5.178021290850782e-05,-1.1289664758001315e-07,-2.413348068324421e-05,-5.30484953293023e-05,-1.1843388272630179e-07,-2.468858258760666e-05,-5.4332036314325815e-05,-1.241722511700145e-07,-2.5249262493005273e-05,-5.563083172951034e-05,-1.3011655836136356e-07,-2.5815495368235925e-05,-5.694487739166763e-05,-1.36271666057024e-07,-2.6387256194565664e-05,-5.82741690685032e-05,-1.42642492300305e-07,-2.6964519965833338e-05,-5.961870247863028e-05,-1.4923401140109134e-07,-2.754726168855013e-05,-6.097847329158417e-05,-1.5605125391555512e-07,-2.8135456382000006e-05,-6.235347712783653e-05,0.3500000000000001
-1.0240663702853338e-07,-2.3040111064196376e-05,-5.052719313687653e-05,-1.0755579660699744e-07,-2.358398182349263e-05,-5.178021290850782e-05,-1.1289664758001315e-07,-2.413348068324421e-05,-5.30484953293023e-05,-1.1843388272630179e-07,-2.468858258760666e-05,-5.4332036314325815e-05,-1.241722511700145e-07,-2.5249262493005273e-05,-5.563083172951034e-05,-1.3011655836136356e-07,-2.5815495368235925e-05,-5.694487739166763e-05,-1.36271666057024e-07,-2.6387256194565664e-05,-5.82741690685032e-05,-1.42642492300305e-07,-2.6964519965833338e-05,-5.961870247863028e-05,-1.4923401140109134e-07,-2.754726168855013e-05,-6.097847329158417e-05,-1.5605125391555512e-07,-2.8135456382000006e-05,-6.235347712783653e-05,0.3500000000000001
-1.0240663702853338e-07,-2.3040111064196376e-05,-5.052719313687653e-05,-1.0755579660699744e-07,-2.358398182349263e-05,-5.178021290850782e-05,-1.1289664758001315e-07,-2.413348068324421e-05,-5.30484953293023e-05,-1.1843388272630179e-07,-2.468858258760666e-05,-5.4332036314325815e-05,-1.241722511700145e-07,-2.5249262493005273e-05,-5.563083172951034e-05,-1.3011655836136356e-07,-2.5815495368235925e-05,-5.694487739166763e-05,-1.36271666057024e-07,-2.6387256194565664e-05,-5.82741690685032e-05,-1.42642492300305e-07,-2.6964519965833338e-05,-5.961870247863028e-05,-1.4923401140109134e-07,-2.754726168855013e-05,-6.097847329158417e-05,-1.5605125391555512e-07,-2.8135456382000006e-05,-6.235347712783653e-05,0.3500000000000001
-1.0240663702853338e-07,-2.3040111064196376e-05,-5.052719313687653e-05,-1.0755579660699744e-07,-2.358398182349263e-05,-5.178021290850782e-05,-1.1289664758001315e-07,-2.413348068324421e-05,-5.30484953293023e-05,-1.1843388272630179e-07,-2.468858258760666e-05,-5.4332036314325815e-05,-1.241722511700145e-07,-2.5249262493005273e-05,-5.563083172951034e-05,-1.3011655836136356e-07,-2.5815495368235925e-05,-5.694487739166763e-05,-1.36271666057024e-07,-2.6387256194565664e-05,-5.82741690685032e-05,-1.42642492300305e-07,-2.6964519965833338e-05,-5.961870247863028e-05,-1.4923401140109134e-07,-2.754726168855013e-05,-6.097847329158417e-05,-1.5605125391555512e-07,-2.8135456382000006e-05,-6.235347712783653e-05,0.3500000000000001
-1.0240663702853338e-07,-2.3040111064196376e-05,-5.052719313687653e-05,-1.0755579660699744e-07,-2.358398182349263e-05,-5.178021290850782e-05,-1.1289664758001315e-07,-2.413348068324421e-05,-5.30484953293023e-05,-1.1843388272630179e-07,-2.468858258760666e-05,-5.4332036314325815e-05,-1.241722511700145e-07,-2.5249262493005273e-05,-5.563083172951034e-05,-1.3011655836136356e-07,-2.5815495368235925e-05,-5.694487739166763e-05,-1.36271666057024e-07,-2.6387256194565664e-05,-5.82741690685032e-05,-1.42642492300305e-07,-2.6964519965833338e-05,-5.961870247863028e-05,-1.4923401140109134e-07,-2.754726168855013e-05,-6.097847329158417e-05,-1.5605125391555512e-07,-2.8135456382000006e-05,-6.235347712783653e-05,0.3500000000000001
-1.0240663702853338e-07,-2.3040111064196376e-05,-5.052719313687653e-05,-1.0755579660699744e-07,-2.358398182349263e-05,-5.178021290850782e-05,-1.1289664758001315e-07,-2.413348068324421e-05,-5.30484953293023e-05,-1.1843388272630179e-07,-2.468858258760666e-05,-5.4332036314325815e-05,-1.241722511700145e-07,-2.5249262493005273e-05,-5.563083172951034e-05,-1.3011655836136356e-07,-2.5815495368235925e-05,-5.694487739166763e-05,-1.36271666057024e-07,-2.6387256194565664e-05,-5.82741690685032e-05,-1.42642492300305e-07,-2.6964519965833338e-05,-5.961870247863028e-05,-1.4923401140109134e-07,-2.754726168855013e-05,-6.097847329158417e-05,-1.5605125391555512e-07,-2.8135456382000006e-05,-6.235347712783653e-05,0.3500000000000001
-1.0240663702853338e-07,-2.3040111064196376e-05,-5.052719313687653e-05,-1.0755579660699744e-07,-2.358398182349263e-05,-5.178021290850782e-05,-1.1289664758001315e-07,-2.413348068324421e-05,-5.30484953293023e-05,-1.1843388272630179e-07,-2.468858258760666e-05,-5.4332036314325815e-05,-1.241722511700145e-07,-2.5249262493005273e-05,-5.563083172951034e-05,-1.3011655836136356e-07,-2.5815495368235925e-05,-5.694487739166763e-05,-1.36271666057024e-07,-2.6387256194565664e-05,-5.82741690685032e-05,-1.42642492300305e-07,-2.6964519965833338e-05,-5.961870247863028e-05,-1.4923401140109134e-07,-2.754726168855013e-05,-6.097847329158417e-05,-1.5605125391555512e-07,-2.8135456382000006e-05,-6.235347712783653e-05,0.3500000000000001
-1.0240663702853338e-07,-2.3040111064196376e-05,-5.052719313687653e-05,-1.0755579660699744e-07,-2.358398182349263e-05,-5.178021290850782e-05,-1.1289664758001315e-07,-2.413348068324421e-05,-5.30484953293023e-05,-1.1843388272630179e-07,-2.468858258760666e-05,-5.4332036314325815e-05,-1.241722511700145e-07,-2.5249262493005273e-05,-5.563083172951034e-05,-1.3011655836136356e-07,-2.5815495368235925e-05,-5.694487739166763e-05,-1.36271666057024e-07,-2.6387256194565664e-05,-5.82741690685032e-05,-1.42642492300305e-07,-2.6964519965833338e-05,-5.961870247863028e-05,-1.4923401140109134e-07,-2.754726168855013e-05,-6.097847329158417e-05,-1.5605125391555512e-07,-2.8135456382000006e-05,-6.235347712783653e-05,0.3500000000000001
-1.0240663702853338e-07,-2.3040111064196376e-05,-5.052719313687653e-05,-1.0755579660699744e-07,-2.358398182349263e-05,-5.178021290850782e-05,-1.1289664758001315e-07,-2.413348068324421e-05,-5.30484953293023e-05,-1.1843388272630179e-07,-2.468858258760666e-05,-5.4332036314325815e-05,-1.241722511700145e-07,-2.5249262493005273e-05,-5.563083172951034e-05,-1.3011655836136356e-07,-2.5815495368235925e-05,-5.694487739166763e-05,-1.36271666057024e-07,-2.6387256194565664e-05,-5.82741690685032e-05,-1.42642492300305e-07,-2.6964519965833338e-05,-5.961870247863028e-05,-1.4923401140109134e-07,-2.754726168855013e-05,-6.097847329158417e-05,-1.5605125391555512e-07,-2.8135456382000006e-05,-6.235347712783653e-05,0.3500000000000001
-1.0240663702853338e-07,-2.3040111064196376e-05,-5.052719313687653e-05,-1.0755579660699744e-07,-2.358398182349263e-05,-5.178021290850782e-05,-1.1289664758001315e-07,-2.413348068324421e-05,-5.30484953293023e-05,-1.1843388272630179e-07,-2.468858258760666e-05,-5.4332036314325815e-05,-1.241722511700145e-07,-2.5249262493005273e-05,-5.563083172951034e-05,-1.3011655836136356e-07,-2.5815495368235925e-05,-5.694487739166763e-05,-1.36271666057024e-07,-2.6387256194565664e-05,-5.82741690685032e-05,-1.42642492300305e-07,-2.6964519965833338e-05,-5.961870247863028e-05,-1.4923401140109134e-07,-2.754726168855013e-05,-6.097847329158417e-05,-1.5605125391555512e-07,-2.8135456382000006e-05,-6.235347712783653e-05,0.3500000000000001
-1.0240663702853338e-07,-2.3040111064196376e-05,-5.052719313687653e-05,-1.0755579660699744e-07,-2.358398182349263e-05,-5.178021290850782e-05,-1.1289664758001315e-07,-2.413348068324421e-05,-5.30484953293023e-05,-1.1843388272630179e-07,-2.468858258760666e-05,-5.4332036314325815e-05,-1.241722511700145e-07,-2.5249262493005273e-05,-5.563083172951034e-05,-1.3011655836136356e-07,-2.5815495368235925e-05,-5.694487739166763e-05,-1.36271666057024e-07,-2.6387256194565664e-05,-5.82741690685032e-05,-1.42642492300305e-07,-2.6964519965833338e-05,-5.961870247863028e-05,-1.4923401140109134e-07,-2.754726168855013e-05,-6.097847329158417e-05,-1.5605125391555512e-07,-2.8135456382000006e-05,-6.235347712783653e-05,0.3500000000000001
-1.0240663702853338e-07,-2.3040111064196376e-05,-5.052719313687653e-05,-1.0755579660699744e-07,-2.358398182349263e-05,-5.178021290850782e-05,-1.1289664758001315e-07,-2.413348068324421e-05,-5.30484953293023e-05,-1.1843388272630179e-07,-2.468858258760666e-05,-5.4332036314325815e-05,-1.241722511700145e-07,-2.5249262493005273e-05,-5.563083172951034e-05,-1.3011655836136356e-07,-2.5815495368235925e-05,-5.694487739166763e-05,-1.36271666057024e-07,-2.6387256194565664e-05,-5.82741690685032e-05,-1.42642492300305e-07,-2.6964519965833338e-05,-5.961870247863028e-05,-1.4923401140109134e-07,-2.754726168855013e-05,-6.097847329158417e-05,-1.5605125391555512e-07,-2.8135456382000006e-05,-6.235347712783653e-05,0.3500000000000001
-1.0240663702853338e-07,-2.3040111064196376e-05,-5.052719313687653e-05,-1.0755579660699744e-07,-2.358398182349263e-05,-5.178021290850782e-05,-1.1289664758001315e-07,-2.413348068324421e-05,-5.30484953293023e-05,-1.1843388272630179e-07,-2.468858258760666e-05,-5.4332036314325815e-05,-1.241722511700145e-07,-2.5249262493005273e-05,-5.563083172951034e-05,-1.3011655836136356e-07,-2.5815495368235925e-05,-5.694487739166763e-05,-1.36271666057024e-07,-2.6387256194565664e-05,-5.82741690685032e-05,-1.42642492300305e-07,-2.6964519965833338e-05,-5.961870247863028e-05,-1.4923401140109134e-07,-2.754726168855013e-05,-6.097847329158417e-05,-1.5605125391555512e-07,-2.8135456382000006e-05,-6.235347712783653e-05,0.3500000000000001
-1.0240663702853338e-07,-2.3040111064196376e-05,-5.052719313687653e-05,-1.0755579660699744e-07,-2.358398182349263e-05,-5.178021290850782e-05,-1.1289664758001315e-07,-2.413348068324421e-05,-5.30484953293023e-05,-1.1843388272630179e-07,-2.468858258760666e-05,-5.4332036314325815e-05,-1.241722511700145e-07,-2.5249262493005273e-05,-5.563083172951034e-05,-1.3011655836136356e-07,-2.5815495368235925e-05,-5.694487739166763e-05,-1.36271666057024e-07,-2.6387256194565664e-05,-5.82741690685032e-05,-1.42642492300305e-07,-2.6964519965833338e-05,-5.961870247863028e-05,-1.4923401140109134e-07,-2.754726168855013e-05,-6.097847329158417e-05,-1.5605125391555512e-07,-2.8135456382000006e-05,-6.235347712783653e-05,0.3500000000000001
-1.0240663702853338e-07,-2.3040111064196376e-05,-5.052719313687653e-05,-1.0755579660699744e-07,-2.358398182349263e-05,-5.178021290850782e-05,-1.1289664758001315e-07,-2.413348068324421e-05,-5.30484953293023e-05,-1.1843388272630179e-07,-2.468858258760666e-05,-5.4332036314325815e-05,-1.241722511700145e-07,-2.5249262493005273e-05,-5.563083172951034e-05,-1.3011655836136356e-07,-2.5815495368235925e-05,-5.694487739166763e-05,-1.36271666057024e-07,-2.6387256194565664e-05,-5.82741690685032e-05,-1.42642492300305e-07,-2.6964519965833338e-05,-5.961870247863028e-05,-1.4923401140109134e-07,-2.754726168855013e-05,-6.097847329158417e-05,-1.5605125391555512e-07,-2.8135456382000006e-05,-6.235347712783653e-05,0.3500000000000001
-1.0240663702853338e-07,-2.3040111064196376e-05,-5.052719313687653e-05,-1.0755579660699744e-07,-2.358398182349263e-05,-5.178021290850782e-05,-1.1289664758001315e-07,-2.413348068324421e-05,-5.30484953293023e-05,-1.1843388272630179e-07,-2.468858258760666e-05,-5.4332036314325815e-05,-1.241722511700145e-07,-2.5249262493005273e-05,-5.563083172951034e-05,-1.3011655836136356e-07,-2.5815495368235925e-05,-5.694487739166763e-05,-1.36271666057024e-07,-2.6387256194565664e-05,-5.82741690685032e-05,-1.42642492300305e-07,-2.6964519965833338e-05,-5.961870247863028e-05,-1.4923401140109134e-07,-2.754726168855013e-05,-6.097847329158417e-05,-1.5605125391555512e-07,-2.8135456382000006e-05,-6.235347712783653e-05,0.3500000000000001
-1.0240663702853338e-07,-2.3040111064196376e-05,-5.052719313687653e-05,-1.0755579660699744e-07,-2.358398182349263e-05,-5.178021290850782e-05,-1.1289664758001315e-07,-2.413348068324421e-05,-5.30484953293023e-05,-1.1843388272630179e-07,-2.468858258760666e-05,-5.4332036314325815e-05,-1.241722511700145e-07,-2.5249262493005273e-05,-5.563083172951034e-05,-1.3011655836136356e-07,-2.5815495368235925e-05,-5.694487739166763e-05,-1.36271666057024e-07,-2.6387256194565664e-05,-5.82741690685032e-05,-1.42642492300305e-07,-2.6964519965833338e-05,-5.961870247863028e-05,-1.4923401140109134e-07,-2.754726168855013e-05,-6.097847329158417e-05,-1.5605125391555512e-07,-2.8135456382000006e-05,-6.235347712783653e-05,0.3500000000000001
-1.0240663702853338e-07,-2.3040111064196376e-05,-5.052719313687653e-05,-1.0755579660699744e-07,-2.358398182349263e-05,-5.178021290850782e-05,-1.1289664758001315e-07,-2.413348068324421e-05,-5.30484953293023e-05,-1.1843388272630179e-07,-2.468858258760666e-05,-5.4332036314325815e-05,-1.241722511700145e-07,-2.5249262493005273e-05,-5.563083172951034e-05,-1.3011655836136356e-07,-2.5815495368235925e-05,-5.694487739166763e-05,-1.36271666057024e-07,-2.6387256194565664e-05,-5.82741690685032e-05,-1.42642492300305e-07,-2.6964519965833338e-05,-5.961870247863028e-05,-1.4923401140109134e-07,-2.754726168855013e-05,-6.097847329158417e-05,-1.5605125391555512e-07,-2.8135456382000006e-05,-6.235347712783653e-05,0.3500000000000001
-1.0240663702853338e-07,-2.3040111064196376e-05,-5.052719313687653e-05,-1.0755579660699744e-07,-2.358398182349263e-05,-5.178021290850782e-05,-1.1289664758001315e-07,-2.413348068324421e-05,-5.30484953293023e-05,-1.1843388272630179e-07,-2.468858258760666e-05,-5.4332036314325815e-05,-1.241722511700145e-07,-2.5249262493005273e-05,-5.563083172951034e-05,-1.3011655836136356e-07,-2.5815495368235925e-05,-5.694487739166763e-05,-1.36271666057024e-07,-2.6387256194565664e-05,-5.82741690685032e-05,-1.42642492300305e-07,-2.6964519965833338e-05,-5.961870247863028e-05,-1.4923401140109134e-07,-2.754726168855013e-05,-6.097847329158417e-05,-1.5605125391555512e-07,-2.8135456382000006e-05,-6.235347712783653e-05,0.3500000000000001
-1.0240663702853338e-07,-2.3040111064196376e-05,-5.052719313687653e-05,-1.0755579660699744e-07,-2.358398182349263e-05,-5.178021290850782e-05,-1.1289664758001315e-07,-2.413348068324421e-05,-5.30484953293023e-05,-1.1843388272630179e-07,-2.468858258760666e-05,-5.4332036314325815e-05,-1.241722511700145e-07,-2.5249262493005273e-05,-5.563083172951034e-05,-1.3011655836136356e-07,-2.5815495368235925e-05,-5.694487739166763e-05,-1.36271666057024e-07,-2.6387256194565664e-05,-5.82741690685032e-05,-1.42642492300305e-07,-2.6964519965833338e-05,-5.961870247863028e-05,-1.4923401140109134e-07,-2.754726168855013e-05,-6.097847329158417e-05,-1.5605125391555512e-07,-2.8135456382000006e-05,-6.235347712783653e-05,0.3500000000000001
-1.0240663702853338e-07,-2.3040111064196376e-05,-5.052719313687653e-05,-1.0755579660699744e-07,-2.358398182349263e-05,-5.178021290850782e-05,-1.1289664758001315e-07,-2.413348068324421e-05,-5.30484953293023e-05,-1.1843388272630179e-07,-2.468858258760666e-05,-5.4332036314325815e-05,-1.241722511700145e-07,-2.5249262493005273e-05,-5.563083172951034e-05,-1.3011655836136356e-07,-2.5815495368235925e-05,-5.694487739166763e-05,-1.36271666057024e-07,-2.6387256194565664e-05,-5.82741690685032e-05,-1.42642492300305e-07,-2.6964519965833338e-05,-5.961870247863028e-05,-1.4923401140109134e-07,-2.754726168855013e-05,-6.097847329158417e-05,-1.5605125391555512e-07,-2.8135456382000006e-05,-6.235347712783653e-05,0.3500000000000001
-1.0240663702853338e-07,-2.3040111064196376e-05,-5.052719313687653e-05,-1.0755579660699744e-07,-2.358398182349263e-05,-5.178021290850782e-05,-1.1289664758001315e-07,-2.413348068324421e-05,-5.30484953293023e-05,-1.1843388272630179e-07,-2.468858258760666e-05,-5.4332036314325815e-05,-1.241722511700145e-07,-2.5249262493005273e-05,-5.563083172951034e-05,-1.3011655836136356e-07,-2.5815495368235925e-05,-5.694487739166763e-05,-1.36271666057024e-07,-2.6387256194565664e-05,-5.82741690685032e-05,-1.42642492300305e-07,-2.6964519965833338e-05,-5.961870247863028e-05,-1.4923401140109134e-07,-2.754726168855013e-05,-6.097847329158417e-05,-1.5605125391555512e-07,-2.8135456382000006e-05,-6.235347712783653e-05,0.3500000000000001
-1.0240663702853338e-07,-2.3040111064196376e-05,-5.052719313687653e-05,-1.0755579660699744e-07,-2.358398182349263e-05,-5.178021290850782e-05,-1.1289664758001315e-07,-2.413348068324421e-05,-5.30484953293023e-05,-1.1843388272630179e-07,-2.468858258760666e-05,-5.4332036314325815e-05,-1.241722511700145e-07,-2.5249262493005273e-05,-5.563083172951034e-05,-1.3011655836136356e-07,-2.5815495368235925e-05,-5.694487739166763e-05,-1.36271666057024e-07,-2.6387256194565664e-05,-5.82741690685032e-05,-1.42642492300305e-07,-2.6964519965833338e-05,-5.961870247863028e-05,-1.4923401140109134e-07,-2.754726168855013e-05,-6.097847329158417e-05,-1.5605125391555512e-07,-2.8135456382000006e-05,-6.235347712783653e-05,0.3500000000000001
-6.828303189320652e-08,-1.5362760492055234e-05,-3.369068683451621e-05,-7.17164053312302e-08,-1.5725404412069536e-05,-3.452617944764357e-05,-7.52775953830742e-08,-1.6091801055232992e-05,-3.537184893970319e-05,-7.89697311150414e-08,-1.646193371472644e-05,-3.6227692586925945e-05,-8.279597916362351e-08,-1.683578569191202e-05,-3.709370763278101e-05,-8.675954372258658e-08,-1.721334029640031e-05,-3.796989128798501e-05,-9.086366652990269e-08,-1.7594580846117496e-05,-3.885624073051126e-05,-9.51116268545289e-08,-1.7979490667372372e-05,-3.97527531055992e-05,-9.950674148303244e-08,-1.8368053094923444e-05,-4.0659425525763814e-05,-1.0405236470606269e-07,-1.8760251472045898e-05,-4.1576255070805246e-05,0.4000000000000001
-6.828303189320652e-08,-1.5362760492055234e-05,-3.369068683451621e-05,-7.17164053312302e-08,-1.5725404412069536e-05,-3.452617944764357e-05,-7.52775953830742e-08,-1.6091801055232992e-05,-3.537184893970319e-05,-7.89697311150414e-08,-1.646193371472644e-05,-3.6227692586925945e-05,-8.279597916362351e-08,-1.683578569191202e-05,-3.709370763278101e-05,-8.675954372258658e-08,-1.721334029640031e-05,-3.796989128798501e-05,-9.086366652990269e-08,-1.7594580846117496e-05,-3.885624073051126e-05,-9.51116268545289e-08,-1.7979490667372372e-05,-3.97527531055992e-05,-9.950674148303244e-08,-1.8368053094923444e-05,-4.0659425525763814e-05,-1.0405236470606269e-07,-1.8760251472045898e-05,-4.1576255070805246e-05,0.4000000000000001
-6.828303189320652e-08,-1.5362760492055234e-05,-3.369068683451621e-05,-7.17164053312302e-08,-1.5725404412069536e-05,-3.452617944764357e-05,-7.52775953830742e-08,-1.6091801055232992e-05,-3.537184893970319e-05,-7.89697311150414e-08,-1.646193371472644e-05,-3.6227692586925945e-05,-8.279597916362351e-08,-1.683578569191202e-05,-3.709370763278101e-05,-8.675954372258658e-08,-1.721334029640031e-05,-3.796989128798501e-05,-9.086366652990269e-08,-1.7594580846117496e-05,-3.885624073051126e-05,-9.51116268545289e-08,-1.7979490667372372e-05,-3.97527531055992e-05,-9.950674148303244e-08,-1.8368053094923444e-05,-4.0659425525763814e-05,-1.0405236470606269e-07,-1.8760251472045898e-05,-4.1576255070805246e-05,0.4000000000000001
-6.828303189320652e-08,-1.5362760492055234e-05,-3.369068683451621e-05,-7.17164053312302e-08,-1.5725404412069536e-05,-3.452617944764357e-05,-7.52775953830742e-08,-1.6091801055232992e-05,-3.537184893970319e-05,-7.89697311150414e-08,-1.646193371472644e-05,-3.6227692586925945e-05,-8.279597916362351e-08,-1.683578569191202e-05,-3.709370763278101e-05,-8.675954372258658e-08,-1.721334029640031e-05,-3.796989128798501e-05,-9.086366652990269e-08,-1.7594580846117496e-05,-3.885624073051126e-05,-9.51116268545289e-08,-1.7979490667372372e-05,-3.97527531055992e-05,-9.950674148303244e-08,-1.8368053094923444e-05,-4.0659425525763814e-05,-1.0405236470606269e-07,-1.8760251472045898e-05,-4.1576255070805246e-05,0.4000000000000001
-6.828303189320652e-08,-1.5362760492055234e-05,-3.369068683451621e-05,-7.17164053312302e-08,-1.5725404412069536e-05,-3.452617944764357e-05,-7.52775953830742e-08,-1.6091801055232992e-05,-3.537184893970319e-05,-7.89697311150414e-08,-1.646193371472644e-05,-3.6227692586925945e-05,-8.279597916362351e-08,-1.683578569191202e-05,-3.709370763278101e-05,-8.675954372258658e-08,-1.721334029640031e-05,-3.796989128798501e-05,-9.086366652990269e-08,-1.7594580846117496e-05,-3.885624073051126e-05,-9.51116268545289e-08,-1.7979490667372372e-05,-3.97527531055992e-05,-9.950674148303244e-08,-1.8368053094923444e-05,-4.0659425525763814e-05,-1.0405236470606269e-07,-1.8760251472045898e-05,-4.1576255070805246e-05,0.4000000000000001
-6.828303189320652e-08,-1.5362760492055234e-05,-3.369068683451621e-05,-7.17164053312302e-08,-1.5725404412069536e-05,-3.452617944764357e-05,-7.52775953830742e-08,-1.6091801055232992e-05,-3.537184893970319e-05,-7.89697311150414e-08,-1.646193371472644e-05,-3.6227692586925945e-05,-8.279597916362351e-08,-1.683578569191202e-05,-3.709370763278101e-05,-8.675954372258658e-08,-1.721334029640031e-05,-3.796989128798501e-05,-9.086366652990269e-08,-1.7594580846117496e-05,-3.885624073051126e-05,-9.51116268545289e-08,-1.7979490667372372e-05,-3.97527531055992e-05,-9.950674148303244e-08,-1.8368053094923444e-05,-4.0659425525763814e-05,-1.0405236470606269e-07,-1.8760251472045898e-05,-4.1576255070805246e-05,0.4000000000000001
-6.828303189320652e-08,-1.5362760492055234e-05,-3.369068683451621e-05,-7.17164053312302e-08,-1.5725404412069536e-05,-3.452617944764357e-05,-7.52775953830742e-08,-1.6091801055232992e-05,-3.537184893970319e-05,-7.89697311150414e-08,-1.646193371472644e-05,-3.6227692586925945e-05,-8.279597916362351e-08,-1.683578569191202e-05,-3.709370763278101e-05,-8.675954372258658e-08,-1.721334029640031e-05,-3.796989128798501e-05,-9.086366652990269e-08,-1.7594580846117496e-05,-3.885624073051126e-05,-9.51116268545289e-08,-1.7979490667372372e-05,-3.97527531055992e-05,-9.950674148303244e-08,-1.8368053094923444e-05,-4.0659425525763814e-05,-1.0405236470606269e-07,-1.8760251472045898e-05,-4.1576255070805246e-05,0.4000000000000001
-6.828303189320652e-08,-1.5362760492055234e-05,-3.369068683451621e-05,-7.17164053312302e-08,-1.5725404412069536e-05,-3.452617944764357e-05,-7.52775953830742e-08,-1.6091801055232992e-05,-3.537184893970319e-05,-7.89697311150414e-08,-1.646193371472644e-05,-3.6227692586925945e-05,-8.279597916362351e-08,-1.683578569191202e-05,-3.709370763278101e-05,-8.675954372258658e-08,-1.721334029640031e-05,-3.796989128798501e-05,-9.086366652990269e-08,-1.7594580846117496e-05,-3.885624073051126e-05,-9.51116268545289e-08,-1.7979490667372372e-05,-3.97527531055992e-05,-9.950674148303244e-08,-1.8368053094923444e-05,-4.0659425525763814e-05,-1.0405236470606269e-07,-1.8760251472045898e-05,-4.1576255070805246e-05,0.4000000000000001
-6.828303189320652e-08,-1.5362760492055234e-05,-3.369068683451621e-05,-7.17164053312302e-08,-1.5725404412069536e-05,-3.452617944764357e-05,-7.52775953830742e-08,-1.6091801055232992e-05,-3.537184893970319e-05,-7.89697311150414e-08,-1.646193371472644e-05,-3.6227692586925945e-05,-8.279597916362351e-08,-1.683578569191202e-05,-3.709370763278101e-05,-8.675954372258658e-08,-1.721334029640031e-05,-3.796989128798501e-05,-9.086366652990269e-08,-1.7594580846117496e-05,-3.885624073051126e-05,-9.51116268545289e-08,-1.7979490667372372e-05,-3.97527531055992e-05,-9.950674148303244e-08,-1.8368053094923444e-05,-4.0659425525763814e-05,-1.0405236470606269e-07,-1.8760251472045898e-05,-4.1576255070805246e-05,0.4000000000000001
-6.828303189320652e-08,-1.5362760492055234e-05,-3.369068683451621e-05,-7.17164053312302e-08,-1.5725404412069536e-05,-3.452617944764357e-05,-7.52775953830742e-08,-1.6091801055232992e-05,-3.537184893970319e-05,-7.89697311150414e-08,-1.646193371472644e-05,-3.6227692586925945e-05,-8.279597916362351e-08,-1.683578569191202e-05,-3.709370763278101e-05,-8.675954372258658e-08,-1.721334029640031e-05,-3.796989128798501e-05,-9.086366652990269e-08,-1.7594580846117496e-05,-3.885624073051126e-05,-9.51116268545289e-08,-1.7979490667372372e-05,-3.97527531055992e-05,-9.950674148303244e-08,-1.8368053094923444e-05,-4.0659425525763814e-05,-1.0405236470606269e-07,-1.8760251472045898e-05,-4.1576255070805246e-05,0.4000000000000001
-6.828303189320652e-08,-1.5362760492055234e-05,-3.369068683451621e-05,-7.17164053312302e-08,-1.5725404412069536e-05,-3.452617944764357e-05,-7.52775953830742e-08,-1.6091801055232992e-05,-3.537184893970319e-05,-7.89697311150414e-08,-1.646193371472644e-05,-3.6227692586925945e-05,-8.279597916362351e-08,-1.683578569191202e-05,-3.709370763278101e-05,-8.675954372258658e-08,-1.721334029640031e-05,-3.796989128798501e-05,-9.086366652990269e-08,-1.7594580846117496e-05,-3.885624073051126e-05,-9.51116268545289e-08,-1.7979490667372372e-05,-3.97527531055992e-05,-9.950674148303244e-08,-1.8368053094923444e-05,-4.0659425525763814e-05,-1.0405236470606269e-07,-1.8760251472045898e-05,-4.1576255070805246e-05,0.4000000000000001
-6.828303189320652e-08,-1.5362760492055234e-05,-3.369068683451621e-05,-7.17164053312302e-08,-1.5725404412069536e-05,-3.452617944764357e-05,-7.52775953830742e-08,-1.6091801055232992e-05,-3.537184893970319e-05,-7.89697311150414e-08,-1.646193371472644e-05,-3.6227692586925945e-05,-8.279597916362351e-08,-1.683578569191202e-05,-3.709370763278101e-05,-8.675954372258658e-08,-1.721334029640031e-05,-3.796989128798501e-05,-9.086366652990269e-08,-1.7594580846117496e-05,-3.885624073051126e-05,-9.51116268545289e-08,-1.7979490667372372e-05,-3.97527531055992e-05,-9.950674148303244e-08,-1.8368053094923444e-05,-4.0659425525763814e-05,-1.0405236470606269e-07,-1.8760251472045898e-05,-4.1576255070805246e-05,0.4000000000000001
-6.828303189320652e-08,-1.5362760492055234e-05,-3.369068683451621e-05,-7.17164053312302e-08,-1.5725404412069536e-05,-3.452617944764357e-05,-7.52775953830742e-08,-1.6091801055232992e-05,-3.537184893970319e-05,-7.89697311150414e-08,-1.646193371472644e-05,-3.6227692586925945e-05,-8.279597916362351e-08,-1.683578569191202e-05,-3.709370763278101e-05,-8.675954372258658e-08,-1.721334029640031e-05,-3.796989128798501e-05,-9.086366652990269e-08,-1.7594580846117496e-05,-3.885624073051126e-05,-9.51116268545289e-08,-1.7979490667372372e-05,-3.97527531055992e-05,-9.950674148303244e-08,-1.8368053094923444e-05,-4.0659425525763814e-05,-1.0405236470606269e-07,-1.8760251472045898e-05,-4.1576255070805246e-05,0.4000000000000001
-6.828303189320652e-08,-1.5362760492055234e-05,-3.369068683451621e-05,-7.17164053312302e-08,-1.5725404412069536e-05,-3.452617944764357e-05,-7.52775953830742e-08,-1.6091801055232992e-05,-3.537184893970319e-05,-7.89697311150414e-08,-1.646193371472644e-05,-3.6227692586925945e-05,-8.279597916362351e-08,-1.683578569191202e-05,-3.709370763278101e-05,-8.675954372258658e-08,-1.721334029640031e-05,-3.796989128798501e-05,-9.086366652990269e-08,-1.7594580846117496e-05,-3.885624073051126e-05,-9.51116268545289e-08,-1.7979490667372372e-05,-3.97527531055992e-05,-9.950674148303244e-08,-1.8368053094923444e-05,-4.0659425525763814e-05,-1.0405236470606269e-07,-1.8760251472045898e-05,-4.1576255070805246e-05,0.4000000000000001
-6.828303189320652e-08,-1.5362760492055234e-05,-3.369068683451621e-05,-7.17164053312302e-08,-1.5725404412069536e-05,-3.452617944764357e-05,-7.52775953830742e-08,-1.6091801055232992e-05,-3.537184893970319e-05,-7.89697311150414e-08,-1.646193371472644e-05,-3.6227692586925945e-05,-8.279597916362351e-08,-1.683578569191202e-05,-3.709370763278101e-05,-8.675954372258658e-08,-1.721334029640031e-05,-3.796989128798501e-05,-9.086366652990269e-08,-1.7594580846117496e-05,-3.885624073051126e-05,-9.51116268545289e-08,-1.7979490667372372e-05,-3.97527531055992e-05,-9.950674148303244e-08,-1.8368053094923444e-05,-4.0659425525763814e-05,-1.0405236470606269e-07,-1.8760251472045898e-05,-4.1576255070805246e-05,0.4000000000000001
-6.828303189320652e-08,-1.5362760492055234e-05,-3.369068683451621e-05,-7.17164053312302e-08,-1.5725404412069536e-05,-3.452617944764357e-05,-7.52775953830742e-08,-1.6091801055232992e-05,-3.537184893970319e-05,-7.89697311150414e-08,-1.646193371472644e-05,-3.6227692586925945e-05,-8.279597916362351e-08,-1.683578569191202e-05,-3.709370763278101e-05,-8.675954372258658e-08,-1.721334029640031e-05,-3.796989128798501e-05,-9.086366652990269e-08,-1.7594580846117496e-05,-3.885624073051126e-05,-9.51116268545289e-08,-1.7979490667372372e-05,-3.97527531055992e-05,-9.950674148303244e-08,-1.8368053094923444e-05,-4.0659425525763814e-05,-1.0405236470606269e-07,-1.8760251472045898e-05,-4.1576255070805246e-05,0.4000000000000001
-6.828303189320652e-08,-1.5362760492055234e-05,-3.369068683451621e-05,-7.17164053312302e-08,-1.5725404412069536e-05,-3.452617944764357e-05,-7.52775953830742e-08,-1.6091801055232992e-05,-3.537184893970319e-05,-7.89697311150414e-08,-1.646193371472644e-05,-3.6227692586925945e-05,-8.279597916362351e-08,-1.683578569191202e-05,-3.709370763278101e-05,-8.675954372258658e-08,-1.721334029640031e-05,-3.796989128798501e-05,-9.086366652990269e-08,-1.7594580846117496e-05,-3.885624073051126e-05,-9.51116268545289e-08,-1.7979490667372372e-05,-3.97527531055992e-05,-9.950674148303244e-08,-1.8368053094923444e-05,-4.0659425525763814e-05,-1.0405236470606269e-07,-1.8760251472045898e-05,-4.1576255070805246e-05,0.4000000000000001
-6.828303189320652e-08,-1.5362760492055234e-05,-3.369068683451621e-05,-7.17164053312302e-08,-1.5725404412069536e-05,-3.452617944764357e-05,-7.52775953830742e-08,-1.6091801055232992e-05,-3.537184893970319e-05,-7.89697311150414e-08,-1.646193371472644e-05,-3.6227692586925945e-05,-8.279597916362351e-08,-1.683578569191202e-05,-3.709370763278101e-05,-8.675954372258658e-08,-1.721334029640031e-05,-3.796989128798501e-05,-9.086366652990269e-08,-1.7594580846117496e-05,-3.885624073051126e-05,-9.51116268545289e-08,-1.7979490667372372e-05,-3.97527531055992e-05,-9.950674148303244e-08,-1.8368053094923444e-05,-4.0659425525763814e-05,-1.0405236470606269e-07,-1.8760251472045898e-05,-4.1576255070805246e-05,0.4000000000000001
-6.828303189320652e-08,-1.5362760492055234e-05,-3.369068683451621e-05,-7.17164053312302e-08,-1.5725404412069536e-05,-3.452617944764357e-05,-7.52775953830742e-08,-1.6091801055232992e-05,-3.537184893970319e-05,-7.89697311150414e-08,-1.646193371472644e-05,-3.6227692586925945e-05,-8.279597916362351e-08,-1.683578569191202e-05,-3.709370763278101e-05,-8.675954372258658e-08,-1.721334029640031e-05,-3.796989128798501e-05,-9.086366652990269e-08,-1.7594580846117496e-05,-3.885624073051126e-05,-9.51116268545289e-08,-1.7979490667372372e-05,-3.97527531055992e-05,-9.950674148303244e-08,-1.8368053094923444e-05,-4.0659425525763814e-05,-1.0405236470606269e-07,-1.8760251472045898e-05,-4.1576255070805246e-05,0.4000000000000001
-6.828303189320652e-08,-1.5362760492055234e-05,-3.369068683451621e-05,-7.17164053312302e-08,-1.5725404412069536e-05,-3.452617944764357e-05,-7.52775953830742e-08,-1.6091801055232992e-05,-3.537184893970319e-05,-7.89697311150414e-08,-1.646193371472644e-05,-3.6227692586925945e-05,-8.279597916362351e-08,-1.683578569191202e-05,-3.709370763278101e-05,-8.675954372258658e-08,-1.721334029640031e-05,-3.796989128798501e-05,-9.086366652990269e-08,-1.7594580846117496e-05,-3.885624073051126e-05,-9.51116268545289e-08,-1.7979490667372372e-05,-3.97527531055992e-05,-9.950674148303244e-08,-1.8368053094923444e-05,-4.0659425525763814e-05,-1.0405236470606269e-07,-1.8760251472045898e-05,-4.1576255070805246e-05,0.4000000000000001
-6.828303189320652e-08,-1.5362760492055234e-05,-3.369068683451621e-05,-7.17164053312302e-08,-1.5725404412069536e-05,-3.452617944764357e-05,-7.52775953830742e-08,-1.6091801055232992e-05,-3.537184893970319e-05,-7.89697311150414e-08,-1.646193371472644e-05,-3.6227692586925945e-05,-8.279597916362351e-08,-1.683578569191202e-05,-3.709370763278101e-05,-8.675954372258658e-08,-1.721334029640031e-05,-3.796989128798501e-05,-9.086366652990269e-08,-1.7594580846117496e-05,-3.885624073051126e-05,-9.51116268545289e-08,-1.7979490667372372e-05,-3.97527531055992e-05,-9.950674148303244e-08,-1.8368053094923444e-05,-4.0659425525763814e-05,-1.0405236470606269e-07,-1.8760251472045898e-05,-4.1576255070805246e-05,0.4000000000000001
-6.828303189320652e-08,-1.5362760492055234e-05,-3.369068683451621e-05,-7.17164053312302e-08,-1.5725404412069536e-05,-3.452617944764357e-05,-7.52775953830742e-08,-1.6091801055232992e-05,-3.537184893970319e-05,-7.89697311150414e-08,-1.646193371472644e-05,-3.6227692586925945e-05,-8.279597916362351e-08,-1.683578569191202e-05,-3.709370763278101e-05,-8.675954372258658e-08,-1.721334029640031e-05,-3.796989128798501e-05,-9.086366652990269e-08,-1.7594580846117496e-05,-3.885624073051126e-05,-9.51116268545289e-08,-1.7979490667372372e-05,-3.97527531055992e-05,-9.950674148303244e-08,-1.8368053094923444e-05,-4.0659425525763814e-05,-1.0405236470606269e-07,-1.8760251472045898e-05,-4.1576255070805246e-05,0.4000000000000001
-6.828303189320652e-08,-1.5362760492055234e-05,-3.369068683451621e-05,-7.17164053312302e-08,-1.5725404412069536e-05,-3.452617944764357e-05,-7.52775953830742e-08,-1.6091801055232992e-05,-3.537184893970319e-05,-7.89697311150414e-08,-1.646193371472644e-05,-3.6227692586925945e-05,-8.279597916362351e-08,-1.683578569191202e-05,-3.709370763278101e-05,-8.675954372258658e-08,-1.721334029640031e-05,-3.796989128798501e-05,-9.086366652990269e-08,-1.7594580846117496e-05,-3.885624073051126e-05,-9.51116268545289e-08,-1.7979490667372372e-05,-3.97527531055992e-05,-9.950674148303244e-08,-1.8368053094923444e-05,-4.0659425525763814e-05,-1.0405236470606269e-07,-1.8760251472045898e-05,-4.1576255070805246e-05,0.4000000000000001
-6.828303189320652e-08,-1.5362760492055234e-05,-3.369068683451621e-05,-7.17164053312302e-08,-1.5725404412069536e-05,-3.452617944764357e-05,-7.52775953830742e-08,-1.6091801055232992e-05,-3.537184893970319e-05,-7.89697311150414e-08,-1.646193371472644e-05,-3.6227692586925945e-05,-8.279597916362351e-08,-1.683578569191202e-05,-3.709370763278101e-05,-8.675954372258658e-08,-1.721334029640031e-05,-3.796989128798501e-05,-9.086366652990269e-08,-1.7594580846117496e-05,-3.885624073051126e-05,-9.51116268545289e-08,-1.7979490667372372e-05,-3.97527531055992e-05,-9.950674148303244e-08,-1.8368053094923444e-05,-4.0659425525763814e-05,-1.0405236470606269e-07,-1.8760251472045898e-05,-4.1576255070805246e-05,0.4000000000000001
-6.828303189320652e-08,-1.5362760492055234e-05,-3.369068683451621e-05,-7.17164053312302e-08,-1.5725404412069536e-05,-3.452617944764357e-05,-7.52775953830742e-08,-1.6091801055232992e-05,-3.537184893970319e-05,-7.89697311150414e-08,-1.646193371472644e-05,-3.6227692586925945e-05,-8.279597916362351e-08,-1.683578569191202e-05,-3.709370763278101e-05,-8.675954372258658e-08,-1.721334029640031e-05,-3.796989128798501e-05,-9.086366652990269e-08,-1.7594580846117496e-05,-3.885624073051126e-05,-9.51116268545289e-08,-1.7979490667372372e-05,-3.97527531055992e-05,-9.950674148303244e-08,-1.8368053094923444e-05,-4.0659425525763814e-05,-1.0405236470606269e-07,-1.8760251472045898e-05,-4.1576255070805246e-05,0.4000000000000001
-6.828303189320652e-08,-1.5362760492055234e-05,-3.369068683451621e-05,-7.17164053312302e-08,-1.5725404412069536e-05,-3.452617944764357e-05,-7.52775953830742e-08,-1.6091801055232992e-05,-3.537184893970319e-05,-7.89697311150414e-08,-1.646193371472644e-05,-3.6227692586925945e-05,-8.279597916362351e-08,-1.683578569191202e-05,-3.709370763278101e-05,-8.675954372258658e-08,-1.721334029640031e-05,-3.796989128798501e-05,-9.086366652990269e-08,-1.7594580846117496e-05,-3.885624073051126e-05,-9.51116268545289e-08,-1.7979490667372372e-05,-3.97527531055992e-05,-9.950674148303244e-08,-1.8368053094923444e-05,-4.0659425525763814e-05,-1.0405236470606269e-07,-1.8760251472045898e-05,-4.1576255070805246e-05,0.4000000000000001
-6.828303189320652e-08,-1.5362760492055234e-05,-3.369068683451621e-05,-7.17164053312302e-08,-1.5725404412069536e-05,-3.452617944764357e-05,-7.52775953830742e-08,-1.6091801055232992e-05,-3.537184893970319e-05,-7.89697311150414e-08,-1.646193371472644e-05,-3.6227692586925945e-05,-8.279597916362351e-08,-1.683578569191202e-05,-3.709370763278101e-05,-8.675954372258658e-08,-1.721334029640031e-05,-3.796989128798501e-05,-9.086366652990269e-08,-1.7594580846117496e-05,-3.885624073051126e-05,-9.51116268545289e-08,-1.7979490667372372e-05,-3.97527531055992e-05,-9.950674148303244e-08,-1.8368053094923444e-05,-4.0659425525763814e-05,-1.0405236470606269e-07,-1.8760251472045898e-05,-4.1576255070805246e-05,0.4000000000000001
-6.828303189320652e-08,-1.5362760492055234e-05,-3.369068683451621e-05,-7.17164053312302e-08,-1.5725404412069536e-05,-3.452617944764357e-05,-7.52775953830742e-08,-1.6091801055232992e-05,-3.537184893970319e-05,-7.89697311150414e-08,-1.646193371472644e-05,-3.6227692586925945e-05,-8.279597916362351e-08,-1.683578569191202e-05,-3.709370763278101e-05,-8.675954372258658e-08,-1.721334029640031e-05,-3.796989128798501e-05,-9.086366652990269e-08,-1.7594580846117496e-05,-3.885624073051126e-05,-9.51116268545289e-08,-1.7979490667372372e-05,-3.97527531055992e-05,-9.950674148303244e-08,-1.8368053094923444e-05,-4.0659425525763814e-05,-1.0405236470606269e-07,-1.8760251472045898e-05,-4.1576255070805246e-05,0.4000000000000001
-6.828303189320652e-08,-1.5362760492055234e-05,-3.369068683451621e-05,-7.17164053312302e-08,-1.5725404412069536e-05,-3.452617944764357e-05,-7.52775953830742e-08,-1.6091801055232992e-05,-3.537184893970319e-05,-7.89697311150414e-08,-1.646193371472644e-05,-3.6227692586925945e-05,-8.279597916362351e-08,-1.683578569191202e-05,-3.709370763278101e-05,-8.675954372258658e-08,-1.721334029640031e-05,-3.796989128798501e-05,-9.086366652990269e-08,-1.7594580846117496e-05,-3.885624073051126e-05,-9.51116268545289e-08,-1.7979490667372372e-05,-3.97527531055992e-05,-9.950674148303244e-08,-1.8368053094923444e-05,-4.0659425525763814e-05,-1.0405236470606269e-07,-1.8760251472045898e-05,-4.1576255070805246e-05,0.4000000000000001
-6.828303189320652e-08,-1.5362760492055234e-05,-3.369068683451621e-05,-7.17164053312302e-08,-1.5725404412069536e-05,-3.452617944764357e-05,-7.52775953830742e-08,-1.6091801055232992e-05,-3.537184893970319e-05,-7.89697311150414e-08,-1.646193371472644e-05,-3.6227692586925945e-05,-8.279597916362351e-08,-1.683578569191202e-05,-3.709370763278101e-05,-8.675954372258658e-08,-1.721334029640031e-05,-3.796989128798501e-05,-9.086366652990269e-08,-1.7594580846117496e-05,-3.885624073051126e-05,-9.51116268545289e-08,-1.7979490667372372e-05,-3.97527531055992e-05,-9.950674148303244e-08,-1.8368053094923444e-05,-4.0659425525763814e-05,-1.0405236470606269e-07,-1.8760251472045898e-05,-4.1576255070805246e-05,0.4000000000000001
-6.828303189320652e-08,-1.5362760492055234e-05,-3.369068683451621e-05,-7.17164053312302e-08,-1.5725404412069536e-05,-3.452617944764357e-05,-7.52775953830742e-08,-1.6091801055232992e-05,-3.537184893970319e-05,-7.89697311150414e-08,-1.646193371472644e-05,-3.6227692586925945e-05,-8.279597916362351e-08,-1.683578569191202e-05,-3.709370763278101e-05,-8.675954372258658e-08,-1.721334029640031e-05,-3.796989128798501e-05,-9.086366652990269e-08,-1.7594580846117496e-05,-3.885624073051126e-05,-9.51116268545289e-08,-1.7979490667372372e-05,-3.97527531055992e-05,-9.950674148303244e-08,-1.8368053094923444e-05,-4.0659425525763814e-05,-1.0405236470606269e-07,-1.8760251472045898e-05,-4.1576255070805246e-05,0.4000000000000001
-6.828303189320652e-08,-1.5362760492055234e-05,-3.369068683451621e-05,-7.17164053312302e-08,-1.5725404412069536e-05,-3.452617944764357e-05,-7.52775953830742e-08,-1.6091801055232992e-05,-3.537184893970319e-05,-7.89697311150414e-08,-1.646193371472644e-05,-3.6227692586925945e-05,-8.279597916362351e-08,-1.683578569191202e-05,-3.709370763278101e-05,-8.675954372258658e-08,-1.721334029640031e-05,-3.796989128798501e-05,-9.086366652990269e-08,-1.7594580846117496e-05,-3.885624073051126e-05,-9.51116268545289e-08,-1.7979490667372372e-05,-3.97527531055992e-05,-9.950674148303244e-08,-1.8368053094923444e-05,-4.0659425525763814e-05,-1.0405236470606269e-07,-1.8760251472045898e-05,-4.1576255070805246e-05,0.4000000000000001
-6.828303189320652e-08,-1.5362760492055234e-05,-3.369068683451621e-05,-7.17164053312302e-08,-1.5725404412069536e-05,-3.452617944764357e-05,-7.52775953830742e-08,-1.6091801055232992e-05,-3.537184893970319e-05,-7.89697311150414e-08,-1.646193371472644e-05,-3.6227692586925945e-05,-8.279597916362351e-08,-1.683578569191202e-05,-3.709370763278101e-05,-8.675954372258658e-08,-1.721334029640031e-05,-3.796989128798501e-05,-9.086366652990269e-08,-1.7594580846117496e-05,-3.885624073051126e-05,-9.51116268545289e-08,-1.7979490667372372e-05,-3.97527531055992e-05,-9.950674148303244e-08,-1.8368053094923444e-05,-4.0659425525763814e-05,-1.0405236470606269e-07,-1.8760251472045898e-05,-4.1576255070805246e-05,0.4000000000000001
-6.828303189320652e-08,-1.5362760492055234e-05,-3.369068683451621e-05,-7.17164053312302e-08,-1.5725404412069536e-05,-3.452617944764357e-05,-7.52775953830742e-08,-1.6091801055232992e-05,-3.537184893970319e-05,-7.89697311150414e-08,-1.646193371472644e-05,-3.6227692586925945e-05,-8.279597916362351e-08,-1.683578569191202e-05,-3.709370763278101e-05,-8.675954372258658e-08,-1.721334029640031e-05,-3.796989128798501e-05,-9.086366652990269e-08,-1.7594580846117496e-05,-3.885624073051126e-05,-9.51116268545289e-08,-1.7979490667372372e-05,-3.97527531055992e-05,-9.950674148303244e-08,-1.8368053094923444e-05,-4.0659425525763814e-05,-1.0405236470606269e-07,-1.8760251472045898e-05,-4.1576255070805246e-05,0.4000000000000001
-6.828303189320652e-08,-1.5362760492055234e-05,-3.369068683451621e-05,-7.17164053312302e-08,-1.5725404412069536e-05,-3.452617944764357e-05,-7.52775953830742e-08,-1.6091801055232992e-05,-3.537184893970319e-05,-7.89697311150414e-08,-1.646193371472644e-05,-3.6227692586925945e-05,-8.279597916362351e-08,-1.683578569191202e-05,-3.709370763278101e-05,-8.675954372258658e-08,-1.721334029640031e-05,-3.796989128798501e-05,-9.086366652990269e-08,-1.7594580846117496e-05,-3.885624073051126e-05,-9.51116268545289e-08,-1.7979490667372372e-05,-3.97527531055992e-05,-9.950674148303244e-08,-1.8368053094923444e-05,-4.0659425525763814e-05,-1.0405236470606269e-07,-1.8760251472045898e-05,-4.1576255070805246e-05,0.4000000000000001
-6.828303189320652e-08,-1.5362760492055234e-05,-3.369068683451621e-05,-7.17164053312302e-08,-1.5725404412069536e-05,-3.452617944764357e-05,-7.52775953830742e-08,-1.6091801055232992e-05,-3.537184893970319e-05,-7.89697311150414e-08,-1.646193371472644e-05,-3.6227692586925945e-05,-8.279597916362351e-08,-1.683578569191202e-05,-3.709370763278101e-05,-8.675954372258658e-08,-1.721334029640031e-05,-3.796989128798501e-05,-9.086366652990269e-08,-1.7594580846117496e-05,-3.885624073051126e-05,-9.51116268545289e-08,-1.7979490667372372e-05,-3.97527531055992e-05,-9.950674148303244e-08,-1.8368053094923444e-05,-4.0659425525763814e-05,-1.0405236470606269e-07,-1.8760251472045898e-05,-4.1576255070805246e-05,0.4000000000000001
-6.828303189320652e-08,-1.5362760492055234e-05,-3.369068683451621e-05,-7.17164053312302e-08,-1.5725404412069536e-05,-3.452617944764357e-05,-7.52775953830742e-08,-1.6091801055232992e-05,-3.537184893970319e-05,-7.89697311150414e-08,-1.646193371472644e-05,-3.6227692586925945e-05,-8.279597916362351e-08,-1.683578569191202e-05,-3.709370763278101e-05,-8.675954372258658e-08,-1.721334029640031e-05,-3.796989128798501e-05,-9.086366652990269e-08,-1.7594580846117496e-05,-3.885624073051126e-05,-9.51116268545289e-08,-1.7979490667372372e-05,-3.97527531055992e-05,-9.950674148303244e-08,-1.8368053094923444e-05,-4.0659425525763814e-05,-1.0405236470606269e-07,-1.8760251472045898e-05,-4.1576255070805246e-05,0.4000000000000001
-6.828303189320652e-08,-1.5362760492055234e-05,-3.369068683451621e-05,-7.17164053312302e-08,-1.5725404412069536e-05,-3.452617944764357e-05,-7.52775953830742e-08,-1.6091801055232992e-05,-3.537184893970319e-05,-7.89697311150414e-08,-1.646193371472644e-05,-3.6227692586925945e-05,-8.279597916362351e-08,-1.683578569191202e-05,-3.709370763278101e-05,-8.675954372258658e-08,-1.721334029640031e-05,-3.796989128798501e-05,-9.086366652990269e-08,-1.7594580846117496e-05,-3.885624073051126e-05,-9.51116268545289e-08,-1.7979490667372372e-05,-3.97527531055992e-05,-9.950674148303244e-08,-1.8368053094923444e-05,-4.0659425525763814e-05,-1.0405236470606269e-07,-1.8760251472045898e-05,-4.1576255070805246e-05,0.4000000000000001
-6.828303189320652e-08,-1.5362760492055234e-05,-3.369068683451621e-05,-7.17164053312302e-08,-1.5725404412069536e-05,-3.452617944764357e-05,-7.52775953830742e-08,-1.6091801055232992e-05,-3.537184893970319e-05,-7.89697311150414e-08,-1.646193371472644e-05,-3.6227692586925945e-05,-8.279597916362351e-08,-1.683578569191202e-05,-3.709370763278101e-05,-8.675954372258658e-08,-1.721334029640031e-05,-3.796989128798501e-05,-9.086366652990269e-08,-1.7594580846117496e-05,-3.885624073051126e-05,-9.51116268545289e-08,-1.7979490667372372e-05,-3.97527531055992e-05,-9.950674148303244e-08,-1.8368053094923444e-05,-4.0659425525763814e-05,-1.0405236470606269e-07,-1.8760251472045898e-05,-4.1576255070805246e-05,0.4000000000000001
-6.828303189320652e-08,-1.5362760492055234e-05,-3.369068683451621e-05,-7.17164053312302e-08,-1.5725404412069536e-05,-3.452617944764357e-05,-7.52775953830742e-08,-1.6091801055232992e-05,-3.537184893970319e-05,-7.89697311150414e-08,-1.646193371472644e-05,-3.6227692586925945e-05,-8.279597916362351e-08,-1.683578569191202e-05,-3.709370763278101e-05,-8.675954372258658e-08,-1.721334029640031e-05,-3.796989128798501e-05,-9.086366652990269e-08,-1.7594580846117496e-05,-3.885624073051126e-05,-9.51116268545289e-08,-1.7979490667372372e-05,-3.97527531055992e-05,-9.950674148303244e-08,-1.8368053094923444e-05,-4.0659425525763814e-05,-1.0405236470606269e-07,-1.8760251472045898e-05,-4.1576255070805246e-05,0.4000000000000001
-6.828303189320652e-08,-1.5362760492055234e-05,-3.369068683451621e-05,-7.17164053312302e-08,-1.5725404412069536e-05,-3.452617944764357e-05,-7.52775953830742e-08,-1.6091801055232992e-05,-3.537184893970319e-05,-7.89697311150414e-08,-1.646193371472644e-05,-3.6227692586925945e-05,-8.279597916362351e-08,-1.683578569191202e-05,-3.709370763278101e-05,-8.675954372258658e-08,-1.721334029640031e-05,-3.796989128798501e-05,-9.086366652990269e-08,-1.7594580846117496e-05,-3.885624073051126e-05,-9.51116268545289e-08,-1.7979490667372372e-05,-3.97527531055992e-05,-9.950674148303244e-08,-1.8368053094923444e-05,-4.0659425525763814e-05,-1.0405236470606269e-07,-1.8760251472045898e-05,-4.1576255070805246e-05,0.4000000000000001
-6.828303189320652e-08,-1.5362760492055234e-05,-3.369068683451621e-05,-7.17164053312302e-08,-1.5725404412069536e-05,-3.452617944764357e-05,-7.52775953830742e-08,-1.6091801055232992e-05,-3.537184893970319e-05,-7.89697311150414e-08,-1.646193371472644e-05,-3.6227692586925945e-05,-8.279597916362351e-08,-1.683578569191202e-05,-3.709370763278101e-05,-8.675954372258658e-08,-1.721334029640031e-05,-3.796989128798501e-05,-9.086366652990269e-08,-1.7594580846117496e-05,-3.885624073051126e-05,-9.51116268545289e-08,-1.7979490667372372e-05,-3.97527531055992e-05,-9.950674148303244e-08,-1.8368053094923444e-05,-4.0659425525763814e-05,-1.0405236470606269e-07,-1.8760251472045898e-05,-4.1576255070805246e-05,0.4000000000000001
-6.828303189320652e-08,-1.5362760492055234e-05,-3.369068683451621e-05,-7.17164053312302e-08,-1.5725404412069536e-05,-3.452617944764357e-05,-7.52775953830742e-08,-1.6091801055232992e-05,-3.537184893970319e-05,-7.89697311150414e-08,-1.646193371472644e-05,-3.6227692586925945e-05,-8.279597916362351e-08,-1.683578569191202e-05,-3.709370763278101e-05,-8.675954372258658e-08,-1.721334029640031e-05,-3.796989128798501e-05,-9.086366652990269e-08,-1.7594580846117496e-05,-3.885624073051126e-05,-9.51116268545289e-08,-1.7979490667372372e-05,-3.97527531055992e-05,-9.950674148303244e-08,-1.8368053094923444e-05,-4.0659425525763814e-05,-1.0405236470606269e-07,-1.8760251472045898e-05,-4.1576255070805246e-05,0.4000000000000001
-6.828303189320652e-08,-1.5362760492055234e-05,-3.369068683451621e-05,-7.17164053312302e-08,-1.5725404412069536e-05,-3.452617944764357e-05,-7.52775953830742e-08,-1.6091801055232992e-05,-3.537184893970319e-05,-7.89697311150414e-08,-1.646193371472644e-05,-3.6227692586925945e-05,-8.279597916362351e-08,-1.683578569191202e-05,-3.709370763278101e-05,-8.675954372258658e-08,-1.721334029640031e-05,-3.796989128798501e-05,-9.086366652990269e-08,-1.7594580846117496e-05,-3.885624073051126e-05,-9.51116268545289e-08,-1.7979490667372372e-05,-3.97527531055992e-05,-9.950674148303244e-08,-1.8368053094923444e-05,-4.0659425525763814e-05,-1.0405236470606269e-07,-1.8760251472045898e-05,-4.1576255070805246e-05,0.4000000000000001
-6.828303189320652e-08,-1.5362760492055234e-05,-3.369068683451621e-05,-7.17164053312302e-08,-1.5725404412069536e-05,-3.452617944764357e-05,-7.52775953830742e-08,-1.6091801055232992e-05,-3.537184893970319e-05,-7.89697311150414e-08,-1.646193371472644e-05,-3.6227692586925945e-05,-8.279597916362351e-08,-1.683578569191202e-05,-3.709370763278101e-05,-8.675954372258658e-08,-1.721334029640031e-05,-3.796989128798501e-05,-9.086366652990269e-08,-1.7594580846117496e-05,-3.885624073051126e-05,-9.51116268545289e-08,-1.7979490667372372e-05,-3.97527531055992e-05,-9.950674148303244e-08,-1.8368053094923444e-05,-4.0659425525763814e-05,-1.0405236470606269e-07,-1.8760251472045898e-05,-4.1576255070805246e-05,0.4000000000000001
-6.828303189320652e-08,-1.5362760492055234e-05,-3.369068683451621e-05,-7.17164053312302e-08,-1.5725404412069536e-05,-3.452617944764357e-05,-7.52775953830742e-08,-1.6091801055232992e-05,-3.537184893970319e-05,-7.89697311150414e-08,-1.646193371472644e-05,-3.6227692586925945e-05,-8.279597916362351e-08,-1.683578569191202e-05,-3.709370763278101e-05,-8.675954372258658e-08,-1.721334029640031e-05,-3.796989128798501e-05,-9.086366652990269e-08,-1.7594580846117496e-05,-3.885624073051126e-05,-9.51116268545289e-08,-1.7979490667372372e-05,-3.97527531055992e-05,-9.950674148303244e-08,-1.8368053094923444e-05,-4.0659425525763814e-05,-1.0405236470606269e-07,-1.8760251472045898e-05,-4.1576255070805246e-05,0.4000000000000001
-6.828303189320652e-08,-1.5362760492055234e-05,-3.369068683451621e-05,-7.17164053312302e-08,-1.5725404412069536e-05,-3.452617944764357e-05,-7.52775953830742e-08,-1.6091801055232992e-05,-3.537184893970319e-05,-7.89697311150414e-08,-1.646193371472644e-05,-3.6227692586925945e-05,-8.279597916362351e-08,-1.683578569191202e-05,-3.709370763278101e-05,-8.675954372258658e-08,-1.721334029640031e-05,-3.796989128798501e-05,-9.086366652990269e-08,-1.7594580846117496e-05,-3.885624073051126e-05,-9.51116268545289e-08,-1.7979490667372372e-05,-3.97527531055992e-05,-9.950674148303244e-08,-1.8368053094923444e-05,-4.0659425525763814e-05,-1.0405236470606269e-07,-1.8760251472045898e-05,-4.1576255070805246e-05,0.4000000000000001
-6.828303189320652e-08,-1.5362760492055234e-05,-3.369068683451621e-05,-7.17164053312302e-08,-1.5725404412069536e-05,-3.452617944764357e-05,-7.52775953830742e-08,-1.6091801055232992e-05,-3.537184893970319e-05,-7.89697311150414e-08,-1.646193371472644e-05,-3.6227692586925945e-05,-8.279597916362351e-08,-1.683578569191202e-05,-3.709370763278101e-05,-8.675954372258658e-08,-1.721334029640031e-05,-3.796989128798501e-05,-9.086366652990269e-08,-1.7594580846117496e-05,-3.885624073051126e-05,-9.51116268545289e-08,-1.7979490667372372e-05,-3.97527531055992e-05,-9.950674148303244e-08,-1.8368053094923444e-05,-4.0659425525763814e-05,-1.0405236470606269e-07,-1.8760251472045898e-05,-4.1576255070805246e-05,0.4000000000000001
-6.828303189320652e-08,-1.5362760492055234e-05,-3.369068683451621e-05,-7.17164053312302e-08,-1.5725404412069536e-05,-3.452617944764357e-05,-7.52775953830742e-08,-1.6091801055232992e-05,-3.537184893970319e-05,-7.89697311150414e-08,-1.646193371472644e-05,-3.6227692586925945e-05,-8.279597916362351e-08,-1.683578569191202e-05,-3.709370763278101e-05,-8.675954372258658e-08,-1.721334029640031e-05,-3.796989128798501e-05,-9.086366652990269e-08,-1.7594580846117496e-05,-3.885624073051126e-05,-9.51116268545289e-08,-1.7979490667372372e-05,-3.97527531055992e-05,-9.950674148303244e-08,-1.8368053094923444e-05,-4.0659425525763814e-05,-1.0405236470606269e-07,-1.8760251472045898e-05,-4.1576255070805246e-05,0.4000000000000001
-6.828303189320652e-08,-1.5362760492055234e-05,-3.369068683451621e-05,-7.17164053312302e-08,-1.5725404412069536e-05,-3.452617944764357e-05,-7.52775953830742e-08,-1.6091801055232992e-05,-3.537184893970319e-05,-7.89697311150414e-08,-1.646193371472644e-05,-3.6227692586925945e-05,-8.279597916362351e-08,-1.683578569191202e-05,-3.709370763278101e-05,-8.675954372258658e-08,-1.721334029640031e-05,-3.796989128798501e-05,-9.086366652990269e-08,-1.7594580846117496e-05,-3.885624073051126e-05,-9.51116268545289e-08,-1.7979490667372372e-05,-3.97527531055992e-05,-9.950674148303244e-08,-1.8368053094923444e-05,-4.0659425525763814e-05,-1.0405236470606269e-07,-1.8760251472045898e-05,-4.1576255070805246e-05,0.4000000000000001
-6.828303189320652e-08,-1.5362760492055234e-05,-3.369068683451621e-05,-7.17164053312302e-08,-1.5725404412069536e-05,-3.452617944764357e-05,-7.52775953830742e-08,-1.6091801055232992e-05,-3.537184893970319e-05,-7.89697311150414e-08,-1.646193371472644e-05,-3.6227692586925945e-05,-8.279597916362351e-08,-1.683578569191202e-05,-3.709370763278101e-05,-8.675954372258658e-08,-1.721334029640031e-05,-3.796989128798501e-05,-9.086366652990269e-08,-1.7594580846117496e-05,-3.885624073051126e-05,-9.51116268545289e-08,-1.7979490667372372e-05,-3.97527531055992e-05,-9.950674148303244e-08,-1.8368053094923444e-05,-4.0659425525763814e-05,-1.0405236470606269e-07,-1.8760251472045898e-05,-4.1576255070805246e-05,0.4000000000000001
-6.828303189320652e-08,-1.5362760492055234e-05,-3.369068683451621e-05,-7.17164053312302e-08,-1.5725404412069536e-05,-3.452617944764357e-05,-7.52775953830742e-08,-1.6091801055232992e-05,-3.537184893970319e-05,-7.89697311150414e-08,-1.646193371472644e-05,-3.6227692586925945e-05,-8.279597916362351e-08,-1.683578569191202e-05,-3.709370763278101e-05,-8.675954372258658e-08,-1.721334029640031e-05,-3.796989128798501e-05,-9.086366652990269e-08,-1.7594580846117496e-05,-3.885624073051126e-05,-9.51116268545289e-08,-1.7979490667372372e-05,-3.97527531055992e-05,-9.950674148303244e-08,-1.8368053094923444e-05,-4.0659425525763814e-05,-1.0405236470606269e-07,-1.8760251472045898e-05,-4.1576255070805246e-05,0.4000000000000001
-6.828303189320652e-08,-1.5362760492055234e-05,-3.369068683451621e-05,-7.17164053312302e-08,-1.5725404412069536e-05,-3.452617944764357e-05,-7.52775953830742e-08,-1.6091801055232992e-05,-3.537184893970319e-05,-7.89697311150414e-08,-1.646193371472644e-05,-3.6227692586925945e-05,-8.279597916362351e-08,-1.683578569191202e-05,-3.709370763278101e-05,-8.675954372258658e-08,-1.721334029640031e-05,-3.796989128798501e-05,-9.086366652990269e-08,-1.7594580846117496e-05,-3.885624073051126e-05,-9.51116268545289e-08,-1.7979490667372372e-05,-3.97527531055992e-05,-9.950674148303244e-08,-1.8368053094923444e-05,-4.0659425525763814e-05,-1.0405236470606269e-07,-1.8760251472045898e-05,-4.1576255070805246e-05,0.4000000000000001
-6.828303189320652e-08,-1.5362760492055234e-05,-3.369068683451621e-05,-7.17164053312302e-08,-1.5725404412069536e-05,-3.452617944764357e-05,-7.52775953830742e-08,-1.6091801055232992e-05,-3.537184893970319e-05,-7.89697311150414e-08,-1.646193371472644e-05,-3.6227692586925945e-05,-8.279597916362351e-08,-1.683578569191202e-05,-3.709370763278101e-05,-8.675954372258658e-08,-1.721334029640031e-05,-3.796989128798501e-05,-9.086366652990269e-08,-1.7594580846117496e-05,-3.885624073051126e-05,-9.51116268545289e-08,-1.7979490667372372e-05,-3.97527531055992e-05,-9.950674148303244e-08,-1.8368053094923444e-05,-4.0659425525763814e-05,-1.0405236470606269e-07,-1.8760251472045898e-05,-4.1576255070805246e-05,0.4000000000000001
-6.828303189320652e-08,-1.5362760492055234e-05,-3.369068683451621e-05,-7.17164053312302e-08,-1.5725404412069536e-05,-3.452617944764357e-05,-7.52775953830742e-08,-1.6091801055232992e-05,-3.537184893970319e-05,-7.89697311150414e-08,-1.646193371472644e-05,-3.6227692586925945e-05,-8.279597916362351e-08,-1.683578569191202e-05,-3.709370763278101e-05,-8.675954372258658e-08,-1.721334029640031e-05,-3.796989128798501e-05,-9.086366652990269e-08,-1.7594580846117496e-05,-3.885624073051126e-05,-9.51116268545289e-08,-1.7979490667372372e-05,-3.97527531055992e-05,-9.950674148303244e-08,-1.8368053094923444e-05,-4.0659425525763814e-05,-1.0405236470606269e-07,-1.8760251472045898e-05,-4.1576255070805246e-05,0.4000000000000001
-6.828303189320652e-08,-1.5362760492055234e-05,-3.369068683451621e-05,-7.17164053312302e-08,-1.5725404412069536e-05,-3.452617944764357e-05,-7.52775953830742e-08,-1.6091801055232992e-05,-3.537184893970319e-05,-7.89697311150414e-08,-1.646193371472644e-05,-3.6227692586925945e-05,-8.279597916362351e-08,-1.683578569191202e-05,-3.709370763278101e-05,-8.675954372258658e-08,-1.721334029640031e-05,-3.796989128798501e-05,-9.086366652990269e-08,-1.7594580846117496e-05,-3.885624073051126e-05,-9.51116268545289e-08,-1.7979490667372372e-05,-3.97527531055992e-05,-9.950674148303244e-08,-1.8368053094923444e-05,-4.0659425525763814e-05,-1.0405236470606269e-07,-1.8760251472045898e-05,-4.1576255070805246e-05,0.4000000000000001
-6.828303189320652e-08,-1.5362760492055234e-05,-3.369068683451621e-05,-7.17164053312302e-08,-1.5725404412069536e-05,-3.452617944764357e-05,-7.52775953830742e-08,-1.6091801055232992e-05,-3.537184893970319e-05,-7.89697311150414e-08,-1.646193371472644e-05,-3.6227692586925945e-05,-8.279597916362351e-08,-1.683578569191202e-05,-3.709370763278101e-05,-8.675954372258658e-08,-1.721334029640031e-05,-3.796989128798501e-05,-9.086366652990269e-08,-1.7594580846117496e-05,-3.885624073051126e-05,-9.51116268545289e-08,-1.7979490667372372e-05,-3.97527531055992e-05,-9.950674148303244e-08,-1.8368053094923444e-05,-4.0659425525763814e-05,-1.0405236470606269e-07,-1.8760251472045898e-05,-4.1576255070805246e-05,0.4000000000000001
-6.828303189320652e-08,-1.5362760492055234e-05,-3.369068683451621e-05,-7.17164053312302e-08,-1.5725404412069536e-05,-3.452617944764357e-05,-7.52775953830742e-08,-1.6091801055232992e-05,-3.537184893970319e-05,-7.89697311150414e-08,-1.646193371472644e-05,-3.6227692586925945e-05,-8.279597916362351e-08,-1.683578569191202e-05,-3.709370763278101e-05,-8.675954372258658e-08,-1.721334029640031e-05,-3.796989128798501e-05,-9.086366652990269e-08,-1.7594580846117496e-05,-3.885624073051126e-05,-9.51116268545289e-08,-1.7979490667372372e-05,-3.97527531055992e-05,-9.950674148303244e-08,-1.8368053094923444e-05,-4.0659425525763814e-05,-1.0405236470606269e-07,-1.8760251472045898e-05,-4.1576255070805246e-05,0.4000000000000001
-6.828303189320652e-08,-1.5362760492055234e-05,-3.369068683451621e-05,-7.17164053312302e-08,-1.5725404412069536e-05,-3.452617944764357e-05,-7.52775953830742e-08,-1.6091801055232992e-05,-3.537184893970319e-05,-7.89697311150414e-08,-1.646193371472644e-05,-3.6227692586925945e-05,-8.279597916362351e-08,-1.683578569191202e-05,-3.709370763278101e-05,-8.675954372258658e-08,-1.721334029640031e-05,-3.796989128798501e-05,-9.086366652990269e-08,-1.7594580846117496e-05,-3.885624073051126e-05,-9.51116268545289e-08,-1.7979490667372372e-05,-3.97527531055992e-05,-9.950674148303244e-08,-1.8368053094923444e-05,-4.0659425525763814e-05,-1.0405236470606269e-07,-1.8760251472045898e-05,-4.1576255070805246e-05,0.4000000000000001
-6.828303189320652e-08,-1.5362760492055234e-05,-3.369068683451621e-05,-7.17164053312302e-08,-1.5725404412069536e-05,-3.452617944764357e-05,-7.52775953830742e-08,-1.6091801055232992e-05,-3.537184893970319e-05,-7.89697311150414e-08,-1.646193371472644e-05,-3.6227692586925945e-05,-8.279597916362351e-08,-1.683578569191202e-05,-3.709370763278101e-05,-8.675954372258658e-08,-1.721334029640031e-05,-3.796989128798501e-05,-9.086366652990269e-08,-1.7594580846117496e-05,-3.885624073051126e-05,-9.51116268545289e-08,-1.7979490667372372e-05,-3.97527531055992e-05,-9.950674148303244e-08,-1.8368053094923444e-05,-4.0659425525763814e-05,-1.0405236470606269e-07,-1.8760251472045898e-05,-4.1576255070805246e-05,0.4000000000000001
-6.828303189320652e-08,-1.5362760492055234e-05,-3.369068683451621e-05,-7.17164053312302e-08,-1.5725404412069536e-05,-3.452617944764357e-05,-7.52775953830742e-08,-1.6091801055232992e-05,-3.537184893970319e-05,-7.89697311150414e-08,-1.646193371472644e-05,-3.6227692586925945e-05,-8.279597916362351e-08,-1.683578569191202e-05,-3.709370763278101e-05,-8.675954372258658e-08,-1.721334029640031e-05,-3.796989128798501e-05,-9.086366652990269e-08,-1.7594580846117496e-05,-3.885624073051126e-05,-9.51116268545289e-08,-1.7979490667372372e-05,-3.97527531055992e-05,-9.950674148303244e-08,-1.8368053094923444e-05,-4.0659425525763814e-05,-1.0405236470606269e-07,-1.8760251472045898e-05,-4.1576255070805246e-05,0.4000000000000001
-6.828303189320652e-08,-1.5362760492055234e-05,-3.369068683451621e-05,-7.17164053312302e-08,-1.5725404412069536e-05,-3.452617944764357e-05,-7.52775953830742e-08,-1.6091801055232992e-05,-3.537184893970319e-05,-7.89697311150414e-08,-1.646193371472644e-05,-3.6227692586925945e-05,-8.279597916362351e-08,-1.683578569191202e-05,-3.709370763278101e-05,-8.675954372258658e-08,-1.721334029640031e-05,-3.796989128798501e-05,-9.086366652990269e-08,-1.7594580846117496e-05,-3.885624073051126e-05,-9.51116268545289e-08,-1.7979490667372372e-05,-3.97527531055992e-05,-9.950674148303244e-08,-1.8368053094923444e-05,-4.0659425525763814e-05,-1.0405236470606269e-07,-1.8760251472045898e-05,-4.1576255070805246e-05,0.4000000000000001
-6.828303189320652e-08,-1.5362760492055234e-05,-3.369068683451621e-05,-7.17164053312302e-08,-1.5725404412069536e-05,-3.452617944764357e-05,-7.52775953830742e-08,-1.6091801055232992e-05,-3.537184893970319e-05,-7.89697311150414e-08,-1.646193371472644e-05,-3.6227692586925945e-05,-8.279597916362351e-08,-1.683578569191202e-05,-3.709370763278101e-05,-8.675954372258658e-08,-1.721334029640031e-05,-3.796989128798501e-05,-9.086366652990269e-08,-1.7594580846117496e-05,-3.885624073051126e-05,-9.51116268545289e-08,-1.7979490667372372e-05,-3.97527531055992e-05,-9.950674148303244e-08,-1.8368053094923444e-05,-4.0659425525763814e-05,-1.0405236470606269e-07,-1.8760251472045898e-05,-4.1576255070805246e-05,0.4000000000000001
-6.828303189320652e-08,-1.5362760492055234e-05,-3.369068683451621e-05,-7.17164053312302e-08,-1.5725404412069536e-05,-3.452617944764357e-05,-7.52775953830742e-08,-1.6091801055232992e-05,-3.537184893970319e-05,-7.89697311150414e-08,-1.646193371472644e-05,-3.6227692586925945e-05,-8.279597916362351e-08,-1.683578569191202e-05,-3.709370763278101e-05,-8.675954372258658e-08,-1.721334029640031e-05,-3.796989128798501e-05,-9.086366652990269e-08,-1.7594580846117496e-05,-3.885624073051126e-05,-9.51116268545289e-08,-1.7979490667372372e-05,-3.97527531055992e-05,-9.950674148303244e-08,-1.8368053094923444e-05,-4.0659425525763814e-05,-1.0405236470606269e-07,-1.8760251472045898e-05,-4.1576255070805246e-05,0.4000000000000001
-6.828303189320652e-08,-1.5362760492055234e-05,-3.369068683451621e-05,-7.17164053312302e-08,-1.5725404412069536e-05,-3.452617944764357e-05,-7.52775953830742e-08,-1.6091801055232992e-05,-3.537184893970319e-05,-7.89697311150414e-08,-1.646193371472644e-05,-3.6227692586925945e-05,-8.279597916362351e-08,-1.683578569191202e-05,-3.709370763278101e-05,-8.675954372258658e-08,-1.721334029640031e-05,-3.796989128798501e-05,-9.086366652990269e-08,-1.7594580846117496e-05,-3.885624073051126e-05,-9.51116268545289e-08,-1.7979490667372372e-05,-3.97527531055992e-05,-9.950674148303244e-08,-1.8368053094923444e-05,-4.0659425525763814e-05,-1.0405236470606269e-07,-1.8760251472045898e-05,-4.1576255070805246e-05,0.4000000000000001
-6.828303189320652e-08,-1.5362760492055234e-05,-3.369068683451621e-05,-7.17164053312302e-08,-1.5725404412069536e-05,-3.452617944764357e-05,-7.52775953830742e-08,-1.6091801055232992e-05,-3.537184893970319e-05,-7.89697311150414e-08,-1.646193371472644e-05,-3.6227692586925945e-05,-8.279597916362351e-08,-1.683578569191202e-05,-3.709370763278101e-05,-8.675954372258658e-08,-1.721334029640031e-05,-3.796989128798501e-05,-9.086366652990269e-08,-1.7594580846117496e-05,-3.885624073051126e-05,-9.51116268545289e-08,-1.7979490667372372e-05,-3.97527531055992e-05,-9.950674148303244e-08,-1.8368053094923444e-05,-4.0659425525763814e-05,-1.0405236470606269e-07,-1.8760251472045898e-05,-4.1576255070805246e-05,0.4000000000000001
-6.828303189320652e-08,-1.5362760492055234e-05,-3.369068683451621e-05,-7.17164053312302e-08,-1.5725404412069536e-05,-3.452617944764357e-05,-7.52775953830742e-08,-1.6091801055232992e-05,-3.537184893970319e-05,-7.89697311150414e-08,-1.646193371472644e-05,-3.6227692586925945e-05,-8.279597916362351e-08,-1.683578569191202e-05,-3.709370763278101e-05,-8.675954372258658e-08,-1.721334029640031e-05,-3.796989128798501e-05,-9.086366652990269e-08,-1.7594580846117496e-05,-3.885624073051126e-05,-9.51116268545289e-08,-1.7979490667372372e-05,-3.97527531055992e-05,-9.950674148303244e-08,-1.8368053094923444e-05,-4.0659425525763814e-05,-1.0405236470606269e-07,-1.8760251472045898e-05,-4.1576255070805246e-05,0.4000000000000001
-6.828303189320652e-08,-1.5362760492055234e-05,-3.369068683451621e-05,-7.17164053312302e-08,-1.5725404412069536e-05,-3.452617944764357e-05,-7.52775953830742e-08,-1.6091801055232992e-05,-3.537184893970319e-05,-7.89697311150414e-08,-1.646193371472644e-05,-3.6227692586925945e-05,-8.279597916362351e-08,-1.683578569191202e-05,-3.709370763278101e-05,-8.675954372258658e-08,-1.721334029640031e-05,-3.796989128798501e-05,-9.086366652990269e-08,-1.7594580846117496e-05,-3.885624073051126e-05,-9.51116268545289e-08,-1.7979490667372372e-05,-3.97527531055992e-05,-9.950674148303244e-08,-1.8368053094923444e-05,-4.0659425525763814e-05,-1.0405236470606269e-07,-1.8760251472045898e-05,-4.1576255070805246e-05,0.4000000000000001
-6.828303189320652e-08,-1.5362760492055234e-05,-3.369068683451621e-05,-7.17164053312302e-08,-1.5725404412069536e-05,-3.452617944764357e-05,-7.52775953830742e-08,-1.6091801055232992e-05,-3.537184893970319e-05,-7.89697311150414e-08,-1.646193371472644e-05,-3.6227692586925945e-05,-8.279597916362351e-08,-1.683578569191202e-05,-3.709370763278101e-05,-8.675954372258658e-08,-1.721334029640031e-05,-3.796989128798501e-05,-9.086366652990269e-08,-1.7594580846117496e-05,-3.885624073051126e-05,-9.51116268545289e-08,-1.7979490667372372e-05,-3.97527531055992e-05,-9.950674148303244e-08,-1.8368053094923444e-05,-4.0659425525763814e-05,-1.0405236470606269e-07,-1.8760251472045898e-05,-4.1576255070805246e-05,0.4000000000000001
-6.828303189320652e-08,-1.5362760492055234e-05,-3.369068683451621e-05,-7.17164053312302e-08,-1.5725404412069536e-05,-3.452617944764357e-05,-7.52775953830742e-08,-1.6091801055232992e-05,-3.537184893970319e-05,-7.89697311150414e-08,-1.646193371472644e-05,-3.6227692586925945e-05,-8.279597916362351e-08,-1.683578569191202e-05,-3.709370763278101e-05,-8.675954372258658e-08,-1.721334029640031e-05,-3.796989128798501e-05,-9.086366652990269e-08,-1.7594580846117496e-05,-3.885624073051126e-05,-9.51116268545289e-08,-1.7979490667372372e-05,-3.97527531055992e-05,-9.950674148303244e-08,-1.8368053094923444e-05,-4.0659425525763814e-05,-1.0405236470606269e-07,-1.8760251472045898e-05,-4.1576255070805246e-05,0.4000000000000001
-6.828303189320652e-08,-1.5362760492055234e-05,-3.369068683451621e-05,-7.17164053312302e-08,-1.5725404412069536e-05,-3.452617944764357e-05,-7.52775953830742e-08,-1.6091801055232992e-05,-3.537184893970319e-05,-7.89697311150414e-08,-1.646193371472644e-05,-3.6227692586925945e-05,-8.279597916362351e-08,-1.683578569191202e-05,-3.709370763278101e-05,-8.675954372258658e-08,-1.721334029640031e-05,-3.796989128798501e-05,-9.086366652990269e-08,-1.7594580846117496e-05,-3.885624073051126e-05,-9.51116268545289e-08,-1.7979490667372372e-05,-3.97527531055992e-05,-9.950674148303244e-08,-1.8368053094923444e-05,-4.0659425525763814e-05,-1.0405236470606269e-07,-1.8760251472045898e-05,-4.1576255070805246e-05,0.4000000000000001
-6.828303189320652e-08,-1.5362760492055234e-05,-3.369068683451621e-05,-7.17164053312302e-08,-1.5725404412069536e-05,-3.452617944764357e-05,-7.52775953830742e-08,-1.6091801055232992e-05,-3.537184893970319e-05,-7.89697311150414e-08,-1.646193371472644e-05,-3.6227692586925945e-05,-8.279597916362351e-08,-1.683578569191202e-05,-3.709370763278101e-05,-8.675954372258658e-08,-1.721334029640031e-05,-3.796989128798501e-05,-9.086366652990269e-08,-1.7594580846117496e-05,-3.885624073051126e-05,-9.51116268545289e-08,-1.7979490667372372e-05,-3.97527531055992e-05,-9.950674148303244e-08,-1.8368053094923444e-05,-4.0659425525763814e-05,-1.0405236470606269e-07,-1.8760251472045898e-05,-4.1576255070805246e-05,0.4000000000000001
-6.828303189320652e-08,-1.5362760492055234e-05,-3.369068683451621e-05,-7.17164053312302e-08,-1.5725404412069536e-05,-3.452617944764357e-05,-7.52775953830742e-08,-1.6091801055232992e-05,-3.537184893970319e-05,-7.89697311150414e-08,-1.646193371472644e-05,-3.6227692586925945e-05,-8.279597916362351e-08,-1.683578569191202e-05,-3.709370763278101e-05,-8.675954372258658e-08,-1.721334029640031e-05,-3.796989128798501e-05,-9.086366652990269e-08,-1.7594580846117496e-05,-3.885624073051126e-05,-9.51116268545289e-08,-1.7979490667372372e-05,-3.97527531055992e-05,-9.950674148303244e-08,-1.8368053094923444e-05,-4.0659425525763814e-05,-1.0405236470606269e-07,-1.8760251472045898e-05,-4.1576255070805246e-05,0.4000000000000001
-6.828303189320652e-08,-1.5362760492055234e-05,-3.369068683451621e-05,-7.17164053312302e-08,-1.5725404412069536e-05,-3.452617944764357e-05,-7.52775953830742e-08,-1.6091801055232992e-05,-3.537184893970319e-05,-7.89697311150414e-08,-1.646193371472644e-05,-3.6227692586925945e-05,-8.279597916362351e-08,-1.683578569191202e-05,-3.709370763278101e-05,-8.675954372258658e-08,-1.721334029640031e-05,-3.796989128798501e-05,-9.086366652990269e-08,-1.7594580846117496e-05,-3.885624073051126e-05,-9.51116268545289e-08,-1.7979490667372372e-05,-3.97527531055992e-05,-9.950674148303244e-08,-1.8368053094923444e-05,-4.0659425525763814e-05,-1.0405236470606269e-07,-1.8760251472045898e-05,-4.1576255070805246e-05,0.4000000000000001
-6.828303189320652e-08,-1.5362760492055234e-05,-3.369068683451621e-05,-7.17164053312302e-08,-1.5725404412069536e-05,-3.452617944764357e-05,-7.52775953830742e-08,-1.6091801055232992e-05,-3.537184893970319e-05,-7.89697311150414e-08,-1.646193371472644e-05,-3.6227692586925945e-05,-8.279597916362351e-08,-1.683578569191202e-05,-3.709370763278101e-05,-8.675954372258658e-08,-1.721334029640031e-05,-3.796989128798501e-05,-9.086366652990269e-08,-1.7594580846117496e-05,-3.885624073051126e-05,-9.51116268545289e-08,-1.7979490667372372e-05,-3.97527531055992e-05,-9.950674148303244e-08,-1.8368053094923444e-05,-4.0659425525763814e-05,-1.0405236470606269e-07,-1.8760251472045898e-05,-4.1576255070805246e-05,0.4000000000000001
-6.828303189320652e-08,-1.5362760492055234e-05,-3.369068683451621e-05,-7.17164053312302e-08,-1.5725404412069536e-05,-3.452617944764357e-05,-7.52775953830742e-08,-1.6091801055232992e-05,-3.537184893970319e-05,-7.89697311150414e-08,-1.646193371472644e-05,-3.6227692586925945e-05,-8.279597916362351e-08,-1.683578569191202e-05,-3.709370763278101e-05,-8.675954372258658e-08,-1.721334029640031e-05,-3.796989128798501e-05,-9.086366652990269e-08,-1.7594580846117496e-05,-3.885624073051126e-05,-9.51116268545289e-08,-1.7979490667372372e-05,-3.97527531055992e-05,-9.950674148303244e-08,-1.8368053094923444e-05,-4.0659425525763814e-05,-1.0405236470606269e-07,-1.8760251472045898e-05,-4.1576255070805246e-05,0.4000000000000001
-6.828303189320652e-08,-1.5362760492055234e-05,-3.369068683451621e-05,-7.17164053312302e-08,-1.5725404412069536e-05,-3.452617944764357e-05,-7.52775953830742e-08,-1.6091801055232992e-05,-3.537184893970319e-05,-7.89697311150414e-08,-1.646193371472644e-05,-3.6227692586925945e-05,-8.279597916362351e-08,-1.683578569191202e-05,-3.709370763278101e-05,-8.675954372258658e-08,-1.721334029640031e-05,-3.796989128798501e-05,-9.086366652990269e-08,-1.7594580846117496e-05,-3.885624073051126e-05,-9.51116268545289e-08,-1.7979490667372372e-05,-3.97527531055992e-05,-9.950674148303244e-08,-1.8368053094923444e-05,-4.0659425525763814e-05,-1.0405236470606269e-07,-1.8760251472045898e-05,-4.1576255070805246e-05,0.4000000000000001
-6.828303189320652e-08,-1.5362760492055234e-05,-3.369068683451621e-05,-7.17164053312302e-08,-1.5725404412069536e-05,-3.452617944764357e-05,-7.52775953830742e-08,-1.6091801055232992e-05,-3.537184893970319e-05,-7.89697311150414e-08,-1.646193371472644e-05,-3.6227692586925945e-05,-8.279597916362351e-08,-1.683578569191202e-05,-3.709370763278101e-05,-8.675954372258658e-08,-1.721334029640031e-05,-3.796989128798501e-05,-9.086366652990269e-08,-1.7594580846117496e-05,-3.885624073051126e-05,-9.51116268545289e-08,-1.7979490667372372e-05,-3.97527531055992e-05,-9.950674148303244e-08,-1.8368053094923444e-05,-4.0659425525763814e-05,-1.0405236470606269e-07,-1.8760251472045898e-05,-4.1576255070805246e-05,0.4000000000000001
-6.828303189320652e-08,-1.5362760492055234e-05,-3.369068683451621e-05,-7.17164053312302e-08,-1.5725404412069536e-05,-3.452617944764357e-05,-7.52775953830742e-08,-1.6091801055232992e-05,-3.537184893970319e-05,-7.89697311150414e-08,-1.646193371472644e-05,-3.6227692586925945e-05,-8.279597916362351e-08,-1.683578569191202e-05,-3.709370763278101e-05,-8.675954372258658e-08,-1.721334029640031e-05,-3.796989128798501e-05,-9.086366652990269e-08,-1.7594580846117496e-05,-3.885624073051126e-05,-9.51116268545289e-08,-1.7979490667372372e-05,-3.97527531055992e-05,-9.950674148303244e-08,-1.8368053094923444e-05,-4.0659425525763814e-05,-1.0405236470606269e-07,-1.8760251472045898e-05,-4.1576255070805246e-05,0.4000000000000001
-6.828303189320652e-08,-1.5362760492055234e-05,-3.369068683451621e-05,-7.17164053312302e-08,-1.5725404412069536e-05,-3.452617944764357e-05,-7.52775953830742e-08,-1.6091801055232992e-05,-3.537184893970319e-05,-7.89697311150414e-08,-1.646193371472644e-05,-3.6227692586925945e-05,-8.279597916362351e-08,-1.683578569191202e-05,-3.709370763278101e-05,-8.675954372258658e-08,-1.721334029640031e-05,-3.796989128798501e-05,-9.086366652990269e-08,-1.7594580846117496e-05,-3.885624073051126e-05,-9.51116268545289e-08,-1.7979490667372372e-05,-3.97527531055992e-05,-9.950674148303244e-08,-1.8368053094923444e-05,-4.0659425525763814e-05,-1.0405236470606269e-07,-1.8760251472045898e-05,-4.1576255070805246e-05,0.4000000000000001
-6.828303189320652e-08,-1.5362760492055234e-05,-3.369068683451621e-05,-7.17164053312302e-08,-1.5725404412069536e-05,-3.452617944764357e-05,-7.52775953830742e-08,-1.6091801055232992e-05,-3.537184893970319e-05,-7.89697311150414e-08,-1.646193371472644e-05,-3.6227692586925945e-05,-8.279597916362351e-08,-1.683578569191202e-05,-3.709370763278101e-05,-8.675954372258658e-08,-1.721334029640031e-05,-3.796989128798501e-05,-9.086366652990269e-08,-1.7594580846117496e-05,-3.885624073051126e-05,-9.51116268545289e-08,-1.7979490667372372e-05,-3.97527531055992e-05,-9.950674148303244e-08,-1.8368053094923444e-05,-4.0659425525763814e-05,-1.0405236470606269e-07,-1.8760251472045898e-05,-4.1576255070805246e-05,0.4000000000000001
-6.828303189320652e-08,-1.5362760492055234e-05,-3.369068683451621e-05,-7.17164053312302e-08,-1.5725404412069536e-05,-3.452617944764357e-05,-7.52775953830742e-08,-1.6091801055232992e-05,-3.537184893970319e-05,-7.89697311150414e-08,-1.646193371472644e-05,-3.6227692586925945e-05,-8.279597916362351e-08,-1.683578569191202e-05,-3.709370763278101e-05,-8.675954372258658e-08,-1.721334029640031e-05,-3.796989128798501e-05,-9.086366652990269e-08,-1.7594580846117496e-05,-3.885624073051126e-05,-9.51116268545289e-08,-1.7979490667372372e-05,-3.97527531055992e-05,-9.950674148303244e-08,-1.8368053094923444e-05,-4.0659425525763814e-05,-1.0405236470606269e-07,-1.8760251472045898e-05,-4.1576255070805246e-05,0.4000000000000001
-6.828303189320652e-08,-1.5362760492055234e-05,-3.369068683451621e-05,-7.17164053312302e-08,-1.5725404412069536e-05,-3.452617944764357e-05,-7.52775953830742e-08,-1.6091801055232992e-05,-3.537184893970319e-05,-7.89697311150414e-08,-1.646193371472644e-05,-3.6227692586925945e-05,-8.279597916362351e-08,-1.683578569191202e-05,-3.709370763278101e-05,-8.675954372258658e-08,-1.721334029640031e-05,-3.796989128798501e-05,-9.086366652990269e-08,-1.7594580846117496e-05,-3.885624073051126e-05,-9.51116268545289e-08,-1.7979490667372372e-05,-3.97527531055992e-05,-9.950674148303244e-08,-1.8368053094923444e-05,-4.0659425525763814e-05,-1.0405236470606269e-07,-1.8760251472045898e-05,-4.1576255070805246e-05,0.4000000000000001
-6.828303189320652e-08,-1.5362760492055234e-05,-3.369068683451621e-05,-7.17164053312302e-08,-1.5725404412069536e-05,-3.452617944764357e-05,-7.52775953830742e-08,-1.6091801055232992e-05,-3.537184893970319e-05,-7.89697311150414e-08,-1.646193371472644e-05,-3.6227692586925945e-05,-8.279597916362351e-08,-1.683578569191202e-05,-3.709370763278101e-05,-8.675954372258658e-08,-1.721334029640031e-05,-3.796989128798501e-05,-9.086366652990269e-08,-1.7594580846117496e-05,-3.885624073051126e-05,-9.51116268545289e-08,-1.7979490667372372e-05,-3.97527531055992e-05,-9.950674148303244e-08,-1.8368053094923444e-05,-4.0659425525763814e-05,-1.0405236470606269e-07,-1.8760251472045898e-05,-4.1576255070805246e-05,0.4000000000000001
-6.828303189320652e-08,-1.5362760492055234e-05,-3.369068683451621e-05,-7.17164053312302e-08,-1.5725404412069536e-05,-3.452617944764357e-05,-7.52775953830742e-08,-1.6091801055232992e-05,-3.537184893970319e-05,-7.89697311150414e-08,-1.646193371472644e-05,-3.6227692586925945e-05,-8.279597916362351e-08,-1.683578569191202e-05,-3.709370763278101e-05,-8.675954372258658e-08,-1.721334029640031e-05,-3.796989128798501e-05,-9.086366652990269e-08,-1.7594580846117496e-05,-3.885624073051126e-05,-9.51116268545289e-08,-1.7979490667372372e-05,-3.97527531055992e-05,-9.950674148303244e-08,-1.8368053094923444e-05,-4.0659425525763814e-05,-1.0405236470606269e-07,-1.8760251472045898e-05,-4.1576255070805246e-05,0.4000000000000001
-6.828303189320652e-08,-1.5362760492055234e-05,-3.369068683451621e-05,-7.17164053312302e-08,-1.5725404412069536e-05,-3.452617944764357e-05,-7.52775953830742e-08,-1.6091801055232992e-05,-3.537184893970319e-05,-7.89697311150414e-08,-1.646193371472644e-05,-3.6227692586925945e-05,-8.279597916362351e-08,-1.683578569191202e-05,-3.709370763278101e-05,-8.675954372258658e-08,-1.721334029640031e-05,-3.796989128798501e-05,-9.086366652990269e-08,-1.7594580846117496e-05,-3.885624073051126e-05,-9.51116268545289e-08,-1.7979490667372372e-05,-3.97527531055992e-05,-9.950674148303244e-08,-1.8368053094923444e-05,-4.0659425525763814e-05,-1.0405236470606269e-07,-1.8760251472045898e-05,-4.1576255070805246e-05,0.4000000000000001
-6.828303189320652e-08,-1.5362760492055234e-05,-3.369068683451621e-05,-7.17164053312302e-08,-1.5725404412069536e-05,-3.452617944764357e-05,-7.52775953830742e-08,-1.6091801055232992e-05,-3.537184893970319e-05,-7.89697311150414e-08,-1.646193371472644e-05,-3.6227692586925945e-05,-8.279597916362351e-08,-1.683578569191202e-05,-3.709370763278101e-05,-8.675954372258658e-08,-1.721334029640031e-05,-3.796989128798501e-05,-9.086366652990269e-08,-1.7594580846117496e-05,-3.885624073051126e-05,-9.51116268545289e-08,-1.7979490667372372e-05,-3.97527531055992e-05,-9.950674148303244e-08,-1.8368053094923444e-05,-4.0659425525763814e-05,-1.0405236470606269e-07,-1.8760251472045898e-05,-4.1576255070805246e-05,0.4000000000000001
-6.828303189320652e-08,-1.5362760492055234e-05,-3.369068683451621e-05,-7.17164053312302e-08,-1.5725404412069536e-05,-3.452617944764357e-05,-7.52775953830742e-08,-1.6091801055232992e-05,-3.537184893970319e-05,-7.89697311150414e-08,-1.646193371472644e-05,-3.6227692586925945e-05,-8.279597916362351e-08,-1.683578569191202e-05,-3.709370763278101e-05,-8.675954372258658e-08,-1.721334029640031e-05,-3.796989128798501e-05,-9.086366652990269e-08,-1.7594580846117496e-05,-3.885624073051126e-05,-9.51116268545289e-08,-1.7979490667372372e-05,-3.97527531055992e-05,-9.950674148303244e-08,-1.8368053094923444e-05,-4.0659425525763814e-05,-1.0405236470606269e-07,-1.8760251472045898e-05,-4.1576255070805246e-05,0.4000000000000001
-6.828303189320652e-08,-1.5362760492055234e-05,-3.369068683451621e-05,-7.17164053312302e-08,-1.5725404412069536e-05,-3.452617944764357e-05,-7.52775953830742e-08,-1.6091801055232992e-05,-3.537184893970319e-05,-7.89697311150414e-08,-1.646193371472644e-05,-3.6227692586925945e-05,-8.279597916362351e-08,-1.683578569191202e-05,-3.709370763278101e-05,-8.675954372258658e-08,-1.721334029640031e-05,-3.796989128798501e-05,-9.086366652990269e-08,-1.7594580846117496e-05,-3.885624073051126e-05,-9.51116268545289e-08,-1.7979490667372372e-05,-3.97527531055992e-05,-9.950674148303244e-08,-1.8368053094923444e-05,-4.0659425525763814e-05,-1.0405236470606269e-07,-1.8760251472045898e-05,-4.1576255070805246e-05,0.4000000000000001
-6.828303189320652e-08,-1.5362760492055234e-05,-3.369068683451621e-05,-7.17164053312302e-08,-1.5725404412069536e-05,-3.452617944764357e-05,-7.52775953830742e-08,-1.6091801055232992e-05,-3.537184893970319e-05,-7.89697311150414e-08,-1.646193371472644e-05,-3.6227692586925945e-05,-8.279597916362351e-08,-1.683578569191202e-05,-3.709370763278101e-05,-8.675954372258658e-08,-1.721334029640031e-05,-3.796989128798501e-05,-9.086366652990269e-08,-1.7594580846117496e-05,-3.885624073051126e-05,-9.51116268545289e-08,-1.7979490667372372e-05,-3.97527531055992e-05,-9.950674148303244e-08,-1.8368053094923444e-05,-4.0659425525763814e-05,-1.0405236470606269e-07,-1.8760251472045898e-05,-4.1576255070805246e-05,0.4000000000000001
-6.828303189320652e-08,-1.5362760492055234e-05,-3.369068683451621e-05,-7.17164053312302e-08,-1.5725404412069536e-05,-3.452617944764357e-05,-7.52775953830742e-08,-1.6091801055232992e-05,-3.537184893970319e-05,-7.89697311150414e-08,-1.646193371472644e-05,-3.6227692586925945e-05,-8.279597916362351e-08,-1.683578569191202e-05,-3.709370763278101e-05,-8.675954372258658e-08,-1.721334029640031e-05,-3.796989128798501e-05,-9.086366652990269e-08,-1.7594580846117496e-05,-3.885624073051126e-05,-9.51116268545289e-08,-1.7979490667372372e-05,-3.97527531055992e-05,-9.950674148303244e-08,-1.8368053094923444e-05,-4.0659425525763814e-05,-1.0405236470606269e-07,-1.8760251472045898e-05,-4.1576255070805246e-05,0.4000000000000001
-6.828303189320652e-08,-1.5362760492055234e-05,-3.369068683451621e-05,-7.17164053312302e-08,-1.5725404412069536e-05,-3.452617944764357e-05,-7.52775953830742e-08,-1.6091801055232992e-05,-3.537184893970319e-05,-7.89697311150414e-08,-1.646193371472644e-05,-3.6227692586925945e-05,-8.279597916362351e-08,-1.683578569191202e-05,-3.709370763278101e-05,-8.675954372258658e-08,-1.721334029640031e-05,-3.796989128798501e-05,-9.086366652990269e-08,-1.7594580846117496e-05,-3.885624073051126e-05,-9.51116268545289e-08,-1.7979490667372372e-05,-3.97527531055992e-05,-9.950674148303244e-08,-1.8368053094923444e-05,-4.0659425525763814e-05,-1.0405236470606269e-07,-1.8760251472045898e-05,-4.1576255070805246e-05,0.4000000000000001
-6.828303189320652e-08,-1.5362760492055234e-05,-3.369068683451621e-05,-7.17164053312302e-08,-1.5725404412069536e-05,-3.452617944764357e-05,-7.52775953830742e-08,-1.6091801055232992e-05,-3.537184893970319e-05,-7.89697311150414e-08,-1.646193371472644e-05,-3.6227692586925945e-05,-8.279597916362351e-08,-1.683578569191202e-05,-3.709370763278101e-05,-8.675954372258658e-08,-1.721334029640031e-05,-3.796989128798501e-05,-9.086366652990269e-08,-1.7594580846117496e-05,-3.885624073051126e-05,-9.51116268545289e-08,-1.7979490667372372e-05,-3.97527531055992e-05,-9.950674148303244e-08,-1.8368053094923444e-05,-4.0659425525763814e-05,-1.0405236470606269e-07,-1.8760251472045898e-05,-4.1576255070805246e-05,0.4000000000000001
-6.828303189320652e-08,-1.5362760492055234e-05,-3.369068683451621e-05,-7.17164053312302e-08,-1.5725404412069536e-05,-3.452617944764357e-05,-7.52775953830742e-08,-1.6091801055232992e-05,-3.537184893970319e-05,-7.89697311150414e-08,-1.646193371472644e-05,-3.6227692586925945e-05,-8.279597916362351e-08,-1.683578569191202e-05,-3.709370763278101e-05,-8.675954372258658e-08,-1.721334029640031e-05,-3.796989128798501e-05,-9.086366652990269e-08,-1.7594580846117496e-05,-3.885624073051126e-05,-9.51116268545289e-08,-1.7979490667372372e-05,-3.97527531055992e-05,-9.950674148303244e-08,-1.8368053094923444e-05,-4.0659425525763814e-05,-1.0405236470606269e-07,-1.8760251472045898e-05,-4.1576255070805246e-05,0.4000000000000001
-6.828303189320652e-08,-1.5362760492055234e-05,-3.369068683451621e-05,-7.17164053312302e-08,-1.5725404412069536e-05,-3.452617944764357e-05,-7.52775953830742e-08,-1.6091801055232992e-05,-3.537184893970319e-05,-7.89697311150414e-08,-1.646193371472644e-05,-3.6227692586925945e-05,-8.279597916362351e-08,-1.683578569191202e-05,-3.709370763278101e-05,-8.675954372258658e-08,-1.721334029640031e-05,-3.796989128798501e-05,-9.086366652990269e-08,-1.7594580846117496e-05,-3.885624073051126e-05,-9.51116268545289e-08,-1.7979490667372372e-05,-3.97527531055992e-05,-9.950674148303244e-08,-1.8368053094923444e-05,-4.0659425525763814e-05,-1.0405236470606269e-07,-1.8760251472045898e-05,-4.1576255070805246e-05,0.4000000000000001
-6.828303189320652e-08,-1.5362760492055234e-05,-3.369068683451621e-05,-7.17164053312302e-08,-1.5725404412069536e-05,-3.452617944764357e-05,-7.52775953830742e-08,-1.6091801055232992e-05,-3.537184893970319e-05,-7.89697311150414e-08,-1.646193371472644e-05,-3.6227692586925945e-05,-8.279597916362351e-08,-1.683578569191202e-05,-3.709370763278101e-05,-8.675954372258658e-08,-1.721334029640031e-05,-3.796989128798501e-05,-9.086366652990269e-08,-1.7594580846117496e-05,-3.885624073051126e-05,-9.51116268545289e-08,-1.7979490667372372e-05,-3.97527531055992e-05,-9.950674148303244e-08,-1.8368053094923444e-05,-4.0659425525763814e-05,-1.0405236470606269e-07,-1.8760251472045898e-05,-4.1576255070805246e-05,0.4000000000000001
-6.828303189320652e-08,-1.5362760492055234e-05,-3.369068683451621e-05,-7.17164053312302e-08,-1.5725404412069536e-05,-3.452617944764357e-05,-7.52775953830742e-08,-1.6091801055232992e-05,-3.537184893970319e-05,-7.89697311150414e-08,-1.646193371472644e-05,-3.6227692586925945e-05,-8.279597916362351e-08,-1.683578569191202e-05,-3.709370763278101e-05,-8.675954372258658e-08,-1.721334029640031e-05,-3.796989128798501e-05,-9.086366652990269e-08,-1.7594580846117496e-05,-3.885624073051126e-05,-9.51116268545289e-08,-1.7979490667372372e-05,-3.97527531055992e-05,-9.950674148303244e-08,-1.8368053094923444e-05,-4.0659425525763814e-05,-1.0405236470606269e-07,-1.8760251472045898e-05,-4.1576255070805246e-05,0.4000000000000001
-6.828303189320652e-08,-1.5362760492055234e-05,-3.369068683451621e-05,-7.17164053312302e-08,-1.5725404412069536e-05,-3.452617944764357e-05,-7.52775953830742e-08,-1.6091801055232992e-05,-3.537184893970319e-05,-7.89697311150414e-08,-1.646193371472644e-05,-3.6227692586925945e-05,-8.279597916362351e-08,-1.683578569191202e-05,-3.709370763278101e-05,-8.675954372258658e-08,-1.721334029640031e-05,-3.796989128798501e-05,-9.086366652990269e-08,-1.7594580846117496e-05,-3.885624073051126e-05,-9.51116268545289e-08,-1.7979490667372372e-05,-3.97527531055992e-05,-9.950674148303244e-08,-1.8368053094923444e-05,-4.0659425525763814e-05,-1.0405236470606269e-07,-1.8760251472045898e-05,-4.1576255070805246e-05,0.4000000000000001
-6.828303189320652e-08,-1.5362760492055234e-05,-3.369068683451621e-05,-7.17164053312302e-08,-1.5725404412069536e-05,-3.452617944764357e-05,-7.52775953830742e-08,-1.6091801055232992e-05,-3.537184893970319e-05,-7.89697311150414e-08,-1.646193371472644e-05,-3.6227692586925945e-05,-8.279597916362351e-08,-1.683578569191202e-05,-3.709370763278101e-05,-8.675954372258658e-08,-1.721334029640031e-05,-3.796989128798501e-05,-9.086366652990269e-08,-1.7594580846117496e-05,-3.885624073051126e-05,-9.51116268545289e-08,-1.7979490667372372e-05,-3.97527531055992e-05,-9.950674148303244e-08,-1.8368053094923444e-05,-4.0659425525763814e-05,-1.0405236470606269e-07,-1.8760251472045898e-05,-4.1576255070805246e-05,0.4000000000000001
-6.828303189320652e-08,-1.5362760492055234e-05,-3.369068683451621e-05,-7.17164053312302e-08,-1.5725404412069536e-05,-3.452617944764357e-05,-7.52775953830742e-08,-1.6091801055232992e-05,-3.537184893970319e-05,-7.89697311150414e-08,-1.646193371472644e-05,-3.6227692586925945e-05,-8.279597916362351e-08,-1.683578569191202e-05,-3.709370763278101e-05,-8.675954372258658e-08,-1.721334029640031e-05,-3.796989128798501e-05,-9.086366652990269e-08,-1.7594580846117496e-05,-3.885624073051126e-05,-9.51116268545289e-08,-1.7979490667372372e-05,-3.97527531055992e-05,-9.950674148303244e-08,-1.8368053094923444e-05,-4.0659425525763814e-05,-1.0405236470606269e-07,-1.8760251472045898e-05,-4.1576255070805246e-05,0.4000000000000001
-6.828303189320652e-08,-1.5362760492055234e-05,-3.369068683451621e-05,-7.17164053312302e-08,-1.5725404412069536e-05,-3.452617944764357e-05,-7.52775953830742e-08,-1.6091801055232992e-05,-3.537184893970319e-05,-7.89697311150414e-08,-1.646193371472644e-05,-3.6227692586925945e-05,-8.279597916362351e-08,-1.683578569191202e-05,-3.709370763278101e-05,-8.675954372258658e-08,-1.721334029640031e-05,-3.796989128798501e-05,-9.086366652990269e-08,-1.7594580846117496e-05,-3.885624073051126e-05,-9.51116268545289e-08,-1.7979490667372372e-05,-3.97527531055992e-05,-9.950674148303244e-08,-1.8368053094923444e-05,-4.0659425525763814e-05,-1.0405236470606269e-07,-1.8760251472045898e-05,-4.1576255070805246e-05,0.4000000000000001
-6.828303189320652e-08,-1.5362760492055234e-05,-3.369068683451621e-05,-7.17164053312302e-08,-1.5725404412069536e-05,-3.452617944764357e-05,-7.52775953830742e-08,-1.6091801055232992e-05,-3.537184893970319e-05,-7.89697311150414e-08,-1.646193371472644e-05,-3.6227692586925945e-05,-8.279597916362351e-08,-1.683578569191202e-05,-3.709370763278101e-05,-8.675954372258658e-08,-1.721334029640031e-05,-3.796989128798501e-05,-9.086366652990269e-08,-1.7594580846117496e-05,-3.885624073051126e-05,-9.51116268545289e-08,-1.7979490667372372e-05,-3.97527531055992e-05,-9.950674148303244e-08,-1.8368053094923444e-05,-4.0659425525763814e-05,-1.0405236470606269e-07,-1.8760251472045898e-05,-4.1576255070805246e-05,0.4000000000000001
-6.828303189320652e-08,-1.5362760492055234e-05,-3.369068683451621e-05,-7.17164053312302e-08,-1.5725404412069536e-05,-3.452617944764357e-05,-7.52775953830742e-08,-1.6091801055232992e-05,-3.537184893970319e-05,-7.89697311150414e-08,-1.646193371472644e-05,-3.6227692586925945e-05,-8.279597916362351e-08,-1.683578569191202e-05,-3.709370763278101e-05,-8.675954372258658e-08,-1.721334029640031e-05,-3.796989128798501e-05,-9.086366652990269e-08,-1.7594580846117496e-05,-3.885624073051126e-05,-9.51116268545289e-08,-1.7979490667372372e-05,-3.97527531055992e-05,-9.950674148303244e-08,-1.8368053094923444e-05,-4.0659425525763814e-05,-1.0405236470606269e-07,-1.8760251472045898e-05,-4.1576255070805246e-05,0.4000000000000001
-6.828303189320652e-08,-1.5362760492055234e-05,-3.369068683451621e-05,-7.17164053312302e-08,-1.5725404412069536e-05,-3.452617944764357e-05,-7.52775953830742e-08,-1.6091801055232992e-05,-3.537184893970319e-05,-7.89697311150414e-08,-1.646193371472644e-05,-3.6227692586925945e-05,-8.279597916362351e-08,-1.683578569191202e-05,-3.709370763278101e-05,-8.675954372258658e-08,-1.721334029640031e-05,-3.796989128798501e-05,-9.086366652990269e-08,-1.7594580846117496e-05,-3.885624073051126e-05,-9.51116268545289e-08,-1.7979490667372372e-05,-3.97527531055992e-05,-9.950674148303244e-08,-1.8368053094923444e-05,-4.0659425525763814e-05,-1.0405236470606269e-07,-1.8760251472045898e-05,-4.1576255070805246e-05,0.4000000000000001
-6.828303189320652e-08,-1.5362760492055234e-05,-3.369068683451621e-05,-7.17164053312302e-08,-1.5725404412069536e-05,-3.452617944764357e-05,-7.52775953830742e-08,-1.6091801055232992e-05,-3.537184893970319e-05,-7.89697311150414e-08,-1.646193371472644e-05,-3.6227692586925945e-05,-8.279597916362351e-08,-1.683578569191202e-05,-3.709370763278101e-05,-8.675954372258658e-08,-1.721334029640031e-05,-3.796989128798501e-05,-9.086366652990269e-08,-1.7594580846117496e-05,-3.885624073051126e-05,-9.51116268545289e-08,-1.7979490667372372e-05,-3.97527531055992e-05,-9.950674148303244e-08,-1.8368053094923444e-05,-4.0659425525763814e-05,-1.0405236470606269e-07,-1.8760251472045898e-05,-4.1576255070805246e-05,0.4000000000000001
-6.828303189320652e-08,-1.5362760492055234e-05,-3.369068683451621e-05,-7.17164053312302e-08,-1.5725404412069536e-05,-3.452617944764357e-05,-7.52775953830742e-08,-1.6091801055232992e-05,-3.537184893970319e-05,-7.89697311150414e-08,-1.646193371472644e-05,-3.6227692586925945e-05,-8.279597916362351e-08,-1.683578569191202e-05,-3.709370763278101e-05,-8.675954372258658e-08,-1.721334029640031e-05,-3.796989128798501e-05,-9.086366652990269e-08,-1.7594580846117496e-05,-3.885624073051126e-05,-9.51116268545289e-08,-1.7979490667372372e-05,-3.97527531055992e-05,-9.950674148303244e-08,-1.8368053094923444e-05,-4.0659425525763814e-05,-1.0405236470606269e-07,-1.8760251472045898e-05,-4.1576255070805246e-05,0.4000000000000001
-6.828303189320652e-08,-1.5362760492055234e-05,-3.369068683451621e-05,-7.17164053312302e-08,-1.5725404412069536e-05,-3.452617944764357e-05,-7.52775953830742e-08,-1.6091801055232992e-05,-3.537184893970319e-05,-7.89697311150414e-08,-1.646193371472644e-05,-3.6227692586925945e-05,-8.279597916362351e-08,-1.683578569191202e-05,-3.709370763278101e-05,-8.675954372258658e-08,-1.721334029640031e-05,-3.796989128798501e-05,-9.086366652990269e-08,-1.7594580846117496e-05,-3.885624073051126e-05,-9.51116268545289e-08,-1.7979490667372372e-05,-3.97527531055992e-05,-9.950674148303244e-08,-1.8368053094923444e-05,-4.0659425525763814e-05,-1.0405236470606269e-07,-1.8760251472045898e-05,-4.1576255070805246e-05,0.4000000000000001
-6.828303189320652e-08,-1.5362760492055234e-05,-3.369068683451621e-05,-7.17164053312302e-08,-1.5725404412069536e-05,-3.452617944764357e-05,-7.52775953830742e-08,-1.6091801055232992e-05,-3.537184893970319e-05,-7.89697311150414e-08,-1.646193371472644e-05,-3.6227692586925945e-05,-8.279597916362351e-08,-1.683578569191202e-05,-3.709370763278101e-05,-8.675954372258658e-08,-1.721334029640031e-05,-3.796989128798501e-05,-9.086366652990269e-08,-1.7594580846117496e-05,-3.885624073051126e-05,-9.51116268545289e-08,-1.7979490667372372e-05,-3.97527531055992e-05,-9.950674148303244e-08,-1.8368053094923444e-05,-4.0659425525763814e-05,-1.0405236470606269e-07,-1.8760251472045898e-05,-4.1576255070805246e-05,0.4000000000000001
-6.828303189320652e-08,-1.5362760492055234e-05,-3.369068683451621e-05,-7.17164053312302e-08,-1.5725404412069536e-05,-3.452617944764357e-05,-7.52775953830742e-08,-1.6091801055232992e-05,-3.537184893970319e-05,-7.89697311150414e-08,-1.646193371472644e-05,-3.6227692586925945e-05,-8.279597916362351e-08,-1.683578569191202e-05,-3.709370763278101e-05,-8.675954372258658e-08,-1.721334029640031e-05,-3.796989128798501e-05,-9.086366652990269e-08,-1.7594580846117496e-05,-3.885624073051126e-05,-9.51116268545289e-08,-1.7979490667372372e-05,-3.97527531055992e-05,-9.950674148303244e-08,-1.8368053094923444e-05,-4.0659425525763814e-05,-1.0405236470606269e-07,-1.8760251472045898e-05,-4.1576255070805246e-05,0.4000000000000001
-6.828303189320652e-08,-1.5362760492055234e-05,-3.369068683451621e-05,-7.17164053312302e-08,-1.5725404412069536e-05,-3.452617944764357e-05,-7.52775953830742e-08,-1.6091801055232992e-05,-3.537184893970319e-05,-7.89697311150414e-08,-1.646193371472644e-05,-3.6227692586925945e-05,-8.279597916362351e-08,-1.683578569191202e-05,-3.709370763278101e-05,-8.675954372258658e-08,-1.721334029640031e-05,-3.796989128798501e-05,-9.086366652990269e-08,-1.7594580846117496e-05,-3.885624073051126e-05,-9.51116268545289e-08,-1.7979490667372372e-05,-3.97527531055992e-05,-9.950674148303244e-08,-1.8368053094923444e-05,-4.0659425525763814e-05,-1.0405236470606269e-07,-1.8760251472045898e-05,-4.1576255070805246e-05,0.4000000000000001
-6.828303189320652e-08,-1.5362760492055234e-05,-3.369068683451621e-05,-7.17164053312302e-08,-1.5725404412069536e-05,-3.452617944764357e-05,-7.52775953830742e-08,-1.6091801055232992e-05,-3.537184893970319e-05,-7.89697311150414e-08,-1.646193371472644e-05,-3.6227692586925945e-05,-8.279597916362351e-08,-1.683578569191202e-05,-3.709370763278101e-05,-8.675954372258658e-08,-1.721334029640031e-05,-3.796989128798501e-05,-9.086366652990269e-08,-1.7594580846117496e-05,-3.885624073051126e-05,-9.51116268545289e-08,-1.7979490667372372e-05,-3.97527531055992e-05,-9.950674148303244e-08,-1.8368053094923444e-05,-4.0659425525763814e-05,-1.0405236470606269e-07,-1.8760251472045898e-05,-4.1576255070805246e-05,0.4000000000000001
-6.828303189320652e-08,-1.5362760492055234e-05,-3.369068683451621e-05,-7.17164053312302e-08,-1.5725404412069536e-05,-3.452617944764357e-05,-7.52775953830742e-08,-1.6091801055232992e-05,-3.537184893970319e-05,-7.89697311150414e-08,-1.646193371472644e-05,-3.6227692586925945e-05,-8.279597916362351e-08,-1.683578569191202e-05,-3.709370763278101e-05,-8.675954372258658e-08,-1.721334029640031e-05,-3.796989128798501e-05,-9.086366652990269e-08,-1.7594580846117496e-05,-3.885624073051126e-05,-9.51116268545289e-08,-1.7979490667372372e-05,-3.97527531055992e-05,-9.950674148303244e-08,-1.8368053094923444e-05,-4.0659425525763814e-05,-1.0405236470606269e-07,-1.8760251472045898e-05,-4.1576255070805246e-05,0.4000000000000001
-6.828303189320652e-08,-1.5362760492055234e-05,-3.369068683451621e-05,-7.17164053312302e-08,-1.5725404412069536e-05,-3.452617944764357e-05,-7.52775953830742e-08,-1.6091801055232992e-05,-3.537184893970319e-05,-7.89697311150414e-08,-1.646193371472644e-05,-3.6227692586925945e-05,-8.279597916362351e-08,-1.683578569191202e-05,-3.709370763278101e-05,-8.675954372258658e-08,-1.721334029640031e-05,-3.796989128798501e-05,-9.086366652990269e-08,-1.7594580846117496e-05,-3.885624073051126e-05,-9.51116268545289e-08,-1.7979490667372372e-05,-3.97527531055992e-05,-9.950674148303244e-08,-1.8368053094923444e-05,-4.0659425525763814e-05,-1.0405236470606269e-07,-1.8760251472045898e-05,-4.1576255070805246e-05,0.4000000000000001
-6.828303189320652e-08,-1.5362760492055234e-05,-3.369068683451621e-05,-7.17164053312302e-08,-1.5725404412069536e-05,-3.452617944764357e-05,-7.52775953830742e-08,-1.6091801055232992e-05,-3.537184893970319e-05,-7.89697311150414e-08,-1.646193371472644e-05,-3.6227692586925945e-05,-8.279597916362351e-08,-1.683578569191202e-05,-3.709370763278101e-05,-8.675954372258658e-08,-1.721334029640031e-05,-3.796989128798501e-05,-9.086366652990269e-08,-1.7594580846117496e-05,-3.885624073051126e-05,-9.51116268545289e-08,-1.7979490667372372e-05,-3.97527531055992e-05,-9.950674148303244e-08,-1.8368053094923444e-05,-4.0659425525763814e-05,-1.0405236470606269e-07,-1.8760251472045898e-05,-4.1576255070805246e-05,0.4000000000000001
-6.828303189320652e-08,-1.5362760492055234e-05,-3.369068683451621e-05,-7.17164053312302e-08,-1.5725404412069536e-05,-3.452617944764357e-05,-7.52775953830742e-08,-1.6091801055232992e-05,-3.537184893970319e-05,-7.89697311150414e-08,-1.646193371472644e-05,-3.6227692586925945e-05,-8.279597916362351e-08,-1.683578569191202e-05,-3.709370763278101e-05,-8.675954372258658e-08,-1.721334029640031e-05,-3.796989128798501e-05,-9.086366652990269e-08,-1.7594580846117496e-05,-3.885624073051126e-05,-9.51116268545289e-08,-1.7979490667372372e-05,-3.97527531055992e-05,-9.950674148303244e-08,-1.8368053094923444e-05,-4.0659425525763814e-05,-1.0405236470606269e-07,-1.8760251472045898e-05,-4.1576255070805246e-05,0.4000000000000001
-6.828303189320652e-08,-1.5362760492055234e-05,-3.369068683451621e-05,-7.17164053312302e-08,-1.5725404412069536e-05,-3.452617944764357e-05,-7.52775953830742e-08,-1.6091801055232992e-05,-3.537184893970319e-05,-7.89697311150414e-08,-1.646193371472644e-05,-3.6227692586925945e-05,-8.279597916362351e-08,-1.683578569191202e-05,-3.709370763278101e-05,-8.675954372258658e-08,-1.721334029640031e-05,-3.796989128798501e-05,-9.086366652990269e-08,-1.7594580846117496e-05,-3.885624073051126e-05,-9.51116268545289e-08,-1.7979490667372372e-05,-3.97527531055992e-05,-9.950674148303244e-08,-1.8368053094923444e-05,-4.0659425525763814e-05,-1.0405236470606269e-07,-1.8760251472045898e-05,-4.1576255070805246e-05,0.4000000000000001
-6.828303189320652e-08,-1.5362760492055234e-05,-3.369068683451621e-05,-7.17164053312302e-08,-1.5725404412069536e-05,-3.452617944764357e-05,-7.52775953830742e-08,-1.6091801055232992e-05,-3.537184893970319e-05,-7.89697311150414e-08,-1.646193371472644e-05,-3.6227692586925945e-05,-8.279597916362351e-08,-1.683578569191202e-05,-3.709370763278101e-05,-8.675954372258658e-08,-1.721334029640031e-05,-3.796989128798501e-05,-9.086366652990269e-08,-1.7594580846117496e-05,-3.885624073051126e-05,-9.51116268545289e-08,-1.7979490667372372e-05,-3.97527531055992e-05,-9.950674148303244e-08,-1.8368053094923444e-05,-4.0659425525763814e-05,-1.0405236470606269e-07,-1.8760251472045898e-05,-4.1576255070805246e-05,0.4000000000000001
-6.828303189320652e-08,-1.5362760492055234e-05,-3.369068683451621e-05,-7.17164053312302e-08,-1.5725404412069536e-05,-3.452617944764357e-05,-7.52775953830742e-08,-1.6091801055232992e-05,-3.537184893970319e-05,-7.89697311150414e-08,-1.646193371472644e-05,-3.6227692586925945e-05,-8.279597916362351e-08,-1.683578569191202e-05,-3.709370763278101e-05,-8.675954372258658e-08,-1.721334029640031e-05,-3.796989128798501e-05,-9.086366652990269e-08,-1.7594580846117496e-05,-3.885624073051126e-05,-9.51116268545289e-08,-1.7979490667372372e-05,-3.97527531055992e-05,-9.950674148303244e-08,-1.8368053094923444e-05,-4.0659425525763814e-05,-1.0405236470606269e-07,-1.8760251472045898e-05,-4.1576255070805246e-05,0.4000000000000001
-6.828303189320652e-08,-1.5362760492055234e-05,-3.369068683451621e-05,-7.17164053312302e-08,-1.5725404412069536e-05,-3.452617944764357e-05,-7.52775953830742e-08,-1.6091801055232992e-05,-3.537184893970319e-05,-7.89697311150414e-08,-1.646193371472644e-05,-3.6227692586925945e-05,-8.279597916362351e-08,-1.683578569191202e-05,-3.709370763278101e-05,-8.675954372258658e-08,-1.721334029640031e-05,-3.796989128798501e-05,-9.086366652990269e-08,-1.7594580846117496e-05,-3.885624073051126e-05,-9.51116268545289e-08,-1.7979490667372372e-05,-3.97527531055992e-05,-9.950674148303244e-08,-1.8368053094923444e-05,-4.0659425525763814e-05,-1.0405236470606269e-07,-1.8760251472045898e-05,-4.1576255070805246e-05,0.4000000000000001
-6.828303189320652e-08,-1.5362760492055234e-05,-3.369068683451621e-05,-7.17164053312302e-08,-1.5725404412069536e-05,-3.452617944764357e-05,-7.52775953830742e-08,-1.6091801055232992e-05,-3.537184893970319e-05,-7.89697311150414e-08,-1.646193371472644e-05,-3.6227692586925945e-05,-8.279597916362351e-08,-1.683578569191202e-05,-3.709370763278101e-05,-8.675954372258658e-08,-1.721334029640031e-05,-3.796989128798501e-05,-9.086366652990269e-08,-1.7594580846117496e-05,-3.885624073051126e-05,-9.51116268545289e-08,-1.7979490667372372e-05,-3.97527531055992e-05,-9.950674148303244e-08,-1.8368053094923444e-05,-4.0659425525763814e-05,-1.0405236470606269e-07,-1.8760251472045898e-05,-4.1576255070805246e-05,0.4000000000000001
-6.828303189320652e-08,-1.5362760492055234e-05,-3.369068683451621e-05,-7.17164053312302e-08,-1.5725404412069536e-05,-3.452617944764357e-05,-7.52775953830742e-08,-1.6091801055232992e-05,-3.537184893970319e-05,-7.89697311150414e-08,-1.646193371472644e-05,-3.6227692586925945e-05,-8.279597916362351e-08,-1.683578569191202e-05,-3.709370763278101e-05,-8.675954372258658e-08,-1.721334029640031e-05,-3.796989128798501e-05,-9.086366652990269e-08,-1.7594580846117496e-05,-3.885624073051126e-05,-9.51116268545289e-08,-1.7979490667372372e-05,-3.97527531055992e-05,-9.950674148303244e-08,-1.8368053094923444e-05,-4.0659425525763814e-05,-1.0405236470606269e-07,-1.8760251472045898e-05,-4.1576255070805246e-05,0.4000000000000001
-6.828303189320652e-08,-1.5362760492055234e-05,-3.369068683451621e-05,-7.17164053312302e-08,-1.5725404412069536e-05,-3.452617944764357e-05,-7.52775953830742e-08,-1.6091801055232992e-05,-3.537184893970319e-05,-7.89697311150414e-08,-1.646193371472644e-05,-3.6227692586925945e-05,-8.279597916362351e-08,-1.683578569191202e-05,-3.709370763278101e-05,-8.675954372258658e-08,-1.721334029640031e-05,-3.796989128798501e-05,-9.086366652990269e-08,-1.7594580846117496e-05,-3.885624073051126e-05,-9.51116268545289e-08,-1.7979490667372372e-05,-3.97527531055992e-05,-9.950674148303244e-08,-1.8368053094923444e-05,-4.0659425525763814e-05,-1.0405236470606269e-07,-1.8760251472045898e-05,-4.1576255070805246e-05,0.4000000000000001
-6.828303189320652e-08,-1.5362760492055234e-05,-3.369068683451621e-05,-7.17164053312302e-08,-1.5725404412069536e-05,-3.452617944764357e-05,-7.52775953830742e-08,-1.6091801055232992e-05,-3.537184893970319e-05,-7.89697311150414e-08,-1.646193371472644e-05,-3.6227692586925945e-05,-8.279597916362351e-08,-1.683578569191202e-05,-3.709370763278101e-05,-8.675954372258658e-08,-1.721334029640031e-05,-3.796989128798501e-05,-9.086366652990269e-08,-1.7594580846117496e-05,-3.885624073051126e-05,-9.51116268545289e-08,-1.7979490667372372e-05,-3.97527531055992e-05,-9.950674148303244e-08,-1.8368053094923444e-05,-4.0659425525763814e-05,-1.0405236470606269e-07,-1.8760251472045898e-05,-4.1576255070805246e-05,0.4000000000000001
-6.828303189320652e-08,-1.5362760492055234e-05,-3.369068683451621e-05,-7.17164053312302e-08,-1.5725404412069536e-05,-3.452617944764357e-05,-7.52775953830742e-08,-1.6091801055232992e-05,-3.537184893970319e-05,-7.89697311150414e-08,-1.646193371472644e-05,-3.6227692586925945e-05,-8.279597916362351e-08,-1.683578569191202e-05,-3.709370763278101e-05,-8.675954372258658e-08,-1.721334029640031e-05,-3.796989128798501e-05,-9.086366652990269e-08,-1.7594580846117496e-05,-3.885624073051126e-05,-9.51116268545289e-08,-1.7979490667372372e-05,-3.97527531055992e-05,-9.950674148303244e-08,-1.8368053094923444e-05,-4.0659425525763814e-05,-1.0405236470606269e-07,-1.8760251472045898e-05,-4.1576255070805246e-05,0.4000000000000001
-6.828303189320652e-08,-1.5362760492055234e-05,-3.369068683451621e-05,-7.17164053312302e-08,-1.5725404412069536e-05,-3.452617944764357e-05,-7.52775953830742e-08,-1.6091801055232992e-05,-3.537184893970319e-05,-7.89697311150414e-08,-1.646193371472644e-05,-3.6227692586925945e-05,-8.279597916362351e-08,-1.683578569191202e-05,-3.709370763278101e-05,-8.675954372258658e-08,-1.721334029640031e-05,-3.796989128798501e-05,-9.086366652990269e-08,-1.7594580846117496e-05,-3.885624073051126e-05,-9.51116268545289e-08,-1.7979490667372372e-05,-3.97527531055992e-05,-9.950674148303244e-08,-1.8368053094923444e-05,-4.0659425525763814e-05,-1.0405236470606269e-07,-1.8760251472045898e-05,-4.1576255070805246e-05,0.4000000000000001
-6.828303189320652e-08,-1.5362760492055234e-05,-3.369068683451621e-05,-7.17164053312302e-08,-1.5725404412069536e-05,-3.452617944764357e-05,-7.52775953830742e-08,-1.6091801055232992e-05,-3.537184893970319e-05,-7.89697311150414e-08,-1.646193371472644e-05,-3.6227692586925945e-05,-8.279597916362351e-08,-1.683578569191202e-05,-3.709370763278101e-05,-8.675954372258658e-08,-1.721334029640031e-05,-3.796989128798501e-05,-9.086366652990269e-08,-1.7594580846117496e-05,-3.885624073051126e-05,-9.51116268545289e-08,-1.7979490667372372e-05,-3.97527531055992e-05,-9.950674148303244e-08,-1.8368053094923444e-05,-4.0659425525763814e-05,-1.0405236470606269e-07,-1.8760251472045898e-05,-4.1576255070805246e-05,0.4000000000000001
-6.828303189320652e-08,-1.5362760492055234e-05,-3.369068683451621e-05,-7.17164053312302e-08,-1.5725404412069536e-05,-3.452617944764357e-05,-7.52775953830742e-08,-1.6091801055232992e-05,-3.537184893970319e-05,-7.89697311150414e-08,-1.646193371472644e-05,-3.6227692586925945e-05,-8.279597916362351e-08,-1.683578569191202e-05,-3.709370763278101e-05,-8.675954372258658e-08,-1.721334029640031e-05,-3.796989128798501e-05,-9.086366652990269e-08,-1.7594580846117496e-05,-3.885624073051126e-05,-9.51116268545289e-08,-1.7979490667372372e-05,-3.97527531055992e-05,-9.950674148303244e-08,-1.8368053094923444e-05,-4.0659425525763814e-05,-1.0405236470606269e-07,-1.8760251472045898e-05,-4.1576255070805246e-05,0.4000000000000001
-6.828303189320652e-08,-1.5362760492055234e-05,-3.369068683451621e-05,-7.17164053312302e-08,-1.5725404412069536e-05,-3.452617944764357e-05,-7.52775953830742e-08,-1.6091801055232992e-05,-3.537184893970319e-05,-7.89697311150414e-08,-1.646193371472644e-05,-3.6227692586925945e-05,-8.279597916362351e-08,-1.683578569191202e-05,-3.709370763278101e-05,-8.675954372258658e-08,-1.721334029640031e-05,-3.796989128798501e-05,-9.086366652990269e-08,-1.7594580846117496e-05,-3.885624073051126e-05,-9.51116268545289e-08,-1.7979490667372372e-05,-3.97527531055992e-05,-9.950674148303244e-08,-1.8368053094923444e-05,-4.0659425525763814e-05,-1.0405236470606269e-07,-1.8760251472045898e-05,-4.1576255070805246e-05,0.4000000000000001
-6.828303189320652e-08,-1.5362760492055234e-05,-3.369068683451621e-05,-7.17164053312302e-08,-1.5725404412069536e-05,-3.452617944764357e-05,-7.52775953830742e-08,-1.6091801055232992e-05,-3.537184893970319e-05,-7.89697311150414e-08,-1.646193371472644e-05,-3.6227692586925945e-05,-8.279597916362351e-08,-1.683578569191202e-05,-3.709370763278101e-05,-8.675954372258658e-08,-1.721334029640031e-05,-3.796989128798501e-05,-9.086366652990269e-08,-1.7594580846117496e-05,-3.885624073051126e-05,-9.51116268545289e-08,-1.7979490667372372e-05,-3.97527531055992e-05,-9.950674148303244e-08,-1.8368053094923444e-05,-4.0659425525763814e-05,-1.0405236470606269e-07,-1.8760251472045898e-05,-4.1576255070805246e-05,0.4000000000000001
-6.828303189320652e-08,-1.5362760492055234e-05,-3.369068683451621e-05,-7.17164053312302e-08,-1.5725404412069536e-05,-3.452617944764357e-05,-7.52775953830742e-08,-1.6091801055232992e-05,-3.537184893970319e-05,-7.89697311150414e-08,-1.646193371472644e-05,-3.6227692586925945e-05,-8.279597916362351e-08,-1.683578569191202e-05,-3.709370763278101e-05,-8.675954372258658e-08,-1.721334029640031e-05,-3.796989128798501e-05,-9.086366652990269e-08,-1.7594580846117496e-05,-3.885624073051126e-05,-9.51116268545289e-08,-1.7979490667372372e-05,-3.97527531055992e-05,-9.950674148303244e-08,-1.8368053094923444e-05,-4.0659425525763814e-05,-1.0405236470606269e-07,-1.8760251472045898e-05,-4.1576255070805246e-05,0.4000000000000001
-6.828303189320652e-08,-1.5362760492055234e-05,-3.369068683451621e-05,-7.17164053312302e-08,-1.5725404412069536e-05,-3.452617944764357e-05,-7.52775953830742e-08,-1.6091801055232992e-05,-3.537184893970319e-05,-7.89697311150414e-08,-1.646193371472644e-05,-3.6227692586925945e-05,-8.279597916362351e-08,-1.683578569191202e-05,-3.709370763278101e-05,-8.675954372258658e-08,-1.721334029640031e-05,-3.796989128798501e-05,-9.086366652990269e-08,-1.7594580846117496e-05,-3.885624073051126e-05,-9.51116268545289e-08,-1.7979490667372372e-05,-3.97527531055992e-05,-9.950674148303244e-08,-1.8368053094923444e-05,-4.0659425525763814e-05,-1.0405236470606269e-07,-1.8760251472045898e-05,-4.1576255070805246e-05,0.4000000000000001
-6.828303189320652e-08,-1.5362760492055234e-05,-3.369068683451621e-05,-7.17164053312302e-08,-1.5725404412069536e-05,-3.452617944764357e-05,-7.52775953830742e-08,-1.6091801055232992e-05,-3.537184893970319e-05,-7.89697311150414e-08,-1.646193371472644e-05,-3.6227692586925945e-05,-8.279597916362351e-08,-1.683578569191202e-05,-3.709370763278101e-05,-8.675954372258658e-08,-1.721334029640031e-05,-3.796989128798501e-05,-9.086366652990269e-08,-1.7594580846117496e-05,-3.885624073051126e-05,-9.51116268545289e-08,-1.7979490667372372e-05,-3.97527531055992e-05,-9.950674148303244e-08,-1.8368053094923444e-05,-4.0659425525763814e-05,-1.0405236470606269e-07,-1.8760251472045898e-05,-4.1576255070805246e-05,0.4000000000000001
-6.828303189320652e-08,-1.5362760492055234e-05,-3.369068683451621e-05,-7.17164053312302e-08,-1.5725404412069536e-05,-3.452617944764357e-05,-7.52775953830742e-08,-1.6091801055232992e-05,-3.537184893970319e-05,-7.89697311150414e-08,-1.646193371472644e-05,-3.6227692586925945e-05,-8.279597916362351e-08,-1.683578569191202e-05,-3.709370763278101e-05,-8.675954372258658e-08,-1.721334029640031e-05,-3.796989128798501e-05,-9.086366652990269e-08,-1.7594580846117496e-05,-3.885624073051126e-05,-9.51116268545289e-08,-1.7979490667372372e-05,-3.97527531055992e-05,-9.950674148303244e-08,-1.8368053094923444e-05,-4.0659425525763814e-05,-1.0405236470606269e-07,-1.8760251472045898e-05,-4.1576255070805246e-05,0.4000000000000001
-6.828303189320652e-08,-1.5362760492055234e-05,-3.369068683451621e-05,-7.17164053312302e-08,-1.5725404412069536e-05,-3.452617944764357e-05,-7.52775953830742e-08,-1.6091801055232992e-05,-3.537184893970319e-05,-7.89697311150414e-08,-1.646193371472644e-05,-3.6227692586925945e-05,-8.279597916362351e-08,-1.683578569191202e-05,-3.709370763278101e-05,-8.675954372258658e-08,-1.721334029640031e-05,-3.796989128798501e-05,-9.086366652990269e-08,-1.7594580846117496e-05,-3.885624073051126e-05,-9.51116268545289e-08,-1.7979490667372372e-05,-3.97527531055992e-05,-9.950674148303244e-08,-1.8368053094923444e-05,-4.0659425525763814e-05,-1.0405236470606269e-07,-1.8760251472045898e-05,-4.1576255070805246e-05,0.4000000000000001
-6.828303189320652e-08,-1.5362760492055234e-05,-3.369068683451621e-05,-7.17164053312302e-08,-1.5725404412069536e-05,-3.452617944764357e-05,-7.52775953830742e-08,-1.6091801055232992e-05,-3.537184893970319e-05,-7.89697311150414e-08,-1.646193371472644e-05,-3.6227692586925945e-05,-8.279597916362351e-08,-1.683578569191202e-05,-3.709370763278101e-05,-8.675954372258658e-08,-1.721334029640031e-05,-3.796989128798501e-05,-9.086366652990269e-08,-1.7594580846117496e-05,-3.885624073051126e-05,-9.51116268545289e-08,-1.7979490667372372e-05,-3.97527531055992e-05,-9.950674148303244e-08,-1.8368053094923444e-05,-4.0659425525763814e-05,-1.0405236470606269e-07,-1.8760251472045898e-05,-4.1576255070805246e-05,0.4000000000000001
-6.828303189320652e-08,-1.5362760492055234e-05,-3.369068683451621e-05,-7.17164053312302e-08,-1.5725404412069536e-05,-3.452617944764357e-05,-7.52775953830742e-08,-1.6091801055232992e-05,-3.537184893970319e-05,-7.89697311150414e-08,-1.646193371472644e-05,-3.6227692586925945e-05,-8.279597916362351e-08,-1.683578569191202e-05,-3.709370763278101e-05,-8.675954372258658e-08,-1.721334029640031e-05,-3.796989128798501e-05,-9.086366652990269e-08,-1.7594580846117496e-05,-3.885624073051126e-05,-9.51116268545289e-08,-1.7979490667372372e-05,-3.97527531055992e-05,-9.950674148303244e-08,-1.8368053094923444e-05,-4.0659425525763814e-05,-1.0405236470606269e-07,-1.8760251472045898e-05,-4.1576255070805246e-05,0.4000000000000001
-6.828303189320652e-08,-1.5362760492055234e-05,-3.369068683451621e-05,-7.17164053312302e-08,-1.5725404412069536e-05,-3.452617944764357e-05,-7.52775953830742e-08,-1.6091801055232992e-05,-3.537184893970319e-05,-7.89697311150414e-08,-1.646193371472644e-05,-3.6227692586925945e-05,-8.279597916362351e-08,-1.683578569191202e-05,-3.709370763278101e-05,-8.675954372258658e-08,-1.721334029640031e-05,-3.796989128798501e-05,-9.086366652990269e-08,-1.7594580846117496e-05,-3.885624073051126e-05,-9.51116268545289e-08,-1.7979490667372372e-05,-3.97527531055992e-05,-9.950674148303244e-08,-1.8368053094923444e-05,-4.0659425525763814e-05,-1.0405236470606269e-07,-1.8760251472045898e-05,-4.1576255070805246e-05,0.4000000000000001
-6.828303189320652e-08,-1.5362760492055234e-05,-3.369068683451621e-05,-7.17164053312302e-08,-1.5725404412069536e-05,-3.452617944764357e-05,-7.52775953830742e-08,-1.6091801055232992e-05,-3.537184893970319e-05,-7.89697311150414e-08,-1.646193371472644e-05,-3.6227692586925945e-05,-8.279597916362351e-08,-1.683578569191202e-05,-3.709370763278101e-05,-8.675954372258658e-08,-1.721334029640031e-05,-3.796989128798501e-05,-9.086366652990269e-08,-1.7594580846117496e-05,-3.885624073051126e-05,-9.51116268545289e-08,-1.7979490667372372e-05,-3.97527531055992e-05,-9.950674148303244e-08,-1.8368053094923444e-05,-4.0659425525763814e-05,-1.0405236470606269e-07,-1.8760251472045898e-05,-4.1576255070805246e-05,0.4000000000000001
-6.828303189320652e-08,-1.5362760492055234e-05,-3.369068683451621e-05,-7.17164053312302e-08,-1.5725404412069536e-05,-3.452617944764357e-05,-7.52775953830742e-08,-1.6091801055232992e-05,-3.537184893970319e-05,-7.89697311150414e-08,-1.646193371472644e-05,-3.6227692586925945e-05,-8.279597916362351e-08,-1.683578569191202e-05,-3.709370763278101e-05,-8.675954372258658e-08,-1.721334029640031e-05,-3.796989128798501e-05,-9.086366652990269e-08,-1.7594580846117496e-05,-3.885624073051126e-05,-9.51116268545289e-08,-1.7979490667372372e-05,-3.97527531055992e-05,-9.950674148303244e-08,-1.8368053094923444e-05,-4.0659425525763814e-05,-1.0405236470606269e-07,-1.8760251472045898e-05,-4.1576255070805246e-05,0.4000000000000001
-6.828303189320652e-08,-1.5362760492055234e-05,-3.369068683451621e-05,-7.17164053312302e-08,-1.5725404412069536e-05,-3.452617944764357e-05,-7.52775953830742e-08,-1.6091801055232992e-05,-3.537184893970319e-05,-7.89697311150414e-08,-1.646193371472644e-05,-3.6227692586925945e-05,-8.279597916362351e-08,-1.683578569191202e-05,-3.709370763278101e-05,-8.675954372258658e-08,-1.721334029640031e-05,-3.796989128798501e-05,-9.086366652990269e-08,-1.7594580846117496e-05,-3.885624073051126e-05,-9.51116268545289e-08,-1.7979490667372372e-05,-3.97527531055992e-05,-9.950674148303244e-08,-1.8368053094923444e-05,-4.0659425525763814e-05,-1.0405236470606269e-07,-1.8760251472045898e-05,-4.1576255070805246e-05,0.4000000000000001
-6.828303189320652e-08,-1.5362760492055234e-05,-3.369068683451621e-05,-7.17164053312302e-08,-1.5725404412069536e-05,-3.452617944764357e-05,-7.52775953830742e-08,-1.6091801055232992e-05,-3.537184893970319e-05,-7.89697311150414e-08,-1.646193371472644e-05,-3.6227692586925945e-05,-8.279597916362351e-08,-1.683578569191202e-05,-3.709370763278101e-05,-8.675954372258658e-08,-1.721334029640031e-05,-3.796989128798501e-05,-9.086366652990269e-08,-1.7594580846117496e-05,-3.885624073051126e-05,-9.51116268545289e-08,-1.7979490667372372e-05,-3.97527531055992e-05,-9.950674148303244e-08,-1.8368053094923444e-05,-4.0659425525763814e-05,-1.0405236470606269e-07,-1.8760251472045898e-05,-4.1576255070805246e-05,0.4000000000000001
-6.828303189320652e-08,-1.5362760492055234e-05,-3.369068683451621e-05,-7.17164053312302e-08,-1.5725404412069536e-05,-3.452617944764357e-05,-7.52775953830742e-08,-1.6091801055232992e-05,-3.537184893970319e-05,-7.89697311150414e-08,-1.646193371472644e-05,-3.6227692586925945e-05,-8.279597916362351e-08,-1.683578569191202e-05,-3.709370763278101e-05,-8.675954372258658e-08,-1.721334029640031e-05,-3.796989128798501e-05,-9.086366652990269e-08,-1.7594580846117496e-05,-3.885624073051126e-05,-9.51116268545289e-08,-1.7979490667372372e-05,-3.97527531055992e-05,-9.950674148303244e-08,-1.8368053094923444e-05,-4.0659425525763814e-05,-1.0405236470606269e-07,-1.8760251472045898e-05,-4.1576255070805246e-05,0.4000000000000001
-6.828303189320652e-08,-1.5362760492055234e-05,-3.369068683451621e-05,-7.17164053312302e-08,-1.5725404412069536e-05,-3.452617944764357e-05,-7.52775953830742e-08,-1.6091801055232992e-05,-3.537184893970319e-05,-7.89697311150414e-08,-1.646193371472644e-05,-3.6227692586925945e-05,-8.279597916362351e-08,-1.683578569191202e-05,-3.709370763278101e-05,-8.675954372258658e-08,-1.721334029640031e-05,-3.796989128798501e-05,-9.086366652990269e-08,-1.7594580846117496e-05,-3.885624073051126e-05,-9.51116268545289e-08,-1.7979490667372372e-05,-3.97527531055992e-05,-9.950674148303244e-08,-1.8368053094923444e-05,-4.0659425525763814e-05,-1.0405236470606269e-07,-1.8760251472045898e-05,-4.1576255070805246e-05,0.4000000000000001
-6.828303189320652e-08,-1.5362760492055234e-05,-3.369068683451621e-05,-7.17164053312302e-08,-1.5725404412069536e-05,-3.452617944764357e-05,-7.52775953830742e-08,-1.6091801055232992e-05,-3.537184893970319e-05,-7.89697311150414e-08,-1.646193371472644e-05,-3.6227692586925945e-05,-8.279597916362351e-08,-1.683578569191202e-05,-3.709370763278101e-05,-8.675954372258658e-08,-1.721334029640031e-05,-3.796989128798501e-05,-9.086366652990269e-08,-1.7594580846117496e-05,-3.885624073051126e-05,-9.51116268545289e-08,-1.7979490667372372e-05,-3.97527531055992e-05,-9.950674148303244e-08,-1.8368053094923444e-05,-4.0659425525763814e-05,-1.0405236470606269e-07,-1.8760251472045898e-05,-4.1576255070805246e-05,0.4000000000000001
-6.828303189320652e-08,-1.5362760492055234e-05,-3.369068683451621e-05,-7.17164053312302e-08,-1.5725404412069536e-05,-3.452617944764357e-05,-7.52775953830742e-08,-1.6091801055232992e-05,-3.537184893970319e-05,-7.89697311150414e-08,-1.646193371472644e-05,-3.6227692586925945e-05,-8.279597916362351e-08,-1.683578569191202e-05,-3.709370763278101e-05,-8.675954372258658e-08,-1.721334029640031e-05,-3.796989128798501e-05,-9.086366652990269e-08,-1.7594580846117496e-05,-3.885624073051126e-05,-9.51116268545289e-08,-1.7979490667372372e-05,-3.97527531055992e-05,-9.950674148303244e-08,-1.8368053094923444e-05,-4.0659425525763814e-05,-1.0405236470606269e-07,-1.8760251472045898e-05,-4.1576255070805246e-05,0.4000000000000001
-6.828303189320652e-08,-1.5362760492055234e-05,-3.369068683451621e-05,-7.17164053312302e-08,-1.5725404412069536e-05,-3.452617944764357e-05,-7.52775953830742e-08,-1.6091801055232992e-05,-3.537184893970319e-05,-7.89697311150414e-08,-1.646193371472644e-05,-3.6227692586925945e-05,-8.279597916362351e-08,-1.683578569191202e-05,-3.709370763278101e-05,-8.675954372258658e-08,-1.721334029640031e-05,-3.796989128798501e-05,-9.086366652990269e-08,-1.7594580846117496e-05,-3.885624073051126e-05,-9.51116268545289e-08,-1.7979490667372372e-05,-3.97527531055992e-05,-9.950674148303244e-08,-1.8368053094923444e-05,-4.0659425525763814e-05,-1.0405236470606269e-07,-1.8760251472045898e-05,-4.1576255070805246e-05,0.4000000000000001
-6.828303189320652e-08,-1.5362760492055234e-05,-3.369068683451621e-05,-7.17164053312302e-08,-1.5725404412069536e-05,-3.452617944764357e-05,-7.52775953830742e-08,-1.6091801055232992e-05,-3.537184893970319e-05,-7.89697311150414e-08,-1.646193371472644e-05,-3.6227692586925945e-05,-8.279597916362351e-08,-1.683578569191202e-05,-3.709370763278101e-05,-8.675954372258658e-08,-1.721334029640031e-05,-3.796989128798501e-05,-9.086366652990269e-08,-1.7594580846117496e-05,-3.885624073051126e-05,-9.51116268545289e-08,-1.7979490667372372e-05,-3.97527531055992e-05,-9.950674148303244e-08,-1.8368053094923444e-05,-4.0659425525763814e-05,-1.0405236470606269e-07,-1.8760251472045898e-05,-4.1576255070805246e-05,0.4000000000000001
-6.828303189320652e-08,-1.5362760492055234e-05,-3.369068683451621e-05,-7.17164053312302e-08,-1.5725404412069536e-05,-3.452617944764357e-05,-7.52775953830742e-08,-1.6091801055232992e-05,-3.537184893970319e-05,-7.89697311150414e-08,-1.646193371472644e-05,-3.6227692586925945e-05,-8.279597916362351e-08,-1.683578569191202e-05,-3.709370763278101e-05,-8.675954372258658e-08,-1.721334029640031e-05,-3.796989128798501e-05,-9.086366652990269e-08,-1.7594580846117496e-05,-3.885624073051126e-05,-9.51116268545289e-08,-1.7979490667372372e-05,-3.97527531055992e-05,-9.950674148303244e-08,-1.8368053094923444e-05,-4.0659425525763814e-05,-1.0405236470606269e-07,-1.8760251472045898e-05,-4.1576255070805246e-05,0.4000000000000001
-6.828303189320652e-08,-1.5362760492055234e-05,-3.369068683451621e-05,-7.17164053312302e-08,-1.5725404412069536e-05,-3.452617944764357e-05,-7.52775953830742e-08,-1.6091801055232992e-05,-3.537184893970319e-05,-7.89697311150414e-08,-1.646193371472644e-05,-3.6227692586925945e-05,-8.279597916362351e-08,-1.683578569191202e-05,-3.709370763278101e-05,-8.675954372258658e-08,-1.721334029640031e-05,-3.796989128798501e-05,-9.086366652990269e-08,-1.7594580846117496e-05,-3.885624073051126e-05,-9.51116268545289e-08,-1.7979490667372372e-05,-3.97527531055992e-05,-9.950674148303244e-08,-1.8368053094923444e-05,-4.0659425525763814e-05,-1.0405236470606269e-07,-1.8760251472045898e-05,-4.1576255070805246e-05,0.4000000000000001
-6.828303189320652e-08,-1.5362760492055234e-05,-3.369068683451621e-05,-7.17164053312302e-08,-1.5725404412069536e-05,-3.452617944764357e-05,-7.52775953830742e-08,-1.6091801055232992e-05,-3.537184893970319e-05,-7.89697311150414e-08,-1.646193371472644e-05,-3.6227692586925945e-05,-8.279597916362351e-08,-1.683578569191202e-05,-3.709370763278101e-05,-8.675954372258658e-08,-1.721334029640031e-05,-3.796989128798501e-05,-9.086366652990269e-08,-1.7594580846117496e-05,-3.885624073051126e-05,-9.51116268545289e-08,-1.7979490667372372e-05,-3.97527531055992e-05,-9.950674148303244e-08,-1.8368053094923444e-05,-4.0659425525763814e-05,-1.0405236470606269e-07,-1.8760251472045898e-05,-4.1576255070805246e-05,0.4000000000000001
-6.828303189320652e-08,-1.5362760492055234e-05,-3.369068683451621e-05,-7.17164053312302e-08,-1.5725404412069536e-05,-3.452617944764357e-05,-7.52775953830742e-08,-1.6091801055232992e-05,-3.537184893970319e-05,-7.89697311150414e-08,-1.646193371472644e-05,-3.6227692586925945e-05,-8.279597916362351e-08,-1.683578569191202e-05,-3.709370763278101e-05,-8.675954372258658e-08,-1.721334029640031e-05,-3.796989128798501e-05,-9.086366652990269e-08,-1.7594580846117496e-05,-3.885624073051126e-05,-9.51116268545289e-08,-1.7979490667372372e-05,-3.97527531055992e-05,-9.950674148303244e-08,-1.8368053094923444e-05,-4.0659425525763814e-05,-1.0405236470606269e-07,-1.8760251472045898e-05,-4.1576255070805246e-05,0.4000000000000001
-6.828303189320652e-08,-1.5362760492055234e-05,-3.369068683451621e-05,-7.17164053312302e-08,-1.5725404412069536e-05,-3.452617944764357e-05,-7.52775953830742e-08,-1.6091801055232992e-05,-3.537184893970319e-05,-7.89697311150414e-08,-1.646193371472644e-05,-3.6227692586925945e-05,-8.279597916362351e-08,-1.683578569191202e-05,-3.709370763278101e-05,-8.675954372258658e-08,-1.721334029640031e-05,-3.796989128798501e-05,-9.086366652990269e-08,-1.7594580846117496e-05,-3.885624073051126e-05,-9.51116268545289e-08,-1.7979490667372372e-05,-3.97527531055992e-05,-9.950674148303244e-08,-1.8368053094923444e-05,-4.0659425525763814e-05,-1.0405236470606269e-07,-1.8760251472045898e-05,-4.1576255070805246e-05,0.4000000000000001
-6.828303189320652e-08,-1.5362760492055234e-05,-3.369068683451621e-05,-7.17164053312302e-08,-1.5725404412069536e-05,-3.452617944764357e-05,-7.52775953830742e-08,-1.6091801055232992e-05,-3.537184893970319e-05,-7.89697311150414e-08,-1.646193371472644e-05,-3.6227692586925945e-05,-8.279597916362351e-08,-1.683578569191202e-05,-3.709370763278101e-05,-8.675954372258658e-08,-1.721334029640031e-05,-3.796989128798501e-05,-9.086366652990269e-08,-1.7594580846117496e-05,-3.885624073051126e-05,-9.51116268545289e-08,-1.7979490667372372e-05,-3.97527531055992e-05,-9.950674148303244e-08,-1.8368053094923444e-05,-4.0659425525763814e-05,-1.0405236470606269e-07,-1.8760251472045898e-05,-4.1576255070805246e-05,0.4000000000000001
-6.828303189320652e-08,-1.5362760492055234e-05,-3.369068683451621e-05,-7.17164053312302e-08,-1.5725404412069536e-05,-3.452617944764357e-05,-7.52775953830742e-08,-1.6091801055232992e-05,-3.537184893970319e-05,-7.89697311150414e-08,-1.646193371472644e-05,-3.6227692586925945e-05,-8.279597916362351e-08,-1.683578569191202e-05,-3.709370763278101e-05,-8.675954372258658e-08,-1.721334029640031e-05,-3.796989128798501e-05,-9.086366652990269e-08,-1.7594580846117496e-05,-3.885624073051126e-05,-9.51116268545289e-08,-1.7979490667372372e-05,-3.97527531055992e-05,-9.950674148303244e-08,-1.8368053094923444e-05,-4.0659425525763814e-05,-1.0405236470606269e-07,-1.8760251472045898e-05,-4.1576255070805246e-05,0.4000000000000001
-6.828303189320652e-08,-1.5362760492055234e-05,-3.369068683451621e-05,-7.17164053312302e-08,-1.5725404412069536e-05,-3.452617944764357e-05,-7.52775953830742e-08,-1.6091801055232992e-05,-3.537184893970319e-05,-7.89697311150414e-08,-1.646193371472644e-05,-3.6227692586925945e-05,-8.279597916362351e-08,-1.683578569191202e-05,-3.709370763278101e-05,-8.675954372258658e-08,-1.721334029640031e-05,-3.796989128798501e-05,-9.086366652990269e-08,-1.7594580846117496e-05,-3.885624073051126e-05,-9.51116268545289e-08,-1.7979490667372372e-05,-3.97527531055992e-05,-9.950674148303244e-08,-1.8368053094923444e-05,-4.0659425525763814e-05,-1.0405236470606269e-07,-1.8760251472045898e-05,-4.1576255070805246e-05,0.4000000000000001
-6.828303189320652e-08,-1.5362760492055234e-05,-3.369068683451621e-05,-7.17164053312302e-08,-1.5725404412069536e-05,-3.452617944764357e-05,-7.52775953830742e-08,-1.6091801055232992e-05,-3.537184893970319e-05,-7.89697311150414e-08,-1.646193371472644e-05,-3.6227692586925945e-05,-8.279597916362351e-08,-1.683578569191202e-05,-3.709370763278101e-05,-8.675954372258658e-08,-1.721334029640031e-05,-3.796989128798501e-05,-9.086366652990269e-08,-1.7594580846117496e-05,-3.885624073051126e-05,-9.51116268545289e-08,-1.7979490667372372e-05,-3.97527531055992e-05,-9.950674148303244e-08,-1.8368053094923444e-05,-4.0659425525763814e-05,-1.0405236470606269e-07,-1.8760251472045898e-05,-4.1576255070805246e-05,0.4000000000000001
-6.828303189320652e-08,-1.5362760492055234e-05,-3.369068683451621e-05,-7.17164053312302e-08,-1.5725404412069536e-05,-3.452617944764357e-05,-7.52775953830742e-08,-1.6091801055232992e-05,-3.537184893970319e-05,-7.89697311150414e-08,-1.646193371472644e-05,-3.6227692586925945e-05,-8.279597916362351e-08,-1.683578569191202e-05,-3.709370763278101e-05,-8.675954372258658e-08,-1.721334029640031e-05,-3.796989128798501e-05,-9.086366652990269e-08,-1.7594580846117496e-05,-3.885624073051126e-05,-9.51116268545289e-08,-1.7979490667372372e-05,-3.97527531055992e-05,-9.950674148303244e-08,-1.8368053094923444e-05,-4.0659425525763814e-05,-1.0405236470606269e-07,-1.8760251472045898e-05,-4.1576255070805246e-05,0.4000000000000001
-6.828303189320652e-08,-1.5362760492055234e-05,-3.369068683451621e-05,-7.17164053312302e-08,-1.5725404412069536e-05,-3.452617944764357e-05,-7.52775953830742e-08,-1.6091801055232992e-05,-3.537184893970319e-05,-7.89697311150414e-08,-1.646193371472644e-05,-3.6227692586925945e-05,-8.279597916362351e-08,-1.683578569191202e-05,-3.709370763278101e-05,-8.675954372258658e-08,-1.721334029640031e-05,-3.796989128798501e-05,-9.086366652990269e-08,-1.7594580846117496e-05,-3.885624073051126e-05,-9.51116268545289e-08,-1.7979490667372372e-05,-3.97527531055992e-05,-9.950674148303244e-08,-1.8368053094923444e-05,-4.0659425525763814e-05,-1.0405236470606269e-07,-1.8760251472045898e-05,-4.1576255070805246e-05,0.4000000000000001
-6.828303189320652e-08,-1.5362760492055234e-05,-3.369068683451621e-05,-7.17164053312302e-08,-1.5725404412069536e-05,-3.452617944764357e-05,-7.52775953830742e-08,-1.6091801055232992e-05,-3.537184893970319e-05,-7.89697311150414e-08,-1.646193371472644e-05,-3.6227692586925945e-05,-8.279597916362351e-08,-1.683578569191202e-05,-3.709370763278101e-05,-8.675954372258658e-08,-1.721334029640031e-05,-3.796989128798501e-05,-9.086366652990269e-08,-1.7594580846117496e-05,-3.885624073051126e-05,-9.51116268545289e-08,-1.7979490667372372e-05,-3.97527531055992e-05,-9.950674148303244e-08,-1.8368053094923444e-05,-4.0659425525763814e-05,-1.0405236470606269e-07,-1.8760251472045898e-05,-4.1576255070805246e-05,0.4000000000000001
-6.828303189320652e-08,-1.5362760492055234e-05,-3.369068683451621e-05,-7.17164053312302e-08,-1.5725404412069536e-05,-3.452617944764357e-05,-7.52775953830742e-08,-1.6091801055232992e-05,-3.537184893970319e-05,-7.89697311150414e-08,-1.646193371472644e-05,-3.6227692586925945e-05,-8.279597916362351e-08,-1.683578569191202e-05,-3.709370763278101e-05,-8.675954372258658e-08,-1.721334029640031e-05,-3.796989128798501e-05,-9.086366652990269e-08,-1.7594580846117496e-05,-3.885624073051126e-05,-9.51116268545289e-08,-1.7979490667372372e-05,-3.97527531055992e-05,-9.950674148303244e-08,-1.8368053094923444e-05,-4.0659425525763814e-05,-1.0405236470606269e-07,-1.8760251472045898e-05,-4.1576255070805246e-05,0.4000000000000001
-6.828303189320652e-08,-1.5362760492055234e-05,-3.369068683451621e-05,-7.17164053312302e-08,-1.5725404412069536e-05,-3.452617944764357e-05,-7.52775953830742e-08,-1.6091801055232992e-05,-3.537184893970319e-05,-7.89697311150414e-08,-1.646193371472644e-05,-3.6227692586925945e-05,-8.279597916362351e-08,-1.683578569191202e-05,-3.709370763278101e-05,-8.675954372258658e-08,-1.721334029640031e-05,-3.796989128798501e-05,-9.086366652990269e-08,-1.7594580846117496e-05,-3.885624073051126e-05,-9.51116268545289e-08,-1.7979490667372372e-05,-3.97527531055992e-05,-9.950674148303244e-08,-1.8368053094923444e-05,-4.0659425525763814e-05,-1.0405236470606269e-07,-1.8760251472045898e-05,-4.1576255070805246e-05,0.4000000000000001
-6.828303189320652e-08,-1.5362760492055234e-05,-3.369068683451621e-05,-7.17164053312302e-08,-1.5725404412069536e-05,-3.452617944764357e-05,-7.52775953830742e-08,-1.6091801055232992e-05,-3.537184893970319e-05,-7.89697311150414e-08,-1.646193371472644e-05,-3.6227692586925945e-05,-8.279597916362351e-08,-1.683578569191202e-05,-3.709370763278101e-05,-8.675954372258658e-08,-1.721334029640031e-05,-3.796989128798501e-05,-9.086366652990269e-08,-1.7594580846117496e-05,-3.885624073051126e-05,-9.51116268545289e-08,-1.7979490667372372e-05,-3.97527531055992e-05,-9.950674148303244e-08,-1.8368053094923444e-05,-4.0659425525763814e-05,-1.0405236470606269e-07,-1.8760251472045898e-05,-4.1576255070805246e-05,0.4000000000000001
-6.828303189320652e-08,-1.5362760492055234e-05,-3.369068683451621e-05,-7.17164053312302e-08,-1.5725404412069536e-05,-3.452617944764357e-05,-7.52775953830742e-08,-1.6091801055232992e-05,-3.537184893970319e-05,-7.89697311150414e-08,-1.646193371472644e-05,-3.6227692586925945e-05,-8.279597916362351e-08,-1.683578569191202e-05,-3.709370763278101e-05,-8.675954372258658e-08,-1.721334029640031e-05,-3.796989128798501e-05,-9.086366652990269e-08,-1.7594580846117496e-05,-3.885624073051126e-05,-9.51116268545289e-08,-1.7979490667372372e-05,-3.97527531055992e-05,-9.950674148303244e-08,-1.8368053094923444e-05,-4.0659425525763814e-05,-1.0405236470606269e-07,-1.8760251472045898e-05,-4.1576255070805246e-05,0.4000000000000001
-6.828303189320652e-08,-1.5362760492055234e-05,-3.369068683451621e-05,-7.17164053312302e-08,-1.5725404412069536e-05,-3.452617944764357e-05,-7.52775953830742e-08,-1.6091801055232992e-05,-3.537184893970319e-05,-7.89697311150414e-08,-1.646193371472644e-05,-3.6227692586925945e-05,-8.279597916362351e-08,-1.683578569191202e-05,-3.709370763278101e-05,-8.675954372258658e-08,-1.721334029640031e-05,-3.796989128798501e-05,-9.086366652990269e-08,-1.7594580846117496e-05,-3.885624073051126e-05,-9.51116268545289e-08,-1.7979490667372372e-05,-3.97527531055992e-05,-9.950674148303244e-08,-1.8368053094923444e-05,-4.0659425525763814e-05,-1.0405236470606269e-07,-1.8760251472045898e-05,-4.1576255070805246e-05,0.4000000000000001
-6.828303189320652e-08,-1.5362760492055234e-05,-3.369068683451621e-05,-7.17164053312302e-08,-1.5725404412069536e-05,-3.452617944764357e-05,-7.52775953830742e-08,-1.6091801055232992e-05,-3.537184893970319e-05,-7.89697311150414e-08,-1.646193371472644e-05,-3.6227692586925945e-05,-8.279597916362351e-08,-1.683578569191202e-05,-3.709370763278101e-05,-8.675954372258658e-08,-1.721334029640031e-05,-3.796989128798501e-05,-9.086366652990269e-08,-1.7594580846117496e-05,-3.885624073051126e-05,-9.51116268545289e-08,-1.7979490667372372e-05,-3.97527531055992e-05,-9.950674148303244e-08,-1.8368053094923444e-05,-4.0659425525763814e-05,-1.0405236470606269e-07,-1.8760251472045898e-05,-4.1576255070805246e-05,0.4000000000000001
-6.828303189320652e-08,-1.5362760492055234e-05,-3.369068683451621e-05,-7.17164053312302e-08,-1.5725404412069536e-05,-3.452617944764357e-05,-7.52775953830742e-08,-1.6091801055232992e-05,-3.537184893970319e-05,-7.89697311150414e-08,-1.646193371472644e-05,-3.6227692586925945e-05,-8.279597916362351e-08,-1.683578569191202e-05,-3.709370763278101e-05,-8.675954372258658e-08,-1.721334029640031e-05,-3.796989128798501e-05,-9.086366652990269e-08,-1.7594580846117496e-05,-3.885624073051126e-05,-9.51116268545289e-08,-1.7979490667372372e-05,-3.97527531055992e-05,-9.950674148303244e-08,-1.8368053094923444e-05,-4.0659425525763814e-05,-1.0405236470606269e-07,-1.8760251472045898e-05,-4.1576255070805246e-05,0.4000000000000001
-6.828303189320652e-08,-1.5362760492055234e-05,-3.369068683451621e-05,-7.17164053312302e-08,-1.5725404412069536e-05,-3.452617944764357e-05,-7.52775953830742e-08,-1.6091801055232992e-05,-3.537184893970319e-05,-7.89697311150414e-08,-1.646193371472644e-05,-3.6227692586925945e-05,-8.279597916362351e-08,-1.683578569191202e-05,-3.709370763278101e-05,-8.675954372258658e-08,-1.721334029640031e-05,-3.796989128798501e-05,-9.086366652990269e-08,-1.7594580846117496e-05,-3.885624073051126e-05,-9.51116268545289e-08,-1.7979490667372372e-05,-3.97527531055992e-05,-9.950674148303244e-08,-1.8368053094923444e-05,-4.0659425525763814e-05,-1.0405236470606269e-07,-1.8760251472045898e-05,-4.1576255070805246e-05,0.4000000000000001
-6.828303189320652e-08,-1.5362760492055234e-05,-3.369068683451621e-05,-7.17164053312302e-08,-1.5725404412069536e-05,-3.452617944764357e-05,-7.52775953830742e-08,-1.6091801055232992e-05,-3.537184893970319e-05,-7.89697311150414e-08,-1.646193371472644e-05,-3.6227692586925945e-05,-8.279597916362351e-08,-1.683578569191202e-05,-3.709370763278101e-05,-8.675954372258658e-08,-1.721334029640031e-05,-3.796989128798501e-05,-9.086366652990269e-08,-1.7594580846117496e-05,-3.885624073051126e-05,-9.51116268545289e-08,-1.7979490667372372e-05,-3.97527531055992e-05,-9.950674148303244e-08,-1.8368053094923444e-05,-4.0659425525763814e-05,-1.0405236470606269e-07,-1.8760251472045898e-05,-4.1576255070805246e-05,0.4000000000000001
-6.828303189320652e-08,-1.5362760492055234e-05,-3.369068683451621e-05,-7.17164053312302e-08,-1.5725404412069536e-05,-3.452617944764357e-05,-7.52775953830742e-08,-1.6091801055232992e-05,-3.537184893970319e-05,-7.89697311150414e-08,-1.646193371472644e-05,-3.6227692586925945e-05,-8.279597916362351e-08,-1.683578569191202e-05,-3.709370763278101e-05,-8.675954372258658e-08,-1.721334029640031e-05,-3.796989128798501e-05,-9.086366652990269e-08,-1.7594580846117496e-05,-3.885624073051126e-05,-9.51116268545289e-08,-1.7979490667372372e-05,-3.97527531055992e-05,-9.950674148303244e-08,-1.8368053094923444e-05,-4.0659425525763814e-05,-1.0405236470606269e-07,-1.8760251472045898e-05,-4.1576255070805246e-05,0.4000000000000001
-6.828303189320652e-08,-1.5362760492055234e-05,-3.369068683451621e-05,-7.17164053312302e-08,-1.5725404412069536e-05,-3.452617944764357e-05,-7.52775953830742e-08,-1.6091801055232992e-05,-3.537184893970319e-05,-7.89697311150414e-08,-1.646193371472644e-05,-3.6227692586925945e-05,-8.279597916362351e-08,-1.683578569191202e-05,-3.709370763278101e-05,-8.675954372258658e-08,-1.721334029640031e-05,-3.796989128798501e-05,-9.086366652990269e-08,-1.7594580846117496e-05,-3.885624073051126e-05,-9.51116268545289e-08,-1.7979490667372372e-05,-3.97527531055992e-05,-9.950674148303244e-08,-1.8368053094923444e-05,-4.0659425525763814e-05,-1.0405236470606269e-07,-1.8760251472045898e-05,-4.1576255070805246e-05,0.4000000000000001
-6.828303189320652e-08,-1.5362760492055234e-05,-3.369068683451621e-05,-7.17164053312302e-08,-1.5725404412069536e-05,-3.452617944764357e-05,-7.52775953830742e-08,-1.6091801055232992e-05,-3.537184893970319e-05,-7.89697311150414e-08,-1.646193371472644e-05,-3.6227692586925945e-05,-8.279597916362351e-08,-1.683578569191202e-05,-3.709370763278101e-05,-8.675954372258658e-08,-1.721334029640031e-05,-3.796989128798501e-05,-9.086366652990269e-08,-1.7594580846117496e-05,-3.885624073051126e-05,-9.51116268545289e-08,-1.7979490667372372e-05,-3.97527531055992e-05,-9.950674148303244e-08,-1.8368053094923444e-05,-4.0659425525763814e-05,-1.0405236470606269e-07,-1.8760251472045898e-05,-4.1576255070805246e-05,0.4000000000000001
-6.828303189320652e-08,-1.5362760492055234e-05,-3.369068683451621e-05,-7.17164053312302e-08,-1.5725404412069536e-05,-3.452617944764357e-05,-7.52775953830742e-08,-1.6091801055232992e-05,-3.537184893970319e-05,-7.89697311150414e-08,-1.646193371472644e-05,-3.6227692586925945e-05,-8.279597916362351e-08,-1.683578569191202e-05,-3.709370763278101e-05,-8.675954372258658e-08,-1.721334029640031e-05,-3.796989128798501e-05,-9.086366652990269e-08,-1.7594580846117496e-05,-3.885624073051126e-05,-9.51116268545289e-08,-1.7979490667372372e-05,-3.97527531055992e-05,-9.950674148303244e-08,-1.8368053094923444e-05,-4.0659425525763814e-05,-1.0405236470606269e-07,-1.8760251472045898e-05,-4.1576255070805246e-05,0.4000000000000001
-6.828303189320652e-08,-1.5362760492055234e-05,-3.369068683451621e-05,-7.17164053312302e-08,-1.5725404412069536e-05,-3.452617944764357e-05,-7.52775953830742e-08,-1.6091801055232992e-05,-3.537184893970319e-05,-7.89697311150414e-08,-1.646193371472644e-05,-3.6227692586925945e-05,-8.279597916362351e-08,-1.683578569191202e-05,-3.709370763278101e-05,-8.675954372258658e-08,-1.721334029640031e-05,-3.796989128798501e-05,-9.086366652990269e-08,-1.7594580846117496e-05,-3.885624073051126e-05,-9.51116268545289e-08,-1.7979490667372372e-05,-3.97527531055992e-05,-9.950674148303244e-08,-1.8368053094923444e-05,-4.0659425525763814e-05,-1.0405236470606269e-07,-1.8760251472045898e-05,-4.1576255070805246e-05,0.4000000000000001
-6.828303189320652e-08,-1.5362760492055234e-05,-3.369068683451621e-05,-7.17164053312302e-08,-1.5725404412069536e-05,-3.452617944764357e-05,-7.52775953830742e-08,-1.6091801055232992e-05,-3.537184893970319e-05,-7.89697311150414e-08,-1.646193371472644e-05,-3.6227692586925945e-05,-8.279597916362351e-08,-1.683578569191202e-05,-3.709370763278101e-05,-8.675954372258658e-08,-1.721334029640031e-05,-3.796989128798501e-05,-9.086366652990269e-08,-1.7594580846117496e-05,-3.885624073051126e-05,-9.51116268545289e-08,-1.7979490667372372e-05,-3.97527531055992e-05,-9.950674148303244e-08,-1.8368053094923444e-05,-4.0659425525763814e-05,-1.0405236470606269e-07,-1.8760251472045898e-05,-4.1576255070805246e-05,0.4000000000000001
-6.828303189320652e-08,-1.5362760492055234e-05,-3.369068683451621e-05,-7.17164053312302e-08,-1.5725404412069536e-05,-3.452617944764357e-05,-7.52775953830742e-08,-1.6091801055232992e-05,-3.537184893970319e-05,-7.89697311150414e-08,-1.646193371472644e-05,-3.6227692586925945e-05,-8.279597916362351e-08,-1.683578569191202e-05,-3.709370763278101e-05,-8.675954372258658e-08,-1.721334029640031e-05,-3.796989128798501e-05,-9.086366652990269e-08,-1.7594580846117496e-05,-3.885624073051126e-05,-9.51116268545289e-08,-1.7979490667372372e-05,-3.97527531055992e-05,-9.950674148303244e-08,-1.8368053094923444e-05,-4.0659425525763814e-05,-1.0405236470606269e-07,-1.8760251472045898e-05,-4.1576255070805246e-05,0.4000000000000001
-6.828303189320652e-08,-1.5362760492055234e-05,-3.369068683451621e-05,-7.17164053312302e-08,-1.5725404412069536e-05,-3.452617944764357e-05,-7.52775953830742e-08,-1.6091801055232992e-05,-3.537184893970319e-05,-7.89697311150414e-08,-1.646193371472644e-05,-3.6227692586925945e-05,-8.279597916362351e-08,-1.683578569191202e-05,-3.709370763278101e-05,-8.675954372258658e-08,-1.721334029640031e-05,-3.796989128798501e-05,-9.086366652990269e-08,-1.7594580846117496e-05,-3.885624073051126e-05,-9.51116268545289e-08,-1.7979490667372372e-05,-3.97527531055992e-05,-9.950674148303244e-08,-1.8368053094923444e-05,-4.0659425525763814e-05,-1.0405236470606269e-07,-1.8760251472045898e-05,-4.1576255070805246e-05,0.4000000000000001
-6.828303189320652e-08,-1.5362760492055234e-05,-3.369068683451621e-05,-7.17164053312302e-08,-1.5725404412069536e-05,-3.452617944764357e-05,-7.52775953830742e-08,-1.6091801055232992e-05,-3.537184893970319e-05,-7.89697311150414e-08,-1.646193371472644e-05,-3.6227692586925945e-05,-8.279597916362351e-08,-1.683578569191202e-05,-3.709370763278101e-05,-8.675954372258658e-08,-1.721334029640031e-05,-3.796989128798501e-05,-9.086366652990269e-08,-1.7594580846117496e-05,-3.885624073051126e-05,-9.51116268545289e-08,-1.7979490667372372e-05,-3.97527531055992e-05,-9.950674148303244e-08,-1.8368053094923444e-05,-4.0659425525763814e-05,-1.0405236470606269e-07,-1.8760251472045898e-05,-4.1576255070805246e-05,0.4000000000000001
-6.828303189320652e-08,-1.5362760492055234e-05,-3.369068683451621e-05,-7.17164053312302e-08,-1.5725404412069536e-05,-3.452617944764357e-05,-7.52775953830742e-08,-1.6091801055232992e-05,-3.537184893970319e-05,-7.89697311150414e-08,-1.646193371472644e-05,-3.6227692586925945e-05,-8.279597916362351e-08,-1.683578569191202e-05,-3.709370763278101e-05,-8.675954372258658e-08,-1.721334029640031e-05,-3.796989128798501e-05,-9.086366652990269e-08,-1.7594580846117496e-05,-3.885624073051126e-05,-9.51116268545289e-08,-1.7979490667372372e-05,-3.97527531055992e-05,-9.950674148303244e-08,-1.8368053094923444e-05,-4.0659425525763814e-05,-1.0405236470606269e-07,-1.8760251472045898e-05,-4.1576255070805246e-05,0.4000000000000001
-6.828303189320652e-08,-1.5362760492055234e-05,-3.369068683451621e-05,-7.17164053312302e-08,-1.5725404412069536e-05,-3.452617944764357e-05,-7.52775953830742e-08,-1.6091801055232992e-05,-3.537184893970319e-05,-7.89697311150414e-08,-1.646193371472644e-05,-3.6227692586925945e-05,-8.279597916362351e-08,-1.683578569191202e-05,-3.709370763278101e-05,-8.675954372258658e-08,-1.721334029640031e-05,-3.796989128798501e-05,-9.086366652990269e-08,-1.7594580846117496e-05,-3.885624073051126e-05,-9.51116268545289e-08,-1.7979490667372372e-05,-3.97527531055992e-05,-9.950674148303244e-08,-1.8368053094923444e-05,-4.0659425525763814e-05,-1.0405236470606269e-07,-1.8760251472045898e-05,-4.1576255070805246e-05,0.4000000000000001
-6.828303189320652e-08,-1.5362760492055234e-05,-3.369068683451621e-05,-7.17164053312302e-08,-1.5725404412069536e-05,-3.452617944764357e-05,-7.52775953830742e-08,-1.6091801055232992e-05,-3.537184893970319e-05,-7.89697311150414e-08,-1.646193371472644e-05,-3.6227692586925945e-05,-8.279597916362351e-08,-1.683578569191202e-05,-3.709370763278101e-05,-8.675954372258658e-08,-1.721334029640031e-05,-3.796989128798501e-05,-9.086366652990269e-08,-1.7594580846117496e-05,-3.885624073051126e-05,-9.51116268545289e-08,-1.7979490667372372e-05,-3.97527531055992e-05,-9.950674148303244e-08,-1.8368053094923444e-05,-4.0659425525763814e-05,-1.0405236470606269e-07,-1.8760251472045898e-05,-4.1576255070805246e-05,0.4000000000000001
-6.828303189320652e-08,-1.5362760492055234e-05,-3.369068683451621e-05,-7.17164053312302e-08,-1.5725404412069536e-05,-3.452617944764357e-05,-7.52775953830742e-08,-1.6091801055232992e-05,-3.537184893970319e-05,-7.89697311150414e-08,-1.646193371472644e-05,-3.6227692586925945e-05,-8.279597916362351e-08,-1.683578569191202e-05,-3.709370763278101e-05,-8.675954372258658e-08,-1.721334029640031e-05,-3.796989128798501e-05,-9.086366652990269e-08,-1.7594580846117496e-05,-3.885624073051126e-05,-9.51116268545289e-08,-1.7979490667372372e-05,-3.97527531055992e-05,-9.950674148303244e-08,-1.8368053094923444e-05,-4.0659425525763814e-05,-1.0405236470606269e-07,-1.8760251472045898e-05,-4.1576255070805246e-05,0.4000000000000001
-6.828303189320652e-08,-1.5362760492055234e-05,-3.369068683451621e-05,-7.17164053312302e-08,-1.5725404412069536e-05,-3.452617944764357e-05,-7.52775953830742e-08,-1.6091801055232992e-05,-3.537184893970319e-05,-7.89697311150414e-08,-1.646193371472644e-05,-3.6227692586925945e-05,-8.279597916362351e-08,-1.683578569191202e-05,-3.709370763278101e-05,-8.675954372258658e-08,-1.721334029640031e-05,-3.796989128798501e-05,-9.086366652990269e-08,-1.7594580846117496e-05,-3.885624073051126e-05,-9.51116268545289e-08,-1.7979490667372372e-05,-3.97527531055992e-05,-9.950674148303244e-08,-1.8368053094923444e-05,-4.0659425525763814e-05,-1.0405236470606269e-07,-1.8760251472045898e-05,-4.1576255070805246e-05,0.4000000000000001
-6.828303189320652e-08,-1.5362760492055234e-05,-3.369068683451621e-05,-7.17164053312302e-08,-1.5725404412069536e-05,-3.452617944764357e-05,-7.52775953830742e-08,-1.6091801055232992e-05,-3.537184893970319e-05,-7.89697311150414e-08,-1.646193371472644e-05,-3.6227692586925945e-05,-8.279597916362351e-08,-1.683578569191202e-05,-3.709370763278101e-05,-8.675954372258658e-08,-1.721334029640031e-05,-3.796989128798501e-05,-9.086366652990269e-08,-1.7594580846117496e-05,-3.885624073051126e-05,-9.51116268545289e-08,-1.7979490667372372e-05,-3.97527531055992e-05,-9.950674148303244e-08,-1.8368053094923444e-05,-4.0659425525763814e-05,-1.0405236470606269e-07,-1.8760251472045898e-05,-4.1576255070805246e-05,0.4000000000000001
-6.828303189320652e-08,-1.5362760492055234e-05,-3.369068683451621e-05,-7.17164053312302e-08,-1.5725404412069536e-05,-3.452617944764357e-05,-7.52775953830742e-08,-1.6091801055232992e-05,-3.537184893970319e-05,-7.89697311150414e-08,-1.646193371472644e-05,-3.6227692586925945e-05,-8.279597916362351e-08,-1.683578569191202e-05,-3.709370763278101e-05,-8.675954372258658e-08,-1.721334029640031e-05,-3.796989128798501e-05,-9.086366652990269e-08,-1.7594580846117496e-05,-3.885624073051126e-05,-9.51116268545289e-08,-1.7979490667372372e-05,-3.97527531055992e-05,-9.950674148303244e-08,-1.8368053094923444e-05,-4.0659425525763814e-05,-1.0405236470606269e-07,-1.8760251472045898e-05,-4.1576255070805246e-05,0.4000000000000001
-6.828303189320652e-08,-1.5362760492055234e-05,-3.369068683451621e-05,-7.17164053312302e-08,-1.5725404412069536e-05,-3.452617944764357e-05,-7.52775953830742e-08,-1.6091801055232992e-05,-3.537184893970319e-05,-7.89697311150414e-08,-1.646193371472644e-05,-3.6227692586925945e-05,-8.279597916362351e-08,-1.683578569191202e-05,-3.709370763278101e-05,-8.675954372258658e-08,-1.721334029640031e-05,-3.796989128798501e-05,-9.086366652990269e-08,-1.7594580846117496e-05,-3.885624073051126e-05,-9.51116268545289e-08,-1.7979490667372372e-05,-3.97527531055992e-05,-9.950674148303244e-08,-1.8368053094923444e-05,-4.0659425525763814e-05,-1.0405236470606269e-07,-1.8760251472045898e-05,-4.1576255070805246e-05,0.4000000000000001
-6.828303189320652e-08,-1.5362760492055234e-05,-3.369068683451621e-05,-7.17164053312302e-08,-1.5725404412069536e-05,-3.452617944764357e-05,-7.52775953830742e-08,-1.6091801055232992e-05,-3.537184893970319e-05,-7.89697311150414e-08,-1.646193371472644e-05,-3.6227692586925945e-05,-8.279597916362351e-08,-1.683578569191202e-05,-3.709370763278101e-05,-8.675954372258658e-08,-1.721334029640031e-05,-3.796989128798501e-05,-9.086366652990269e-08,-1.7594580846117496e-05,-3.885624073051126e-05,-9.51116268545289e-08,-1.7979490667372372e-05,-3.97527531055992e-05,-9.950674148303244e-08,-1.8368053094923444e-05,-4.0659425525763814e-05,-1.0405236470606269e-07,-1.8760251472045898e-05,-4.1576255070805246e-05,0.4000000000000001
-6.828303189320652e-08,-1.5362760492055234e-05,-3.369068683451621e-05,-7.17164053312302e-08,-1.5725404412069536e-05,-3.452617944764357e-05,-7.52775953830742e-08,-1.6091801055232992e-05,-3.537184893970319e-05,-7.89697311150414e-08,-1.646193371472644e-05,-3.6227692586925945e-05,-8.279597916362351e-08,-1.683578569191202e-05,-3.709370763278101e-05,-8.675954372258658e-08,-1.721334029640031e-05,-3.796989128798501e-05,-9.086366652990269e-08,-1.7594580846117496e-05,-3.885624073051126e-05,-9.51116268545289e-08,-1.7979490667372372e-05,-3.97527531055992e-05,-9.950674148303244e-08,-1.8368053094923444e-05,-4.0659425525763814e-05,-1.0405236470606269e-07,-1.8760251472045898e-05,-4.1576255070805246e-05,0.4000000000000001
-6.828303189320652e-08,-1.5362760492055234e-05,-3.369068683451621e-05,-7.17164053312302e-08,-1.5725404412069536e-05,-3.452617944764357e-05,-7.52775953830742e-08,-1.6091801055232992e-05,-3.537184893970319e-05,-7.89697311150414e-08,-1.646193371472644e-05,-3.6227692586925945e-05,-8.279597916362351e-08,-1.683578569191202e-05,-3.709370763278101e-05,-8.675954372258658e-08,-1.721334029640031e-05,-3.796989128798501e-05,-9.086366652990269e-08,-1.7594580846117496e-05,-3.885624073051126e-05,-9.51116268545289e-08,-1.7979490667372372e-05,-3.97527531055992e-05,-9.950674148303244e-08,-1.8368053094923444e-05,-4.0659425525763814e-05,-1.0405236470606269e-07,-1.8760251472045898e-05,-4.1576255070805246e-05,0.4000000000000001
-6.828303189320652e-08,-1.5362760492055234e-05,-3.369068683451621e-05,-7.17164053312302e-08,-1.5725404412069536e-05,-3.452617944764357e-05,-7.52775953830742e-08,-1.6091801055232992e-05,-3.537184893970319e-05,-7.89697311150414e-08,-1.646193371472644e-05,-3.6227692586925945e-05,-8.279597916362351e-08,-1.683578569191202e-05,-3.709370763278101e-05,-8.675954372258658e-08,-1.721334029640031e-05,-3.796989128798501e-05,-9.086366652990269e-08,-1.7594580846117496e-05,-3.885624073051126e-05,-9.51116268545289e-08,-1.7979490667372372e-05,-3.97527531055992e-05,-9.950674148303244e-08,-1.8368053094923444e-05,-4.0659425525763814e-05,-1.0405236470606269e-07,-1.8760251472045898e-05,-4.1576255070805246e-05,0.4000000000000001
-6.828303189320652e-08,-1.5362760492055234e-05,-3.369068683451621e-05,-7.17164053312302e-08,-1.5725404412069536e-05,-3.452617944764357e-05,-7.52775953830742e-08,-1.6091801055232992e-05,-3.537184893970319e-05,-7.89697311150414e-08,-1.646193371472644e-05,-3.6227692586925945e-05,-8.279597916362351e-08,-1.683578569191202e-05,-3.709370763278101e-05,-8.675954372258658e-08,-1.721334029640031e-05,-3.796989128798501e-05,-9.086366652990269e-08,-1.7594580846117496e-05,-3.885624073051126e-05,-9.51116268545289e-08,-1.7979490667372372e-05,-3.97527531055992e-05,-9.950674148303244e-08,-1.8368053094923444e-05,-4.0659425525763814e-05,-1.0405236470606269e-07,-1.8760251472045898e-05,-4.1576255070805246e-05,0.4000000000000001
-6.828303189320652e-08,-1.5362760492055234e-05,-3.369068683451621e-05,-7.17164053312302e-08,-1.5725404412069536e-05,-3.452617944764357e-05,-7.52775953830742e-08,-1.6091801055232992e-05,-3.537184893970319e-05,-7.89697311150414e-08,-1.646193371472644e-05,-3.6227692586925945e-05,-8.279597916362351e-08,-1.683578569191202e-05,-3.709370763278101e-05,-8.675954372258658e-08,-1.721334029640031e-05,-3.796989128798501e-05,-9.086366652990269e-08,-1.7594580846117496e-05,-3.885624073051126e-05,-9.51116268545289e-08,-1.7979490667372372e-05,-3.97527531055992e-05,-9.950674148303244e-08,-1.8368053094923444e-05,-4.0659425525763814e-05,-1.0405236470606269e-07,-1.8760251472045898e-05,-4.1576255070805246e-05,0.4000000000000001
-6.828303189320652e-08,-1.5362760492055234e-05,-3.369068683451621e-05,-7.17164053312302e-08,-1.5725404412069536e-05,-3.452617944764357e-05,-7.52775953830742e-08,-1.6091801055232992e-05,-3.537184893970319e-05,-7.89697311150414e-08,-1.646193371472644e-05,-3.6227692586925945e-05,-8.279597916362351e-08,-1.683578569191202e-05,-3.709370763278101e-05,-8.675954372258658e-08,-1.721334029640031e-05,-3.796989128798501e-05,-9.086366652990269e-08,-1.7594580846117496e-05,-3.885624073051126e-05,-9.51116268545289e-08,-1.7979490667372372e-05,-3.97527531055992e-05,-9.950674148303244e-08,-1.8368053094923444e-05,-4.0659425525763814e-05,-1.0405236470606269e-07,-1.8760251472045898e-05,-4.1576255070805246e-05,0.4000000000000001
-6.828303189320652e-08,-1.5362760492055234e-05,-3.369068683451621e-05,-7.17164053312302e-08,-1.5725404412069536e-05,-3.452617944764357e-05,-7.52775953830742e-08,-1.6091801055232992e-05,-3.537184893970319e-05,-7.89697311150414e-08,-1.646193371472644e-05,-3.6227692586925945e-05,-8.279597916362351e-08,-1.683578569191202e-05,-3.709370763278101e-05,-8.675954372258658e-08,-1.721334029640031e-05,-3.796989128798501e-05,-9.086366652990269e-08,-1.7594580846117496e-05,-3.885624073051126e-05,-9.51116268545289e-08,-1.7979490667372372e-05,-3.97527531055992e-05,-9.950674148303244e-08,-1.8368053094923444e-05,-4.0659425525763814e-05,-1.0405236470606269e-07,-1.8760251472045898e-05,-4.1576255070805246e-05,0.4000000000000001
-6.828303189320652e-08,-1.5362760492055234e-05,-3.369068683451621e-05,-7.17164053312302e-08,-1.5725404412069536e-05,-3.452617944764357e-05,-7.52775953830742e-08,-1.6091801055232992e-05,-3.537184893970319e-05,-7.89697311150414e-08,-1.646193371472644e-05,-3.6227692586925945e-05,-8.279597916362351e-08,-1.683578569191202e-05,-3.709370763278101e-05,-8.675954372258658e-08,-1.721334029640031e-05,-3.796989128798501e-05,-9.086366652990269e-08,-1.7594580846117496e-05,-3.885624073051126e-05,-9.51116268545289e-08,-1.7979490667372372e-05,-3.97527531055992e-05,-9.950674148303244e-08,-1.8368053094923444e-05,-4.0659425525763814e-05,-1.0405236470606269e-07,-1.8760251472045898e-05,-4.1576255070805246e-05,0.4000000000000001
-6.828303189320652e-08,-1.5362760492055234e-05,-3.369068683451621e-05,-7.17164053312302e-08,-1.5725404412069536e-05,-3.452617944764357e-05,-7.52775953830742e-08,-1.6091801055232992e-05,-3.537184893970319e-05,-7.89697311150414e-08,-1.646193371472644e-05,-3.6227692586925945e-05,-8.279597916362351e-08,-1.683578569191202e-05,-3.709370763278101e-05,-8.675954372258658e-08,-1.721334029640031e-05,-3.796989128798501e-05,-9.086366652990269e-08,-1.7594580846117496e-05,-3.885624073051126e-05,-9.51116268545289e-08,-1.7979490667372372e-05,-3.97527531055992e-05,-9.950674148303244e-08,-1.8368053094923444e-05,-4.0659425525763814e-05,-1.0405236470606269e-07,-1.8760251472045898e-05,-4.1576255070805246e-05,0.4000000000000001
-6.828303189320652e-08,-1.5362760492055234e-05,-3.369068683451621e-05,-7.17164053312302e-08,-1.5725404412069536e-05,-3.452617944764357e-05,-7.52775953830742e-08,-1.6091801055232992e-05,-3.537184893970319e-05,-7.89697311150414e-08,-1.646193371472644e-05,-3.6227692586925945e-05,-8.279597916362351e-08,-1.683578569191202e-05,-3.709370763278101e-05,-8.675954372258658e-08,-1.721334029640031e-05,-3.796989128798501e-05,-9.086366652990269e-08,-1.7594580846117496e-05,-3.885624073051126e-05,-9.51116268545289e-08,-1.7979490667372372e-05,-3.97527531055992e-05,-9.950674148303244e-08,-1.8368053094923444e-05,-4.0659425525763814e-05,-1.0405236470606269e-07,-1.8760251472045898e-05,-4.1576255070805246e-05,0.4000000000000001
-6.828303189320652e-08,-1.5362760492055234e-05,-3.369068683451621e-05,-7.17164053312302e-08,-1.5725404412069536e-05,-3.452617944764357e-05,-7.52775953830742e-08,-1.6091801055232992e-05,-3.537184893970319e-05,-7.89697311150414e-08,-1.646193371472644e-05,-3.6227692586925945e-05,-8.279597916362351e-08,-1.683578569191202e-05,-3.709370763278101e-05,-8.675954372258658e-08,-1.721334029640031e-05,-3.796989128798501e-05,-9.086366652990269e-08,-1.7594580846117496e-05,-3.885624073051126e-05,-9.51116268545289e-08,-1.7979490667372372e-05,-3.97527531055992e-05,-9.950674148303244e-08,-1.8368053094923444e-05,-4.0659425525763814e-05,-1.0405236470606269e-07,-1.8760251472045898e-05,-4.1576255070805246e-05,0.4000000000000001
-6.828303189320652e-08,-1.5362760492055234e-05,-3.369068683451621e-05,-7.17164053312302e-08,-1.5725404412069536e-05,-3.452617944764357e-05,-7.52775953830742e-08,-1.6091801055232992e-05,-3.537184893970319e-05,-7.89697311150414e-08,-1.646193371472644e-05,-3.6227692586925945e-05,-8.279597916362351e-08,-1.683578569191202e-05,-3.709370763278101e-05,-8.675954372258658e-08,-1.721334029640031e-05,-3.796989128798501e-05,-9.086366652990269e-08,-1.7594580846117496e-05,-3.885624073051126e-05,-9.51116268545289e-08,-1.7979490667372372e-05,-3.97527531055992e-05,-9.950674148303244e-08,-1.8368053094923444e-05,-4.0659425525763814e-05,-1.0405236470606269e-07,-1.8760251472045898e-05,-4.1576255070805246e-05,0.4000000000000001
-6.828303189320652e-08,-1.5362760492055234e-05,-3.369068683451621e-05,-7.17164053312302e-08,-1.5725404412069536e-05,-3.452617944764357e-05,-7.52775953830742e-08,-1.6091801055232992e-05,-3.537184893970319e-05,-7.89697311150414e-08,-1.646193371472644e-05,-3.6227692586925945e-05,-8.279597916362351e-08,-1.683578569191202e-05,-3.709370763278101e-05,-8.675954372258658e-08,-1.721334029640031e-05,-3.796989128798501e-05,-9.086366652990269e-08,-1.7594580846117496e-05,-3.885624073051126e-05,-9.51116268545289e-08,-1.7979490667372372e-05,-3.97527531055992e-05,-9.950674148303244e-08,-1.8368053094923444e-05,-4.0659425525763814e-05,-1.0405236470606269e-07,-1.8760251472045898e-05,-4.1576255070805246e-05,0.4000000000000001
-6.828303189320652e-08,-1.5362760492055234e-05,-3.369068683451621e-05,-7.17164053312302e-08,-1.5725404412069536e-05,-3.452617944764357e-05,-7.52775953830742e-08,-1.6091801055232992e-05,-3.537184893970319e-05,-7.89697311150414e-08,-1.646193371472644e-05,-3.6227692586925945e-05,-8.279597916362351e-08,-1.683578569191202e-05,-3.709370763278101e-05,-8.675954372258658e-08,-1.721334029640031e-05,-3.796989128798501e-05,-9.086366652990269e-08,-1.7594580846117496e-05,-3.885624073051126e-05,-9.51116268545289e-08,-1.7979490667372372e-05,-3.97527531055992e-05,-9.950674148303244e-08,-1.8368053094923444e-05,-4.0659425525763814e-05,-1.0405236470606269e-07,-1.8760251472045898e-05,-4.1576255070805246e-05,0.4000000000000001
-6.828303189320652e-08,-1.5362760492055234e-05,-3.369068683451621e-05,-7.17164053312302e-08,-1.5725404412069536e-05,-3.452617944764357e-05,-7.52775953830742e-08,-1.6091801055232992e-05,-3.537184893970319e-05,-7.89697311150414e-08,-1.646193371472644e-05,-3.6227692586925945e-05,-8.279597916362351e-08,-1.683578569191202e-05,-3.709370763278101e-05,-8.675954372258658e-08,-1.721334029640031e-05,-3.796989128798501e-05,-9.086366652990269e-08,-1.7594580846117496e-05,-3.885624073051126e-05,-9.51116268545289e-08,-1.7979490667372372e-05,-3.97527531055992e-05,-9.950674148303244e-08,-1.8368053094923444e-05,-4.0659425525763814e-05,-1.0405236470606269e-07,-1.8760251472045898e-05,-4.1576255070805246e-05,0.4000000000000001
-6.828303189320652e-08,-1.5362760492055234e-05,-3.369068683451621e-05,-7.17164053312302e-08,-1.5725404412069536e-05,-3.452617944764357e-05,-7.52775953830742e-08,-1.6091801055232992e-05,-3.537184893970319e-05,-7.89697311150414e-08,-1.646193371472644e-05,-3.6227692586925945e-05,-8.279597916362351e-08,-1.683578569191202e-05,-3.709370763278101e-05,-8.675954372258658e-08,-1.721334029640031e-05,-3.796989128798501e-05,-9.086366652990269e-08,-1.7594580846117496e-05,-3.885624073051126e-05,-9.51116268545289e-08,-1.7979490667372372e-05,-3.97527531055992e-05,-9.950674148303244e-08,-1.8368053094923444e-05,-4.0659425525763814e-05,-1.0405236470606269e-07,-1.8760251472045898e-05,-4.1576255070805246e-05,0.4000000000000001
-6.828303189320652e-08,-1.5362760492055234e-05,-3.369068683451621e-05,-7.17164053312302e-08,-1.5725404412069536e-05,-3.452617944764357e-05,-7.52775953830742e-08,-1.6091801055232992e-05,-3.537184893970319e-05,-7.89697311150414e-08,-1.646193371472644e-05,-3.6227692586925945e-05,-8.279597916362351e-08,-1.683578569191202e-05,-3.709370763278101e-05,-8.675954372258658e-08,-1.721334029640031e-05,-3.796989128798501e-05,-9.086366652990269e-08,-1.7594580846117496e-05,-3.885624073051126e-05,-9.51116268545289e-08,-1.7979490667372372e-05,-3.97527531055992e-05,-9.950674148303244e-08,-1.8368053094923444e-05,-4.0659425525763814e-05,-1.0405236470606269e-07,-1.8760251472045898e-05,-4.1576255070805246e-05,0.4000000000000001
-6.828303189320652e-08,-1.5362760492055234e-05,-3.369068683451621e-05,-7.17164053312302e-08,-1.5725404412069536e-05,-3.452617944764357e-05,-7.52775953830742e-08,-1.6091801055232992e-05,-3.537184893970319e-05,-7.89697311150414e-08,-1.646193371472644e-05,-3.6227692586925945e-05,-8.279597916362351e-08,-1.683578569191202e-05,-3.709370763278101e-05,-8.675954372258658e-08,-1.721334029640031e-05,-3.796989128798501e-05,-9.086366652990269e-08,-1.7594580846117496e-05,-3.885624073051126e-05,-9.51116268545289e-08,-1.7979490667372372e-05,-3.97527531055992e-05,-9.950674148303244e-08,-1.8368053094923444e-05,-4.0659425525763814e-05,-1.0405236470606269e-07,-1.8760251472045898e-05,-4.1576255070805246e-05,0.4000000000000001
-6.828303189320652e-08,-1.5362760492055234e-05,-3.369068683451621e-05,-7.17164053312302e-08,-1.5725404412069536e-05,-3.452617944764357e-05,-7.52775953830742e-08,-1.6091801055232992e-05,-3.537184893970319e-05,-7.89697311150414e-08,-1.646193371472644e-05,-3.6227692586925945e-05,-8.279597916362351e-08,-1.683578569191202e-05,-3.709370763278101e-05,-8.675954372258658e-08,-1.721334029640031e-05,-3.796989128798501e-05,-9.086366652990269e-08,-1.7594580846117496e-05,-3.885624073051126e-05,-9.51116268545289e-08,-1.7979490667372372e-05,-3.97527531055992e-05,-9.950674148303244e-08,-1.8368053094923444e-05,-4.0659425525763814e-05,-1.0405236470606269e-07,-1.8760251472045898e-05,-4.1576255070805246e-05,0.4000000000000001
-6.828303189320652e-08,-1.5362760492055234e-05,-3.369068683451621e-05,-7.17164053312302e-08,-1.5725404412069536e-05,-3.452617944764357e-05,-7.52775953830742e-08,-1.6091801055232992e-05,-3.537184893970319e-05,-7.89697311150414e-08,-1.646193371472644e-05,-3.6227692586925945e-05,-8.279597916362351e-08,-1.683578569191202e-05,-3.709370763278101e-05,-8.675954372258658e-08,-1.721334029640031e-05,-3.796989128798501e-05,-9.086366652990269e-08,-1.7594580846117496e-05,-3.885624073051126e-05,-9.51116268545289e-08,-1.7979490667372372e-05,-3.97527531055992e-05,-9.950674148303244e-08,-1.8368053094923444e-05,-4.0659425525763814e-05,-1.0405236470606269e-07,-1.8760251472045898e-05,-4.1576255070805246e-05,0.4000000000000001
-6.828303189320652e-08,-1.5362760492055234e-05,-3.369068683451621e-05,-7.17164053312302e-08,-1.5725404412069536e-05,-3.452617944764357e-05,-7.52775953830742e-08,-1.6091801055232992e-05,-3.537184893970319e-05,-7.89697311150414e-08,-1.646193371472644e-05,-3.6227692586925945e-05,-8.279597916362351e-08,-1.683578569191202e-05,-3.709370763278101e-05,-8.675954372258658e-08,-1.721334029640031e-05,-3.796989128798501e-05,-9.086366652990269e-08,-1.7594580846117496e-05,-3.885624073051126e-05,-9.51116268545289e-08,-1.7979490667372372e-05,-3.97527531055992e-05,-9.950674148303244e-08,-1.8368053094923444e-05,-4.0659425525763814e-05,-1.0405236470606269e-07,-1.8760251472045898e-05,-4.1576255070805246e-05,0.4000000000000001
-6.828303189320652e-08,-1.5362760492055234e-05,-3.369068683451621e-05,-7.17164053312302e-08,-1.5725404412069536e-05,-3.452617944764357e-05,-7.52775953830742e-08,-1.6091801055232992e-05,-3.537184893970319e-05,-7.89697311150414e-08,-1.646193371472644e-05,-3.6227692586925945e-05,-8.279597916362351e-08,-1.683578569191202e-05,-3.709370763278101e-05,-8.675954372258658e-08,-1.721334029640031e-05,-3.796989128798501e-05,-9.086366652990269e-08,-1.7594580846117496e-05,-3.885624073051126e-05,-9.51116268545289e-08,-1.7979490667372372e-05,-3.97527531055992e-05,-9.950674148303244e-08,-1.8368053094923444e-05,-4.0659425525763814e-05,-1.0405236470606269e-07,-1.8760251472045898e-05,-4.1576255070805246e-05,0.4000000000000001
-6.828303189320652e-08,-1.5362760492055234e-05,-3.369068683451621e-05,-7.17164053312302e-08,-1.5725404412069536e-05,-3.452617944764357e-05,-7.52775953830742e-08,-1.6091801055232992e-05,-3.537184893970319e-05,-7.89697311150414e-08,-1.646193371472644e-05,-3.6227692586925945e-05,-8.279597916362351e-08,-1.683578569191202e-05,-3.709370763278101e-05,-8.675954372258658e-08,-1.721334029640031e-05,-3.796989128798501e-05,-9.086366652990269e-08,-1.7594580846117496e-05,-3.885624073051126e-05,-9.51116268545289e-08,-1.7979490667372372e-05,-3.97527531055992e-05,-9.950674148303244e-08,-1.8368053094923444e-05,-4.0659425525763814e-05,-1.0405236470606269e-07,-1.8760251472045898e-05,-4.1576255070805246e-05,0.4000000000000001
-6.828303189320652e-08,-1.5362760492055234e-05,-3.369068683451621e-05,-7.17164053312302e-08,-1.5725404412069536e-05,-3.452617944764357e-05,-7.52775953830742e-08,-1.6091801055232992e-05,-3.537184893970319e-05,-7.89697311150414e-08,-1.646193371472644e-05,-3.6227692586925945e-05,-8.279597916362351e-08,-1.683578569191202e-05,-3.709370763278101e-05,-8.675954372258658e-08,-1.721334029640031e-05,-3.796989128798501e-05,-9.086366652990269e-08,-1.7594580846117496e-05,-3.885624073051126e-05,-9.51116268545289e-08,-1.7979490667372372e-05,-3.97527531055992e-05,-9.950674148303244e-08,-1.8368053094923444e-05,-4.0659425525763814e-05,-1.0405236470606269e-07,-1.8760251472045898e-05,-4.1576255070805246e-05,0.4000000000000001
-6.828303189320652e-08,-1.5362760492055234e-05,-3.369068683451621e-05,-7.17164053312302e-08,-1.5725404412069536e-05,-3.452617944764357e-05,-7.52775953830742e-08,-1.6091801055232992e-05,-3.537184893970319e-05,-7.89697311150414e-08,-1.646193371472644e-05,-3.6227692586925945e-05,-8.279597916362351e-08,-1.683578569191202e-05,-3.709370763278101e-05,-8.675954372258658e-08,-1.721334029640031e-05,-3.796989128798501e-05,-9.086366652990269e-08,-1.7594580846117496e-05,-3.885624073051126e-05,-9.51116268545289e-08,-1.7979490667372372e-05,-3.97527531055992e-05,-9.950674148303244e-08,-1.8368053094923444e-05,-4.0659425525763814e-05,-1.0405236470606269e-07,-1.8760251472045898e-05,-4.1576255070805246e-05,0.4000000000000001
-6.828303189320652e-08,-1.5362760492055234e-05,-3.369068683451621e-05,-7.17164053312302e-08,-1.5725404412069536e-05,-3.452617944764357e-05,-7.52775953830742e-08,-1.6091801055232992e-05,-3.537184893970319e-05,-7.89697311150414e-08,-1.646193371472644e-05,-3.6227692586925945e-05,-8.279597916362351e-08,-1.683578569191202e-05,-3.709370763278101e-05,-8.675954372258658e-08,-1.721334029640031e-05,-3.796989128798501e-05,-9.086366652990269e-08,-1.7594580846117496e-05,-3.885624073051126e-05,-9.51116268545289e-08,-1.7979490667372372e-05,-3.97527531055992e-05,-9.950674148303244e-08,-1.8368053094923444e-05,-4.0659425525763814e-05,-1.0405236470606269e-07,-1.8760251472045898e-05,-4.1576255070805246e-05,0.4000000000000001
-6.828303189320652e-08,-1.5362760492055234e-05,-3.369068683451621e-05,-7.17164053312302e-08,-1.5725404412069536e-05,-3.452617944764357e-05,-7.52775953830742e-08,-1.6091801055232992e-05,-3.537184893970319e-05,-7.89697311150414e-08,-1.646193371472644e-05,-3.6227692586925945e-05,-8.279597916362351e-08,-1.683578569191202e-05,-3.709370763278101e-05,-8.675954372258658e-08,-1.721334029640031e-05,-3.796989128798501e-05,-9.086366652990269e-08,-1.7594580846117496e-05,-3.885624073051126e-05,-9.51116268545289e-08,-1.7979490667372372e-05,-3.97527531055992e-05,-9.950674148303244e-08,-1.8368053094923444e-05,-4.0659425525763814e-05,-1.0405236470606269e-07,-1.8760251472045898e-05,-4.1576255070805246e-05,0.4000000000000001
-6.828303189320652e-08,-1.5362760492055234e-05,-3.369068683451621e-05,-7.17164053312302e-08,-1.5725404412069536e-05,-3.452617944764357e-05,-7.52775953830742e-08,-1.6091801055232992e-05,-3.537184893970319e-05,-7.89697311150414e-08,-1.646193371472644e-05,-3.6227692586925945e-05,-8.279597916362351e-08,-1.683578569191202e-05,-3.709370763278101e-05,-8.675954372258658e-08,-1.721334029640031e-05,-3.796989128798501e-05,-9.086366652990269e-08,-1.7594580846117496e-05,-3.885624073051126e-05,-9.51116268545289e-08,-1.7979490667372372e-05,-3.97527531055992e-05,-9.950674148303244e-08,-1.8368053094923444e-05,-4.0659425525763814e-05,-1.0405236470606269e-07,-1.8760251472045898e-05,-4.1576255070805246e-05,0.4000000000000001
-6.828303189320652e-08,-1.5362760492055234e-05,-3.369068683451621e-05,-7.17164053312302e-08,-1.5725404412069536e-05,-3.452617944764357e-05,-7.52775953830742e-08,-1.6091801055232992e-05,-3.537184893970319e-05,-7.89697311150414e-08,-1.646193371472644e-05,-3.6227692586925945e-05,-8.279597916362351e-08,-1.683578569191202e-05,-3.709370763278101e-05,-8.675954372258658e-08,-1.721334029640031e-05,-3.796989128798501e-05,-9.086366652990269e-08,-1.7594580846117496e-05,-3.885624073051126e-05,-9.51116268545289e-08,-1.7979490667372372e-05,-3.97527531055992e-05,-9.950674148303244e-08,-1.8368053094923444e-05,-4.0659425525763814e-05,-1.0405236470606269e-07,-1.8760251472045898e-05,-4.1576255070805246e-05,0.4000000000000001
-6.828303189320652e-08,-1.5362760492055234e-05,-3.369068683451621e-05,-7.17164053312302e-08,-1.5725404412069536e-05,-3.452617944764357e-05,-7.52775953830742e-08,-1.6091801055232992e-05,-3.537184893970319e-05,-7.89697311150414e-08,-1.646193371472644e-05,-3.6227692586925945e-05,-8.279597916362351e-08,-1.683578569191202e-05,-3.709370763278101e-05,-8.675954372258658e-08,-1.721334029640031e-05,-3.796989128798501e-05,-9.086366652990269e-08,-1.7594580846117496e-05,-3.885624073051126e-05,-9.51116268545289e-08,-1.7979490667372372e-05,-3.97527531055992e-05,-9.950674148303244e-08,-1.8368053094923444e-05,-4.0659425525763814e-05,-1.0405236470606269e-07,-1.8760251472045898e-05,-4.1576255070805246e-05,0.4000000000000001
-6.828303189320652e-08,-1.5362760492055234e-05,-3.369068683451621e-05,-7.17164053312302e-08,-1.5725404412069536e-05,-3.452617944764357e-05,-7.52775953830742e-08,-1.6091801055232992e-05,-3.537184893970319e-05,-7.89697311150414e-08,-1.646193371472644e-05,-3.6227692586925945e-05,-8.279597916362351e-08,-1.683578569191202e-05,-3.709370763278101e-05,-8.675954372258658e-08,-1.721334029640031e-05,-3.796989128798501e-05,-9.086366652990269e-08,-1.7594580846117496e-05,-3.885624073051126e-05,-9.51116268545289e-08,-1.7979490667372372e-05,-3.97527531055992e-05,-9.950674148303244e-08,-1.8368053094923444e-05,-4.0659425525763814e-05,-1.0405236470606269e-07,-1.8760251472045898e-05,-4.1576255070805246e-05,0.4000000000000001
-6.828303189320652e-08,-1.5362760492055234e-05,-3.369068683451621e-05,-7.17164053312302e-08,-1.5725404412069536e-05,-3.452617944764357e-05,-7.52775953830742e-08,-1.6091801055232992e-05,-3.537184893970319e-05,-7.89697311150414e-08,-1.646193371472644e-05,-3.6227692586925945e-05,-8.279597916362351e-08,-1.683578569191202e-05,-3.709370763278101e-05,-8.675954372258658e-08,-1.721334029640031e-05,-3.796989128798501e-05,-9.086366652990269e-08,-1.7594580846117496e-05,-3.885624073051126e-05,-9.51116268545289e-08,-1.7979490667372372e-05,-3.97527531055992e-05,-9.950674148303244e-08,-1.8368053094923444e-05,-4.0659425525763814e-05,-1.0405236470606269e-07,-1.8760251472045898e-05,-4.1576255070805246e-05,0.4000000000000001
-6.828303189320652e-08,-1.5362760492055234e-05,-3.369068683451621e-05,-7.17164053312302e-08,-1.5725404412069536e-05,-3.452617944764357e-05,-7.52775953830742e-08,-1.6091801055232992e-05,-3.537184893970319e-05,-7.89697311150414e-08,-1.646193371472644e-05,-3.6227692586925945e-05,-8.279597916362351e-08,-1.683578569191202e-05,-3.709370763278101e-05,-8.675954372258658e-08,-1.721334029640031e-05,-3.796989128798501e-05,-9.086366652990269e-08,-1.7594580846117496e-05,-3.885624073051126e-05,-9.51116268545289e-08,-1.7979490667372372e-05,-3.97527531055992e-05,-9.950674148303244e-08,-1.8368053094923444e-05,-4.0659425525763814e-05,-1.0405236470606269e-07,-1.8760251472045898e-05,-4.1576255070805246e-05,0.4000000000000001
-6.828303189320652e-08,-1.5362760492055234e-05,-3.369068683451621e-05,-7.17164053312302e-08,-1.5725404412069536e-05,-3.452617944764357e-05,-7.52775953830742e-08,-1.6091801055232992e-05,-3.537184893970319e-05,-7.89697311150414e-08,-1.646193371472644e-05,-3.6227692586925945e-05,-8.279597916362351e-08,-1.683578569191202e-05,-3.709370763278101e-05,-8.675954372258658e-08,-1.721334029640031e-05,-3.796989128798501e-05,-9.086366652990269e-08,-1.7594580846117496e-05,-3.885624073051126e-05,-9.51116268545289e-08,-1.7979490667372372e-05,-3.97527531055992e-05,-9.950674148303244e-08,-1.8368053094923444e-05,-4.0659425525763814e-05,-1.0405236470606269e-07,-1.8760251472045898e-05,-4.1576255070805246e-05,0.4000000000000001
-6.828303189320652e-08,-1.5362760492055234e-05,-3.369068683451621e-05,-7.17164053312302e-08,-1.5725404412069536e-05,-3.452617944764357e-05,-7.52775953830742e-08,-1.6091801055232992e-05,-3.537184893970319e-05,-7.89697311150414e-08,-1.646193371472644e-05,-3.6227692586925945e-05,-8.279597916362351e-08,-1.683578569191202e-05,-3.709370763278101e-05,-8.675954372258658e-08,-1.721334029640031e-05,-3.796989128798501e-05,-9.086366652990269e-08,-1.7594580846117496e-05,-3.885624073051126e-05,-9.51116268545289e-08,-1.7979490667372372e-05,-3.97527531055992e-05,-9.950674148303244e-08,-1.8368053094923444e-05,-4.0659425525763814e-05,-1.0405236470606269e-07,-1.8760251472045898e-05,-4.1576255070805246e-05,0.4000000000000001
-6.828303189320652e-08,-1.5362760492055234e-05,-3.369068683451621e-05,-7.17164053312302e-08,-1.5725404412069536e-05,-3.452617944764357e-05,-7.52775953830742e-08,-1.6091801055232992e-05,-3.537184893970319e-05,-7.89697311150414e-08,-1.646193371472644e-05,-3.6227692586925945e-05,-8.279597916362351e-08,-1.683578569191202e-05,-3.709370763278101e-05,-8.675954372258658e-08,-1.721334029640031e-05,-3.796989128798501e-05,-9.086366652990269e-08,-1.7594580846117496e-05,-3.885624073051126e-05,-9.51116268545289e-08,-1.7979490667372372e-05,-3.97527531055992e-05,-9.950674148303244e-08,-1.8368053094923444e-05,-4.0659425525763814e-05,-1.0405236470606269e-07,-1.8760251472045898e-05,-4.1576255070805246e-05,0.4000000000000001
-6.828303189320652e-08,-1.5362760492055234e-05,-3.369068683451621e-05,-7.17164053312302e-08,-1.5725404412069536e-05,-3.452617944764357e-05,-7.52775953830742e-08,-1.6091801055232992e-05,-3.537184893970319e-05,-7.89697311150414e-08,-1.646193371472644e-05,-3.6227692586925945e-05,-8.279597916362351e-08,-1.683578569191202e-05,-3.709370763278101e-05,-8.675954372258658e-08,-1.721334029640031e-05,-3.796989128798501e-05,-9.086366652990269e-08,-1.7594580846117496e-05,-3.885624073051126e-05,-9.51116268545289e-08,-1.7979490667372372e-05,-3.97527531055992e-05,-9.950674148303244e-08,-1.8368053094923444e-05,-4.0659425525763814e-05,-1.0405236470606269e-07,-1.8760251472045898e-05,-4.1576255070805246e-05,0.4000000000000001
-6.828303189320652e-08,-1.5362760492055234e-05,-3.369068683451621e-05,-7.17164053312302e-08,-1.5725404412069536e-05,-3.452617944764357e-05,-7.52775953830742e-08,-1.6091801055232992e-05,-3.537184893970319e-05,-7.89697311150414e-08,-1.646193371472644e-05,-3.6227692586925945e-05,-8.279597916362351e-08,-1.683578569191202e-05,-3.709370763278101e-05,-8.675954372258658e-08,-1.721334029640031e-05,-3.796989128798501e-05,-9.086366652990269e-08,-1.7594580846117496e-05,-3.885624073051126e-05,-9.51116268545289e-08,-1.7979490667372372e-05,-3.97527531055992e-05,-9.950674148303244e-08,-1.8368053094923444e-05,-4.0659425525763814e-05,-1.0405236470606269e-07,-1.8760251472045898e-05,-4.1576255070805246e-05,0.4000000000000001
-6.828303189320652e-08,-1.5362760492055234e-05,-3.369068683451621e-05,-7.17164053312302e-08,-1.5725404412069536e-05,-3.452617944764357e-05,-7.52775953830742e-08,-1.6091801055232992e-05,-3.537184893970319e-05,-7.89697311150414e-08,-1.646193371472644e-05,-3.6227692586925945e-05,-8.279597916362351e-08,-1.683578569191202e-05,-3.709370763278101e-05,-8.675954372258658e-08,-1.721334029640031e-05,-3.796989128798501e-05,-9.086366652990269e-08,-1.7594580846117496e-05,-3.885624073051126e-05,-9.51116268545289e-08,-1.7979490667372372e-05,-3.97527531055992e-05,-9.950674148303244e-08,-1.8368053094923444e-05,-4.0659425525763814e-05,-1.0405236470606269e-07,-1.8760251472045898e-05,-4.1576255070805246e-05,0.4000000000000001
-6.828303189320652e-08,-1.5362760492055234e-05,-3.369068683451621e-05,-7.17164053312302e-08,-1.5725404412069536e-05,-3.452617944764357e-05,-7.52775953830742e-08,-1.6091801055232992e-05,-3.537184893970319e-05,-7.89697311150414e-08,-1.646193371472644e-05,-3.6227692586925945e-05,-8.279597916362351e-08,-1.683578569191202e-05,-3.709370763278101e-05,-8.675954372258658e-08,-1.721334029640031e-05,-3.796989128798501e-05,-9.086366652990269e-08,-1.7594580846117496e-05,-3.885624073051126e-05,-9.51116268545289e-08,-1.7979490667372372e-05,-3.97527531055992e-05,-9.950674148303244e-08,-1.8368053094923444e-05,-4.0659425525763814e-05,-1.0405236470606269e-07,-1.8760251472045898e-05,-4.1576255070805246e-05,0.4000000000000001
-6.828303189320652e-08,-1.5362760492055234e-05,-3.369068683451621e-05,-7.17164053312302e-08,-1.5725404412069536e-05,-3.452617944764357e-05,-7.52775953830742e-08,-1.6091801055232992e-05,-3.537184893970319e-05,-7.89697311150414e-08,-1.646193371472644e-05,-3.6227692586925945e-05,-8.279597916362351e-08,-1.683578569191202e-05,-3.709370763278101e-05,-8.675954372258658e-08,-1.721334029640031e-05,-3.796989128798501e-05,-9.086366652990269e-08,-1.7594580846117496e-05,-3.885624073051126e-05,-9.51116268545289e-08,-1.7979490667372372e-05,-3.97527531055992e-05,-9.950674148303244e-08,-1.8368053094923444e-05,-4.0659425525763814e-05,-1.0405236470606269e-07,-1.8760251472045898e-05,-4.1576255070805246e-05,0.4000000000000001
-6.828303189320652e-08,-1.5362760492055234e-05,-3.369068683451621e-05,-7.17164053312302e-08,-1.5725404412069536e-05,-3.452617944764357e-05,-7.52775953830742e-08,-1.6091801055232992e-05,-3.537184893970319e-05,-7.89697311150414e-08,-1.646193371472644e-05,-3.6227692586925945e-05,-8.279597916362351e-08,-1.683578569191202e-05,-3.709370763278101e-05,-8.675954372258658e-08,-1.721334029640031e-05,-3.796989128798501e-05,-9.086366652990269e-08,-1.7594580846117496e-05,-3.885624073051126e-05,-9.51116268545289e-08,-1.7979490667372372e-05,-3.97527531055992e-05,-9.950674148303244e-08,-1.8368053094923444e-05,-4.0659425525763814e-05,-1.0405236470606269e-07,-1.8760251472045898e-05,-4.1576255070805246e-05,0.4000000000000001
-6.828303189320652e-08,-1.5362760492055234e-05,-3.369068683451621e-05,-7.17164053312302e-08,-1.5725404412069536e-05,-3.452617944764357e-05,-7.52775953830742e-08,-1.6091801055232992e-05,-3.537184893970319e-05,-7.89697311150414e-08,-1.646193371472644e-05,-3.6227692586925945e-05,-8.279597916362351e-08,-1.683578569191202e-05,-3.709370763278101e-05,-8.675954372258658e-08,-1.721334029640031e-05,-3.796989128798501e-05,-9.086366652990269e-08,-1.7594580846117496e-05,-3.885624073051126e-05,-9.51116268545289e-08,-1.7979490667372372e-05,-3.97527531055992e-05,-9.950674148303244e-08,-1.8368053094923444e-05,-4.0659425525763814e-05,-1.0405236470606269e-07,-1.8760251472045898e-05,-4.1576255070805246e-05,0.4000000000000001
-6.828303189320652e-08,-1.5362760492055234e-05,-3.369068683451621e-05,-7.17164053312302e-08,-1.5725404412069536e-05,-3.452617944764357e-05,-7.52775953830742e-08,-1.6091801055232992e-05,-3.537184893970319e-05,-7.89697311150414e-08,-1.646193371472644e-05,-3.6227692586925945e-05,-8.279597916362351e-08,-1.683578569191202e-05,-3.709370763278101e-05,-8.675954372258658e-08,-1.721334029640031e-05,-3.796989128798501e-05,-9.086366652990269e-08,-1.7594580846117496e-05,-3.885624073051126e-05,-9.51116268545289e-08,-1.7979490667372372e-05,-3.97527531055992e-05,-9.950674148303244e-08,-1.8368053094923444e-05,-4.0659425525763814e-05,-1.0405236470606269e-07,-1.8760251472045898e-05,-4.1576255070805246e-05,0.4000000000000001
-6.828303189320652e-08,-1.5362760492055234e-05,-3.369068683451621e-05,-7.17164053312302e-08,-1.5725404412069536e-05,-3.452617944764357e-05,-7.52775953830742e-08,-1.6091801055232992e-05,-3.537184893970319e-05,-7.89697311150414e-08,-1.646193371472644e-05,-3.6227692586925945e-05,-8.279597916362351e-08,-1.683578569191202e-05,-3.709370763278101e-05,-8.675954372258658e-08,-1.721334029640031e-05,-3.796989128798501e-05,-9.086366652990269e-08,-1.7594580846117496e-05,-3.885624073051126e-05,-9.51116268545289e-08,-1.7979490667372372e-05,-3.97527531055992e-05,-9.950674148303244e-08,-1.8368053094923444e-05,-4.0659425525763814e-05,-1.0405236470606269e-07,-1.8760251472045898e-05,-4.1576255070805246e-05,0.4000000000000001
-6.828303189320652e-08,-1.5362760492055234e-05,-3.369068683451621e-05,-7.17164053312302e-08,-1.5725404412069536e-05,-3.452617944764357e-05,-7.52775953830742e-08,-1.6091801055232992e-05,-3.537184893970319e-05,-7.89697311150414e-08,-1.646193371472644e-05,-3.6227692586925945e-05,-8.279597916362351e-08,-1.683578569191202e-05,-3.709370763278101e-05,-8.675954372258658e-08,-1.721334029640031e-05,-3.796989128798501e-05,-9.086366652990269e-08,-1.7594580846117496e-05,-3.885624073051126e-05,-9.51116268545289e-08,-1.7979490667372372e-05,-3.97527531055992e-05,-9.950674148303244e-08,-1.8368053094923444e-05,-4.0659425525763814e-05,-1.0405236470606269e-07,-1.8760251472045898e-05,-4.1576255070805246e-05,0.4000000000000001
-6.828303189320652e-08,-1.5362760492055234e-05,-3.369068683451621e-05,-7.17164053312302e-08,-1.5725404412069536e-05,-3.452617944764357e-05,-7.52775953830742e-08,-1.6091801055232992e-05,-3.537184893970319e-05,-7.89697311150414e-08,-1.646193371472644e-05,-3.6227692586925945e-05,-8.279597916362351e-08,-1.683578569191202e-05,-3.709370763278101e-05,-8.675954372258658e-08,-1.721334029640031e-05,-3.796989128798501e-05,-9.086366652990269e-08,-1.7594580846117496e-05,-3.885624073051126e-05,-9.51116268545289e-08,-1.7979490667372372e-05,-3.97527531055992e-05,-9.950674148303244e-08,-1.8368053094923444e-05,-4.0659425525763814e-05,-1.0405236470606269e-07,-1.8760251472045898e-05,-4.1576255070805246e-05,0.4000000000000001
-6.828303189320652e-08,-1.5362760492055234e-05,-3.369068683451621e-05,-7.17164053312302e-08,-1.5725404412069536e-05,-3.452617944764357e-05,-7.52775953830742e-08,-1.6091801055232992e-05,-3.537184893970319e-05,-7.89697311150414e-08,-1.646193371472644e-05,-3.6227692586925945e-05,-8.279597916362351e-08,-1.683578569191202e-05,-3.709370763278101e-05,-8.675954372258658e-08,-1.721334029640031e-05,-3.796989128798501e-05,-9.086366652990269e-08,-1.7594580846117496e-05,-3.885624073051126e-05,-9.51116268545289e-08,-1.7979490667372372e-05,-3.97527531055992e-05,-9.950674148303244e-08,-1.8368053094923444e-05,-4.0659425525763814e-05,-1.0405236470606269e-07,-1.8760251472045898e-05,-4.1576255070805246e-05,0.4000000000000001
-6.828303189320652e-08,-1.5362760492055234e-05,-3.369068683451621e-05,-7.17164053312302e-08,-1.5725404412069536e-05,-3.452617944764357e-05,-7.52775953830742e-08,-1.6091801055232992e-05,-3.537184893970319e-05,-7.89697311150414e-08,-1.646193371472644e-05,-3.6227692586925945e-05,-8.279597916362351e-08,-1.683578569191202e-05,-3.709370763278101e-05,-8.675954372258658e-08,-1.721334029640031e-05,-3.796989128798501e-05,-9.086366652990269e-08,-1.7594580846117496e-05,-3.885624073051126e-05,-9.51116268545289e-08,-1.7979490667372372e-05,-3.97527531055992e-05,-9.950674148303244e-08,-1.8368053094923444e-05,-4.0659425525763814e-05,-1.0405236470606269e-07,-1.8760251472045898e-05,-4.1576255070805246e-05,0.4000000000000001
-6.828303189320652e-08,-1.5362760492055234e-05,-3.369068683451621e-05,-7.17164053312302e-08,-1.5725404412069536e-05,-3.452617944764357e-05,-7.52775953830742e-08,-1.6091801055232992e-05,-3.537184893970319e-05,-7.89697311150414e-08,-1.646193371472644e-05,-3.6227692586925945e-05,-8.279597916362351e-08,-1.683578569191202e-05,-3.709370763278101e-05,-8.675954372258658e-08,-1.721334029640031e-05,-3.796989128798501e-05,-9.086366652990269e-08,-1.7594580846117496e-05,-3.885624073051126e-05,-9.51116268545289e-08,-1.7979490667372372e-05,-3.97527531055992e-05,-9.950674148303244e-08,-1.8368053094923444e-05,-4.0659425525763814e-05,-1.0405236470606269e-07,-1.8760251472045898e-05,-4.1576255070805246e-05,0.4000000000000001
-6.828303189320652e-08,-1.5362760492055234e-05,-3.369068683451621e-05,-7.17164053312302e-08,-1.5725404412069536e-05,-3.452617944764357e-05,-7.52775953830742e-08,-1.6091801055232992e-05,-3.537184893970319e-05,-7.89697311150414e-08,-1.646193371472644e-05,-3.6227692586925945e-05,-8.279597916362351e-08,-1.683578569191202e-05,-3.709370763278101e-05,-8.675954372258658e-08,-1.721334029640031e-05,-3.796989128798501e-05,-9.086366652990269e-08,-1.7594580846117496e-05,-3.885624073051126e-05,-9.51116268545289e-08,-1.7979490667372372e-05,-3.97527531055992e-05,-9.950674148303244e-08,-1.8368053094923444e-05,-4.0659425525763814e-05,-1.0405236470606269e-07,-1.8760251472045898e-05,-4.1576255070805246e-05,0.4000000000000001
-6.828303189320652e-08,-1.5362760492055234e-05,-3.369068683451621e-05,-7.17164053312302e-08,-1.5725404412069536e-05,-3.452617944764357e-05,-7.52775953830742e-08,-1.6091801055232992e-05,-3.537184893970319e-05,-7.89697311150414e-08,-1.646193371472644e-05,-3.6227692586925945e-05,-8.279597916362351e-08,-1.683578569191202e-05,-3.709370763278101e-05,-8.675954372258658e-08,-1.721334029640031e-05,-3.796989128798501e-05,-9.086366652990269e-08,-1.7594580846117496e-05,-3.885624073051126e-05,-9.51116268545289e-08,-1.7979490667372372e-05,-3.97527531055992e-05,-9.950674148303244e-08,-1.8368053094923444e-05,-4.0659425525763814e-05,-1.0405236470606269e-07,-1.8760251472045898e-05,-4.1576255070805246e-05,0.4000000000000001
-6.828303189320652e-08,-1.5362760492055234e-05,-3.369068683451621e-05,-7.17164053312302e-08,-1.5725404412069536e-05,-3.452617944764357e-05,-7.52775953830742e-08,-1.6091801055232992e-05,-3.537184893970319e-05,-7.89697311150414e-08,-1.646193371472644e-05,-3.6227692586925945e-05,-8.279597916362351e-08,-1.683578569191202e-05,-3.709370763278101e-05,-8.675954372258658e-08,-1.721334029640031e-05,-3.796989128798501e-05,-9.086366652990269e-08,-1.7594580846117496e-05,-3.885624073051126e-05,-9.51116268545289e-08,-1.7979490667372372e-05,-3.97527531055992e-05,-9.950674148303244e-08,-1.8368053094923444e-05,-4.0659425525763814e-05,-1.0405236470606269e-07,-1.8760251472045898e-05,-4.1576255070805246e-05,0.4000000000000001
-6.828303189320652e-08,-1.5362760492055234e-05,-3.369068683451621e-05,-7.17164053312302e-08,-1.5725404412069536e-05,-3.452617944764357e-05,-7.52775953830742e-08,-1.6091801055232992e-05,-3.537184893970319e-05,-7.89697311150414e-08,-1.646193371472644e-05,-3.6227692586925945e-05,-8.279597916362351e-08,-1.683578569191202e-05,-3.709370763278101e-05,-8.675954372258658e-08,-1.721334029640031e-05,-3.796989128798501e-05,-9.086366652990269e-08,-1.7594580846117496e-05,-3.885624073051126e-05,-9.51116268545289e-08,-1.7979490667372372e-05,-3.97527531055992e-05,-9.950674148303244e-08,-1.8368053094923444e-05,-4.0659425525763814e-05,-1.0405236470606269e-07,-1.8760251472045898e-05,-4.1576255070805246e-05,0.4000000000000001
-6.828303189320652e-08,-1.5362760492055234e-05,-3.369068683451621e-05,-7.17164053312302e-08,-1.5725404412069536e-05,-3.452617944764357e-05,-7.52775953830742e-08,-1.6091801055232992e-05,-3.537184893970319e-05,-7.89697311150414e-08,-1.646193371472644e-05,-3.6227692586925945e-05,-8.279597916362351e-08,-1.683578569191202e-05,-3.709370763278101e-05,-8.675954372258658e-08,-1.721334029640031e-05,-3.796989128798501e-05,-9.086366652990269e-08,-1.7594580846117496e-05,-3.885624073051126e-05,-9.51116268545289e-08,-1.7979490667372372e-05,-3.97527531055992e-05,-9.950674148303244e-08,-1.8368053094923444e-05,-4.0659425525763814e-05,-1.0405236470606269e-07,-1.8760251472045898e-05,-4.1576255070805246e-05,0.4000000000000001
-6.828303189320652e-08,-1.5362760492055234e-05,-3.369068683451621e-05,-7.17164053312302e-08,-1.5725404412069536e-05,-3.452617944764357e-05,-7.52775953830742e-08,-1.6091801055232992e-05,-3.537184893970319e-05,-7.89697311150414e-08,-1.646193371472644e-05,-3.6227692586925945e-05,-8.279597916362351e-08,-1.683578569191202e-05,-3.709370763278101e-05,-8.675954372258658e-08,-1.721334029640031e-05,-3.796989128798501e-05,-9.086366652990269e-08,-1.7594580846117496e-05,-3.885624073051126e-05,-9.51116268545289e-08,-1.7979490667372372e-05,-3.97527531055992e-05,-9.950674148303244e-08,-1.8368053094923444e-05,-4.0659425525763814e-05,-1.0405236470606269e-07,-1.8760251472045898e-05,-4.1576255070805246e-05,0.4000000000000001
-6.828303189320652e-08,-1.5362760492055234e-05,-3.369068683451621e-05,-7.17164053312302e-08,-1.5725404412069536e-05,-3.452617944764357e-05,-7.52775953830742e-08,-1.6091801055232992e-05,-3.537184893970319e-05,-7.89697311150414e-08,-1.646193371472644e-05,-3.6227692586925945e-05,-8.279597916362351e-08,-1.683578569191202e-05,-3.709370763278101e-05,-8.675954372258658e-08,-1.721334029640031e-05,-3.796989128798501e-05,-9.086366652990269e-08,-1.7594580846117496e-05,-3.885624073051126e-05,-9.51116268545289e-08,-1.7979490667372372e-05,-3.97527531055992e-05,-9.950674148303244e-08,-1.8368053094923444e-05,-4.0659425525763814e-05,-1.0405236470606269e-07,-1.8760251472045898e-05,-4.1576255070805246e-05,0.4000000000000001
-6.828303189320652e-08,-1.5362760492055234e-05,-3.369068683451621e-05,-7.17164053312302e-08,-1.5725404412069536e-05,-3.452617944764357e-05,-7.52775953830742e-08,-1.6091801055232992e-05,-3.537184893970319e-05,-7.89697311150414e-08,-1.646193371472644e-05,-3.6227692586925945e-05,-8.279597916362351e-08,-1.683578569191202e-05,-3.709370763278101e-05,-8.675954372258658e-08,-1.721334029640031e-05,-3.796989128798501e-05,-9.086366652990269e-08,-1.7594580846117496e-05,-3.885624073051126e-05,-9.51116268545289e-08,-1.7979490667372372e-05,-3.97527531055992e-05,-9.950674148303244e-08,-1.8368053094923444e-05,-4.0659425525763814e-05,-1.0405236470606269e-07,-1.8760251472045898e-05,-4.1576255070805246e-05,0.4000000000000001
-6.828303189320652e-08,-1.5362760492055234e-05,-3.369068683451621e-05,-7.17164053312302e-08,-1.5725404412069536e-05,-3.452617944764357e-05,-7.52775953830742e-08,-1.6091801055232992e-05,-3.537184893970319e-05,-7.89697311150414e-08,-1.646193371472644e-05,-3.6227692586925945e-05,-8.279597916362351e-08,-1.683578569191202e-05,-3.709370763278101e-05,-8.675954372258658e-08,-1.721334029640031e-05,-3.796989128798501e-05,-9.086366652990269e-08,-1.7594580846117496e-05,-3.885624073051126e-05,-9.51116268545289e-08,-1.7979490667372372e-05,-3.97527531055992e-05,-9.950674148303244e-08,-1.8368053094923444e-05,-4.0659425525763814e-05,-1.0405236470606269e-07,-1.8760251472045898e-05,-4.1576255070805246e-05,0.4000000000000001
-6.828303189320652e-08,-1.5362760492055234e-05,-3.369068683451621e-05,-7.17164053312302e-08,-1.5725404412069536e-05,-3.452617944764357e-05,-7.52775953830742e-08,-1.6091801055232992e-05,-3.537184893970319e-05,-7.89697311150414e-08,-1.646193371472644e-05,-3.6227692586925945e-05,-8.279597916362351e-08,-1.683578569191202e-05,-3.709370763278101e-05,-8.675954372258658e-08,-1.721334029640031e-05,-3.796989128798501e-05,-9.086366652990269e-08,-1.7594580846117496e-05,-3.885624073051126e-05,-9.51116268545289e-08,-1.7979490667372372e-05,-3.97527531055992e-05,-9.950674148303244e-08,-1.8368053094923444e-05,-4.0659425525763814e-05,-1.0405236470606269e-07,-1.8760251472045898e-05,-4.1576255070805246e-05,0.4000000000000001
-6.828303189320652e-08,-1.5362760492055234e-05,-3.369068683451621e-05,-7.17164053312302e-08,-1.5725404412069536e-05,-3.452617944764357e-05,-7.52775953830742e-08,-1.6091801055232992e-05,-3.537184893970319e-05,-7.89697311150414e-08,-1.646193371472644e-05,-3.6227692586925945e-05,-8.279597916362351e-08,-1.683578569191202e-05,-3.709370763278101e-05,-8.675954372258658e-08,-1.721334029640031e-05,-3.796989128798501e-05,-9.086366652990269e-08,-1.7594580846117496e-05,-3.885624073051126e-05,-9.51116268545289e-08,-1.7979490667372372e-05,-3.97527531055992e-05,-9.950674148303244e-08,-1.8368053094923444e-05,-4.0659425525763814e-05,-1.0405236470606269e-07,-1.8760251472045898e-05,-4.1576255070805246e-05,0.4000000000000001
-6.828303189320652e-08,-1.5362760492055234e-05,-3.369068683451621e-05,-7.17164053312302e-08,-1.5725404412069536e-05,-3.452617944764357e-05,-7.52775953830742e-08,-1.6091801055232992e-05,-3.537184893970319e-05,-7.89697311150414e-08,-1.646193371472644e-05,-3.6227692586925945e-05,-8.279597916362351e-08,-1.683578569191202e-05,-3.709370763278101e-05,-8.675954372258658e-08,-1.721334029640031e-05,-3.796989128798501e-05,-9.086366652990269e-08,-1.7594580846117496e-05,-3.885624073051126e-05,-9.51116268545289e-08,-1.7979490667372372e-05,-3.97527531055992e-05,-9.950674148303244e-08,-1.8368053094923444e-05,-4.0659425525763814e-05,-1.0405236470606269e-07,-1.8760251472045898e-05,-4.1576255070805246e-05,0.4000000000000001
-6.828303189320652e-08,-1.5362760492055234e-05,-3.369068683451621e-05,-7.17164053312302e-08,-1.5725404412069536e-05,-3.452617944764357e-05,-7.52775953830742e-08,-1.6091801055232992e-05,-3.537184893970319e-05,-7.89697311150414e-08,-1.646193371472644e-05,-3.6227692586925945e-05,-8.279597916362351e-08,-1.683578569191202e-05,-3.709370763278101e-05,-8.675954372258658e-08,-1.721334029640031e-05,-3.796989128798501e-05,-9.086366652990269e-08,-1.7594580846117496e-05,-3.885624073051126e-05,-9.51116268545289e-08,-1.7979490667372372e-05,-3.97527531055992e-05,-9.950674148303244e-08,-1.8368053094923444e-05,-4.0659425525763814e-05,-1.0405236470606269e-07,-1.8760251472045898e-05,-4.1576255070805246e-05,0.4000000000000001
-6.828303189320652e-08,-1.5362760492055234e-05,-3.369068683451621e-05,-7.17164053312302e-08,-1.5725404412069536e-05,-3.452617944764357e-05,-7.52775953830742e-08,-1.6091801055232992e-05,-3.537184893970319e-05,-7.89697311150414e-08,-1.646193371472644e-05,-3.6227692586925945e-05,-8.279597916362351e-08,-1.683578569191202e-05,-3.709370763278101e-05,-8.675954372258658e-08,-1.721334029640031e-05,-3.796989128798501e-05,-9.086366652990269e-08,-1.7594580846117496e-05,-3.885624073051126e-05,-9.51116268545289e-08,-1.7979490667372372e-05,-3.97527531055992e-05,-9.950674148303244e-08,-1.8368053094923444e-05,-4.0659425525763814e-05,-1.0405236470606269e-07,-1.8760251472045898e-05,-4.1576255070805246e-05,0.4000000000000001
-6.828303189320652e-08,-1.5362760492055234e-05,-3.369068683451621e-05,-7.17164053312302e-08,-1.5725404412069536e-05,-3.452617944764357e-05,-7.52775953830742e-08,-1.6091801055232992e-05,-3.537184893970319e-05,-7.89697311150414e-08,-1.646193371472644e-05,-3.6227692586925945e-05,-8.279597916362351e-08,-1.683578569191202e-05,-3.709370763278101e-05,-8.675954372258658e-08,-1.721334029640031e-05,-3.796989128798501e-05,-9.086366652990269e-08,-1.7594580846117496e-05,-3.885624073051126e-05,-9.51116268545289e-08,-1.7979490667372372e-05,-3.97527531055992e-05,-9.950674148303244e-08,-1.8368053094923444e-05,-4.0659425525763814e-05,-1.0405236470606269e-07,-1.8760251472045898e-05,-4.1576255070805246e-05,0.4000000000000001
-6.828303189320652e-08,-1.5362760492055234e-05,-3.369068683451621e-05,-7.17164053312302e-08,-1.5725404412069536e-05,-3.452617944764357e-05,-7.52775953830742e-08,-1.6091801055232992e-05,-3.537184893970319e-05,-7.89697311150414e-08,-1.646193371472644e-05,-3.6227692586925945e-05,-8.279597916362351e-08,-1.683578569191202e-05,-3.709370763278101e-05,-8.675954372258658e-08,-1.721334029640031e-05,-3.796989128798501e-05,-9.086366652990269e-08,-1.7594580846117496e-05,-3.885624073051126e-05,-9.51116268545289e-08,-1.7979490667372372e-05,-3.97527531055992e-05,-9.950674148303244e-08,-1.8368053094923444e-05,-4.0659425525763814e-05,-1.0405236470606269e-07,-1.8760251472045898e-05,-4.1576255070805246e-05,0.4000000000000001
-6.828303189320652e-08,-1.5362760492055234e-05,-3.369068683451621e-05,-7.17164053312302e-08,-1.5725404412069536e-05,-3.452617944764357e-05,-7.52775953830742e-08,-1.6091801055232992e-05,-3.537184893970319e-05,-7.89697311150414e-08,-1.646193371472644e-05,-3.6227692586925945e-05,-8.279597916362351e-08,-1.683578569191202e-05,-3.709370763278101e-05,-8.675954372258658e-08,-1.721334029640031e-05,-3.796989128798501e-05,-9.086366652990269e-08,-1.7594580846117496e-05,-3.885624073051126e-05,-9.51116268545289e-08,-1.7979490667372372e-05,-3.97527531055992e-05,-9.950674148303244e-08,-1.8368053094923444e-05,-4.0659425525763814e-05,-1.0405236470606269e-07,-1.8760251472045898e-05,-4.1576255070805246e-05,0.4000000000000001
-6.828303189320652e-08,-1.5362760492055234e-05,-3.369068683451621e-05,-7.17164053312302e-08,-1.5725404412069536e-05,-3.452617944764357e-05,-7.52775953830742e-08,-1.6091801055232992e-05,-3.537184893970319e-05,-7.89697311150414e-08,-1.646193371472644e-05,-3.6227692586925945e-05,-8.279597916362351e-08,-1.683578569191202e-05,-3.709370763278101e-05,-8.675954372258658e-08,-1.721334029640031e-05,-3.796989128798501e-05,-9.086366652990269e-08,-1.7594580846117496e-05,-3.885624073051126e-05,-9.51116268545289e-08,-1.7979490667372372e-05,-3.97527531055992e-05,-9.950674148303244e-08,-1.8368053094923444e-05,-4.0659425525763814e-05,-1.0405236470606269e-07,-1.8760251472045898e-05,-4.1576255070805246e-05,0.4000000000000001
-6.828303189320652e-08,-1.5362760492055234e-05,-3.369068683451621e-05,-7.17164053312302e-08,-1.5725404412069536e-05,-3.452617944764357e-05,-7.52775953830742e-08,-1.6091801055232992e-05,-3.537184893970319e-05,-7.89697311150414e-08,-1.646193371472644e-05,-3.6227692586925945e-05,-8.279597916362351e-08,-1.683578569191202e-05,-3.709370763278101e-05,-8.675954372258658e-08,-1.721334029640031e-05,-3.796989128798501e-05,-9.086366652990269e-08,-1.7594580846117496e-05,-3.885624073051126e-05,-9.51116268545289e-08,-1.7979490667372372e-05,-3.97527531055992e-05,-9.950674148303244e-08,-1.8368053094923444e-05,-4.0659425525763814e-05,-1.0405236470606269e-07,-1.8760251472045898e-05,-4.1576255070805246e-05,0.4000000000000001
-6.828303189320652e-08,-1.5362760492055234e-05,-3.369068683451621e-05,-7.17164053312302e-08,-1.5725404412069536e-05,-3.452617944764357e-05,-7.52775953830742e-08,-1.6091801055232992e-05,-3.537184893970319e-05,-7.89697311150414e-08,-1.646193371472644e-05,-3.6227692586925945e-05,-8.279597916362351e-08,-1.683578569191202e-05,-3.709370763278101e-05,-8.675954372258658e-08,-1.721334029640031e-05,-3.796989128798501e-05,-9.086366652990269e-08,-1.7594580846117496e-05,-3.885624073051126e-05,-9.51116268545289e-08,-1.7979490667372372e-05,-3.97527531055992e-05,-9.950674148303244e-08,-1.8368053094923444e-05,-4.0659425525763814e-05,-1.0405236470606269e-07,-1.8760251472045898e-05,-4.1576255070805246e-05,0.4000000000000001
-6.828303189320652e-08,-1.5362760492055234e-05,-3.369068683451621e-05,-7.17164053312302e-08,-1.5725404412069536e-05,-3.452617944764357e-05,-7.52775953830742e-08,-1.6091801055232992e-05,-3.537184893970319e-05,-7.89697311150414e-08,-1.646193371472644e-05,-3.6227692586925945e-05,-8.279597916362351e-08,-1.683578569191202e-05,-3.709370763278101e-05,-8.675954372258658e-08,-1.721334029640031e-05,-3.796989128798501e-05,-9.086366652990269e-08,-1.7594580846117496e-05,-3.885624073051126e-05,-9.51116268545289e-08,-1.7979490667372372e-05,-3.97527531055992e-05,-9.950674148303244e-08,-1.8368053094923444e-05,-4.0659425525763814e-05,-1.0405236470606269e-07,-1.8760251472045898e-05,-4.1576255070805246e-05,0.4000000000000001
-6.828303189320652e-08,-1.5362760492055234e-05,-3.369068683451621e-05,-7.17164053312302e-08,-1.5725404412069536e-05,-3.452617944764357e-05,-7.52775953830742e-08,-1.6091801055232992e-05,-3.537184893970319e-05,-7.89697311150414e-08,-1.646193371472644e-05,-3.6227692586925945e-05,-8.279597916362351e-08,-1.683578569191202e-05,-3.709370763278101e-05,-8.675954372258658e-08,-1.721334029640031e-05,-3.796989128798501e-05,-9.086366652990269e-08,-1.7594580846117496e-05,-3.885624073051126e-05,-9.51116268545289e-08,-1.7979490667372372e-05,-3.97527531055992e-05,-9.950674148303244e-08,-1.8368053094923444e-05,-4.0659425525763814e-05,-1.0405236470606269e-07,-1.8760251472045898e-05,-4.1576255070805246e-05,0.4000000000000001
-6.828303189320652e-08,-1.5362760492055234e-05,-3.369068683451621e-05,-7.17164053312302e-08,-1.5725404412069536e-05,-3.452617944764357e-05,-7.52775953830742e-08,-1.6091801055232992e-05,-3.537184893970319e-05,-7.89697311150414e-08,-1.646193371472644e-05,-3.6227692586925945e-05,-8.279597916362351e-08,-1.683578569191202e-05,-3.709370763278101e-05,-8.675954372258658e-08,-1.721334029640031e-05,-3.796989128798501e-05,-9.086366652990269e-08,-1.7594580846117496e-05,-3.885624073051126e-05,-9.51116268545289e-08,-1.7979490667372372e-05,-3.97527531055992e-05,-9.950674148303244e-08,-1.8368053094923444e-05,-4.0659425525763814e-05,-1.0405236470606269e-07,-1.8760251472045898e-05,-4.1576255070805246e-05,0.4000000000000001
-6.828303189320652e-08,-1.5362760492055234e-05,-3.369068683451621e-05,-7.17164053312302e-08,-1.5725404412069536e-05,-3.452617944764357e-05,-7.52775953830742e-08,-1.6091801055232992e-05,-3.537184893970319e-05,-7.89697311150414e-08,-1.646193371472644e-05,-3.6227692586925945e-05,-8.279597916362351e-08,-1.683578569191202e-05,-3.709370763278101e-05,-8.675954372258658e-08,-1.721334029640031e-05,-3.796989128798501e-05,-9.086366652990269e-08,-1.7594580846117496e-05,-3.885624073051126e-05,-9.51116268545289e-08,-1.7979490667372372e-05,-3.97527531055992e-05,-9.950674148303244e-08,-1.8368053094923444e-05,-4.0659425525763814e-05,-1.0405236470606269e-07,-1.8760251472045898e-05,-4.1576255070805246e-05,0.4000000000000001
-6.828303189320652e-08,-1.5362760492055234e-05,-3.369068683451621e-05,-7.17164053312302e-08,-1.5725404412069536e-05,-3.452617944764357e-05,-7.52775953830742e-08,-1.6091801055232992e-05,-3.537184893970319e-05,-7.89697311150414e-08,-1.646193371472644e-05,-3.6227692586925945e-05,-8.279597916362351e-08,-1.683578569191202e-05,-3.709370763278101e-05,-8.675954372258658e-08,-1.721334029640031e-05,-3.796989128798501e-05,-9.086366652990269e-08,-1.7594580846117496e-05,-3.885624073051126e-05,-9.51116268545289e-08,-1.7979490667372372e-05,-3.97527531055992e-05,-9.950674148303244e-08,-1.8368053094923444e-05,-4.0659425525763814e-05,-1.0405236470606269e-07,-1.8760251472045898e-05,-4.1576255070805246e-05,0.4000000000000001
-6.828303189320652e-08,-1.5362760492055234e-05,-3.369068683451621e-05,-7.17164053312302e-08,-1.5725404412069536e-05,-3.452617944764357e-05,-7.52775953830742e-08,-1.6091801055232992e-05,-3.537184893970319e-05,-7.89697311150414e-08,-1.646193371472644e-05,-3.6227692586925945e-05,-8.279597916362351e-08,-1.683578569191202e-05,-3.709370763278101e-05,-8.675954372258658e-08,-1.721334029640031e-05,-3.796989128798501e-05,-9.086366652990269e-08,-1.7594580846117496e-05,-3.885624073051126e-05,-9.51116268545289e-08,-1.7979490667372372e-05,-3.97527531055992e-05,-9.950674148303244e-08,-1.8368053094923444e-05,-4.0659425525763814e-05,-1.0405236470606269e-07,-1.8760251472045898e-05,-4.1576255070805246e-05,0.4000000000000001
-6.828303189320652e-08,-1.5362760492055234e-05,-3.369068683451621e-05,-7.17164053312302e-08,-1.5725404412069536e-05,-3.452617944764357e-05,-7.52775953830742e-08,-1.6091801055232992e-05,-3.537184893970319e-05,-7.89697311150414e-08,-1.646193371472644e-05,-3.6227692586925945e-05,-8.279597916362351e-08,-1.683578569191202e-05,-3.709370763278101e-05,-8.675954372258658e-08,-1.721334029640031e-05,-3.796989128798501e-05,-9.086366652990269e-08,-1.7594580846117496e-05,-3.885624073051126e-05,-9.51116268545289e-08,-1.7979490667372372e-05,-3.97527531055992e-05,-9.950674148303244e-08,-1.8368053094923444e-05,-4.0659425525763814e-05,-1.0405236470606269e-07,-1.8760251472045898e-05,-4.1576255070805246e-05,0.4000000000000001
-6.828303189320652e-08,-1.5362760492055234e-05,-3.369068683451621e-05,-7.17164053312302e-08,-1.5725404412069536e-05,-3.452617944764357e-05,-7.52775953830742e-08,-1.6091801055232992e-05,-3.537184893970319e-05,-7.89697311150414e-08,-1.646193371472644e-05,-3.6227692586925945e-05,-8.279597916362351e-08,-1.683578569191202e-05,-3.709370763278101e-05,-8.675954372258658e-08,-1.721334029640031e-05,-3.796989128798501e-05,-9.086366652990269e-08,-1.7594580846117496e-05,-3.885624073051126e-05,-9.51116268545289e-08,-1.7979490667372372e-05,-3.97527531055992e-05,-9.950674148303244e-08,-1.8368053094923444e-05,-4.0659425525763814e-05,-1.0405236470606269e-07,-1.8760251472045898e-05,-4.1576255070805246e-05,0.4000000000000001
-6.828303189320652e-08,-1.5362760492055234e-05,-3.369068683451621e-05,-7.17164053312302e-08,-1.5725404412069536e-05,-3.452617944764357e-05,-7.52775953830742e-08,-1.6091801055232992e-05,-3.537184893970319e-05,-7.89697311150414e-08,-1.646193371472644e-05,-3.6227692586925945e-05,-8.279597916362351e-08,-1.683578569191202e-05,-3.709370763278101e-05,-8.675954372258658e-08,-1.721334029640031e-05,-3.796989128798501e-05,-9.086366652990269e-08,-1.7594580846117496e-05,-3.885624073051126e-05,-9.51116268545289e-08,-1.7979490667372372e-05,-3.97527531055992e-05,-9.950674148303244e-08,-1.8368053094923444e-05,-4.0659425525763814e-05,-1.0405236470606269e-07,-1.8760251472045898e-05,-4.1576255070805246e-05,0.4000000000000001
-6.828303189320652e-08,-1.5362760492055234e-05,-3.369068683451621e-05,-7.17164053312302e-08,-1.5725404412069536e-05,-3.452617944764357e-05,-7.52775953830742e-08,-1.6091801055232992e-05,-3.537184893970319e-05,-7.89697311150414e-08,-1.646193371472644e-05,-3.6227692586925945e-05,-8.279597916362351e-08,-1.683578569191202e-05,-3.709370763278101e-05,-8.675954372258658e-08,-1.721334029640031e-05,-3.796989128798501e-05,-9.086366652990269e-08,-1.7594580846117496e-05,-3.885624073051126e-05,-9.51116268545289e-08,-1.7979490667372372e-05,-3.97527531055992e-05,-9.950674148303244e-08,-1.8368053094923444e-05,-4.0659425525763814e-05,-1.0405236470606269e-07,-1.8760251472045898e-05,-4.1576255070805246e-05,0.4000000000000001
-6.828303189320652e-08,-1.5362760492055234e-05,-3.369068683451621e-05,-7.17164053312302e-08,-1.5725404412069536e-05,-3.452617944764357e-05,-7.52775953830742e-08,-1.6091801055232992e-05,-3.537184893970319e-05,-7.89697311150414e-08,-1.646193371472644e-05,-3.6227692586925945e-05,-8.279597916362351e-08,-1.683578569191202e-05,-3.709370763278101e-05,-8.675954372258658e-08,-1.721334029640031e-05,-3.796989128798501e-05,-9.086366652990269e-08,-1.7594580846117496e-05,-3.885624073051126e-05,-9.51116268545289e-08,-1.7979490667372372e-05,-3.97527531055992e-05,-9.950674148303244e-08,-1.8368053094923444e-05,-4.0659425525763814e-05,-1.0405236470606269e-07,-1.8760251472045898e-05,-4.1576255070805246e-05,0.4000000000000001
-6.828303189320652e-08,-1.5362760492055234e-05,-3.369068683451621e-05,-7.17164053312302e-08,-1.5725404412069536e-05,-3.452617944764357e-05,-7.52775953830742e-08,-1.6091801055232992e-05,-3.537184893970319e-05,-7.89697311150414e-08,-1.646193371472644e-05,-3.6227692586925945e-05,-8.279597916362351e-08,-1.683578569191202e-05,-3.709370763278101e-05,-8.675954372258658e-08,-1.721334029640031e-05,-3.796989128798501e-05,-9.086366652990269e-08,-1.7594580846117496e-05,-3.885624073051126e-05,-9.51116268545289e-08,-1.7979490667372372e-05,-3.97527531055992e-05,-9.950674148303244e-08,-1.8368053094923444e-05,-4.0659425525763814e-05,-1.0405236470606269e-07,-1.8760251472045898e-05,-4.1576255070805246e-05,0.4000000000000001
-6.828303189320652e-08,-1.5362760492055234e-05,-3.369068683451621e-05,-7.17164053312302e-08,-1.5725404412069536e-05,-3.452617944764357e-05,-7.52775953830742e-08,-1.6091801055232992e-05,-3.537184893970319e-05,-7.89697311150414e-08,-1.646193371472644e-05,-3.6227692586925945e-05,-8.279597916362351e-08,-1.683578569191202e-05,-3.709370763278101e-05,-8.675954372258658e-08,-1.721334029640031e-05,-3.796989128798501e-05,-9.086366652990269e-08,-1.7594580846117496e-05,-3.885624073051126e-05,-9.51116268545289e-08,-1.7979490667372372e-05,-3.97527531055992e-05,-9.950674148303244e-08,-1.8368053094923444e-05,-4.0659425525763814e-05,-1.0405236470606269e-07,-1.8760251472045898e-05,-4.1576255070805246e-05,0.4000000000000001
-6.828303189320652e-08,-1.5362760492055234e-05,-3.369068683451621e-05,-7.17164053312302e-08,-1.5725404412069536e-05,-3.452617944764357e-05,-7.52775953830742e-08,-1.6091801055232992e-05,-3.537184893970319e-05,-7.89697311150414e-08,-1.646193371472644e-05,-3.6227692586925945e-05,-8.279597916362351e-08,-1.683578569191202e-05,-3.709370763278101e-05,-8.675954372258658e-08,-1.721334029640031e-05,-3.796989128798501e-05,-9.086366652990269e-08,-1.7594580846117496e-05,-3.885624073051126e-05,-9.51116268545289e-08,-1.7979490667372372e-05,-3.97527531055992e-05,-9.950674148303244e-08,-1.8368053094923444e-05,-4.0659425525763814e-05,-1.0405236470606269e-07,-1.8760251472045898e-05,-4.1576255070805246e-05,0.4000000000000001
-6.828303189320652e-08,-1.5362760492055234e-05,-3.369068683451621e-05,-7.17164053312302e-08,-1.5725404412069536e-05,-3.452617944764357e-05,-7.52775953830742e-08,-1.6091801055232992e-05,-3.537184893970319e-05,-7.89697311150414e-08,-1.646193371472644e-05,-3.6227692586925945e-05,-8.279597916362351e-08,-1.683578569191202e-05,-3.709370763278101e-05,-8.675954372258658e-08,-1.721334029640031e-05,-3.796989128798501e-05,-9.086366652990269e-08,-1.7594580846117496e-05,-3.885624073051126e-05,-9.51116268545289e-08,-1.7979490667372372e-05,-3.97527531055992e-05,-9.950674148303244e-08,-1.8368053094923444e-05,-4.0659425525763814e-05,-1.0405236470606269e-07,-1.8760251472045898e-05,-4.1576255070805246e-05,0.4000000000000001
-6.828303189320652e-08,-1.5362760492055234e-05,-3.369068683451621e-05,-7.17164053312302e-08,-1.5725404412069536e-05,-3.452617944764357e-05,-7.52775953830742e-08,-1.6091801055232992e-05,-3.537184893970319e-05,-7.89697311150414e-08,-1.646193371472644e-05,-3.6227692586925945e-05,-8.279597916362351e-08,-1.683578569191202e-05,-3.709370763278101e-05,-8.675954372258658e-08,-1.721334029640031e-05,-3.796989128798501e-05,-9.086366652990269e-08,-1.7594580846117496e-05,-3.885624073051126e-05,-9.51116268545289e-08,-1.7979490667372372e-05,-3.97527531055992e-05,-9.950674148303244e-08,-1.8368053094923444e-05,-4.0659425525763814e-05,-1.0405236470606269e-07,-1.8760251472045898e-05,-4.1576255070805246e-05,0.4000000000000001
-6.828303189320652e-08,-1.5362760492055234e-05,-3.369068683451621e-05,-7.17164053312302e-08,-1.5725404412069536e-05,-3.452617944764357e-05,-7.52775953830742e-08,-1.6091801055232992e-05,-3.537184893970319e-05,-7.89697311150414e-08,-1.646193371472644e-05,-3.6227692586925945e-05,-8.279597916362351e-08,-1.683578569191202e-05,-3.709370763278101e-05,-8.675954372258658e-08,-1.721334029640031e-05,-3.796989128798501e-05,-9.086366652990269e-08,-1.7594580846117496e-05,-3.885624073051126e-05,-9.51116268545289e-08,-1.7979490667372372e-05,-3.97527531055992e-05,-9.950674148303244e-08,-1.8368053094923444e-05,-4.0659425525763814e-05,-1.0405236470606269e-07,-1.8760251472045898e-05,-4.1576255070805246e-05,0.4000000000000001
-6.828303189320652e-08,-1.5362760492055234e-05,-3.369068683451621e-05,-7.17164053312302e-08,-1.5725404412069536e-05,-3.452617944764357e-05,-7.52775953830742e-08,-1.6091801055232992e-05,-3.537184893970319e-05,-7.89697311150414e-08,-1.646193371472644e-05,-3.6227692586925945e-05,-8.279597916362351e-08,-1.683578569191202e-05,-3.709370763278101e-05,-8.675954372258658e-08,-1.721334029640031e-05,-3.796989128798501e-05,-9.086366652990269e-08,-1.7594580846117496e-05,-3.885624073051126e-05,-9.51116268545289e-08,-1.7979490667372372e-05,-3.97527531055992e-05,-9.950674148303244e-08,-1.8368053094923444e-05,-4.0659425525763814e-05,-1.0405236470606269e-07,-1.8760251472045898e-05,-4.1576255070805246e-05,0.4000000000000001
-6.828303189320652e-08,-1.5362760492055234e-05,-3.369068683451621e-05,-7.17164053312302e-08,-1.5725404412069536e-05,-3.452617944764357e-05,-7.52775953830742e-08,-1.6091801055232992e-05,-3.537184893970319e-05,-7.89697311150414e-08,-1.646193371472644e-05,-3.6227692586925945e-05,-8.279597916362351e-08,-1.683578569191202e-05,-3.709370763278101e-05,-8.675954372258658e-08,-1.721334029640031e-05,-3.796989128798501e-05,-9.086366652990269e-08,-1.7594580846117496e-05,-3.885624073051126e-05,-9.51116268545289e-08,-1.7979490667372372e-05,-3.97527531055992e-05,-9.950674148303244e-08,-1.8368053094923444e-05,-4.0659425525763814e-05,-1.0405236470606269e-07,-1.8760251472045898e-05,-4.1576255070805246e-05,0.4000000000000001
-6.828303189320652e-08,-1.5362760492055234e-05,-3.369068683451621e-05,-7.17164053312302e-08,-1.5725404412069536e-05,-3.452617944764357e-05,-7.52775953830742e-08,-1.6091801055232992e-05,-3.537184893970319e-05,-7.89697311150414e-08,-1.646193371472644e-05,-3.6227692586925945e-05,-8.279597916362351e-08,-1.683578569191202e-05,-3.709370763278101e-05,-8.675954372258658e-08,-1.721334029640031e-05,-3.796989128798501e-05,-9.086366652990269e-08,-1.7594580846117496e-05,-3.885624073051126e-05,-9.51116268545289e-08,-1.7979490667372372e-05,-3.97527531055992e-05,-9.950674148303244e-08,-1.8368053094923444e-05,-4.0659425525763814e-05,-1.0405236470606269e-07,-1.8760251472045898e-05,-4.1576255070805246e-05,0.4000000000000001
-6.828303189320652e-08,-1.5362760492055234e-05,-3.369068683451621e-05,-7.17164053312302e-08,-1.5725404412069536e-05,-3.452617944764357e-05,-7.52775953830742e-08,-1.6091801055232992e-05,-3.537184893970319e-05,-7.89697311150414e-08,-1.646193371472644e-05,-3.6227692586925945e-05,-8.279597916362351e-08,-1.683578569191202e-05,-3.709370763278101e-05,-8.675954372258658e-08,-1.721334029640031e-05,-3.796989128798501e-05,-9.086366652990269e-08,-1.7594580846117496e-05,-3.885624073051126e-05,-9.51116268545289e-08,-1.7979490667372372e-05,-3.97527531055992e-05,-9.950674148303244e-08,-1.8368053094923444e-05,-4.0659425525763814e-05,-1.0405236470606269e-07,-1.8760251472045898e-05,-4.1576255070805246e-05,0.4000000000000001
-6.828303189320652e-08,-1.5362760492055234e-05,-3.369068683451621e-05,-7.17164053312302e-08,-1.5725404412069536e-05,-3.452617944764357e-05,-7.52775953830742e-08,-1.6091801055232992e-05,-3.537184893970319e-05,-7.89697311150414e-08,-1.646193371472644e-05,-3.6227692586925945e-05,-8.279597916362351e-08,-1.683578569191202e-05,-3.709370763278101e-05,-8.675954372258658e-08,-1.721334029640031e-05,-3.796989128798501e-05,-9.086366652990269e-08,-1.7594580846117496e-05,-3.885624073051126e-05,-9.51116268545289e-08,-1.7979490667372372e-05,-3.97527531055992e-05,-9.950674148303244e-08,-1.8368053094923444e-05,-4.0659425525763814e-05,-1.0405236470606269e-07,-1.8760251472045898e-05,-4.1576255070805246e-05,0.4000000000000001
-6.828303189320652e-08,-1.5362760492055234e-05,-3.369068683451621e-05,-7.17164053312302e-08,-1.5725404412069536e-05,-3.452617944764357e-05,-7.52775953830742e-08,-1.6091801055232992e-05,-3.537184893970319e-05,-7.89697311150414e-08,-1.646193371472644e-05,-3.6227692586925945e-05,-8.279597916362351e-08,-1.683578569191202e-05,-3.709370763278101e-05,-8.675954372258658e-08,-1.721334029640031e-05,-3.796989128798501e-05,-9.086366652990269e-08,-1.7594580846117496e-05,-3.885624073051126e-05,-9.51116268545289e-08,-1.7979490667372372e-05,-3.97527531055992e-05,-9.950674148303244e-08,-1.8368053094923444e-05,-4.0659425525763814e-05,-1.0405236470606269e-07,-1.8760251472045898e-05,-4.1576255070805246e-05,0.4000000000000001
-6.828303189320652e-08,-1.5362760492055234e-05,-3.369068683451621e-05,-7.17164053312302e-08,-1.5725404412069536e-05,-3.452617944764357e-05,-7.52775953830742e-08,-1.6091801055232992e-05,-3.537184893970319e-05,-7.89697311150414e-08,-1.646193371472644e-05,-3.6227692586925945e-05,-8.279597916362351e-08,-1.683578569191202e-05,-3.709370763278101e-05,-8.675954372258658e-08,-1.721334029640031e-05,-3.796989128798501e-05,-9.086366652990269e-08,-1.7594580846117496e-05,-3.885624073051126e-05,-9.51116268545289e-08,-1.7979490667372372e-05,-3.97527531055992e-05,-9.950674148303244e-08,-1.8368053094923444e-05,-4.0659425525763814e-05,-1.0405236470606269e-07,-1.8760251472045898e-05,-4.1576255070805246e-05,0.4000000000000001
-6.828303189320652e-08,-1.5362760492055234e-05,-3.369068683451621e-05,-7.17164053312302e-08,-1.5725404412069536e-05,-3.452617944764357e-05,-7.52775953830742e-08,-1.6091801055232992e-05,-3.537184893970319e-05,-7.89697311150414e-08,-1.646193371472644e-05,-3.6227692586925945e-05,-8.279597916362351e-08,-1.683578569191202e-05,-3.709370763278101e-05,-8.675954372258658e-08,-1.721334029640031e-05,-3.796989128798501e-05,-9.086366652990269e-08,-1.7594580846117496e-05,-3.885624073051126e-05,-9.51116268545289e-08,-1.7979490667372372e-05,-3.97527531055992e-05,-9.950674148303244e-08,-1.8368053094923444e-05,-4.0659425525763814e-05,-1.0405236470606269e-07,-1.8760251472045898e-05,-4.1576255070805246e-05,0.4000000000000001
-6.828303189320652e-08,-1.5362760492055234e-05,-3.369068683451621e-05,-7.17164053312302e-08,-1.5725404412069536e-05,-3.452617944764357e-05,-7.52775953830742e-08,-1.6091801055232992e-05,-3.537184893970319e-05,-7.89697311150414e-08,-1.646193371472644e-05,-3.6227692586925945e-05,-8.279597916362351e-08,-1.683578569191202e-05,-3.709370763278101e-05,-8.675954372258658e-08,-1.721334029640031e-05,-3.796989128798501e-05,-9.086366652990269e-08,-1.7594580846117496e-05,-3.885624073051126e-05,-9.51116268545289e-08,-1.7979490667372372e-05,-3.97527531055992e-05,-9.950674148303244e-08,-1.8368053094923444e-05,-4.0659425525763814e-05,-1.0405236470606269e-07,-1.8760251472045898e-05,-4.1576255070805246e-05,0.4000000000000001
-6.828303189320652e-08,-1.5362760492055234e-05,-3.369068683451621e-05,-7.17164053312302e-08,-1.5725404412069536e-05,-3.452617944764357e-05,-7.52775953830742e-08,-1.6091801055232992e-05,-3.537184893970319e-05,-7.89697311150414e-08,-1.646193371472644e-05,-3.6227692586925945e-05,-8.279597916362351e-08,-1.683578569191202e-05,-3.709370763278101e-05,-8.675954372258658e-08,-1.721334029640031e-05,-3.796989128798501e-05,-9.086366652990269e-08,-1.7594580846117496e-05,-3.885624073051126e-05,-9.51116268545289e-08,-1.7979490667372372e-05,-3.97527531055992e-05,-9.950674148303244e-08,-1.8368053094923444e-05,-4.0659425525763814e-05,-1.0405236470606269e-07,-1.8760251472045898e-05,-4.1576255070805246e-05,0.4000000000000001
-6.828303189320652e-08,-1.5362760492055234e-05,-3.369068683451621e-05,-7.17164053312302e-08,-1.5725404412069536e-05,-3.452617944764357e-05,-7.52775953830742e-08,-1.6091801055232992e-05,-3.537184893970319e-05,-7.89697311150414e-08,-1.646193371472644e-05,-3.6227692586925945e-05,-8.279597916362351e-08,-1.683578569191202e-05,-3.709370763278101e-05,-8.675954372258658e-08,-1.721334029640031e-05,-3.796989128798501e-05,-9.086366652990269e-08,-1.7594580846117496e-05,-3.885624073051126e-05,-9.51116268545289e-08,-1.7979490667372372e-05,-3.97527531055992e-05,-9.950674148303244e-08,-1.8368053094923444e-05,-4.0659425525763814e-05,-1.0405236470606269e-07,-1.8760251472045898e-05,-4.1576255070805246e-05,0.4000000000000001
-6.828303189320652e-08,-1.5362760492055234e-05,-3.369068683451621e-05,-7.17164053312302e-08,-1.5725404412069536e-05,-3.452617944764357e-05,-7.52775953830742e-08,-1.6091801055232992e-05,-3.537184893970319e-05,-7.89697311150414e-08,-1.646193371472644e-05,-3.6227692586925945e-05,-8.279597916362351e-08,-1.683578569191202e-05,-3.709370763278101e-05,-8.675954372258658e-08,-1.721334029640031e-05,-3.796989128798501e-05,-9.086366652990269e-08,-1.7594580846117496e-05,-3.885624073051126e-05,-9.51116268545289e-08,-1.7979490667372372e-05,-3.97527531055992e-05,-9.950674148303244e-08,-1.8368053094923444e-05,-4.0659425525763814e-05,-1.0405236470606269e-07,-1.8760251472045898e-05,-4.1576255070805246e-05,0.4000000000000001
-6.828303189320652e-08,-1.5362760492055234e-05,-3.369068683451621e-05,-7.17164053312302e-08,-1.5725404412069536e-05,-3.452617944764357e-05,-7.52775953830742e-08,-1.6091801055232992e-05,-3.537184893970319e-05,-7.89697311150414e-08,-1.646193371472644e-05,-3.6227692586925945e-05,-8.279597916362351e-08,-1.683578569191202e-05,-3.709370763278101e-05,-8.675954372258658e-08,-1.721334029640031e-05,-3.796989128798501e-05,-9.086366652990269e-08,-1.7594580846117496e-05,-3.885624073051126e-05,-9.51116268545289e-08,-1.7979490667372372e-05,-3.97527531055992e-05,-9.950674148303244e-08,-1.8368053094923444e-05,-4.0659425525763814e-05,-1.0405236470606269e-07,-1.8760251472045898e-05,-4.1576255070805246e-05,0.4000000000000001
-6.828303189320652e-08,-1.5362760492055234e-05,-3.369068683451621e-05,-7.17164053312302e-08,-1.5725404412069536e-05,-3.452617944764357e-05,-7.52775953830742e-08,-1.6091801055232992e-05,-3.537184893970319e-05,-7.89697311150414e-08,-1.646193371472644e-05,-3.6227692586925945e-05,-8.279597916362351e-08,-1.683578569191202e-05,-3.709370763278101e-05,-8.675954372258658e-08,-1.721334029640031e-05,-3.796989128798501e-05,-9.086366652990269e-08,-1.7594580846117496e-05,-3.885624073051126e-05,-9.51116268545289e-08,-1.7979490667372372e-05,-3.97527531055992e-05,-9.950674148303244e-08,-1.8368053094923444e-05,-4.0659425525763814e-05,-1.0405236470606269e-07,-1.8760251472045898e-05,-4.1576255070805246e-05,0.4000000000000001
-6.828303189320652e-08,-1.5362760492055234e-05,-3.369068683451621e-05,-7.17164053312302e-08,-1.5725404412069536e-05,-3.452617944764357e-05,-7.52775953830742e-08,-1.6091801055232992e-05,-3.537184893970319e-05,-7.89697311150414e-08,-1.646193371472644e-05,-3.6227692586925945e-05,-8.279597916362351e-08,-1.683578569191202e-05,-3.709370763278101e-05,-8.675954372258658e-08,-1.721334029640031e-05,-3.796989128798501e-05,-9.086366652990269e-08,-1.7594580846117496e-05,-3.885624073051126e-05,-9.51116268545289e-08,-1.7979490667372372e-05,-3.97527531055992e-05,-9.950674148303244e-08,-1.8368053094923444e-05,-4.0659425525763814e-05,-1.0405236470606269e-07,-1.8760251472045898e-05,-4.1576255070805246e-05,0.4000000000000001
-6.828303189320652e-08,-1.5362760492055234e-05,-3.369068683451621e-05,-7.17164053312302e-08,-1.5725404412069536e-05,-3.452617944764357e-05,-7.52775953830742e-08,-1.6091801055232992e-05,-3.537184893970319e-05,-7.89697311150414e-08,-1.646193371472644e-05,-3.6227692586925945e-05,-8.279597916362351e-08,-1.683578569191202e-05,-3.709370763278101e-05,-8.675954372258658e-08,-1.721334029640031e-05,-3.796989128798501e-05,-9.086366652990269e-08,-1.7594580846117496e-05,-3.885624073051126e-05,-9.51116268545289e-08,-1.7979490667372372e-05,-3.97527531055992e-05,-9.950674148303244e-08,-1.8368053094923444e-05,-4.0659425525763814e-05,-1.0405236470606269e-07,-1.8760251472045898e-05,-4.1576255070805246e-05,0.4000000000000001
-6.828303189320652e-08,-1.5362760492055234e-05,-3.369068683451621e-05,-7.17164053312302e-08,-1.5725404412069536e-05,-3.452617944764357e-05,-7.52775953830742e-08,-1.6091801055232992e-05,-3.537184893970319e-05,-7.89697311150414e-08,-1.646193371472644e-05,-3.6227692586925945e-05,-8.279597916362351e-08,-1.683578569191202e-05,-3.709370763278101e-05,-8.675954372258658e-08,-1.721334029640031e-05,-3.796989128798501e-05,-9.086366652990269e-08,-1.7594580846117496e-05,-3.885624073051126e-05,-9.51116268545289e-08,-1.7979490667372372e-05,-3.97527531055992e-05,-9.950674148303244e-08,-1.8368053094923444e-05,-4.0659425525763814e-05,-1.0405236470606269e-07,-1.8760251472045898e-05,-4.1576255070805246e-05,0.4000000000000001
-6.828303189320652e-08,-1.5362760492055234e-05,-3.369068683451621e-05,-7.17164053312302e-08,-1.5725404412069536e-05,-3.452617944764357e-05,-7.52775953830742e-08,-1.6091801055232992e-05,-3.537184893970319e-05,-7.89697311150414e-08,-1.646193371472644e-05,-3.6227692586925945e-05,-8.279597916362351e-08,-1.683578569191202e-05,-3.709370763278101e-05,-8.675954372258658e-08,-1.721334029640031e-05,-3.796989128798501e-05,-9.086366652990269e-08,-1.7594580846117496e-05,-3.885624073051126e-05,-9.51116268545289e-08,-1.7979490667372372e-05,-3.97527531055992e-05,-9.950674148303244e-08,-1.8368053094923444e-05,-4.0659425525763814e-05,-1.0405236470606269e-07,-1.8760251472045898e-05,-4.1576255070805246e-05,0.4000000000000001
-6.828303189320652e-08,-1.5362760492055234e-05,-3.369068683451621e-05,-7.17164053312302e-08,-1.5725404412069536e-05,-3.452617944764357e-05,-7.52775953830742e-08,-1.6091801055232992e-05,-3.537184893970319e-05,-7.89697311150414e-08,-1.646193371472644e-05,-3.6227692586925945e-05,-8.279597916362351e-08,-1.683578569191202e-05,-3.709370763278101e-05,-8.675954372258658e-08,-1.721334029640031e-05,-3.796989128798501e-05,-9.086366652990269e-08,-1.7594580846117496e-05,-3.885624073051126e-05,-9.51116268545289e-08,-1.7979490667372372e-05,-3.97527531055992e-05,-9.950674148303244e-08,-1.8368053094923444e-05,-4.0659425525763814e-05,-1.0405236470606269e-07,-1.8760251472045898e-05,-4.1576255070805246e-05,0.4000000000000001
-6.828303189320652e-08,-1.5362760492055234e-05,-3.369068683451621e-05,-7.17164053312302e-08,-1.5725404412069536e-05,-3.452617944764357e-05,-7.52775953830742e-08,-1.6091801055232992e-05,-3.537184893970319e-05,-7.89697311150414e-08,-1.646193371472644e-05,-3.6227692586925945e-05,-8.279597916362351e-08,-1.683578569191202e-05,-3.709370763278101e-05,-8.675954372258658e-08,-1.721334029640031e-05,-3.796989128798501e-05,-9.086366652990269e-08,-1.7594580846117496e-05,-3.885624073051126e-05,-9.51116268545289e-08,-1.7979490667372372e-05,-3.97527531055992e-05,-9.950674148303244e-08,-1.8368053094923444e-05,-4.0659425525763814e-05,-1.0405236470606269e-07,-1.8760251472045898e-05,-4.1576255070805246e-05,0.4000000000000001
-6.828303189320652e-08,-1.5362760492055234e-05,-3.369068683451621e-05,-7.17164053312302e-08,-1.5725404412069536e-05,-3.452617944764357e-05,-7.52775953830742e-08,-1.6091801055232992e-05,-3.537184893970319e-05,-7.89697311150414e-08,-1.646193371472644e-05,-3.6227692586925945e-05,-8.279597916362351e-08,-1.683578569191202e-05,-3.709370763278101e-05,-8.675954372258658e-08,-1.721334029640031e-05,-3.796989128798501e-05,-9.086366652990269e-08,-1.7594580846117496e-05,-3.885624073051126e-05,-9.51116268545289e-08,-1.7979490667372372e-05,-3.97527531055992e-05,-9.950674148303244e-08,-1.8368053094923444e-05,-4.0659425525763814e-05,-1.0405236470606269e-07,-1.8760251472045898e-05,-4.1576255070805246e-05,0.4000000000000001
-6.828303189320652e-08,-1.5362760492055234e-05,-3.369068683451621e-05,-7.17164053312302e-08,-1.5725404412069536e-05,-3.452617944764357e-05,-7.52775953830742e-08,-1.6091801055232992e-05,-3.537184893970319e-05,-7.89697311150414e-08,-1.646193371472644e-05,-3.6227692586925945e-05,-8.279597916362351e-08,-1.683578569191202e-05,-3.709370763278101e-05,-8.675954372258658e-08,-1.721334029640031e-05,-3.796989128798501e-05,-9.086366652990269e-08,-1.7594580846117496e-05,-3.885624073051126e-05,-9.51116268545289e-08,-1.7979490667372372e-05,-3.97527531055992e-05,-9.950674148303244e-08,-1.8368053094923444e-05,-4.0659425525763814e-05,-1.0405236470606269e-07,-1.8760251472045898e-05,-4.1576255070805246e-05,0.4000000000000001
-6.828303189320652e-08,-1.5362760492055234e-05,-3.369068683451621e-05,-7.17164053312302e-08,-1.5725404412069536e-05,-3.452617944764357e-05,-7.52775953830742e-08,-1.6091801055232992e-05,-3.537184893970319e-05,-7.89697311150414e-08,-1.646193371472644e-05,-3.6227692586925945e-05,-8.279597916362351e-08,-1.683578569191202e-05,-3.709370763278101e-05,-8.675954372258658e-08,-1.721334029640031e-05,-3.796989128798501e-05,-9.086366652990269e-08,-1.7594580846117496e-05,-3.885624073051126e-05,-9.51116268545289e-08,-1.7979490667372372e-05,-3.97527531055992e-05,-9.950674148303244e-08,-1.8368053094923444e-05,-4.0659425525763814e-05,-1.0405236470606269e-07,-1.8760251472045898e-05,-4.1576255070805246e-05,0.4000000000000001
-6.828303189320652e-08,-1.5362760492055234e-05,-3.369068683451621e-05,-7.17164053312302e-08,-1.5725404412069536e-05,-3.452617944764357e-05,-7.52775953830742e-08,-1.6091801055232992e-05,-3.537184893970319e-05,-7.89697311150414e-08,-1.646193371472644e-05,-3.6227692586925945e-05,-8.279597916362351e-08,-1.683578569191202e-05,-3.709370763278101e-05,-8.675954372258658e-08,-1.721334029640031e-05,-3.796989128798501e-05,-9.086366652990269e-08,-1.7594580846117496e-05,-3.885624073051126e-05,-9.51116268545289e-08,-1.7979490667372372e-05,-3.97527531055992e-05,-9.950674148303244e-08,-1.8368053094923444e-05,-4.0659425525763814e-05,-1.0405236470606269e-07,-1.8760251472045898e-05,-4.1576255070805246e-05,0.4000000000000001
-6.828303189320652e-08,-1.5362760492055234e-05,-3.369068683451621e-05,-7.17164053312302e-08,-1.5725404412069536e-05,-3.452617944764357e-05,-7.52775953830742e-08,-1.6091801055232992e-05,-3.537184893970319e-05,-7.89697311150414e-08,-1.646193371472644e-05,-3.6227692586925945e-05,-8.279597916362351e-08,-1.683578569191202e-05,-3.709370763278101e-05,-8.675954372258658e-08,-1.721334029640031e-05,-3.796989128798501e-05,-9.086366652990269e-08,-1.7594580846117496e-05,-3.885624073051126e-05,-9.51116268545289e-08,-1.7979490667372372e-05,-3.97527531055992e-05,-9.950674148303244e-08,-1.8368053094923444e-05,-4.0659425525763814e-05,-1.0405236470606269e-07,-1.8760251472045898e-05,-4.1576255070805246e-05,0.4000000000000001
-6.828303189320652e-08,-1.5362760492055234e-05,-3.369068683451621e-05,-7.17164053312302e-08,-1.5725404412069536e-05,-3.452617944764357e-05,-7.52775953830742e-08,-1.6091801055232992e-05,-3.537184893970319e-05,-7.89697311150414e-08,-1.646193371472644e-05,-3.6227692586925945e-05,-8.279597916362351e-08,-1.683578569191202e-05,-3.709370763278101e-05,-8.675954372258658e-08,-1.721334029640031e-05,-3.796989128798501e-05,-9.086366652990269e-08,-1.7594580846117496e-05,-3.885624073051126e-05,-9.51116268545289e-08,-1.7979490667372372e-05,-3.97527531055992e-05,-9.950674148303244e-08,-1.8368053094923444e-05,-4.0659425525763814e-05,-1.0405236470606269e-07,-1.8760251472045898e-05,-4.1576255070805246e-05,0.4000000000000001
-6.828303189320652e-08,-1.5362760492055234e-05,-3.369068683451621e-05,-7.17164053312302e-08,-1.5725404412069536e-05,-3.452617944764357e-05,-7.52775953830742e-08,-1.6091801055232992e-05,-3.537184893970319e-05,-7.89697311150414e-08,-1.646193371472644e-05,-3.6227692586925945e-05,-8.279597916362351e-08,-1.683578569191202e-05,-3.709370763278101e-05,-8.675954372258658e-08,-1.721334029640031e-05,-3.796989128798501e-05,-9.086366652990269e-08,-1.7594580846117496e-05,-3.885624073051126e-05,-9.51116268545289e-08,-1.7979490667372372e-05,-3.97527531055992e-05,-9.950674148303244e-08,-1.8368053094923444e-05,-4.0659425525763814e-05,-1.0405236470606269e-07,-1.8760251472045898e-05,-4.1576255070805246e-05,0.4000000000000001
-6.828303189320652e-08,-1.5362760492055234e-05,-3.369068683451621e-05,-7.17164053312302e-08,-1.5725404412069536e-05,-3.452617944764357e-05,-7.52775953830742e-08,-1.6091801055232992e-05,-3.537184893970319e-05,-7.89697311150414e-08,-1.646193371472644e-05,-3.6227692586925945e-05,-8.279597916362351e-08,-1.683578569191202e-05,-3.709370763278101e-05,-8.675954372258658e-08,-1.721334029640031e-05,-3.796989128798501e-05,-9.086366652990269e-08,-1.7594580846117496e-05,-3.885624073051126e-05,-9.51116268545289e-08,-1.7979490667372372e-05,-3.97527531055992e-05,-9.950674148303244e-08,-1.8368053094923444e-05,-4.0659425525763814e-05,-1.0405236470606269e-07,-1.8760251472045898e-05,-4.1576255070805246e-05,0.4000000000000001
-6.828303189320652e-08,-1.5362760492055234e-05,-3.369068683451621e-05,-7.17164053312302e-08,-1.5725404412069536e-05,-3.452617944764357e-05,-7.52775953830742e-08,-1.6091801055232992e-05,-3.537184893970319e-05,-7.89697311150414e-08,-1.646193371472644e-05,-3.6227692586925945e-05,-8.279597916362351e-08,-1.683578569191202e-05,-3.709370763278101e-05,-8.675954372258658e-08,-1.721334029640031e-05,-3.796989128798501e-05,-9.086366652990269e-08,-1.7594580846117496e-05,-3.885624073051126e-05,-9.51116268545289e-08,-1.7979490667372372e-05,-3.97527531055992e-05,-9.950674148303244e-08,-1.8368053094923444e-05,-4.0659425525763814e-05,-1.0405236470606269e-07,-1.8760251472045898e-05,-4.1576255070805246e-05,0.4000000000000001
-6.828303189320652e-08,-1.5362760492055234e-05,-3.369068683451621e-05,-7.17164053312302e-08,-1.5725404412069536e-05,-3.452617944764357e-05,-7.52775953830742e-08,-1.6091801055232992e-05,-3.537184893970319e-05,-7.89697311150414e-08,-1.646193371472644e-05,-3.6227692586925945e-05,-8.279597916362351e-08,-1.683578569191202e-05,-3.709370763278101e-05,-8.675954372258658e-08,-1.721334029640031e-05,-3.796989128798501e-05,-9.086366652990269e-08,-1.7594580846117496e-05,-3.885624073051126e-05,-9.51116268545289e-08,-1.7979490667372372e-05,-3.97527531055992e-05,-9.950674148303244e-08,-1.8368053094923444e-05,-4.0659425525763814e-05,-1.0405236470606269e-07,-1.8760251472045898e-05,-4.1576255070805246e-05,0.4000000000000001
-6.828303189320652e-08,-1.5362760492055234e-05,-3.369068683451621e-05,-7.17164053312302e-08,-1.5725404412069536e-05,-3.452617944764357e-05,-7.52775953830742e-08,-1.6091801055232992e-05,-3.537184893970319e-05,-7.89697311150414e-08,-1.646193371472644e-05,-3.6227692586925945e-05,-8.279597916362351e-08,-1.683578569191202e-05,-3.709370763278101e-05,-8.675954372258658e-08,-1.721334029640031e-05,-3.796989128798501e-05,-9.086366652990269e-08,-1.7594580846117496e-05,-3.885624073051126e-05,-9.51116268545289e-08,-1.7979490667372372e-05,-3.97527531055992e-05,-9.950674148303244e-08,-1.8368053094923444e-05,-4.0659425525763814e-05,-1.0405236470606269e-07,-1.8760251472045898e-05,-4.1576255070805246e-05,0.4000000000000001
-6.828303189320652e-08,-1.5362760492055234e-05,-3.369068683451621e-05,-7.17164053312302e-08,-1.5725404412069536e-05,-3.452617944764357e-05,-7.52775953830742e-08,-1.6091801055232992e-05,-3.537184893970319e-05,-7.89697311150414e-08,-1.646193371472644e-05,-3.6227692586925945e-05,-8.279597916362351e-08,-1.683578569191202e-05,-3.709370763278101e-05,-8.675954372258658e-08,-1.721334029640031e-05,-3.796989128798501e-05,-9.086366652990269e-08,-1.7594580846117496e-05,-3.885624073051126e-05,-9.51116268545289e-08,-1.7979490667372372e-05,-3.97527531055992e-05,-9.950674148303244e-08,-1.8368053094923444e-05,-4.0659425525763814e-05,-1.0405236470606269e-07,-1.8760251472045898e-05,-4.1576255070805246e-05,0.4000000000000001
-6.828303189320652e-08,-1.5362760492055234e-05,-3.369068683451621e-05,-7.17164053312302e-08,-1.5725404412069536e-05,-3.452617944764357e-05,-7.52775953830742e-08,-1.6091801055232992e-05,-3.537184893970319e-05,-7.89697311150414e-08,-1.646193371472644e-05,-3.6227692586925945e-05,-8.279597916362351e-08,-1.683578569191202e-05,-3.709370763278101e-05,-8.675954372258658e-08,-1.721334029640031e-05,-3.796989128798501e-05,-9.086366652990269e-08,-1.7594580846117496e-05,-3.885624073051126e-05,-9.51116268545289e-08,-1.7979490667372372e-05,-3.97527531055992e-05,-9.950674148303244e-08,-1.8368053094923444e-05,-4.0659425525763814e-05,-1.0405236470606269e-07,-1.8760251472045898e-05,-4.1576255070805246e-05,0.4000000000000001
-6.828303189320652e-08,-1.5362760492055234e-05,-3.369068683451621e-05,-7.17164053312302e-08,-1.5725404412069536e-05,-3.452617944764357e-05,-7.52775953830742e-08,-1.6091801055232992e-05,-3.537184893970319e-05,-7.89697311150414e-08,-1.646193371472644e-05,-3.6227692586925945e-05,-8.279597916362351e-08,-1.683578569191202e-05,-3.709370763278101e-05,-8.675954372258658e-08,-1.721334029640031e-05,-3.796989128798501e-05,-9.086366652990269e-08,-1.7594580846117496e-05,-3.885624073051126e-05,-9.51116268545289e-08,-1.7979490667372372e-05,-3.97527531055992e-05,-9.950674148303244e-08,-1.8368053094923444e-05,-4.0659425525763814e-05,-1.0405236470606269e-07,-1.8760251472045898e-05,-4.1576255070805246e-05,0.4000000000000001
-6.828303189320652e-08,-1.5362760492055234e-05,-3.369068683451621e-05,-7.17164053312302e-08,-1.5725404412069536e-05,-3.452617944764357e-05,-7.52775953830742e-08,-1.6091801055232992e-05,-3.537184893970319e-05,-7.89697311150414e-08,-1.646193371472644e-05,-3.6227692586925945e-05,-8.279597916362351e-08,-1.683578569191202e-05,-3.709370763278101e-05,-8.675954372258658e-08,-1.721334029640031e-05,-3.796989128798501e-05,-9.086366652990269e-08,-1.7594580846117496e-05,-3.885624073051126e-05,-9.51116268545289e-08,-1.7979490667372372e-05,-3.97527531055992e-05,-9.950674148303244e-08,-1.8368053094923444e-05,-4.0659425525763814e-05,-1.0405236470606269e-07,-1.8760251472045898e-05,-4.1576255070805246e-05,0.4000000000000001
-6.828303189320652e-08,-1.5362760492055234e-05,-3.369068683451621e-05,-7.17164053312302e-08,-1.5725404412069536e-05,-3.452617944764357e-05,-7.52775953830742e-08,-1.6091801055232992e-05,-3.537184893970319e-05,-7.89697311150414e-08,-1.646193371472644e-05,-3.6227692586925945e-05,-8.279597916362351e-08,-1.683578569191202e-05,-3.709370763278101e-05,-8.675954372258658e-08,-1.721334029640031e-05,-3.796989128798501e-05,-9.086366652990269e-08,-1.7594580846117496e-05,-3.885624073051126e-05,-9.51116268545289e-08,-1.7979490667372372e-05,-3.97527531055992e-05,-9.950674148303244e-08,-1.8368053094923444e-05,-4.0659425525763814e-05,-1.0405236470606269e-07,-1.8760251472045898e-05,-4.1576255070805246e-05,0.4000000000000001
-6.828303189320652e-08,-1.5362760492055234e-05,-3.369068683451621e-05,-7.17164053312302e-08,-1.5725404412069536e-05,-3.452617944764357e-05,-7.52775953830742e-08,-1.6091801055232992e-05,-3.537184893970319e-05,-7.89697311150414e-08,-1.646193371472644e-05,-3.6227692586925945e-05,-8.279597916362351e-08,-1.683578569191202e-05,-3.709370763278101e-05,-8.675954372258658e-08,-1.721334029640031e-05,-3.796989128798501e-05,-9.086366652990269e-08,-1.7594580846117496e-05,-3.885624073051126e-05,-9.51116268545289e-08,-1.7979490667372372e-05,-3.97527531055992e-05,-9.950674148303244e-08,-1.8368053094923444e-05,-4.0659425525763814e-05,-1.0405236470606269e-07,-1.8760251472045898e-05,-4.1576255070805246e-05,0.4000000000000001
-6.828303189320652e-08,-1.5362760492055234e-05,-3.369068683451621e-05,-7.17164053312302e-08,-1.5725404412069536e-05,-3.452617944764357e-05,-7.52775953830742e-08,-1.6091801055232992e-05,-3.537184893970319e-05,-7.89697311150414e-08,-1.646193371472644e-05,-3.6227692586925945e-05,-8.279597916362351e-08,-1.683578569191202e-05,-3.709370763278101e-05,-8.675954372258658e-08,-1.721334029640031e-05,-3.796989128798501e-05,-9.086366652990269e-08,-1.7594580846117496e-05,-3.885624073051126e-05,-9.51116268545289e-08,-1.7979490667372372e-05,-3.97527531055992e-05,-9.950674148303244e-08,-1.8368053094923444e-05,-4.0659425525763814e-05,-1.0405236470606269e-07,-1.8760251472045898e-05,-4.1576255070805246e-05,0.4000000000000001
-6.828303189320652e-08,-1.5362760492055234e-05,-3.369068683451621e-05,-7.17164053312302e-08,-1.5725404412069536e-05,-3.452617944764357e-05,-7.52775953830742e-08,-1.6091801055232992e-05,-3.537184893970319e-05,-7.89697311150414e-08,-1.646193371472644e-05,-3.6227692586925945e-05,-8.279597916362351e-08,-1.683578569191202e-05,-3.709370763278101e-05,-8.675954372258658e-08,-1.721334029640031e-05,-3.796989128798501e-05,-9.086366652990269e-08,-1.7594580846117496e-05,-3.885624073051126e-05,-9.51116268545289e-08,-1.7979490667372372e-05,-3.97527531055992e-05,-9.950674148303244e-08,-1.8368053094923444e-05,-4.0659425525763814e-05,-1.0405236470606269e-07,-1.8760251472045898e-05,-4.1576255070805246e-05,0.4000000000000001
-6.828303189320652e-08,-1.5362760492055234e-05,-3.369068683451621e-05,-7.17164053312302e-08,-1.5725404412069536e-05,-3.452617944764357e-05,-7.52775953830742e-08,-1.6091801055232992e-05,-3.537184893970319e-05,-7.89697311150414e-08,-1.646193371472644e-05,-3.6227692586925945e-05,-8.279597916362351e-08,-1.683578569191202e-05,-3.709370763278101e-05,-8.675954372258658e-08,-1.721334029640031e-05,-3.796989128798501e-05,-9.086366652990269e-08,-1.7594580846117496e-05,-3.885624073051126e-05,-9.51116268545289e-08,-1.7979490667372372e-05,-3.97527531055992e-05,-9.950674148303244e-08,-1.8368053094923444e-05,-4.0659425525763814e-05,-1.0405236470606269e-07,-1.8760251472045898e-05,-4.1576255070805246e-05,0.4000000000000001
-6.828303189320652e-08,-1.5362760492055234e-05,-3.369068683451621e-05,-7.17164053312302e-08,-1.5725404412069536e-05,-3.452617944764357e-05,-7.52775953830742e-08,-1.6091801055232992e-05,-3.537184893970319e-05,-7.89697311150414e-08,-1.646193371472644e-05,-3.6227692586925945e-05,-8.279597916362351e-08,-1.683578569191202e-05,-3.709370763278101e-05,-8.675954372258658e-08,-1.721334029640031e-05,-3.796989128798501e-05,-9.086366652990269e-08,-1.7594580846117496e-05,-3.885624073051126e-05,-9.51116268545289e-08,-1.7979490667372372e-05,-3.97527531055992e-05,-9.950674148303244e-08,-1.8368053094923444e-05,-4.0659425525763814e-05,-1.0405236470606269e-07,-1.8760251472045898e-05,-4.1576255070805246e-05,0.4000000000000001
-6.828303189320652e-08,-1.5362760492055234e-05,-3.369068683451621e-05,-7.17164053312302e-08,-1.5725404412069536e-05,-3.452617944764357e-05,-7.52775953830742e-08,-1.6091801055232992e-05,-3.537184893970319e-05,-7.89697311150414e-08,-1.646193371472644e-05,-3.6227692586925945e-05,-8.279597916362351e-08,-1.683578569191202e-05,-3.709370763278101e-05,-8.675954372258658e-08,-1.721334029640031e-05,-3.796989128798501e-05,-9.086366652990269e-08,-1.7594580846117496e-05,-3.885624073051126e-05,-9.51116268545289e-08,-1.7979490667372372e-05,-3.97527531055992e-05,-9.950674148303244e-08,-1.8368053094923444e-05,-4.0659425525763814e-05,-1.0405236470606269e-07,-1.8760251472045898e-05,-4.1576255070805246e-05,0.4000000000000001
-6.828303189320652e-08,-1.5362760492055234e-05,-3.369068683451621e-05,-7.17164053312302e-08,-1.5725404412069536e-05,-3.452617944764357e-05,-7.52775953830742e-08,-1.6091801055232992e-05,-3.537184893970319e-05,-7.89697311150414e-08,-1.646193371472644e-05,-3.6227692586925945e-05,-8.279597916362351e-08,-1.683578569191202e-05,-3.709370763278101e-05,-8.675954372258658e-08,-1.721334029640031e-05,-3.796989128798501e-05,-9.086366652990269e-08,-1.7594580846117496e-05,-3.885624073051126e-05,-9.51116268545289e-08,-1.7979490667372372e-05,-3.97527531055992e-05,-9.950674148303244e-08,-1.8368053094923444e-05,-4.0659425525763814e-05,-1.0405236470606269e-07,-1.8760251472045898e-05,-4.1576255070805246e-05,0.4000000000000001
-6.828303189320652e-08,-1.5362760492055234e-05,-3.369068683451621e-05,-7.17164053312302e-08,-1.5725404412069536e-05,-3.452617944764357e-05,-7.52775953830742e-08,-1.6091801055232992e-05,-3.537184893970319e-05,-7.89697311150414e-08,-1.646193371472644e-05,-3.6227692586925945e-05,-8.279597916362351e-08,-1.683578569191202e-05,-3.709370763278101e-05,-8.675954372258658e-08,-1.721334029640031e-05,-3.796989128798501e-05,-9.086366652990269e-08,-1.7594580846117496e-05,-3.885624073051126e-05,-9.51116268545289e-08,-1.7979490667372372e-05,-3.97527531055992e-05,-9.950674148303244e-08,-1.8368053094923444e-05,-4.0659425525763814e-05,-1.0405236470606269e-07,-1.8760251472045898e-05,-4.1576255070805246e-05,0.4000000000000001
-6.828303189320652e-08,-1.5362760492055234e-05,-3.369068683451621e-05,-7.17164053312302e-08,-1.5725404412069536e-05,-3.452617944764357e-05,-7.52775953830742e-08,-1.6091801055232992e-05,-3.537184893970319e-05,-7.89697311150414e-08,-1.646193371472644e-05,-3.6227692586925945e-05,-8.279597916362351e-08,-1.683578569191202e-05,-3.709370763278101e-05,-8.675954372258658e-08,-1.721334029640031e-05,-3.796989128798501e-05,-9.086366652990269e-08,-1.7594580846117496e-05,-3.885624073051126e-05,-9.51116268545289e-08,-1.7979490667372372e-05,-3.97527531055992e-05,-9.950674148303244e-08,-1.8368053094923444e-05,-4.0659425525763814e-05,-1.0405236470606269e-07,-1.8760251472045898e-05,-4.1576255070805246e-05,0.4000000000000001
-6.828303189320652e-08,-1.5362760492055234e-05,-3.369068683451621e-05,-7.17164053312302e-08,-1.5725404412069536e-05,-3.452617944764357e-05,-7.52775953830742e-08,-1.6091801055232992e-05,-3.537184893970319e-05,-7.89697311150414e-08,-1.646193371472644e-05,-3.6227692586925945e-05,-8.279597916362351e-08,-1.683578569191202e-05,-3.709370763278101e-05,-8.675954372258658e-08,-1.721334029640031e-05,-3.796989128798501e-05,-9.086366652990269e-08,-1.7594580846117496e-05,-3.885624073051126e-05,-9.51116268545289e-08,-1.7979490667372372e-05,-3.97527531055992e-05,-9.950674148303244e-08,-1.8368053094923444e-05,-4.0659425525763814e-05,-1.0405236470606269e-07,-1.8760251472045898e-05,-4.1576255070805246e-05,0.4000000000000001
-6.828303189320652e-08,-1.5362760492055234e-05,-3.369068683451621e-05,-7.17164053312302e-08,-1.5725404412069536e-05,-3.452617944764357e-05,-7.52775953830742e-08,-1.6091801055232992e-05,-3.537184893970319e-05,-7.89697311150414e-08,-1.646193371472644e-05,-3.6227692586925945e-05,-8.279597916362351e-08,-1.683578569191202e-05,-3.709370763278101e-05,-8.675954372258658e-08,-1.721334029640031e-05,-3.796989128798501e-05,-9.086366652990269e-08,-1.7594580846117496e-05,-3.885624073051126e-05,-9.51116268545289e-08,-1.7979490667372372e-05,-3.97527531055992e-05,-9.950674148303244e-08,-1.8368053094923444e-05,-4.0659425525763814e-05,-1.0405236470606269e-07,-1.8760251472045898e-05,-4.1576255070805246e-05,0.4000000000000001
-6.828303189320652e-08,-1.5362760492055234e-05,-3.369068683451621e-05,-7.17164053312302e-08,-1.5725404412069536e-05,-3.452617944764357e-05,-7.52775953830742e-08,-1.6091801055232992e-05,-3.537184893970319e-05,-7.89697311150414e-08,-1.646193371472644e-05,-3.6227692586925945e-05,-8.279597916362351e-08,-1.683578569191202e-05,-3.709370763278101e-05,-8.675954372258658e-08,-1.721334029640031e-05,-3.796989128798501e-05,-9.086366652990269e-08,-1.7594580846117496e-05,-3.885624073051126e-05,-9.51116268545289e-08,-1.7979490667372372e-05,-3.97527531055992e-05,-9.950674148303244e-08,-1.8368053094923444e-05,-4.0659425525763814e-05,-1.0405236470606269e-07,-1.8760251472045898e-05,-4.1576255070805246e-05,0.4000000000000001
-6.828303189320652e-08,-1.5362760492055234e-05,-3.369068683451621e-05,-7.17164053312302e-08,-1.5725404412069536e-05,-3.452617944764357e-05,-7.52775953830742e-08,-1.6091801055232992e-05,-3.537184893970319e-05,-7.89697311150414e-08,-1.646193371472644e-05,-3.6227692586925945e-05,-8.279597916362351e-08,-1.683578569191202e-05,-3.709370763278101e-05,-8.675954372258658e-08,-1.721334029640031e-05,-3.796989128798501e-05,-9.086366652990269e-08,-1.7594580846117496e-05,-3.885624073051126e-05,-9.51116268545289e-08,-1.7979490667372372e-05,-3.97527531055992e-05,-9.950674148303244e-08,-1.8368053094923444e-05,-4.0659425525763814e-05,-1.0405236470606269e-07,-1.8760251472045898e-05,-4.1576255070805246e-05,0.4000000000000001
-6.828303189320652e-08,-1.5362760492055234e-05,-3.369068683451621e-05,-7.17164053312302e-08,-1.5725404412069536e-05,-3.452617944764357e-05,-7.52775953830742e-08,-1.6091801055232992e-05,-3.537184893970319e-05,-7.89697311150414e-08,-1.646193371472644e-05,-3.6227692586925945e-05,-8.279597916362351e-08,-1.683578569191202e-05,-3.709370763278101e-05,-8.675954372258658e-08,-1.721334029640031e-05,-3.796989128798501e-05,-9.086366652990269e-08,-1.7594580846117496e-05,-3.885624073051126e-05,-9.51116268545289e-08,-1.7979490667372372e-05,-3.97527531055992e-05,-9.950674148303244e-08,-1.8368053094923444e-05,-4.0659425525763814e-05,-1.0405236470606269e-07,-1.8760251472045898e-05,-4.1576255070805246e-05,0.4000000000000001
-6.828303189320652e-08,-1.5362760492055234e-05,-3.369068683451621e-05,-7.17164053312302e-08,-1.5725404412069536e-05,-3.452617944764357e-05,-7.52775953830742e-08,-1.6091801055232992e-05,-3.537184893970319e-05,-7.89697311150414e-08,-1.646193371472644e-05,-3.6227692586925945e-05,-8.279597916362351e-08,-1.683578569191202e-05,-3.709370763278101e-05,-8.675954372258658e-08,-1.721334029640031e-05,-3.796989128798501e-05,-9.086366652990269e-08,-1.7594580846117496e-05,-3.885624073051126e-05,-9.51116268545289e-08,-1.7979490667372372e-05,-3.97527531055992e-05,-9.950674148303244e-08,-1.8368053094923444e-05,-4.0659425525763814e-05,-1.0405236470606269e-07,-1.8760251472045898e-05,-4.1576255070805246e-05,0.4000000000000001
-6.828303189320652e-08,-1.5362760492055234e-05,-3.369068683451621e-05,-7.17164053312302e-08,-1.5725404412069536e-05,-3.452617944764357e-05,-7.52775953830742e-08,-1.6091801055232992e-05,-3.537184893970319e-05,-7.89697311150414e-08,-1.646193371472644e-05,-3.6227692586925945e-05,-8.279597916362351e-08,-1.683578569191202e-05,-3.709370763278101e-05,-8.675954372258658e-08,-1.721334029640031e-05,-3.796989128798501e-05,-9.086366652990269e-08,-1.7594580846117496e-05,-3.885624073051126e-05,-9.51116268545289e-08,-1.7979490667372372e-05,-3.97527531055992e-05,-9.950674148303244e-08,-1.8368053094923444e-05,-4.0659425525763814e-05,-1.0405236470606269e-07,-1.8760251472045898e-05,-4.1576255070805246e-05,0.4000000000000001
-6.828303189320652e-08,-1.5362760492055234e-05,-3.369068683451621e-05,-7.17164053312302e-08,-1.5725404412069536e-05,-3.452617944764357e-05,-7.52775953830742e-08,-1.6091801055232992e-05,-3.537184893970319e-05,-7.89697311150414e-08,-1.646193371472644e-05,-3.6227692586925945e-05,-8.279597916362351e-08,-1.683578569191202e-05,-3.709370763278101e-05,-8.675954372258658e-08,-1.721334029640031e-05,-3.796989128798501e-05,-9.086366652990269e-08,-1.7594580846117496e-05,-3.885624073051126e-05,-9.51116268545289e-08,-1.7979490667372372e-05,-3.97527531055992e-05,-9.950674148303244e-08,-1.8368053094923444e-05,-4.0659425525763814e-05,-1.0405236470606269e-07,-1.8760251472045898e-05,-4.1576255070805246e-05,0.4000000000000001
-6.828303189320652e-08,-1.5362760492055234e-05,-3.369068683451621e-05,-7.17164053312302e-08,-1.5725404412069536e-05,-3.452617944764357e-05,-7.52775953830742e-08,-1.6091801055232992e-05,-3.537184893970319e-05,-7.89697311150414e-08,-1.646193371472644e-05,-3.6227692586925945e-05,-8.279597916362351e-08,-1.683578569191202e-05,-3.709370763278101e-05,-8.675954372258658e-08,-1.721334029640031e-05,-3.796989128798501e-05,-9.086366652990269e-08,-1.7594580846117496e-05,-3.885624073051126e-05,-9.51116268545289e-08,-1.7979490667372372e-05,-3.97527531055992e-05,-9.950674148303244e-08,-1.8368053094923444e-05,-4.0659425525763814e-05,-1.0405236470606269e-07,-1.8760251472045898e-05,-4.1576255070805246e-05,0.4000000000000001
-6.828303189320652e-08,-1.5362760492055234e-05,-3.369068683451621e-05,-7.17164053312302e-08,-1.5725404412069536e-05,-3.452617944764357e-05,-7.52775953830742e-08,-1.6091801055232992e-05,-3.537184893970319e-05,-7.89697311150414e-08,-1.646193371472644e-05,-3.6227692586925945e-05,-8.279597916362351e-08,-1.683578569191202e-05,-3.709370763278101e-05,-8.675954372258658e-08,-1.721334029640031e-05,-3.796989128798501e-05,-9.086366652990269e-08,-1.7594580846117496e-05,-3.885624073051126e-05,-9.51116268545289e-08,-1.7979490667372372e-05,-3.97527531055992e-05,-9.950674148303244e-08,-1.8368053094923444e-05,-4.0659425525763814e-05,-1.0405236470606269e-07,-1.8760251472045898e-05,-4.1576255070805246e-05,0.4000000000000001
-6.828303189320652e-08,-1.5362760492055234e-05,-3.369068683451621e-05,-7.17164053312302e-08,-1.5725404412069536e-05,-3.452617944764357e-05,-7.52775953830742e-08,-1.6091801055232992e-05,-3.537184893970319e-05,-7.89697311150414e-08,-1.646193371472644e-05,-3.6227692586925945e-05,-8.279597916362351e-08,-1.683578569191202e-05,-3.709370763278101e-05,-8.675954372258658e-08,-1.721334029640031e-05,-3.796989128798501e-05,-9.086366652990269e-08,-1.7594580846117496e-05,-3.885624073051126e-05,-9.51116268545289e-08,-1.7979490667372372e-05,-3.97527531055992e-05,-9.950674148303244e-08,-1.8368053094923444e-05,-4.0659425525763814e-05,-1.0405236470606269e-07,-1.8760251472045898e-05,-4.1576255070805246e-05,0.4000000000000001
-6.828303189320652e-08,-1.5362760492055234e-05,-3.369068683451621e-05,-7.17164053312302e-08,-1.5725404412069536e-05,-3.452617944764357e-05,-7.52775953830742e-08,-1.6091801055232992e-05,-3.537184893970319e-05,-7.89697311150414e-08,-1.646193371472644e-05,-3.6227692586925945e-05,-8.279597916362351e-08,-1.683578569191202e-05,-3.709370763278101e-05,-8.675954372258658e-08,-1.721334029640031e-05,-3.796989128798501e-05,-9.086366652990269e-08,-1.7594580846117496e-05,-3.885624073051126e-05,-9.51116268545289e-08,-1.7979490667372372e-05,-3.97527531055992e-05,-9.950674148303244e-08,-1.8368053094923444e-05,-4.0659425525763814e-05,-1.0405236470606269e-07,-1.8760251472045898e-05,-4.1576255070805246e-05,0.4000000000000001
-6.828303189320652e-08,-1.5362760492055234e-05,-3.369068683451621e-05,-7.17164053312302e-08,-1.5725404412069536e-05,-3.452617944764357e-05,-7.52775953830742e-08,-1.6091801055232992e-05,-3.537184893970319e-05,-7.89697311150414e-08,-1.646193371472644e-05,-3.6227692586925945e-05,-8.279597916362351e-08,-1.683578569191202e-05,-3.709370763278101e-05,-8.675954372258658e-08,-1.721334029640031e-05,-3.796989128798501e-05,-9.086366652990269e-08,-1.7594580846117496e-05,-3.885624073051126e-05,-9.51116268545289e-08,-1.7979490667372372e-05,-3.97527531055992e-05,-9.950674148303244e-08,-1.8368053094923444e-05,-4.0659425525763814e-05,-1.0405236470606269e-07,-1.8760251472045898e-05,-4.1576255070805246e-05,0.4000000000000001
-6.828303189320652e-08,-1.5362760492055234e-05,-3.369068683451621e-05,-7.17164053312302e-08,-1.5725404412069536e-05,-3.452617944764357e-05,-7.52775953830742e-08,-1.6091801055232992e-05,-3.537184893970319e-05,-7.89697311150414e-08,-1.646193371472644e-05,-3.6227692586925945e-05,-8.279597916362351e-08,-1.683578569191202e-05,-3.709370763278101e-05,-8.675954372258658e-08,-1.721334029640031e-05,-3.796989128798501e-05,-9.086366652990269e-08,-1.7594580846117496e-05,-3.885624073051126e-05,-9.51116268545289e-08,-1.7979490667372372e-05,-3.97527531055992e-05,-9.950674148303244e-08,-1.8368053094923444e-05,-4.0659425525763814e-05,-1.0405236470606269e-07,-1.8760251472045898e-05,-4.1576255070805246e-05,0.4000000000000001
-6.828303189320652e-08,-1.5362760492055234e-05,-3.369068683451621e-05,-7.17164053312302e-08,-1.5725404412069536e-05,-3.452617944764357e-05,-7.52775953830742e-08,-1.6091801055232992e-05,-3.537184893970319e-05,-7.89697311150414e-08,-1.646193371472644e-05,-3.6227692586925945e-05,-8.279597916362351e-08,-1.683578569191202e-05,-3.709370763278101e-05,-8.675954372258658e-08,-1.721334029640031e-05,-3.796989128798501e-05,-9.086366652990269e-08,-1.7594580846117496e-05,-3.885624073051126e-05,-9.51116268545289e-08,-1.7979490667372372e-05,-3.97527531055992e-05,-9.950674148303244e-08,-1.8368053094923444e-05,-4.0659425525763814e-05,-1.0405236470606269e-07,-1.8760251472045898e-05,-4.1576255070805246e-05,0.4000000000000001
-6.828303189320652e-08,-1.5362760492055234e-05,-3.369068683451621e-05,-7.17164053312302e-08,-1.5725404412069536e-05,-3.452617944764357e-05,-7.52775953830742e-08,-1.6091801055232992e-05,-3.537184893970319e-05,-7.89697311150414e-08,-1.646193371472644e-05,-3.6227692586925945e-05,-8.279597916362351e-08,-1.683578569191202e-05,-3.709370763278101e-05,-8.675954372258658e-08,-1.721334029640031e-05,-3.796989128798501e-05,-9.086366652990269e-08,-1.7594580846117496e-05,-3.885624073051126e-05,-9.51116268545289e-08,-1.7979490667372372e-05,-3.97527531055992e-05,-9.950674148303244e-08,-1.8368053094923444e-05,-4.0659425525763814e-05,-1.0405236470606269e-07,-1.8760251472045898e-05,-4.1576255070805246e-05,0.4000000000000001
-6.828303189320652e-08,-1.5362760492055234e-05,-3.369068683451621e-05,-7.17164053312302e-08,-1.5725404412069536e-05,-3.452617944764357e-05,-7.52775953830742e-08,-1.6091801055232992e-05,-3.537184893970319e-05,-7.89697311150414e-08,-1.646193371472644e-05,-3.6227692586925945e-05,-8.279597916362351e-08,-1.683578569191202e-05,-3.709370763278101e-05,-8.675954372258658e-08,-1.721334029640031e-05,-3.796989128798501e-05,-9.086366652990269e-08,-1.7594580846117496e-05,-3.885624073051126e-05,-9.51116268545289e-08,-1.7979490667372372e-05,-3.97527531055992e-05,-9.950674148303244e-08,-1.8368053094923444e-05,-4.0659425525763814e-05,-1.0405236470606269e-07,-1.8760251472045898e-05,-4.1576255070805246e-05,0.4000000000000001
-6.828303189320652e-08,-1.5362760492055234e-05,-3.369068683451621e-05,-7.17164053312302e-08,-1.5725404412069536e-05,-3.452617944764357e-05,-7.52775953830742e-08,-1.6091801055232992e-05,-3.537184893970319e-05,-7.89697311150414e-08,-1.646193371472644e-05,-3.6227692586925945e-05,-8.279597916362351e-08,-1.683578569191202e-05,-3.709370763278101e-05,-8.675954372258658e-08,-1.721334029640031e-05,-3.796989128798501e-05,-9.086366652990269e-08,-1.7594580846117496e-05,-3.885624073051126e-05,-9.51116268545289e-08,-1.7979490667372372e-05,-3.97527531055992e-05,-9.950674148303244e-08,-1.8368053094923444e-05,-4.0659425525763814e-05,-1.0405236470606269e-07,-1.8760251472045898e-05,-4.1576255070805246e-05,0.4000000000000001
-6.828303189320652e-08,-1.5362760492055234e-05,-3.369068683451621e-05,-7.17164053312302e-08,-1.5725404412069536e-05,-3.452617944764357e-05,-7.52775953830742e-08,-1.6091801055232992e-05,-3.537184893970319e-05,-7.89697311150414e-08,-1.646193371472644e-05,-3.6227692586925945e-05,-8.279597916362351e-08,-1.683578569191202e-05,-3.709370763278101e-05,-8.675954372258658e-08,-1.721334029640031e-05,-3.796989128798501e-05,-9.086366652990269e-08,-1.7594580846117496e-05,-3.885624073051126e-05,-9.51116268545289e-08,-1.7979490667372372e-05,-3.97527531055992e-05,-9.950674148303244e-08,-1.8368053094923444e-05,-4.0659425525763814e-05,-1.0405236470606269e-07,-1.8760251472045898e-05,-4.1576255070805246e-05,0.4000000000000001
-6.828303189320652e-08,-1.5362760492055234e-05,-3.369068683451621e-05,-7.17164053312302e-08,-1.5725404412069536e-05,-3.452617944764357e-05,-7.52775953830742e-08,-1.6091801055232992e-05,-3.537184893970319e-05,-7.89697311150414e-08,-1.646193371472644e-05,-3.6227692586925945e-05,-8.279597916362351e-08,-1.683578569191202e-05,-3.709370763278101e-05,-8.675954372258658e-08,-1.721334029640031e-05,-3.796989128798501e-05,-9.086366652990269e-08,-1.7594580846117496e-05,-3.885624073051126e-05,-9.51116268545289e-08,-1.7979490667372372e-05,-3.97527531055992e-05,-9.950674148303244e-08,-1.8368053094923444e-05,-4.0659425525763814e-05,-1.0405236470606269e-07,-1.8760251472045898e-05,-4.1576255070805246e-05,0.4000000000000001
-6.828303189320652e-08,-1.5362760492055234e-05,-3.369068683451621e-05,-7.17164053312302e-08,-1.5725404412069536e-05,-3.452617944764357e-05,-7.52775953830742e-08,-1.6091801055232992e-05,-3.537184893970319e-05,-7.89697311150414e-08,-1.646193371472644e-05,-3.6227692586925945e-05,-8.279597916362351e-08,-1.683578569191202e-05,-3.709370763278101e-05,-8.675954372258658e-08,-1.721334029640031e-05,-3.796989128798501e-05,-9.086366652990269e-08,-1.7594580846117496e-05,-3.885624073051126e-05,-9.51116268545289e-08,-1.7979490667372372e-05,-3.97527531055992e-05,-9.950674148303244e-08,-1.8368053094923444e-05,-4.0659425525763814e-05,-1.0405236470606269e-07,-1.8760251472045898e-05,-4.1576255070805246e-05,0.4000000000000001
-6.828303189320652e-08,-1.5362760492055234e-05,-3.369068683451621e-05,-7.17164053312302e-08,-1.5725404412069536e-05,-3.452617944764357e-05,-7.52775953830742e-08,-1.6091801055232992e-05,-3.537184893970319e-05,-7.89697311150414e-08,-1.646193371472644e-05,-3.6227692586925945e-05,-8.279597916362351e-08,-1.683578569191202e-05,-3.709370763278101e-05,-8.675954372258658e-08,-1.721334029640031e-05,-3.796989128798501e-05,-9.086366652990269e-08,-1.7594580846117496e-05,-3.885624073051126e-05,-9.51116268545289e-08,-1.7979490667372372e-05,-3.97527531055992e-05,-9.950674148303244e-08,-1.8368053094923444e-05,-4.0659425525763814e-05,-1.0405236470606269e-07,-1.8760251472045898e-05,-4.1576255070805246e-05,0.4000000000000001
-6.828303189320652e-08,-1.5362760492055234e-05,-3.369068683451621e-05,-7.17164053312302e-08,-1.5725404412069536e-05,-3.452617944764357e-05,-7.52775953830742e-08,-1.6091801055232992e-05,-3.537184893970319e-05,-7.89697311150414e-08,-1.646193371472644e-05,-3.6227692586925945e-05,-8.279597916362351e-08,-1.683578569191202e-05,-3.709370763278101e-05,-8.675954372258658e-08,-1.721334029640031e-05,-3.796989128798501e-05,-9.086366652990269e-08,-1.7594580846117496e-05,-3.885624073051126e-05,-9.51116268545289e-08,-1.7979490667372372e-05,-3.97527531055992e-05,-9.950674148303244e-08,-1.8368053094923444e-05,-4.0659425525763814e-05,-1.0405236470606269e-07,-1.8760251472045898e-05,-4.1576255070805246e-05,0.4000000000000001
-6.828303189320652e-08,-1.5362760492055234e-05,-3.369068683451621e-05,-7.17164053312302e-08,-1.5725404412069536e-05,-3.452617944764357e-05,-7.52775953830742e-08,-1.6091801055232992e-05,-3.537184893970319e-05,-7.89697311150414e-08,-1.646193371472644e-05,-3.6227692586925945e-05,-8.279597916362351e-08,-1.683578569191202e-05,-3.709370763278101e-05,-8.675954372258658e-08,-1.721334029640031e-05,-3.796989128798501e-05,-9.086366652990269e-08,-1.7594580846117496e-05,-3.885624073051126e-05,-9.51116268545289e-08,-1.7979490667372372e-05,-3.97527531055992e-05,-9.950674148303244e-08,-1.8368053094923444e-05,-4.0659425525763814e-05,-1.0405236470606269e-07,-1.8760251472045898e-05,-4.1576255070805246e-05,0.4000000000000001
-6.828303189320652e-08,-1.5362760492055234e-05,-3.369068683451621e-05,-7.17164053312302e-08,-1.5725404412069536e-05,-3.452617944764357e-05,-7.52775953830742e-08,-1.6091801055232992e-05,-3.537184893970319e-05,-7.89697311150414e-08,-1.646193371472644e-05,-3.6227692586925945e-05,-8.279597916362351e-08,-1.683578569191202e-05,-3.709370763278101e-05,-8.675954372258658e-08,-1.721334029640031e-05,-3.796989128798501e-05,-9.086366652990269e-08,-1.7594580846117496e-05,-3.885624073051126e-05,-9.51116268545289e-08,-1.7979490667372372e-05,-3.97527531055992e-05,-9.950674148303244e-08,-1.8368053094923444e-05,-4.0659425525763814e-05,-1.0405236470606269e-07,-1.8760251472045898e-05,-4.1576255070805246e-05,0.4000000000000001
-6.828303189320652e-08,-1.5362760492055234e-05,-3.369068683451621e-05,-7.17164053312302e-08,-1.5725404412069536e-05,-3.452617944764357e-05,-7.52775953830742e-08,-1.6091801055232992e-05,-3.537184893970319e-05,-7.89697311150414e-08,-1.646193371472644e-05,-3.6227692586925945e-05,-8.279597916362351e-08,-1.683578569191202e-05,-3.709370763278101e-05,-8.675954372258658e-08,-1.721334029640031e-05,-3.796989128798501e-05,-9.086366652990269e-08,-1.7594580846117496e-05,-3.885624073051126e-05,-9.51116268545289e-08,-1.7979490667372372e-05,-3.97527531055992e-05,-9.950674148303244e-08,-1.8368053094923444e-05,-4.0659425525763814e-05,-1.0405236470606269e-07,-1.8760251472045898e-05,-4.1576255070805246e-05,0.4000000000000001
-6.828303189320652e-08,-1.5362760492055234e-05,-3.369068683451621e-05,-7.17164053312302e-08,-1.5725404412069536e-05,-3.452617944764357e-05,-7.52775953830742e-08,-1.6091801055232992e-05,-3.537184893970319e-05,-7.89697311150414e-08,-1.646193371472644e-05,-3.6227692586925945e-05,-8.279597916362351e-08,-1.683578569191202e-05,-3.709370763278101e-05,-8.675954372258658e-08,-1.721334029640031e-05,-3.796989128798501e-05,-9.086366652990269e-08,-1.7594580846117496e-05,-3.885624073051126e-05,-9.51116268545289e-08,-1.7979490667372372e-05,-3.97527531055992e-05,-9.950674148303244e-08,-1.8368053094923444e-05,-4.0659425525763814e-05,-1.0405236470606269e-07,-1.8760251472045898e-05,-4.1576255070805246e-05,0.4000000000000001
-6.828303189320652e-08,-1.5362760492055234e-05,-3.369068683451621e-05,-7.17164053312302e-08,-1.5725404412069536e-05,-3.452617944764357e-05,-7.52775953830742e-08,-1.6091801055232992e-05,-3.537184893970319e-05,-7.89697311150414e-08,-1.646193371472644e-05,-3.6227692586925945e-05,-8.279597916362351e-08,-1.683578569191202e-05,-3.709370763278101e-05,-8.675954372258658e-08,-1.721334029640031e-05,-3.796989128798501e-05,-9.086366652990269e-08,-1.7594580846117496e-05,-3.885624073051126e-05,-9.51116268545289e-08,-1.7979490667372372e-05,-3.97527531055992e-05,-9.950674148303244e-08,-1.8368053094923444e-05,-4.0659425525763814e-05,-1.0405236470606269e-07,-1.8760251472045898e-05,-4.1576255070805246e-05,0.4000000000000001
-6.828303189320652e-08,-1.5362760492055234e-05,-3.369068683451621e-05,-7.17164053312302e-08,-1.5725404412069536e-05,-3.452617944764357e-05,-7.52775953830742e-08,-1.6091801055232992e-05,-3.537184893970319e-05,-7.89697311150414e-08,-1.646193371472644e-05,-3.6227692586925945e-05,-8.279597916362351e-08,-1.683578569191202e-05,-3.709370763278101e-05,-8.675954372258658e-08,-1.721334029640031e-05,-3.796989128798501e-05,-9.086366652990269e-08,-1.7594580846117496e-05,-3.885624073051126e-05,-9.51116268545289e-08,-1.7979490667372372e-05,-3.97527531055992e-05,-9.950674148303244e-08,-1.8368053094923444e-05,-4.0659425525763814e-05,-1.0405236470606269e-07,-1.8760251472045898e-05,-4.1576255070805246e-05,0.4000000000000001
-6.828303189320652e-08,-1.5362760492055234e-05,-3.369068683451621e-05,-7.17164053312302e-08,-1.5725404412069536e-05,-3.452617944764357e-05,-7.52775953830742e-08,-1.6091801055232992e-05,-3.537184893970319e-05,-7.89697311150414e-08,-1.646193371472644e-05,-3.6227692586925945e-05,-8.279597916362351e-08,-1.683578569191202e-05,-3.709370763278101e-05,-8.675954372258658e-08,-1.721334029640031e-05,-3.796989128798501e-05,-9.086366652990269e-08,-1.7594580846117496e-05,-3.885624073051126e-05,-9.51116268545289e-08,-1.7979490667372372e-05,-3.97527531055992e-05,-9.950674148303244e-08,-1.8368053094923444e-05,-4.0659425525763814e-05,-1.0405236470606269e-07,-1.8760251472045898e-05,-4.1576255070805246e-05,0.4000000000000001
-6.828303189320652e-08,-1.5362760492055234e-05,-3.369068683451621e-05,-7.17164053312302e-08,-1.5725404412069536e-05,-3.452617944764357e-05,-7.52775953830742e-08,-1.6091801055232992e-05,-3.537184893970319e-05,-7.89697311150414e-08,-1.646193371472644e-05,-3.6227692586925945e-05,-8.279597916362351e-08,-1.683578569191202e-05,-3.709370763278101e-05,-8.675954372258658e-08,-1.721334029640031e-05,-3.796989128798501e-05,-9.086366652990269e-08,-1.7594580846117496e-05,-3.885624073051126e-05,-9.51116268545289e-08,-1.7979490667372372e-05,-3.97527531055992e-05,-9.950674148303244e-08,-1.8368053094923444e-05,-4.0659425525763814e-05,-1.0405236470606269e-07,-1.8760251472045898e-05,-4.1576255070805246e-05,0.4000000000000001
-6.828303189320652e-08,-1.5362760492055234e-05,-3.369068683451621e-05,-7.17164053312302e-08,-1.5725404412069536e-05,-3.452617944764357e-05,-7.52775953830742e-08,-1.6091801055232992e-05,-3.537184893970319e-05,-7.89697311150414e-08,-1.646193371472644e-05,-3.6227692586925945e-05,-8.279597916362351e-08,-1.683578569191202e-05,-3.709370763278101e-05,-8.675954372258658e-08,-1.721334029640031e-05,-3.796989128798501e-05,-9.086366652990269e-08,-1.7594580846117496e-05,-3.885624073051126e-05,-9.51116268545289e-08,-1.7979490667372372e-05,-3.97527531055992e-05,-9.950674148303244e-08,-1.8368053094923444e-05,-4.0659425525763814e-05,-1.0405236470606269e-07,-1.8760251472045898e-05,-4.1576255070805246e-05,0.4000000000000001
-6.828303189320652e-08,-1.5362760492055234e-05,-3.369068683451621e-05,-7.17164053312302e-08,-1.5725404412069536e-05,-3.452617944764357e-05,-7.52775953830742e-08,-1.6091801055232992e-05,-3.537184893970319e-05,-7.89697311150414e-08,-1.646193371472644e-05,-3.6227692586925945e-05,-8.279597916362351e-08,-1.683578569191202e-05,-3.709370763278101e-05,-8.675954372258658e-08,-1.721334029640031e-05,-3.796989128798501e-05,-9.086366652990269e-08,-1.7594580846117496e-05,-3.885624073051126e-05,-9.51116268545289e-08,-1.7979490667372372e-05,-3.97527531055992e-05,-9.950674148303244e-08,-1.8368053094923444e-05,-4.0659425525763814e-05,-1.0405236470606269e-07,-1.8760251472045898e-05,-4.1576255070805246e-05,0.4000000000000001
-6.828303189320652e-08,-1.5362760492055234e-05,-3.369068683451621e-05,-7.17164053312302e-08,-1.5725404412069536e-05,-3.452617944764357e-05,-7.52775953830742e-08,-1.6091801055232992e-05,-3.537184893970319e-05,-7.89697311150414e-08,-1.646193371472644e-05,-3.6227692586925945e-05,-8.279597916362351e-08,-1.683578569191202e-05,-3.709370763278101e-05,-8.675954372258658e-08,-1.721334029640031e-05,-3.796989128798501e-05,-9.086366652990269e-08,-1.7594580846117496e-05,-3.885624073051126e-05,-9.51116268545289e-08,-1.7979490667372372e-05,-3.97527531055992e-05,-9.950674148303244e-08,-1.8368053094923444e-05,-4.0659425525763814e-05,-1.0405236470606269e-07,-1.8760251472045898e-05,-4.1576255070805246e-05,0.4000000000000001
-6.828303189320652e-08,-1.5362760492055234e-05,-3.369068683451621e-05,-7.17164053312302e-08,-1.5725404412069536e-05,-3.452617944764357e-05,-7.52775953830742e-08,-1.6091801055232992e-05,-3.537184893970319e-05,-7.89697311150414e-08,-1.646193371472644e-05,-3.6227692586925945e-05,-8.279597916362351e-08,-1.683578569191202e-05,-3.709370763278101e-05,-8.675954372258658e-08,-1.721334029640031e-05,-3.796989128798501e-05,-9.086366652990269e-08,-1.7594580846117496e-05,-3.885624073051126e-05,-9.51116268545289e-08,-1.7979490667372372e-05,-3.97527531055992e-05,-9.950674148303244e-08,-1.8368053094923444e-05,-4.0659425525763814e-05,-1.0405236470606269e-07,-1.8760251472045898e-05,-4.1576255070805246e-05,0.4000000000000001
-6.828303189320652e-08,-1.5362760492055234e-05,-3.369068683451621e-05,-7.17164053312302e-08,-1.5725404412069536e-05,-3.452617944764357e-05,-7.52775953830742e-08,-1.6091801055232992e-05,-3.537184893970319e-05,-7.89697311150414e-08,-1.646193371472644e-05,-3.6227692586925945e-05,-8.279597916362351e-08,-1.683578569191202e-05,-3.709370763278101e-05,-8.675954372258658e-08,-1.721334029640031e-05,-3.796989128798501e-05,-9.086366652990269e-08,-1.7594580846117496e-05,-3.885624073051126e-05,-9.51116268545289e-08,-1.7979490667372372e-05,-3.97527531055992e-05,-9.950674148303244e-08,-1.8368053094923444e-05,-4.0659425525763814e-05,-1.0405236470606269e-07,-1.8760251472045898e-05,-4.1576255070805246e-05,0.4000000000000001
-6.828303189320652e-08,-1.5362760492055234e-05,-3.369068683451621e-05,-7.17164053312302e-08,-1.5725404412069536e-05,-3.452617944764357e-05,-7.52775953830742e-08,-1.6091801055232992e-05,-3.537184893970319e-05,-7.89697311150414e-08,-1.646193371472644e-05,-3.6227692586925945e-05,-8.279597916362351e-08,-1.683578569191202e-05,-3.709370763278101e-05,-8.675954372258658e-08,-1.721334029640031e-05,-3.796989128798501e-05,-9.086366652990269e-08,-1.7594580846117496e-05,-3.885624073051126e-05,-9.51116268545289e-08,-1.7979490667372372e-05,-3.97527531055992e-05,-9.950674148303244e-08,-1.8368053094923444e-05,-4.0659425525763814e-05,-1.0405236470606269e-07,-1.8760251472045898e-05,-4.1576255070805246e-05,0.4000000000000001
-6.828303189320652e-08,-1.5362760492055234e-05,-3.369068683451621e-05,-7.17164053312302e-08,-1.5725404412069536e-05,-3.452617944764357e-05,-7.52775953830742e-08,-1.6091801055232992e-05,-3.537184893970319e-05,-7.89697311150414e-08,-1.646193371472644e-05,-3.6227692586925945e-05,-8.279597916362351e-08,-1.683578569191202e-05,-3.709370763278101e-05,-8.675954372258658e-08,-1.721334029640031e-05,-3.796989128798501e-05,-9.086366652990269e-08,-1.7594580846117496e-05,-3.885624073051126e-05,-9.51116268545289e-08,-1.7979490667372372e-05,-3.97527531055992e-05,-9.950674148303244e-08,-1.8368053094923444e-05,-4.0659425525763814e-05,-1.0405236470606269e-07,-1.8760251472045898e-05,-4.1576255070805246e-05,0.4000000000000001
-6.828303189320652e-08,-1.5362760492055234e-05,-3.369068683451621e-05,-7.17164053312302e-08,-1.5725404412069536e-05,-3.452617944764357e-05,-7.52775953830742e-08,-1.6091801055232992e-05,-3.537184893970319e-05,-7.89697311150414e-08,-1.646193371472644e-05,-3.6227692586925945e-05,-8.279597916362351e-08,-1.683578569191202e-05,-3.709370763278101e-05,-8.675954372258658e-08,-1.721334029640031e-05,-3.796989128798501e-05,-9.086366652990269e-08,-1.7594580846117496e-05,-3.885624073051126e-05,-9.51116268545289e-08,-1.7979490667372372e-05,-3.97527531055992e-05,-9.950674148303244e-08,-1.8368053094923444e-05,-4.0659425525763814e-05,-1.0405236470606269e-07,-1.8760251472045898e-05,-4.1576255070805246e-05,0.4000000000000001
-6.828303189320652e-08,-1.5362760492055234e-05,-3.369068683451621e-05,-7.17164053312302e-08,-1.5725404412069536e-05,-3.452617944764357e-05,-7.52775953830742e-08,-1.6091801055232992e-05,-3.537184893970319e-05,-7.89697311150414e-08,-1.646193371472644e-05,-3.6227692586925945e-05,-8.279597916362351e-08,-1.683578569191202e-05,-3.709370763278101e-05,-8.675954372258658e-08,-1.721334029640031e-05,-3.796989128798501e-05,-9.086366652990269e-08,-1.7594580846117496e-05,-3.885624073051126e-05,-9.51116268545289e-08,-1.7979490667372372e-05,-3.97527531055992e-05,-9.950674148303244e-08,-1.8368053094923444e-05,-4.0659425525763814e-05,-1.0405236470606269e-07,-1.8760251472045898e-05,-4.1576255070805246e-05,0.4000000000000001
-6.828303189320652e-08,-1.5362760492055234e-05,-3.369068683451621e-05,-7.17164053312302e-08,-1.5725404412069536e-05,-3.452617944764357e-05,-7.52775953830742e-08,-1.6091801055232992e-05,-3.537184893970319e-05,-7.89697311150414e-08,-1.646193371472644e-05,-3.6227692586925945e-05,-8.279597916362351e-08,-1.683578569191202e-05,-3.709370763278101e-05,-8.675954372258658e-08,-1.721334029640031e-05,-3.796989128798501e-05,-9.086366652990269e-08,-1.7594580846117496e-05,-3.885624073051126e-05,-9.51116268545289e-08,-1.7979490667372372e-05,-3.97527531055992e-05,-9.950674148303244e-08,-1.8368053094923444e-05,-4.0659425525763814e-05,-1.0405236470606269e-07,-1.8760251472045898e-05,-4.1576255070805246e-05,0.4000000000000001
-6.828303189320652e-08,-1.5362760492055234e-05,-3.369068683451621e-05,-7.17164053312302e-08,-1.5725404412069536e-05,-3.452617944764357e-05,-7.52775953830742e-08,-1.6091801055232992e-05,-3.537184893970319e-05,-7.89697311150414e-08,-1.646193371472644e-05,-3.6227692586925945e-05,-8.279597916362351e-08,-1.683578569191202e-05,-3.709370763278101e-05,-8.675954372258658e-08,-1.721334029640031e-05,-3.796989128798501e-05,-9.086366652990269e-08,-1.7594580846117496e-05,-3.885624073051126e-05,-9.51116268545289e-08,-1.7979490667372372e-05,-3.97527531055992e-05,-9.950674148303244e-08,-1.8368053094923444e-05,-4.0659425525763814e-05,-1.0405236470606269e-07,-1.8760251472045898e-05,-4.1576255070805246e-05,0.4000000000000001
-6.828303189320652e-08,-1.5362760492055234e-05,-3.369068683451621e-05,-7.17164053312302e-08,-1.5725404412069536e-05,-3.452617944764357e-05,-7.52775953830742e-08,-1.6091801055232992e-05,-3.537184893970319e-05,-7.89697311150414e-08,-1.646193371472644e-05,-3.6227692586925945e-05,-8.279597916362351e-08,-1.683578569191202e-05,-3.709370763278101e-05,-8.675954372258658e-08,-1.721334029640031e-05,-3.796989128798501e-05,-9.086366652990269e-08,-1.7594580846117496e-05,-3.885624073051126e-05,-9.51116268545289e-08,-1.7979490667372372e-05,-3.97527531055992e-05,-9.950674148303244e-08,-1.8368053094923444e-05,-4.0659425525763814e-05,-1.0405236470606269e-07,-1.8760251472045898e-05,-4.1576255070805246e-05,0.4000000000000001
-6.828303189320652e-08,-1.5362760492055234e-05,-3.369068683451621e-05,-7.17164053312302e-08,-1.5725404412069536e-05,-3.452617944764357e-05,-7.52775953830742e-08,-1.6091801055232992e-05,-3.537184893970319e-05,-7.89697311150414e-08,-1.646193371472644e-05,-3.6227692586925945e-05,-8.279597916362351e-08,-1.683578569191202e-05,-3.709370763278101e-05,-8.675954372258658e-08,-1.721334029640031e-05,-3.796989128798501e-05,-9.086366652990269e-08,-1.7594580846117496e-05,-3.885624073051126e-05,-9.51116268545289e-08,-1.7979490667372372e-05,-3.97527531055992e-05,-9.950674148303244e-08,-1.8368053094923444e-05,-4.0659425525763814e-05,-1.0405236470606269e-07,-1.8760251472045898e-05,-4.1576255070805246e-05,0.4000000000000001
-6.828303189320652e-08,-1.5362760492055234e-05,-3.369068683451621e-05,-7.17164053312302e-08,-1.5725404412069536e-05,-3.452617944764357e-05,-7.52775953830742e-08,-1.6091801055232992e-05,-3.537184893970319e-05,-7.89697311150414e-08,-1.646193371472644e-05,-3.6227692586925945e-05,-8.279597916362351e-08,-1.683578569191202e-05,-3.709370763278101e-05,-8.675954372258658e-08,-1.721334029640031e-05,-3.796989128798501e-05,-9.086366652990269e-08,-1.7594580846117496e-05,-3.885624073051126e-05,-9.51116268545289e-08,-1.7979490667372372e-05,-3.97527531055992e-05,-9.950674148303244e-08,-1.8368053094923444e-05,-4.0659425525763814e-05,-1.0405236470606269e-07,-1.8760251472045898e-05,-4.1576255070805246e-05,0.4000000000000001
-6.828303189320652e-08,-1.5362760492055234e-05,-3.369068683451621e-05,-7.17164053312302e-08,-1.5725404412069536e-05,-3.452617944764357e-05,-7.52775953830742e-08,-1.6091801055232992e-05,-3.537184893970319e-05,-7.89697311150414e-08,-1.646193371472644e-05,-3.6227692586925945e-05,-8.279597916362351e-08,-1.683578569191202e-05,-3.709370763278101e-05,-8.675954372258658e-08,-1.721334029640031e-05,-3.796989128798501e-05,-9.086366652990269e-08,-1.7594580846117496e-05,-3.885624073051126e-05,-9.51116268545289e-08,-1.7979490667372372e-05,-3.97527531055992e-05,-9.950674148303244e-08,-1.8368053094923444e-05,-4.0659425525763814e-05,-1.0405236470606269e-07,-1.8760251472045898e-05,-4.1576255070805246e-05,0.4000000000000001
-6.828303189320652e-08,-1.5362760492055234e-05,-3.369068683451621e-05,-7.17164053312302e-08,-1.5725404412069536e-05,-3.452617944764357e-05,-7.52775953830742e-08,-1.6091801055232992e-05,-3.537184893970319e-05,-7.89697311150414e-08,-1.646193371472644e-05,-3.6227692586925945e-05,-8.279597916362351e-08,-1.683578569191202e-05,-3.709370763278101e-05,-8.675954372258658e-08,-1.721334029640031e-05,-3.796989128798501e-05,-9.086366652990269e-08,-1.7594580846117496e-05,-3.885624073051126e-05,-9.51116268545289e-08,-1.7979490667372372e-05,-3.97527531055992e-05,-9.950674148303244e-08,-1.8368053094923444e-05,-4.0659425525763814e-05,-1.0405236470606269e-07,-1.8760251472045898e-05,-4.1576255070805246e-05,0.4000000000000001
-6.828303189320652e-08,-1.5362760492055234e-05,-3.369068683451621e-05,-7.17164053312302e-08,-1.5725404412069536e-05,-3.452617944764357e-05,-7.52775953830742e-08,-1.6091801055232992e-05,-3.537184893970319e-05,-7.89697311150414e-08,-1.646193371472644e-05,-3.6227692586925945e-05,-8.279597916362351e-08,-1.683578569191202e-05,-3.709370763278101e-05,-8.675954372258658e-08,-1.721334029640031e-05,-3.796989128798501e-05,-9.086366652990269e-08,-1.7594580846117496e-05,-3.885624073051126e-05,-9.51116268545289e-08,-1.7979490667372372e-05,-3.97527531055992e-05,-9.950674148303244e-08,-1.8368053094923444e-05,-4.0659425525763814e-05,-1.0405236470606269e-07,-1.8760251472045898e-05,-4.1576255070805246e-05,0.4000000000000001
-6.828303189320652e-08,-1.5362760492055234e-05,-3.369068683451621e-05,-7.17164053312302e-08,-1.5725404412069536e-05,-3.452617944764357e-05,-7.52775953830742e-08,-1.6091801055232992e-05,-3.537184893970319e-05,-7.89697311150414e-08,-1.646193371472644e-05,-3.6227692586925945e-05,-8.279597916362351e-08,-1.683578569191202e-05,-3.709370763278101e-05,-8.675954372258658e-08,-1.721334029640031e-05,-3.796989128798501e-05,-9.086366652990269e-08,-1.7594580846117496e-05,-3.885624073051126e-05,-9.51116268545289e-08,-1.7979490667372372e-05,-3.97527531055992e-05,-9.950674148303244e-08,-1.8368053094923444e-05,-4.0659425525763814e-05,-1.0405236470606269e-07,-1.8760251472045898e-05,-4.1576255070805246e-05,0.4000000000000001
-6.828303189320652e-08,-1.5362760492055234e-05,-3.369068683451621e-05,-7.17164053312302e-08,-1.5725404412069536e-05,-3.452617944764357e-05,-7.52775953830742e-08,-1.6091801055232992e-05,-3.537184893970319e-05,-7.89697311150414e-08,-1.646193371472644e-05,-3.6227692586925945e-05,-8.279597916362351e-08,-1.683578569191202e-05,-3.709370763278101e-05,-8.675954372258658e-08,-1.721334029640031e-05,-3.796989128798501e-05,-9.086366652990269e-08,-1.7594580846117496e-05,-3.885624073051126e-05,-9.51116268545289e-08,-1.7979490667372372e-05,-3.97527531055992e-05,-9.950674148303244e-08,-1.8368053094923444e-05,-4.0659425525763814e-05,-1.0405236470606269e-07,-1.8760251472045898e-05,-4.1576255070805246e-05,0.4000000000000001
-6.828303189320652e-08,-1.5362760492055234e-05,-3.369068683451621e-05,-7.17164053312302e-08,-1.5725404412069536e-05,-3.452617944764357e-05,-7.52775953830742e-08,-1.6091801055232992e-05,-3.537184893970319e-05,-7.89697311150414e-08,-1.646193371472644e-05,-3.6227692586925945e-05,-8.279597916362351e-08,-1.683578569191202e-05,-3.709370763278101e-05,-8.675954372258658e-08,-1.721334029640031e-05,-3.796989128798501e-05,-9.086366652990269e-08,-1.7594580846117496e-05,-3.885624073051126e-05,-9.51116268545289e-08,-1.7979490667372372e-05,-3.97527531055992e-05,-9.950674148303244e-08,-1.8368053094923444e-05,-4.0659425525763814e-05,-1.0405236470606269e-07,-1.8760251472045898e-05,-4.1576255070805246e-05,0.4000000000000001
-6.828303189320652e-08,-1.5362760492055234e-05,-3.369068683451621e-05,-7.17164053312302e-08,-1.5725404412069536e-05,-3.452617944764357e-05,-7.52775953830742e-08,-1.6091801055232992e-05,-3.537184893970319e-05,-7.89697311150414e-08,-1.646193371472644e-05,-3.6227692586925945e-05,-8.279597916362351e-08,-1.683578569191202e-05,-3.709370763278101e-05,-8.675954372258658e-08,-1.721334029640031e-05,-3.796989128798501e-05,-9.086366652990269e-08,-1.7594580846117496e-05,-3.885624073051126e-05,-9.51116268545289e-08,-1.7979490667372372e-05,-3.97527531055992e-05,-9.950674148303244e-08,-1.8368053094923444e-05,-4.0659425525763814e-05,-1.0405236470606269e-07,-1.8760251472045898e-05,-4.1576255070805246e-05,0.4000000000000001
-6.828303189320652e-08,-1.5362760492055234e-05,-3.369068683451621e-05,-7.17164053312302e-08,-1.5725404412069536e-05,-3.452617944764357e-05,-7.52775953830742e-08,-1.6091801055232992e-05,-3.537184893970319e-05,-7.89697311150414e-08,-1.646193371472644e-05,-3.6227692586925945e-05,-8.279597916362351e-08,-1.683578569191202e-05,-3.709370763278101e-05,-8.675954372258658e-08,-1.721334029640031e-05,-3.796989128798501e-05,-9.086366652990269e-08,-1.7594580846117496e-05,-3.885624073051126e-05,-9.51116268545289e-08,-1.7979490667372372e-05,-3.97527531055992e-05,-9.950674148303244e-08,-1.8368053094923444e-05,-4.0659425525763814e-05,-1.0405236470606269e-07,-1.8760251472045898e-05,-4.1576255070805246e-05,0.4000000000000001
-6.828303189320652e-08,-1.5362760492055234e-05,-3.369068683451621e-05,-7.17164053312302e-08,-1.5725404412069536e-05,-3.452617944764357e-05,-7.52775953830742e-08,-1.6091801055232992e-05,-3.537184893970319e-05,-7.89697311150414e-08,-1.646193371472644e-05,-3.6227692586925945e-05,-8.279597916362351e-08,-1.683578569191202e-05,-3.709370763278101e-05,-8.675954372258658e-08,-1.721334029640031e-05,-3.796989128798501e-05,-9.086366652990269e-08,-1.7594580846117496e-05,-3.885624073051126e-05,-9.51116268545289e-08,-1.7979490667372372e-05,-3.97527531055992e-05,-9.950674148303244e-08,-1.8368053094923444e-05,-4.0659425525763814e-05,-1.0405236470606269e-07,-1.8760251472045898e-05,-4.1576255070805246e-05,0.4000000000000001
-6.828303189320652e-08,-1.5362760492055234e-05,-3.369068683451621e-05,-7.17164053312302e-08,-1.5725404412069536e-05,-3.452617944764357e-05,-7.52775953830742e-08,-1.6091801055232992e-05,-3.537184893970319e-05,-7.89697311150414e-08,-1.646193371472644e-05,-3.6227692586925945e-05,-8.279597916362351e-08,-1.683578569191202e-05,-3.709370763278101e-05,-8.675954372258658e-08,-1.721334029640031e-05,-3.796989128798501e-05,-9.086366652990269e-08,-1.7594580846117496e-05,-3.885624073051126e-05,-9.51116268545289e-08,-1.7979490667372372e-05,-3.97527531055992e-05,-9.950674148303244e-08,-1.8368053094923444e-05,-4.0659425525763814e-05,-1.0405236470606269e-07,-1.8760251472045898e-05,-4.1576255070805246e-05,0.4000000000000001
-6.828303189320652e-08,-1.5362760492055234e-05,-3.369068683451621e-05,-7.17164053312302e-08,-1.5725404412069536e-05,-3.452617944764357e-05,-7.52775953830742e-08,-1.6091801055232992e-05,-3.537184893970319e-05,-7.89697311150414e-08,-1.646193371472644e-05,-3.6227692586925945e-05,-8.279597916362351e-08,-1.683578569191202e-05,-3.709370763278101e-05,-8.675954372258658e-08,-1.721334029640031e-05,-3.796989128798501e-05,-9.086366652990269e-08,-1.7594580846117496e-05,-3.885624073051126e-05,-9.51116268545289e-08,-1.7979490667372372e-05,-3.97527531055992e-05,-9.950674148303244e-08,-1.8368053094923444e-05,-4.0659425525763814e-05,-1.0405236470606269e-07,-1.8760251472045898e-05,-4.1576255070805246e-05,0.4000000000000001
-6.828303189320652e-08,-1.5362760492055234e-05,-3.369068683451621e-05,-7.17164053312302e-08,-1.5725404412069536e-05,-3.452617944764357e-05,-7.52775953830742e-08,-1.6091801055232992e-05,-3.537184893970319e-05,-7.89697311150414e-08,-1.646193371472644e-05,-3.6227692586925945e-05,-8.279597916362351e-08,-1.683578569191202e-05,-3.709370763278101e-05,-8.675954372258658e-08,-1.721334029640031e-05,-3.796989128798501e-05,-9.086366652990269e-08,-1.7594580846117496e-05,-3.885624073051126e-05,-9.51116268545289e-08,-1.7979490667372372e-05,-3.97527531055992e-05,-9.950674148303244e-08,-1.8368053094923444e-05,-4.0659425525763814e-05,-1.0405236470606269e-07,-1.8760251472045898e-05,-4.1576255070805246e-05,0.4000000000000001
-6.828303189320652e-08,-1.5362760492055234e-05,-3.369068683451621e-05,-7.17164053312302e-08,-1.5725404412069536e-05,-3.452617944764357e-05,-7.52775953830742e-08,-1.6091801055232992e-05,-3.537184893970319e-05,-7.89697311150414e-08,-1.646193371472644e-05,-3.6227692586925945e-05,-8.279597916362351e-08,-1.683578569191202e-05,-3.709370763278101e-05,-8.675954372258658e-08,-1.721334029640031e-05,-3.796989128798501e-05,-9.086366652990269e-08,-1.7594580846117496e-05,-3.885624073051126e-05,-9.51116268545289e-08,-1.7979490667372372e-05,-3.97527531055992e-05,-9.950674148303244e-08,-1.8368053094923444e-05,-4.0659425525763814e-05,-1.0405236470606269e-07,-1.8760251472045898e-05,-4.1576255070805246e-05,0.4000000000000001
-6.828303189320652e-08,-1.5362760492055234e-05,-3.369068683451621e-05,-7.17164053312302e-08,-1.5725404412069536e-05,-3.452617944764357e-05,-7.52775953830742e-08,-1.6091801055232992e-05,-3.537184893970319e-05,-7.89697311150414e-08,-1.646193371472644e-05,-3.6227692586925945e-05,-8.279597916362351e-08,-1.683578569191202e-05,-3.709370763278101e-05,-8.675954372258658e-08,-1.721334029640031e-05,-3.796989128798501e-05,-9.086366652990269e-08,-1.7594580846117496e-05,-3.885624073051126e-05,-9.51116268545289e-08,-1.7979490667372372e-05,-3.97527531055992e-05,-9.950674148303244e-08,-1.8368053094923444e-05,-4.0659425525763814e-05,-1.0405236470606269e-07,-1.8760251472045898e-05,-4.1576255070805246e-05,0.4000000000000001
-6.828303189320652e-08,-1.5362760492055234e-05,-3.369068683451621e-05,-7.17164053312302e-08,-1.5725404412069536e-05,-3.452617944764357e-05,-7.52775953830742e-08,-1.6091801055232992e-05,-3.537184893970319e-05,-7.89697311150414e-08,-1.646193371472644e-05,-3.6227692586925945e-05,-8.279597916362351e-08,-1.683578569191202e-05,-3.709370763278101e-05,-8.675954372258658e-08,-1.721334029640031e-05,-3.796989128798501e-05,-9.086366652990269e-08,-1.7594580846117496e-05,-3.885624073051126e-05,-9.51116268545289e-08,-1.7979490667372372e-05,-3.97527531055992e-05,-9.950674148303244e-08,-1.8368053094923444e-05,-4.0659425525763814e-05,-1.0405236470606269e-07,-1.8760251472045898e-05,-4.1576255070805246e-05,0.4000000000000001
-6.828303189320652e-08,-1.5362760492055234e-05,-3.369068683451621e-05,-7.17164053312302e-08,-1.5725404412069536e-05,-3.452617944764357e-05,-7.52775953830742e-08,-1.6091801055232992e-05,-3.537184893970319e-05,-7.89697311150414e-08,-1.646193371472644e-05,-3.6227692586925945e-05,-8.279597916362351e-08,-1.683578569191202e-05,-3.709370763278101e-05,-8.675954372258658e-08,-1.721334029640031e-05,-3.796989128798501e-05,-9.086366652990269e-08,-1.7594580846117496e-05,-3.885624073051126e-05,-9.51116268545289e-08,-1.7979490667372372e-05,-3.97527531055992e-05,-9.950674148303244e-08,-1.8368053094923444e-05,-4.0659425525763814e-05,-1.0405236470606269e-07,-1.8760251472045898e-05,-4.1576255070805246e-05,0.4000000000000001
-6.828303189320652e-08,-1.5362760492055234e-05,-3.369068683451621e-05,-7.17164053312302e-08,-1.5725404412069536e-05,-3.452617944764357e-05,-7.52775953830742e-08,-1.6091801055232992e-05,-3.537184893970319e-05,-7.89697311150414e-08,-1.646193371472644e-05,-3.6227692586925945e-05,-8.279597916362351e-08,-1.683578569191202e-05,-3.709370763278101e-05,-8.675954372258658e-08,-1.721334029640031e-05,-3.796989128798501e-05,-9.086366652990269e-08,-1.7594580846117496e-05,-3.885624073051126e-05,-9.51116268545289e-08,-1.7979490667372372e-05,-3.97527531055992e-05,-9.950674148303244e-08,-1.8368053094923444e-05,-4.0659425525763814e-05,-1.0405236470606269e-07,-1.8760251472045898e-05,-4.1576255070805246e-05,0.4000000000000001
-6.828303189320652e-08,-1.5362760492055234e-05,-3.369068683451621e-05,-7.17164053312302e-08,-1.5725404412069536e-05,-3.452617944764357e-05,-7.52775953830742e-08,-1.6091801055232992e-05,-3.537184893970319e-05,-7.89697311150414e-08,-1.646193371472644e-05,-3.6227692586925945e-05,-8.279597916362351e-08,-1.683578569191202e-05,-3.709370763278101e-05,-8.675954372258658e-08,-1.721334029640031e-05,-3.796989128798501e-05,-9.086366652990269e-08,-1.7594580846117496e-05,-3.885624073051126e-05,-9.51116268545289e-08,-1.7979490667372372e-05,-3.97527531055992e-05,-9.950674148303244e-08,-1.8368053094923444e-05,-4.0659425525763814e-05,-1.0405236470606269e-07,-1.8760251472045898e-05,-4.1576255070805246e-05,0.4000000000000001
-6.828303189320652e-08,-1.5362760492055234e-05,-3.369068683451621e-05,-7.17164053312302e-08,-1.5725404412069536e-05,-3.452617944764357e-05,-7.52775953830742e-08,-1.6091801055232992e-05,-3.537184893970319e-05,-7.89697311150414e-08,-1.646193371472644e-05,-3.6227692586925945e-05,-8.279597916362351e-08,-1.683578569191202e-05,-3.709370763278101e-05,-8.675954372258658e-08,-1.721334029640031e-05,-3.796989128798501e-05,-9.086366652990269e-08,-1.7594580846117496e-05,-3.885624073051126e-05,-9.51116268545289e-08,-1.7979490667372372e-05,-3.97527531055992e-05,-9.950674148303244e-08,-1.8368053094923444e-05,-4.0659425525763814e-05,-1.0405236470606269e-07,-1.8760251472045898e-05,-4.1576255070805246e-05,0.4000000000000001
-6.828303189320652e-08,-1.5362760492055234e-05,-3.369068683451621e-05,-7.17164053312302e-08,-1.5725404412069536e-05,-3.452617944764357e-05,-7.52775953830742e-08,-1.6091801055232992e-05,-3.537184893970319e-05,-7.89697311150414e-08,-1.646193371472644e-05,-3.6227692586925945e-05,-8.279597916362351e-08,-1.683578569191202e-05,-3.709370763278101e-05,-8.675954372258658e-08,-1.721334029640031e-05,-3.796989128798501e-05,-9.086366652990269e-08,-1.7594580846117496e-05,-3.885624073051126e-05,-9.51116268545289e-08,-1.7979490667372372e-05,-3.97527531055992e-05,-9.950674148303244e-08,-1.8368053094923444e-05,-4.0659425525763814e-05,-1.0405236470606269e-07,-1.8760251472045898e-05,-4.1576255070805246e-05,0.4000000000000001
-6.828303189320652e-08,-1.5362760492055234e-05,-3.369068683451621e-05,-7.17164053312302e-08,-1.5725404412069536e-05,-3.452617944764357e-05,-7.52775953830742e-08,-1.6091801055232992e-05,-3.537184893970319e-05,-7.89697311150414e-08,-1.646193371472644e-05,-3.6227692586925945e-05,-8.279597916362351e-08,-1.683578569191202e-05,-3.709370763278101e-05,-8.675954372258658e-08,-1.721334029640031e-05,-3.796989128798501e-05,-9.086366652990269e-08,-1.7594580846117496e-05,-3.885624073051126e-05,-9.51116268545289e-08,-1.7979490667372372e-05,-3.97527531055992e-05,-9.950674148303244e-08,-1.8368053094923444e-05,-4.0659425525763814e-05,-1.0405236470606269e-07,-1.8760251472045898e-05,-4.1576255070805246e-05,0.4000000000000001
-6.828303189320652e-08,-1.5362760492055234e-05,-3.369068683451621e-05,-7.17164053312302e-08,-1.5725404412069536e-05,-3.452617944764357e-05,-7.52775953830742e-08,-1.6091801055232992e-05,-3.537184893970319e-05,-7.89697311150414e-08,-1.646193371472644e-05,-3.6227692586925945e-05,-8.279597916362351e-08,-1.683578569191202e-05,-3.709370763278101e-05,-8.675954372258658e-08,-1.721334029640031e-05,-3.796989128798501e-05,-9.086366652990269e-08,-1.7594580846117496e-05,-3.885624073051126e-05,-9.51116268545289e-08,-1.7979490667372372e-05,-3.97527531055992e-05,-9.950674148303244e-08,-1.8368053094923444e-05,-4.0659425525763814e-05,-1.0405236470606269e-07,-1.8760251472045898e-05,-4.1576255070805246e-05,0.4000000000000001
-6.828303189320652e-08,-1.5362760492055234e-05,-3.369068683451621e-05,-7.17164053312302e-08,-1.5725404412069536e-05,-3.452617944764357e-05,-7.52775953830742e-08,-1.6091801055232992e-05,-3.537184893970319e-05,-7.89697311150414e-08,-1.646193371472644e-05,-3.6227692586925945e-05,-8.279597916362351e-08,-1.683578569191202e-05,-3.709370763278101e-05,-8.675954372258658e-08,-1.721334029640031e-05,-3.796989128798501e-05,-9.086366652990269e-08,-1.7594580846117496e-05,-3.885624073051126e-05,-9.51116268545289e-08,-1.7979490667372372e-05,-3.97527531055992e-05,-9.950674148303244e-08,-1.8368053094923444e-05,-4.0659425525763814e-05,-1.0405236470606269e-07,-1.8760251472045898e-05,-4.1576255070805246e-05,0.4000000000000001
-6.828303189320652e-08,-1.5362760492055234e-05,-3.369068683451621e-05,-7.17164053312302e-08,-1.5725404412069536e-05,-3.452617944764357e-05,-7.52775953830742e-08,-1.6091801055232992e-05,-3.537184893970319e-05,-7.89697311150414e-08,-1.646193371472644e-05,-3.6227692586925945e-05,-8.279597916362351e-08,-1.683578569191202e-05,-3.709370763278101e-05,-8.675954372258658e-08,-1.721334029640031e-05,-3.796989128798501e-05,-9.086366652990269e-08,-1.7594580846117496e-05,-3.885624073051126e-05,-9.51116268545289e-08,-1.7979490667372372e-05,-3.97527531055992e-05,-9.950674148303244e-08,-1.8368053094923444e-05,-4.0659425525763814e-05,-1.0405236470606269e-07,-1.8760251472045898e-05,-4.1576255070805246e-05,0.4000000000000001
-6.828303189320652e-08,-1.5362760492055234e-05,-3.369068683451621e-05,-7.17164053312302e-08,-1.5725404412069536e-05,-3.452617944764357e-05,-7.52775953830742e-08,-1.6091801055232992e-05,-3.537184893970319e-05,-7.89697311150414e-08,-1.646193371472644e-05,-3.6227692586925945e-05,-8.279597916362351e-08,-1.683578569191202e-05,-3.709370763278101e-05,-8.675954372258658e-08,-1.721334029640031e-05,-3.796989128798501e-05,-9.086366652990269e-08,-1.7594580846117496e-05,-3.885624073051126e-05,-9.51116268545289e-08,-1.7979490667372372e-05,-3.97527531055992e-05,-9.950674148303244e-08,-1.8368053094923444e-05,-4.0659425525763814e-05,-1.0405236470606269e-07,-1.8760251472045898e-05,-4.1576255070805246e-05,0.4000000000000001
-6.828303189320652e-08,-1.5362760492055234e-05,-3.369068683451621e-05,-7.17164053312302e-08,-1.5725404412069536e-05,-3.452617944764357e-05,-7.52775953830742e-08,-1.6091801055232992e-05,-3.537184893970319e-05,-7.89697311150414e-08,-1.646193371472644e-05,-3.6227692586925945e-05,-8.279597916362351e-08,-1.683578569191202e-05,-3.709370763278101e-05,-8.675954372258658e-08,-1.721334029640031e-05,-3.796989128798501e-05,-9.086366652990269e-08,-1.7594580846117496e-05,-3.885624073051126e-05,-9.51116268545289e-08,-1.7979490667372372e-05,-3.97527531055992e-05,-9.950674148303244e-08,-1.8368053094923444e-05,-4.0659425525763814e-05,-1.0405236470606269e-07,-1.8760251472045898e-05,-4.1576255070805246e-05,0.4000000000000001
-6.828303189320652e-08,-1.5362760492055234e-05,-3.369068683451621e-05,-7.17164053312302e-08,-1.5725404412069536e-05,-3.452617944764357e-05,-7.52775953830742e-08,-1.6091801055232992e-05,-3.537184893970319e-05,-7.89697311150414e-08,-1.646193371472644e-05,-3.6227692586925945e-05,-8.279597916362351e-08,-1.683578569191202e-05,-3.709370763278101e-05,-8.675954372258658e-08,-1.721334029640031e-05,-3.796989128798501e-05,-9.086366652990269e-08,-1.7594580846117496e-05,-3.885624073051126e-05,-9.51116268545289e-08,-1.7979490667372372e-05,-3.97527531055992e-05,-9.950674148303244e-08,-1.8368053094923444e-05,-4.0659425525763814e-05,-1.0405236470606269e-07,-1.8760251472045898e-05,-4.1576255070805246e-05,0.4000000000000001
-6.828303189320652e-08,-1.5362760492055234e-05,-3.369068683451621e-05,-7.17164053312302e-08,-1.5725404412069536e-05,-3.452617944764357e-05,-7.52775953830742e-08,-1.6091801055232992e-05,-3.537184893970319e-05,-7.89697311150414e-08,-1.646193371472644e-05,-3.6227692586925945e-05,-8.279597916362351e-08,-1.683578569191202e-05,-3.709370763278101e-05,-8.675954372258658e-08,-1.721334029640031e-05,-3.796989128798501e-05,-9.086366652990269e-08,-1.7594580846117496e-05,-3.885624073051126e-05,-9.51116268545289e-08,-1.7979490667372372e-05,-3.97527531055992e-05,-9.950674148303244e-08,-1.8368053094923444e-05,-4.0659425525763814e-05,-1.0405236470606269e-07,-1.8760251472045898e-05,-4.1576255070805246e-05,0.4000000000000001
-6.828303189320652e-08,-1.5362760492055234e-05,-3.369068683451621e-05,-7.17164053312302e-08,-1.5725404412069536e-05,-3.452617944764357e-05,-7.52775953830742e-08,-1.6091801055232992e-05,-3.537184893970319e-05,-7.89697311150414e-08,-1.646193371472644e-05,-3.6227692586925945e-05,-8.279597916362351e-08,-1.683578569191202e-05,-3.709370763278101e-05,-8.675954372258658e-08,-1.721334029640031e-05,-3.796989128798501e-05,-9.086366652990269e-08,-1.7594580846117496e-05,-3.885624073051126e-05,-9.51116268545289e-08,-1.7979490667372372e-05,-3.97527531055992e-05,-9.950674148303244e-08,-1.8368053094923444e-05,-4.0659425525763814e-05,-1.0405236470606269e-07,-1.8760251472045898e-05,-4.1576255070805246e-05,0.4000000000000001
-6.828303189320652e-08,-1.5362760492055234e-05,-3.369068683451621e-05,-7.17164053312302e-08,-1.5725404412069536e-05,-3.452617944764357e-05,-7.52775953830742e-08,-1.6091801055232992e-05,-3.537184893970319e-05,-7.89697311150414e-08,-1.646193371472644e-05,-3.6227692586925945e-05,-8.279597916362351e-08,-1.683578569191202e-05,-3.709370763278101e-05,-8.675954372258658e-08,-1.721334029640031e-05,-3.796989128798501e-05,-9.086366652990269e-08,-1.7594580846117496e-05,-3.885624073051126e-05,-9.51116268545289e-08,-1.7979490667372372e-05,-3.97527531055992e-05,-9.950674148303244e-08,-1.8368053094923444e-05,-4.0659425525763814e-05,-1.0405236470606269e-07,-1.8760251472045898e-05,-4.1576255070805246e-05,0.4000000000000001
-6.828303189320652e-08,-1.5362760492055234e-05,-3.369068683451621e-05,-7.17164053312302e-08,-1.5725404412069536e-05,-3.452617944764357e-05,-7.52775953830742e-08,-1.6091801055232992e-05,-3.537184893970319e-05,-7.89697311150414e-08,-1.646193371472644e-05,-3.6227692586925945e-05,-8.279597916362351e-08,-1.683578569191202e-05,-3.709370763278101e-05,-8.675954372258658e-08,-1.721334029640031e-05,-3.796989128798501e-05,-9.086366652990269e-08,-1.7594580846117496e-05,-3.885624073051126e-05,-9.51116268545289e-08,-1.7979490667372372e-05,-3.97527531055992e-05,-9.950674148303244e-08,-1.8368053094923444e-05,-4.0659425525763814e-05,-1.0405236470606269e-07,-1.8760251472045898e-05,-4.1576255070805246e-05,0.4000000000000001
-6.828303189320652e-08,-1.5362760492055234e-05,-3.369068683451621e-05,-7.17164053312302e-08,-1.5725404412069536e-05,-3.452617944764357e-05,-7.52775953830742e-08,-1.6091801055232992e-05,-3.537184893970319e-05,-7.89697311150414e-08,-1.646193371472644e-05,-3.6227692586925945e-05,-8.279597916362351e-08,-1.683578569191202e-05,-3.709370763278101e-05,-8.675954372258658e-08,-1.721334029640031e-05,-3.796989128798501e-05,-9.086366652990269e-08,-1.7594580846117496e-05,-3.885624073051126e-05,-9.51116268545289e-08,-1.7979490667372372e-05,-3.97527531055992e-05,-9.950674148303244e-08,-1.8368053094923444e-05,-4.0659425525763814e-05,-1.0405236470606269e-07,-1.8760251472045898e-05,-4.1576255070805246e-05,0.4000000000000001
-6.828303189320652e-08,-1.5362760492055234e-05,-3.369068683451621e-05,-7.17164053312302e-08,-1.5725404412069536e-05,-3.452617944764357e-05,-7.52775953830742e-08,-1.6091801055232992e-05,-3.537184893970319e-05,-7.89697311150414e-08,-1.646193371472644e-05,-3.6227692586925945e-05,-8.279597916362351e-08,-1.683578569191202e-05,-3.709370763278101e-05,-8.675954372258658e-08,-1.721334029640031e-05,-3.796989128798501e-05,-9.086366652990269e-08,-1.7594580846117496e-05,-3.885624073051126e-05,-9.51116268545289e-08,-1.7979490667372372e-05,-3.97527531055992e-05,-9.950674148303244e-08,-1.8368053094923444e-05,-4.0659425525763814e-05,-1.0405236470606269e-07,-1.8760251472045898e-05,-4.1576255070805246e-05,0.4000000000000001
-6.828303189320652e-08,-1.5362760492055234e-05,-3.369068683451621e-05,-7.17164053312302e-08,-1.5725404412069536e-05,-3.452617944764357e-05,-7.52775953830742e-08,-1.6091801055232992e-05,-3.537184893970319e-05,-7.89697311150414e-08,-1.646193371472644e-05,-3.6227692586925945e-05,-8.279597916362351e-08,-1.683578569191202e-05,-3.709370763278101e-05,-8.675954372258658e-08,-1.721334029640031e-05,-3.796989128798501e-05,-9.086366652990269e-08,-1.7594580846117496e-05,-3.885624073051126e-05,-9.51116268545289e-08,-1.7979490667372372e-05,-3.97527531055992e-05,-9.950674148303244e-08,-1.8368053094923444e-05,-4.0659425525763814e-05,-1.0405236470606269e-07,-1.8760251472045898e-05,-4.1576255070805246e-05,0.4000000000000001
-6.828303189320652e-08,-1.5362760492055234e-05,-3.369068683451621e-05,-7.17164053312302e-08,-1.5725404412069536e-05,-3.452617944764357e-05,-7.52775953830742e-08,-1.6091801055232992e-05,-3.537184893970319e-05,-7.89697311150414e-08,-1.646193371472644e-05,-3.6227692586925945e-05,-8.279597916362351e-08,-1.683578569191202e-05,-3.709370763278101e-05,-8.675954372258658e-08,-1.721334029640031e-05,-3.796989128798501e-05,-9.086366652990269e-08,-1.7594580846117496e-05,-3.885624073051126e-05,-9.51116268545289e-08,-1.7979490667372372e-05,-3.97527531055992e-05,-9.950674148303244e-08,-1.8368053094923444e-05,-4.0659425525763814e-05,-1.0405236470606269e-07,-1.8760251472045898e-05,-4.1576255070805246e-05,0.4000000000000001
-6.828303189320652e-08,-1.5362760492055234e-05,-3.369068683451621e-05,-7.17164053312302e-08,-1.5725404412069536e-05,-3.452617944764357e-05,-7.52775953830742e-08,-1.6091801055232992e-05,-3.537184893970319e-05,-7.89697311150414e-08,-1.646193371472644e-05,-3.6227692586925945e-05,-8.279597916362351e-08,-1.683578569191202e-05,-3.709370763278101e-05,-8.675954372258658e-08,-1.721334029640031e-05,-3.796989128798501e-05,-9.086366652990269e-08,-1.7594580846117496e-05,-3.885624073051126e-05,-9.51116268545289e-08,-1.7979490667372372e-05,-3.97527531055992e-05,-9.950674148303244e-08,-1.8368053094923444e-05,-4.0659425525763814e-05,-1.0405236470606269e-07,-1.8760251472045898e-05,-4.1576255070805246e-05,0.4000000000000001
-6.828303189320652e-08,-1.5362760492055234e-05,-3.369068683451621e-05,-7.17164053312302e-08,-1.5725404412069536e-05,-3.452617944764357e-05,-7.52775953830742e-08,-1.6091801055232992e-05,-3.537184893970319e-05,-7.89697311150414e-08,-1.646193371472644e-05,-3.6227692586925945e-05,-8.279597916362351e-08,-1.683578569191202e-05,-3.709370763278101e-05,-8.675954372258658e-08,-1.721334029640031e-05,-3.796989128798501e-05,-9.086366652990269e-08,-1.7594580846117496e-05,-3.885624073051126e-05,-9.51116268545289e-08,-1.7979490667372372e-05,-3.97527531055992e-05,-9.950674148303244e-08,-1.8368053094923444e-05,-4.0659425525763814e-05,-1.0405236470606269e-07,-1.8760251472045898e-05,-4.1576255070805246e-05,0.4000000000000001
-6.828303189320652e-08,-1.5362760492055234e-05,-3.369068683451621e-05,-7.17164053312302e-08,-1.5725404412069536e-05,-3.452617944764357e-05,-7.52775953830742e-08,-1.6091801055232992e-05,-3.537184893970319e-05,-7.89697311150414e-08,-1.646193371472644e-05,-3.6227692586925945e-05,-8.279597916362351e-08,-1.683578569191202e-05,-3.709370763278101e-05,-8.675954372258658e-08,-1.721334029640031e-05,-3.796989128798501e-05,-9.086366652990269e-08,-1.7594580846117496e-05,-3.885624073051126e-05,-9.51116268545289e-08,-1.7979490667372372e-05,-3.97527531055992e-05,-9.950674148303244e-08,-1.8368053094923444e-05,-4.0659425525763814e-05,-1.0405236470606269e-07,-1.8760251472045898e-05,-4.1576255070805246e-05,0.4000000000000001
-6.828303189320652e-08,-1.5362760492055234e-05,-3.369068683451621e-05,-7.17164053312302e-08,-1.5725404412069536e-05,-3.452617944764357e-05,-7.52775953830742e-08,-1.6091801055232992e-05,-3.537184893970319e-05,-7.89697311150414e-08,-1.646193371472644e-05,-3.6227692586925945e-05,-8.279597916362351e-08,-1.683578569191202e-05,-3.709370763278101e-05,-8.675954372258658e-08,-1.721334029640031e-05,-3.796989128798501e-05,-9.086366652990269e-08,-1.7594580846117496e-05,-3.885624073051126e-05,-9.51116268545289e-08,-1.7979490667372372e-05,-3.97527531055992e-05,-9.950674148303244e-08,-1.8368053094923444e-05,-4.0659425525763814e-05,-1.0405236470606269e-07,-1.8760251472045898e-05,-4.1576255070805246e-05,0.4000000000000001
-6.828303189320652e-08,-1.5362760492055234e-05,-3.369068683451621e-05,-7.17164053312302e-08,-1.5725404412069536e-05,-3.452617944764357e-05,-7.52775953830742e-08,-1.6091801055232992e-05,-3.537184893970319e-05,-7.89697311150414e-08,-1.646193371472644e-05,-3.6227692586925945e-05,-8.279597916362351e-08,-1.683578569191202e-05,-3.709370763278101e-05,-8.675954372258658e-08,-1.721334029640031e-05,-3.796989128798501e-05,-9.086366652990269e-08,-1.7594580846117496e-05,-3.885624073051126e-05,-9.51116268545289e-08,-1.7979490667372372e-05,-3.97527531055992e-05,-9.950674148303244e-08,-1.8368053094923444e-05,-4.0659425525763814e-05,-1.0405236470606269e-07,-1.8760251472045898e-05,-4.1576255070805246e-05,0.4000000000000001
-6.828303189320652e-08,-1.5362760492055234e-05,-3.369068683451621e-05,-7.17164053312302e-08,-1.5725404412069536e-05,-3.452617944764357e-05,-7.52775953830742e-08,-1.6091801055232992e-05,-3.537184893970319e-05,-7.89697311150414e-08,-1.646193371472644e-05,-3.6227692586925945e-05,-8.279597916362351e-08,-1.683578569191202e-05,-3.709370763278101e-05,-8.675954372258658e-08,-1.721334029640031e-05,-3.796989128798501e-05,-9.086366652990269e-08,-1.7594580846117496e-05,-3.885624073051126e-05,-9.51116268545289e-08,-1.7979490667372372e-05,-3.97527531055992e-05,-9.950674148303244e-08,-1.8368053094923444e-05,-4.0659425525763814e-05,-1.0405236470606269e-07,-1.8760251472045898e-05,-4.1576255070805246e-05,0.4000000000000001
-6.828303189320652e-08,-1.5362760492055234e-05,-3.369068683451621e-05,-7.17164053312302e-08,-1.5725404412069536e-05,-3.452617944764357e-05,-7.52775953830742e-08,-1.6091801055232992e-05,-3.537184893970319e-05,-7.89697311150414e-08,-1.646193371472644e-05,-3.6227692586925945e-05,-8.279597916362351e-08,-1.683578569191202e-05,-3.709370763278101e-05,-8.675954372258658e-08,-1.721334029640031e-05,-3.796989128798501e-05,-9.086366652990269e-08,-1.7594580846117496e-05,-3.885624073051126e-05,-9.51116268545289e-08,-1.7979490667372372e-05,-3.97527531055992e-05,-9.950674148303244e-08,-1.8368053094923444e-05,-4.0659425525763814e-05,-1.0405236470606269e-07,-1.8760251472045898e-05,-4.1576255070805246e-05,0.4000000000000001
-6.828303189320652e-08,-1.5362760492055234e-05,-3.369068683451621e-05,-7.17164053312302e-08,-1.5725404412069536e-05,-3.452617944764357e-05,-7.52775953830742e-08,-1.6091801055232992e-05,-3.537184893970319e-05,-7.89697311150414e-08,-1.646193371472644e-05,-3.6227692586925945e-05,-8.279597916362351e-08,-1.683578569191202e-05,-3.709370763278101e-05,-8.675954372258658e-08,-1.721334029640031e-05,-3.796989128798501e-05,-9.086366652990269e-08,-1.7594580846117496e-05,-3.885624073051126e-05,-9.51116268545289e-08,-1.7979490667372372e-05,-3.97527531055992e-05,-9.950674148303244e-08,-1.8368053094923444e-05,-4.0659425525763814e-05,-1.0405236470606269e-07,-1.8760251472045898e-05,-4.1576255070805246e-05,0.4000000000000001
-6.828303189320652e-08,-1.5362760492055234e-05,-3.369068683451621e-05,-7.17164053312302e-08,-1.5725404412069536e-05,-3.452617944764357e-05,-7.52775953830742e-08,-1.6091801055232992e-05,-3.537184893970319e-05,-7.89697311150414e-08,-1.646193371472644e-05,-3.6227692586925945e-05,-8.279597916362351e-08,-1.683578569191202e-05,-3.709370763278101e-05,-8.675954372258658e-08,-1.721334029640031e-05,-3.796989128798501e-05,-9.086366652990269e-08,-1.7594580846117496e-05,-3.885624073051126e-05,-9.51116268545289e-08,-1.7979490667372372e-05,-3.97527531055992e-05,-9.950674148303244e-08,-1.8368053094923444e-05,-4.0659425525763814e-05,-1.0405236470606269e-07,-1.8760251472045898e-05,-4.1576255070805246e-05,0.4000000000000001
-6.828303189320652e-08,-1.5362760492055234e-05,-3.369068683451621e-05,-7.17164053312302e-08,-1.5725404412069536e-05,-3.452617944764357e-05,-7.52775953830742e-08,-1.6091801055232992e-05,-3.537184893970319e-05,-7.89697311150414e-08,-1.646193371472644e-05,-3.6227692586925945e-05,-8.279597916362351e-08,-1.683578569191202e-05,-3.709370763278101e-05,-8.675954372258658e-08,-1.721334029640031e-05,-3.796989128798501e-05,-9.086366652990269e-08,-1.7594580846117496e-05,-3.885624073051126e-05,-9.51116268545289e-08,-1.7979490667372372e-05,-3.97527531055992e-05,-9.950674148303244e-08,-1.8368053094923444e-05,-4.0659425525763814e-05,-1.0405236470606269e-07,-1.8760251472045898e-05,-4.1576255070805246e-05,0.4000000000000001
-6.828303189320652e-08,-1.5362760492055234e-05,-3.369068683451621e-05,-7.17164053312302e-08,-1.5725404412069536e-05,-3.452617944764357e-05,-7.52775953830742e-08,-1.6091801055232992e-05,-3.537184893970319e-05,-7.89697311150414e-08,-1.646193371472644e-05,-3.6227692586925945e-05,-8.279597916362351e-08,-1.683578569191202e-05,-3.709370763278101e-05,-8.675954372258658e-08,-1.721334029640031e-05,-3.796989128798501e-05,-9.086366652990269e-08,-1.7594580846117496e-05,-3.885624073051126e-05,-9.51116268545289e-08,-1.7979490667372372e-05,-3.97527531055992e-05,-9.950674148303244e-08,-1.8368053094923444e-05,-4.0659425525763814e-05,-1.0405236470606269e-07,-1.8760251472045898e-05,-4.1576255070805246e-05,0.4000000000000001
-6.828303189320652e-08,-1.5362760492055234e-05,-3.369068683451621e-05,-7.17164053312302e-08,-1.5725404412069536e-05,-3.452617944764357e-05,-7.52775953830742e-08,-1.6091801055232992e-05,-3.537184893970319e-05,-7.89697311150414e-08,-1.646193371472644e-05,-3.6227692586925945e-05,-8.279597916362351e-08,-1.683578569191202e-05,-3.709370763278101e-05,-8.675954372258658e-08,-1.721334029640031e-05,-3.796989128798501e-05,-9.086366652990269e-08,-1.7594580846117496e-05,-3.885624073051126e-05,-9.51116268545289e-08,-1.7979490667372372e-05,-3.97527531055992e-05,-9.950674148303244e-08,-1.8368053094923444e-05,-4.0659425525763814e-05,-1.0405236470606269e-07,-1.8760251472045898e-05,-4.1576255070805246e-05,0.4000000000000001
-6.828303189320652e-08,-1.5362760492055234e-05,-3.369068683451621e-05,-7.17164053312302e-08,-1.5725404412069536e-05,-3.452617944764357e-05,-7.52775953830742e-08,-1.6091801055232992e-05,-3.537184893970319e-05,-7.89697311150414e-08,-1.646193371472644e-05,-3.6227692586925945e-05,-8.279597916362351e-08,-1.683578569191202e-05,-3.709370763278101e-05,-8.675954372258658e-08,-1.721334029640031e-05,-3.796989128798501e-05,-9.086366652990269e-08,-1.7594580846117496e-05,-3.885624073051126e-05,-9.51116268545289e-08,-1.7979490667372372e-05,-3.97527531055992e-05,-9.950674148303244e-08,-1.8368053094923444e-05,-4.0659425525763814e-05,-1.0405236470606269e-07,-1.8760251472045898e-05,-4.1576255070805246e-05,0.4000000000000001
-6.828303189320652e-08,-1.5362760492055234e-05,-3.369068683451621e-05,-7.17164053312302e-08,-1.5725404412069536e-05,-3.452617944764357e-05,-7.52775953830742e-08,-1.6091801055232992e-05,-3.537184893970319e-05,-7.89697311150414e-08,-1.646193371472644e-05,-3.6227692586925945e-05,-8.279597916362351e-08,-1.683578569191202e-05,-3.709370763278101e-05,-8.675954372258658e-08,-1.721334029640031e-05,-3.796989128798501e-05,-9.086366652990269e-08,-1.7594580846117496e-05,-3.885624073051126e-05,-9.51116268545289e-08,-1.7979490667372372e-05,-3.97527531055992e-05,-9.950674148303244e-08,-1.8368053094923444e-05,-4.0659425525763814e-05,-1.0405236470606269e-07,-1.8760251472045898e-05,-4.1576255070805246e-05,0.4000000000000001
-6.828303189320652e-08,-1.5362760492055234e-05,-3.369068683451621e-05,-7.17164053312302e-08,-1.5725404412069536e-05,-3.452617944764357e-05,-7.52775953830742e-08,-1.6091801055232992e-05,-3.537184893970319e-05,-7.89697311150414e-08,-1.646193371472644e-05,-3.6227692586925945e-05,-8.279597916362351e-08,-1.683578569191202e-05,-3.709370763278101e-05,-8.675954372258658e-08,-1.721334029640031e-05,-3.796989128798501e-05,-9.086366652990269e-08,-1.7594580846117496e-05,-3.885624073051126e-05,-9.51116268545289e-08,-1.7979490667372372e-05,-3.97527531055992e-05,-9.950674148303244e-08,-1.8368053094923444e-05,-4.0659425525763814e-05,-1.0405236470606269e-07,-1.8760251472045898e-05,-4.1576255070805246e-05,0.4000000000000001
-6.828303189320652e-08,-1.5362760492055234e-05,-3.369068683451621e-05,-7.17164053312302e-08,-1.5725404412069536e-05,-3.452617944764357e-05,-7.52775953830742e-08,-1.6091801055232992e-05,-3.537184893970319e-05,-7.89697311150414e-08,-1.646193371472644e-05,-3.6227692586925945e-05,-8.279597916362351e-08,-1.683578569191202e-05,-3.709370763278101e-05,-8.675954372258658e-08,-1.721334029640031e-05,-3.796989128798501e-05,-9.086366652990269e-08,-1.7594580846117496e-05,-3.885624073051126e-05,-9.51116268545289e-08,-1.7979490667372372e-05,-3.97527531055992e-05,-9.950674148303244e-08,-1.8368053094923444e-05,-4.0659425525763814e-05,-1.0405236470606269e-07,-1.8760251472045898e-05,-4.1576255070805246e-05,0.4000000000000001
-6.828303189320652e-08,-1.5362760492055234e-05,-3.369068683451621e-05,-7.17164053312302e-08,-1.5725404412069536e-05,-3.452617944764357e-05,-7.52775953830742e-08,-1.6091801055232992e-05,-3.537184893970319e-05,-7.89697311150414e-08,-1.646193371472644e-05,-3.6227692586925945e-05,-8.279597916362351e-08,-1.683578569191202e-05,-3.709370763278101e-05,-8.675954372258658e-08,-1.721334029640031e-05,-3.796989128798501e-05,-9.086366652990269e-08,-1.7594580846117496e-05,-3.885624073051126e-05,-9.51116268545289e-08,-1.7979490667372372e-05,-3.97527531055992e-05,-9.950674148303244e-08,-1.8368053094923444e-05,-4.0659425525763814e-05,-1.0405236470606269e-07,-1.8760251472045898e-05,-4.1576255070805246e-05,0.4000000000000001
-6.828303189320652e-08,-1.5362760492055234e-05,-3.369068683451621e-05,-7.17164053312302e-08,-1.5725404412069536e-05,-3.452617944764357e-05,-7.52775953830742e-08,-1.6091801055232992e-05,-3.537184893970319e-05,-7.89697311150414e-08,-1.646193371472644e-05,-3.6227692586925945e-05,-8.279597916362351e-08,-1.683578569191202e-05,-3.709370763278101e-05,-8.675954372258658e-08,-1.721334029640031e-05,-3.796989128798501e-05,-9.086366652990269e-08,-1.7594580846117496e-05,-3.885624073051126e-05,-9.51116268545289e-08,-1.7979490667372372e-05,-3.97527531055992e-05,-9.950674148303244e-08,-1.8368053094923444e-05,-4.0659425525763814e-05,-1.0405236470606269e-07,-1.8760251472045898e-05,-4.1576255070805246e-05,0.4000000000000001
-6.828303189320652e-08,-1.5362760492055234e-05,-3.369068683451621e-05,-7.17164053312302e-08,-1.5725404412069536e-05,-3.452617944764357e-05,-7.52775953830742e-08,-1.6091801055232992e-05,-3.537184893970319e-05,-7.89697311150414e-08,-1.646193371472644e-05,-3.6227692586925945e-05,-8.279597916362351e-08,-1.683578569191202e-05,-3.709370763278101e-05,-8.675954372258658e-08,-1.721334029640031e-05,-3.796989128798501e-05,-9.086366652990269e-08,-1.7594580846117496e-05,-3.885624073051126e-05,-9.51116268545289e-08,-1.7979490667372372e-05,-3.97527531055992e-05,-9.950674148303244e-08,-1.8368053094923444e-05,-4.0659425525763814e-05,-1.0405236470606269e-07,-1.8760251472045898e-05,-4.1576255070805246e-05,0.4000000000000001
-6.828303189320652e-08,-1.5362760492055234e-05,-3.369068683451621e-05,-7.17164053312302e-08,-1.5725404412069536e-05,-3.452617944764357e-05,-7.52775953830742e-08,-1.6091801055232992e-05,-3.537184893970319e-05,-7.89697311150414e-08,-1.646193371472644e-05,-3.6227692586925945e-05,-8.279597916362351e-08,-1.683578569191202e-05,-3.709370763278101e-05,-8.675954372258658e-08,-1.721334029640031e-05,-3.796989128798501e-05,-9.086366652990269e-08,-1.7594580846117496e-05,-3.885624073051126e-05,-9.51116268545289e-08,-1.7979490667372372e-05,-3.97527531055992e-05,-9.950674148303244e-08,-1.8368053094923444e-05,-4.0659425525763814e-05,-1.0405236470606269e-07,-1.8760251472045898e-05,-4.1576255070805246e-05,0.4000000000000001
-6.828303189320652e-08,-1.5362760492055234e-05,-3.369068683451621e-05,-7.17164053312302e-08,-1.5725404412069536e-05,-3.452617944764357e-05,-7.52775953830742e-08,-1.6091801055232992e-05,-3.537184893970319e-05,-7.89697311150414e-08,-1.646193371472644e-05,-3.6227692586925945e-05,-8.279597916362351e-08,-1.683578569191202e-05,-3.709370763278101e-05,-8.675954372258658e-08,-1.721334029640031e-05,-3.796989128798501e-05,-9.086366652990269e-08,-1.7594580846117496e-05,-3.885624073051126e-05,-9.51116268545289e-08,-1.7979490667372372e-05,-3.97527531055992e-05,-9.950674148303244e-08,-1.8368053094923444e-05,-4.0659425525763814e-05,-1.0405236470606269e-07,-1.8760251472045898e-05,-4.1576255070805246e-05,0.4000000000000001
-6.828303189320652e-08,-1.5362760492055234e-05,-3.369068683451621e-05,-7.17164053312302e-08,-1.5725404412069536e-05,-3.452617944764357e-05,-7.52775953830742e-08,-1.6091801055232992e-05,-3.537184893970319e-05,-7.89697311150414e-08,-1.646193371472644e-05,-3.6227692586925945e-05,-8.279597916362351e-08,-1.683578569191202e-05,-3.709370763278101e-05,-8.675954372258658e-08,-1.721334029640031e-05,-3.796989128798501e-05,-9.086366652990269e-08,-1.7594580846117496e-05,-3.885624073051126e-05,-9.51116268545289e-08,-1.7979490667372372e-05,-3.97527531055992e-05,-9.950674148303244e-08,-1.8368053094923444e-05,-4.0659425525763814e-05,-1.0405236470606269e-07,-1.8760251472045898e-05,-4.1576255070805246e-05,0.4000000000000001
-6.828303189320652e-08,-1.5362760492055234e-05,-3.369068683451621e-05,-7.17164053312302e-08,-1.5725404412069536e-05,-3.452617944764357e-05,-7.52775953830742e-08,-1.6091801055232992e-05,-3.537184893970319e-05,-7.89697311150414e-08,-1.646193371472644e-05,-3.6227692586925945e-05,-8.279597916362351e-08,-1.683578569191202e-05,-3.709370763278101e-05,-8.675954372258658e-08,-1.721334029640031e-05,-3.796989128798501e-05,-9.086366652990269e-08,-1.7594580846117496e-05,-3.885624073051126e-05,-9.51116268545289e-08,-1.7979490667372372e-05,-3.97527531055992e-05,-9.950674148303244e-08,-1.8368053094923444e-05,-4.0659425525763814e-05,-1.0405236470606269e-07,-1.8760251472045898e-05,-4.1576255070805246e-05,0.4000000000000001
-6.828303189320652e-08,-1.5362760492055234e-05,-3.369068683451621e-05,-7.17164053312302e-08,-1.5725404412069536e-05,-3.452617944764357e-05,-7.52775953830742e-08,-1.6091801055232992e-05,-3.537184893970319e-05,-7.89697311150414e-08,-1.646193371472644e-05,-3.6227692586925945e-05,-8.279597916362351e-08,-1.683578569191202e-05,-3.709370763278101e-05,-8.675954372258658e-08,-1.721334029640031e-05,-3.796989128798501e-05,-9.086366652990269e-08,-1.7594580846117496e-05,-3.885624073051126e-05,-9.51116268545289e-08,-1.7979490667372372e-05,-3.97527531055992e-05,-9.950674148303244e-08,-1.8368053094923444e-05,-4.0659425525763814e-05,-1.0405236470606269e-07,-1.8760251472045898e-05,-4.1576255070805246e-05,0.4000000000000001
-6.828303189320652e-08,-1.5362760492055234e-05,-3.369068683451621e-05,-7.17164053312302e-08,-1.5725404412069536e-05,-3.452617944764357e-05,-7.52775953830742e-08,-1.6091801055232992e-05,-3.537184893970319e-05,-7.89697311150414e-08,-1.646193371472644e-05,-3.6227692586925945e-05,-8.279597916362351e-08,-1.683578569191202e-05,-3.709370763278101e-05,-8.675954372258658e-08,-1.721334029640031e-05,-3.796989128798501e-05,-9.086366652990269e-08,-1.7594580846117496e-05,-3.885624073051126e-05,-9.51116268545289e-08,-1.7979490667372372e-05,-3.97527531055992e-05,-9.950674148303244e-08,-1.8368053094923444e-05,-4.0659425525763814e-05,-1.0405236470606269e-07,-1.8760251472045898e-05,-4.1576255070805246e-05,0.4000000000000001
-6.828303189320652e-08,-1.5362760492055234e-05,-3.369068683451621e-05,-7.17164053312302e-08,-1.5725404412069536e-05,-3.452617944764357e-05,-7.52775953830742e-08,-1.6091801055232992e-05,-3.537184893970319e-05,-7.89697311150414e-08,-1.646193371472644e-05,-3.6227692586925945e-05,-8.279597916362351e-08,-1.683578569191202e-05,-3.709370763278101e-05,-8.675954372258658e-08,-1.721334029640031e-05,-3.796989128798501e-05,-9.086366652990269e-08,-1.7594580846117496e-05,-3.885624073051126e-05,-9.51116268545289e-08,-1.7979490667372372e-05,-3.97527531055992e-05,-9.950674148303244e-08,-1.8368053094923444e-05,-4.0659425525763814e-05,-1.0405236470606269e-07,-1.8760251472045898e-05,-4.1576255070805246e-05,0.4000000000000001
-6.828303189320652e-08,-1.5362760492055234e-05,-3.369068683451621e-05,-7.17164053312302e-08,-1.5725404412069536e-05,-3.452617944764357e-05,-7.52775953830742e-08,-1.6091801055232992e-05,-3.537184893970319e-05,-7.89697311150414e-08,-1.646193371472644e-05,-3.6227692586925945e-05,-8.279597916362351e-08,-1.683578569191202e-05,-3.709370763278101e-05,-8.675954372258658e-08,-1.721334029640031e-05,-3.796989128798501e-05,-9.086366652990269e-08,-1.7594580846117496e-05,-3.885624073051126e-05,-9.51116268545289e-08,-1.7979490667372372e-05,-3.97527531055992e-05,-9.950674148303244e-08,-1.8368053094923444e-05,-4.0659425525763814e-05,-1.0405236470606269e-07,-1.8760251472045898e-05,-4.1576255070805246e-05,0.4000000000000001
-6.828303189320652e-08,-1.5362760492055234e-05,-3.369068683451621e-05,-7.17164053312302e-08,-1.5725404412069536e-05,-3.452617944764357e-05,-7.52775953830742e-08,-1.6091801055232992e-05,-3.537184893970319e-05,-7.89697311150414e-08,-1.646193371472644e-05,-3.6227692586925945e-05,-8.279597916362351e-08,-1.683578569191202e-05,-3.709370763278101e-05,-8.675954372258658e-08,-1.721334029640031e-05,-3.796989128798501e-05,-9.086366652990269e-08,-1.7594580846117496e-05,-3.885624073051126e-05,-9.51116268545289e-08,-1.7979490667372372e-05,-3.97527531055992e-05,-9.950674148303244e-08,-1.8368053094923444e-05,-4.0659425525763814e-05,-1.0405236470606269e-07,-1.8760251472045898e-05,-4.1576255070805246e-05,0.4000000000000001
-6.828303189320652e-08,-1.5362760492055234e-05,-3.369068683451621e-05,-7.17164053312302e-08,-1.5725404412069536e-05,-3.452617944764357e-05,-7.52775953830742e-08,-1.6091801055232992e-05,-3.537184893970319e-05,-7.89697311150414e-08,-1.646193371472644e-05,-3.6227692586925945e-05,-8.279597916362351e-08,-1.683578569191202e-05,-3.709370763278101e-05,-8.675954372258658e-08,-1.721334029640031e-05,-3.796989128798501e-05,-9.086366652990269e-08,-1.7594580846117496e-05,-3.885624073051126e-05,-9.51116268545289e-08,-1.7979490667372372e-05,-3.97527531055992e-05,-9.950674148303244e-08,-1.8368053094923444e-05,-4.0659425525763814e-05,-1.0405236470606269e-07,-1.8760251472045898e-05,-4.1576255070805246e-05,0.4000000000000001
-6.828303189320652e-08,-1.5362760492055234e-05,-3.369068683451621e-05,-7.17164053312302e-08,-1.5725404412069536e-05,-3.452617944764357e-05,-7.52775953830742e-08,-1.6091801055232992e-05,-3.537184893970319e-05,-7.89697311150414e-08,-1.646193371472644e-05,-3.6227692586925945e-05,-8.279597916362351e-08,-1.683578569191202e-05,-3.709370763278101e-05,-8.675954372258658e-08,-1.721334029640031e-05,-3.796989128798501e-05,-9.086366652990269e-08,-1.7594580846117496e-05,-3.885624073051126e-05,-9.51116268545289e-08,-1.7979490667372372e-05,-3.97527531055992e-05,-9.950674148303244e-08,-1.8368053094923444e-05,-4.0659425525763814e-05,-1.0405236470606269e-07,-1.8760251472045898e-05,-4.1576255070805246e-05,0.4000000000000001
-6.828303189320652e-08,-1.5362760492055234e-05,-3.369068683451621e-05,-7.17164053312302e-08,-1.5725404412069536e-05,-3.452617944764357e-05,-7.52775953830742e-08,-1.6091801055232992e-05,-3.537184893970319e-05,-7.89697311150414e-08,-1.646193371472644e-05,-3.6227692586925945e-05,-8.279597916362351e-08,-1.683578569191202e-05,-3.709370763278101e-05,-8.675954372258658e-08,-1.721334029640031e-05,-3.796989128798501e-05,-9.086366652990269e-08,-1.7594580846117496e-05,-3.885624073051126e-05,-9.51116268545289e-08,-1.7979490667372372e-05,-3.97527531055992e-05,-9.950674148303244e-08,-1.8368053094923444e-05,-4.0659425525763814e-05,-1.0405236470606269e-07,-1.8760251472045898e-05,-4.1576255070805246e-05,0.4000000000000001
-6.828303189320652e-08,-1.5362760492055234e-05,-3.369068683451621e-05,-7.17164053312302e-08,-1.5725404412069536e-05,-3.452617944764357e-05,-7.52775953830742e-08,-1.6091801055232992e-05,-3.537184893970319e-05,-7.89697311150414e-08,-1.646193371472644e-05,-3.6227692586925945e-05,-8.279597916362351e-08,-1.683578569191202e-05,-3.709370763278101e-05,-8.675954372258658e-08,-1.721334029640031e-05,-3.796989128798501e-05,-9.086366652990269e-08,-1.7594580846117496e-05,-3.885624073051126e-05,-9.51116268545289e-08,-1.7979490667372372e-05,-3.97527531055992e-05,-9.950674148303244e-08,-1.8368053094923444e-05,-4.0659425525763814e-05,-1.0405236470606269e-07,-1.8760251472045898e-05,-4.1576255070805246e-05,0.4000000000000001
-6.828303189320652e-08,-1.5362760492055234e-05,-3.369068683451621e-05,-7.17164053312302e-08,-1.5725404412069536e-05,-3.452617944764357e-05,-7.52775953830742e-08,-1.6091801055232992e-05,-3.537184893970319e-05,-7.89697311150414e-08,-1.646193371472644e-05,-3.6227692586925945e-05,-8.279597916362351e-08,-1.683578569191202e-05,-3.709370763278101e-05,-8.675954372258658e-08,-1.721334029640031e-05,-3.796989128798501e-05,-9.086366652990269e-08,-1.7594580846117496e-05,-3.885624073051126e-05,-9.51116268545289e-08,-1.7979490667372372e-05,-3.97527531055992e-05,-9.950674148303244e-08,-1.8368053094923444e-05,-4.0659425525763814e-05,-1.0405236470606269e-07,-1.8760251472045898e-05,-4.1576255070805246e-05,0.4000000000000001
-6.828303189320652e-08,-1.5362760492055234e-05,-3.369068683451621e-05,-7.17164053312302e-08,-1.5725404412069536e-05,-3.452617944764357e-05,-7.52775953830742e-08,-1.6091801055232992e-05,-3.537184893970319e-05,-7.89697311150414e-08,-1.646193371472644e-05,-3.6227692586925945e-05,-8.279597916362351e-08,-1.683578569191202e-05,-3.709370763278101e-05,-8.675954372258658e-08,-1.721334029640031e-05,-3.796989128798501e-05,-9.086366652990269e-08,-1.7594580846117496e-05,-3.885624073051126e-05,-9.51116268545289e-08,-1.7979490667372372e-05,-3.97527531055992e-05,-9.950674148303244e-08,-1.8368053094923444e-05,-4.0659425525763814e-05,-1.0405236470606269e-07,-1.8760251472045898e-05,-4.1576255070805246e-05,0.4000000000000001
-6.828303189320652e-08,-1.5362760492055234e-05,-3.369068683451621e-05,-7.17164053312302e-08,-1.5725404412069536e-05,-3.452617944764357e-05,-7.52775953830742e-08,-1.6091801055232992e-05,-3.537184893970319e-05,-7.89697311150414e-08,-1.646193371472644e-05,-3.6227692586925945e-05,-8.279597916362351e-08,-1.683578569191202e-05,-3.709370763278101e-05,-8.675954372258658e-08,-1.721334029640031e-05,-3.796989128798501e-05,-9.086366652990269e-08,-1.7594580846117496e-05,-3.885624073051126e-05,-9.51116268545289e-08,-1.7979490667372372e-05,-3.97527531055992e-05,-9.950674148303244e-08,-1.8368053094923444e-05,-4.0659425525763814e-05,-1.0405236470606269e-07,-1.8760251472045898e-05,-4.1576255070805246e-05,0.4000000000000001
-6.828303189320652e-08,-1.5362760492055234e-05,-3.369068683451621e-05,-7.17164053312302e-08,-1.5725404412069536e-05,-3.452617944764357e-05,-7.52775953830742e-08,-1.6091801055232992e-05,-3.537184893970319e-05,-7.89697311150414e-08,-1.646193371472644e-05,-3.6227692586925945e-05,-8.279597916362351e-08,-1.683578569191202e-05,-3.709370763278101e-05,-8.675954372258658e-08,-1.721334029640031e-05,-3.796989128798501e-05,-9.086366652990269e-08,-1.7594580846117496e-05,-3.885624073051126e-05,-9.51116268545289e-08,-1.7979490667372372e-05,-3.97527531055992e-05,-9.950674148303244e-08,-1.8368053094923444e-05,-4.0659425525763814e-05,-1.0405236470606269e-07,-1.8760251472045898e-05,-4.1576255070805246e-05,0.4000000000000001
-6.828303189320652e-08,-1.5362760492055234e-05,-3.369068683451621e-05,-7.17164053312302e-08,-1.5725404412069536e-05,-3.452617944764357e-05,-7.52775953830742e-08,-1.6091801055232992e-05,-3.537184893970319e-05,-7.89697311150414e-08,-1.646193371472644e-05,-3.6227692586925945e-05,-8.279597916362351e-08,-1.683578569191202e-05,-3.709370763278101e-05,-8.675954372258658e-08,-1.721334029640031e-05,-3.796989128798501e-05,-9.086366652990269e-08,-1.7594580846117496e-05,-3.885624073051126e-05,-9.51116268545289e-08,-1.7979490667372372e-05,-3.97527531055992e-05,-9.950674148303244e-08,-1.8368053094923444e-05,-4.0659425525763814e-05,-1.0405236470606269e-07,-1.8760251472045898e-05,-4.1576255070805246e-05,0.4000000000000001
-6.828303189320652e-08,-1.5362760492055234e-05,-3.369068683451621e-05,-7.17164053312302e-08,-1.5725404412069536e-05,-3.452617944764357e-05,-7.52775953830742e-08,-1.6091801055232992e-05,-3.537184893970319e-05,-7.89697311150414e-08,-1.646193371472644e-05,-3.6227692586925945e-05,-8.279597916362351e-08,-1.683578569191202e-05,-3.709370763278101e-05,-8.675954372258658e-08,-1.721334029640031e-05,-3.796989128798501e-05,-9.086366652990269e-08,-1.7594580846117496e-05,-3.885624073051126e-05,-9.51116268545289e-08,-1.7979490667372372e-05,-3.97527531055992e-05,-9.950674148303244e-08,-1.8368053094923444e-05,-4.0659425525763814e-05,-1.0405236470606269e-07,-1.8760251472045898e-05,-4.1576255070805246e-05,0.4000000000000001
-6.828303189320652e-08,-1.5362760492055234e-05,-3.369068683451621e-05,-7.17164053312302e-08,-1.5725404412069536e-05,-3.452617944764357e-05,-7.52775953830742e-08,-1.6091801055232992e-05,-3.537184893970319e-05,-7.89697311150414e-08,-1.646193371472644e-05,-3.6227692586925945e-05,-8.279597916362351e-08,-1.683578569191202e-05,-3.709370763278101e-05,-8.675954372258658e-08,-1.721334029640031e-05,-3.796989128798501e-05,-9.086366652990269e-08,-1.7594580846117496e-05,-3.885624073051126e-05,-9.51116268545289e-08,-1.7979490667372372e-05,-3.97527531055992e-05,-9.950674148303244e-08,-1.8368053094923444e-05,-4.0659425525763814e-05,-1.0405236470606269e-07,-1.8760251472045898e-05,-4.1576255070805246e-05,0.4000000000000001
-6.828303189320652e-08,-1.5362760492055234e-05,-3.369068683451621e-05,-7.17164053312302e-08,-1.5725404412069536e-05,-3.452617944764357e-05,-7.52775953830742e-08,-1.6091801055232992e-05,-3.537184893970319e-05,-7.89697311150414e-08,-1.646193371472644e-05,-3.6227692586925945e-05,-8.279597916362351e-08,-1.683578569191202e-05,-3.709370763278101e-05,-8.675954372258658e-08,-1.721334029640031e-05,-3.796989128798501e-05,-9.086366652990269e-08,-1.7594580846117496e-05,-3.885624073051126e-05,-9.51116268545289e-08,-1.7979490667372372e-05,-3.97527531055992e-05,-9.950674148303244e-08,-1.8368053094923444e-05,-4.0659425525763814e-05,-1.0405236470606269e-07,-1.8760251472045898e-05,-4.1576255070805246e-05,0.4000000000000001
-6.828303189320652e-08,-1.5362760492055234e-05,-3.369068683451621e-05,-7.17164053312302e-08,-1.5725404412069536e-05,-3.452617944764357e-05,-7.52775953830742e-08,-1.6091801055232992e-05,-3.537184893970319e-05,-7.89697311150414e-08,-1.646193371472644e-05,-3.6227692586925945e-05,-8.279597916362351e-08,-1.683578569191202e-05,-3.709370763278101e-05,-8.675954372258658e-08,-1.721334029640031e-05,-3.796989128798501e-05,-9.086366652990269e-08,-1.7594580846117496e-05,-3.885624073051126e-05,-9.51116268545289e-08,-1.7979490667372372e-05,-3.97527531055992e-05,-9.950674148303244e-08,-1.8368053094923444e-05,-4.0659425525763814e-05,-1.0405236470606269e-07,-1.8760251472045898e-05,-4.1576255070805246e-05,0.4000000000000001
-6.828303189320652e-08,-1.5362760492055234e-05,-3.369068683451621e-05,-7.17164053312302e-08,-1.5725404412069536e-05,-3.452617944764357e-05,-7.52775953830742e-08,-1.6091801055232992e-05,-3.537184893970319e-05,-7.89697311150414e-08,-1.646193371472644e-05,-3.6227692586925945e-05,-8.279597916362351e-08,-1.683578569191202e-05,-3.709370763278101e-05,-8.675954372258658e-08,-1.721334029640031e-05,-3.796989128798501e-05,-9.086366652990269e-08,-1.7594580846117496e-05,-3.885624073051126e-05,-9.51116268545289e-08,-1.7979490667372372e-05,-3.97527531055992e-05,-9.950674148303244e-08,-1.8368053094923444e-05,-4.0659425525763814e-05,-1.0405236470606269e-07,-1.8760251472045898e-05,-4.1576255070805246e-05,0.4000000000000001
-6.828303189320652e-08,-1.5362760492055234e-05,-3.369068683451621e-05,-7.17164053312302e-08,-1.5725404412069536e-05,-3.452617944764357e-05,-7.52775953830742e-08,-1.6091801055232992e-05,-3.537184893970319e-05,-7.89697311150414e-08,-1.646193371472644e-05,-3.6227692586925945e-05,-8.279597916362351e-08,-1.683578569191202e-05,-3.709370763278101e-05,-8.675954372258658e-08,-1.721334029640031e-05,-3.796989128798501e-05,-9.086366652990269e-08,-1.7594580846117496e-05,-3.885624073051126e-05,-9.51116268545289e-08,-1.7979490667372372e-05,-3.97527531055992e-05,-9.950674148303244e-08,-1.8368053094923444e-05,-4.0659425525763814e-05,-1.0405236470606269e-07,-1.8760251472045898e-05,-4.1576255070805246e-05,0.4000000000000001
-6.828303189320652e-08,-1.5362760492055234e-05,-3.369068683451621e-05,-7.17164053312302e-08,-1.5725404412069536e-05,-3.452617944764357e-05,-7.52775953830742e-08,-1.6091801055232992e-05,-3.537184893970319e-05,-7.89697311150414e-08,-1.646193371472644e-05,-3.6227692586925945e-05,-8.279597916362351e-08,-1.683578569191202e-05,-3.709370763278101e-05,-8.675954372258658e-08,-1.721334029640031e-05,-3.796989128798501e-05,-9.086366652990269e-08,-1.7594580846117496e-05,-3.885624073051126e-05,-9.51116268545289e-08,-1.7979490667372372e-05,-3.97527531055992e-05,-9.950674148303244e-08,-1.8368053094923444e-05,-4.0659425525763814e-05,-1.0405236470606269e-07,-1.8760251472045898e-05,-4.1576255070805246e-05,0.4000000000000001
-6.828303189320652e-08,-1.5362760492055234e-05,-3.369068683451621e-05,-7.17164053312302e-08,-1.5725404412069536e-05,-3.452617944764357e-05,-7.52775953830742e-08,-1.6091801055232992e-05,-3.537184893970319e-05,-7.89697311150414e-08,-1.646193371472644e-05,-3.6227692586925945e-05,-8.279597916362351e-08,-1.683578569191202e-05,-3.709370763278101e-05,-8.675954372258658e-08,-1.721334029640031e-05,-3.796989128798501e-05,-9.086366652990269e-08,-1.7594580846117496e-05,-3.885624073051126e-05,-9.51116268545289e-08,-1.7979490667372372e-05,-3.97527531055992e-05,-9.950674148303244e-08,-1.8368053094923444e-05,-4.0659425525763814e-05,-1.0405236470606269e-07,-1.8760251472045898e-05,-4.1576255070805246e-05,0.4000000000000001
-6.828303189320652e-08,-1.5362760492055234e-05,-3.369068683451621e-05,-7.17164053312302e-08,-1.5725404412069536e-05,-3.452617944764357e-05,-7.52775953830742e-08,-1.6091801055232992e-05,-3.537184893970319e-05,-7.89697311150414e-08,-1.646193371472644e-05,-3.6227692586925945e-05,-8.279597916362351e-08,-1.683578569191202e-05,-3.709370763278101e-05,-8.675954372258658e-08,-1.721334029640031e-05,-3.796989128798501e-05,-9.086366652990269e-08,-1.7594580846117496e-05,-3.885624073051126e-05,-9.51116268545289e-08,-1.7979490667372372e-05,-3.97527531055992e-05,-9.950674148303244e-08,-1.8368053094923444e-05,-4.0659425525763814e-05,-1.0405236470606269e-07,-1.8760251472045898e-05,-4.1576255070805246e-05,0.4000000000000001
-6.828303189320652e-08,-1.5362760492055234e-05,-3.369068683451621e-05,-7.17164053312302e-08,-1.5725404412069536e-05,-3.452617944764357e-05,-7.52775953830742e-08,-1.6091801055232992e-05,-3.537184893970319e-05,-7.89697311150414e-08,-1.646193371472644e-05,-3.6227692586925945e-05,-8.279597916362351e-08,-1.683578569191202e-05,-3.709370763278101e-05,-8.675954372258658e-08,-1.721334029640031e-05,-3.796989128798501e-05,-9.086366652990269e-08,-1.7594580846117496e-05,-3.885624073051126e-05,-9.51116268545289e-08,-1.7979490667372372e-05,-3.97527531055992e-05,-9.950674148303244e-08,-1.8368053094923444e-05,-4.0659425525763814e-05,-1.0405236470606269e-07,-1.8760251472045898e-05,-4.1576255070805246e-05,0.4000000000000001
-6.828303189320652e-08,-1.5362760492055234e-05,-3.369068683451621e-05,-7.17164053312302e-08,-1.5725404412069536e-05,-3.452617944764357e-05,-7.52775953830742e-08,-1.6091801055232992e-05,-3.537184893970319e-05,-7.89697311150414e-08,-1.646193371472644e-05,-3.6227692586925945e-05,-8.279597916362351e-08,-1.683578569191202e-05,-3.709370763278101e-05,-8.675954372258658e-08,-1.721334029640031e-05,-3.796989128798501e-05,-9.086366652990269e-08,-1.7594580846117496e-05,-3.885624073051126e-05,-9.51116268545289e-08,-1.7979490667372372e-05,-3.97527531055992e-05,-9.950674148303244e-08,-1.8368053094923444e-05,-4.0659425525763814e-05,-1.0405236470606269e-07,-1.8760251472045898e-05,-4.1576255070805246e-05,0.4000000000000001
-6.828303189320652e-08,-1.5362760492055234e-05,-3.369068683451621e-05,-7.17164053312302e-08,-1.5725404412069536e-05,-3.452617944764357e-05,-7.52775953830742e-08,-1.6091801055232992e-05,-3.537184893970319e-05,-7.89697311150414e-08,-1.646193371472644e-05,-3.6227692586925945e-05,-8.279597916362351e-08,-1.683578569191202e-05,-3.709370763278101e-05,-8.675954372258658e-08,-1.721334029640031e-05,-3.796989128798501e-05,-9.086366652990269e-08,-1.7594580846117496e-05,-3.885624073051126e-05,-9.51116268545289e-08,-1.7979490667372372e-05,-3.97527531055992e-05,-9.950674148303244e-08,-1.8368053094923444e-05,-4.0659425525763814e-05,-1.0405236470606269e-07,-1.8760251472045898e-05,-4.1576255070805246e-05,0.4000000000000001
-6.828303189320652e-08,-1.5362760492055234e-05,-3.369068683451621e-05,-7.17164053312302e-08,-1.5725404412069536e-05,-3.452617944764357e-05,-7.52775953830742e-08,-1.6091801055232992e-05,-3.537184893970319e-05,-7.89697311150414e-08,-1.646193371472644e-05,-3.6227692586925945e-05,-8.279597916362351e-08,-1.683578569191202e-05,-3.709370763278101e-05,-8.675954372258658e-08,-1.721334029640031e-05,-3.796989128798501e-05,-9.086366652990269e-08,-1.7594580846117496e-05,-3.885624073051126e-05,-9.51116268545289e-08,-1.7979490667372372e-05,-3.97527531055992e-05,-9.950674148303244e-08,-1.8368053094923444e-05,-4.0659425525763814e-05,-1.0405236470606269e-07,-1.8760251472045898e-05,-4.1576255070805246e-05,0.4000000000000001
-6.828303189320652e-08,-1.5362760492055234e-05,-3.369068683451621e-05,-7.17164053312302e-08,-1.5725404412069536e-05,-3.452617944764357e-05,-7.52775953830742e-08,-1.6091801055232992e-05,-3.537184893970319e-05,-7.89697311150414e-08,-1.646193371472644e-05,-3.6227692586925945e-05,-8.279597916362351e-08,-1.683578569191202e-05,-3.709370763278101e-05,-8.675954372258658e-08,-1.721334029640031e-05,-3.796989128798501e-05,-9.086366652990269e-08,-1.7594580846117496e-05,-3.885624073051126e-05,-9.51116268545289e-08,-1.7979490667372372e-05,-3.97527531055992e-05,-9.950674148303244e-08,-1.8368053094923444e-05,-4.0659425525763814e-05,-1.0405236470606269e-07,-1.8760251472045898e-05,-4.1576255070805246e-05,0.4000000000000001
-6.828303189320652e-08,-1.5362760492055234e-05,-3.369068683451621e-05,-7.17164053312302e-08,-1.5725404412069536e-05,-3.452617944764357e-05,-7.52775953830742e-08,-1.6091801055232992e-05,-3.537184893970319e-05,-7.89697311150414e-08,-1.646193371472644e-05,-3.6227692586925945e-05,-8.279597916362351e-08,-1.683578569191202e-05,-3.709370763278101e-05,-8.675954372258658e-08,-1.721334029640031e-05,-3.796989128798501e-05,-9.086366652990269e-08,-1.7594580846117496e-05,-3.885624073051126e-05,-9.51116268545289e-08,-1.7979490667372372e-05,-3.97527531055992e-05,-9.950674148303244e-08,-1.8368053094923444e-05,-4.0659425525763814e-05,-1.0405236470606269e-07,-1.8760251472045898e-05,-4.1576255070805246e-05,0.4000000000000001
-6.828303189320652e-08,-1.5362760492055234e-05,-3.369068683451621e-05,-7.17164053312302e-08,-1.5725404412069536e-05,-3.452617944764357e-05,-7.52775953830742e-08,-1.6091801055232992e-05,-3.537184893970319e-05,-7.89697311150414e-08,-1.646193371472644e-05,-3.6227692586925945e-05,-8.279597916362351e-08,-1.683578569191202e-05,-3.709370763278101e-05,-8.675954372258658e-08,-1.721334029640031e-05,-3.796989128798501e-05,-9.086366652990269e-08,-1.7594580846117496e-05,-3.885624073051126e-05,-9.51116268545289e-08,-1.7979490667372372e-05,-3.97527531055992e-05,-9.950674148303244e-08,-1.8368053094923444e-05,-4.0659425525763814e-05,-1.0405236470606269e-07,-1.8760251472045898e-05,-4.1576255070805246e-05,0.4000000000000001
-6.828303189320652e-08,-1.5362760492055234e-05,-3.369068683451621e-05,-7.17164053312302e-08,-1.5725404412069536e-05,-3.452617944764357e-05,-7.52775953830742e-08,-1.6091801055232992e-05,-3.537184893970319e-05,-7.89697311150414e-08,-1.646193371472644e-05,-3.6227692586925945e-05,-8.279597916362351e-08,-1.683578569191202e-05,-3.709370763278101e-05,-8.675954372258658e-08,-1.721334029640031e-05,-3.796989128798501e-05,-9.086366652990269e-08,-1.7594580846117496e-05,-3.885624073051126e-05,-9.51116268545289e-08,-1.7979490667372372e-05,-3.97527531055992e-05,-9.950674148303244e-08,-1.8368053094923444e-05,-4.0659425525763814e-05,-1.0405236470606269e-07,-1.8760251472045898e-05,-4.1576255070805246e-05,0.4000000000000001
-6.828303189320652e-08,-1.5362760492055234e-05,-3.369068683451621e-05,-7.17164053312302e-08,-1.5725404412069536e-05,-3.452617944764357e-05,-7.52775953830742e-08,-1.6091801055232992e-05,-3.537184893970319e-05,-7.89697311150414e-08,-1.646193371472644e-05,-3.6227692586925945e-05,-8.279597916362351e-08,-1.683578569191202e-05,-3.709370763278101e-05,-8.675954372258658e-08,-1.721334029640031e-05,-3.796989128798501e-05,-9.086366652990269e-08,-1.7594580846117496e-05,-3.885624073051126e-05,-9.51116268545289e-08,-1.7979490667372372e-05,-3.97527531055992e-05,-9.950674148303244e-08,-1.8368053094923444e-05,-4.0659425525763814e-05,-1.0405236470606269e-07,-1.8760251472045898e-05,-4.1576255070805246e-05,0.4000000000000001
-6.828303189320652e-08,-1.5362760492055234e-05,-3.369068683451621e-05,-7.17164053312302e-08,-1.5725404412069536e-05,-3.452617944764357e-05,-7.52775953830742e-08,-1.6091801055232992e-05,-3.537184893970319e-05,-7.89697311150414e-08,-1.646193371472644e-05,-3.6227692586925945e-05,-8.279597916362351e-08,-1.683578569191202e-05,-3.709370763278101e-05,-8.675954372258658e-08,-1.721334029640031e-05,-3.796989128798501e-05,-9.086366652990269e-08,-1.7594580846117496e-05,-3.885624073051126e-05,-9.51116268545289e-08,-1.7979490667372372e-05,-3.97527531055992e-05,-9.950674148303244e-08,-1.8368053094923444e-05,-4.0659425525763814e-05,-1.0405236470606269e-07,-1.8760251472045898e-05,-4.1576255070805246e-05,0.4000000000000001
-6.828303189320652e-08,-1.5362760492055234e-05,-3.369068683451621e-05,-7.17164053312302e-08,-1.5725404412069536e-05,-3.452617944764357e-05,-7.52775953830742e-08,-1.6091801055232992e-05,-3.537184893970319e-05,-7.89697311150414e-08,-1.646193371472644e-05,-3.6227692586925945e-05,-8.279597916362351e-08,-1.683578569191202e-05,-3.709370763278101e-05,-8.675954372258658e-08,-1.721334029640031e-05,-3.796989128798501e-05,-9.086366652990269e-08,-1.7594580846117496e-05,-3.885624073051126e-05,-9.51116268545289e-08,-1.7979490667372372e-05,-3.97527531055992e-05,-9.950674148303244e-08,-1.8368053094923444e-05,-4.0659425525763814e-05,-1.0405236470606269e-07,-1.8760251472045898e-05,-4.1576255070805246e-05,0.4000000000000001
-6.828303189320652e-08,-1.5362760492055234e-05,-3.369068683451621e-05,-7.17164053312302e-08,-1.5725404412069536e-05,-3.452617944764357e-05,-7.52775953830742e-08,-1.6091801055232992e-05,-3.537184893970319e-05,-7.89697311150414e-08,-1.646193371472644e-05,-3.6227692586925945e-05,-8.279597916362351e-08,-1.683578569191202e-05,-3.709370763278101e-05,-8.675954372258658e-08,-1.721334029640031e-05,-3.796989128798501e-05,-9.086366652990269e-08,-1.7594580846117496e-05,-3.885624073051126e-05,-9.51116268545289e-08,-1.7979490667372372e-05,-3.97527531055992e-05,-9.950674148303244e-08,-1.8368053094923444e-05,-4.0659425525763814e-05,-1.0405236470606269e-07,-1.8760251472045898e-05,-4.1576255070805246e-05,0.4000000000000001
-6.828303189320652e-08,-1.5362760492055234e-05,-3.369068683451621e-05,-7.17164053312302e-08,-1.5725404412069536e-05,-3.452617944764357e-05,-7.52775953830742e-08,-1.6091801055232992e-05,-3.537184893970319e-05,-7.89697311150414e-08,-1.646193371472644e-05,-3.6227692586925945e-05,-8.279597916362351e-08,-1.683578569191202e-05,-3.709370763278101e-05,-8.675954372258658e-08,-1.721334029640031e-05,-3.796989128798501e-05,-9.086366652990269e-08,-1.7594580846117496e-05,-3.885624073051126e-05,-9.51116268545289e-08,-1.7979490667372372e-05,-3.97527531055992e-05,-9.950674148303244e-08,-1.8368053094923444e-05,-4.0659425525763814e-05,-1.0405236470606269e-07,-1.8760251472045898e-05,-4.1576255070805246e-05,0.4000000000000001
-6.828303189320652e-08,-1.5362760492055234e-05,-3.369068683451621e-05,-7.17164053312302e-08,-1.5725404412069536e-05,-3.452617944764357e-05,-7.52775953830742e-08,-1.6091801055232992e-05,-3.537184893970319e-05,-7.89697311150414e-08,-1.646193371472644e-05,-3.6227692586925945e-05,-8.279597916362351e-08,-1.683578569191202e-05,-3.709370763278101e-05,-8.675954372258658e-08,-1.721334029640031e-05,-3.796989128798501e-05,-9.086366652990269e-08,-1.7594580846117496e-05,-3.885624073051126e-05,-9.51116268545289e-08,-1.7979490667372372e-05,-3.97527531055992e-05,-9.950674148303244e-08,-1.8368053094923444e-05,-4.0659425525763814e-05,-1.0405236470606269e-07,-1.8760251472045898e-05,-4.1576255070805246e-05,0.4000000000000001
-6.828303189320652e-08,-1.5362760492055234e-05,-3.369068683451621e-05,-7.17164053312302e-08,-1.5725404412069536e-05,-3.452617944764357e-05,-7.52775953830742e-08,-1.6091801055232992e-05,-3.537184893970319e-05,-7.89697311150414e-08,-1.646193371472644e-05,-3.6227692586925945e-05,-8.279597916362351e-08,-1.683578569191202e-05,-3.709370763278101e-05,-8.675954372258658e-08,-1.721334029640031e-05,-3.796989128798501e-05,-9.086366652990269e-08,-1.7594580846117496e-05,-3.885624073051126e-05,-9.51116268545289e-08,-1.7979490667372372e-05,-3.97527531055992e-05,-9.950674148303244e-08,-1.8368053094923444e-05,-4.0659425525763814e-05,-1.0405236470606269e-07,-1.8760251472045898e-05,-4.1576255070805246e-05,0.4000000000000001
-6.828303189320652e-08,-1.5362760492055234e-05,-3.369068683451621e-05,-7.17164053312302e-08,-1.5725404412069536e-05,-3.452617944764357e-05,-7.52775953830742e-08,-1.6091801055232992e-05,-3.537184893970319e-05,-7.89697311150414e-08,-1.646193371472644e-05,-3.6227692586925945e-05,-8.279597916362351e-08,-1.683578569191202e-05,-3.709370763278101e-05,-8.675954372258658e-08,-1.721334029640031e-05,-3.796989128798501e-05,-9.086366652990269e-08,-1.7594580846117496e-05,-3.885624073051126e-05,-9.51116268545289e-08,-1.7979490667372372e-05,-3.97527531055992e-05,-9.950674148303244e-08,-1.8368053094923444e-05,-4.0659425525763814e-05,-1.0405236470606269e-07,-1.8760251472045898e-05,-4.1576255070805246e-05,0.4000000000000001
-6.828303189320652e-08,-1.5362760492055234e-05,-3.369068683451621e-05,-7.17164053312302e-08,-1.5725404412069536e-05,-3.452617944764357e-05,-7.52775953830742e-08,-1.6091801055232992e-05,-3.537184893970319e-05,-7.89697311150414e-08,-1.646193371472644e-05,-3.6227692586925945e-05,-8.279597916362351e-08,-1.683578569191202e-05,-3.709370763278101e-05,-8.675954372258658e-08,-1.721334029640031e-05,-3.796989128798501e-05,-9.086366652990269e-08,-1.7594580846117496e-05,-3.885624073051126e-05,-9.51116268545289e-08,-1.7979490667372372e-05,-3.97527531055992e-05,-9.950674148303244e-08,-1.8368053094923444e-05,-4.0659425525763814e-05,-1.0405236470606269e-07,-1.8760251472045898e-05,-4.1576255070805246e-05,0.4000000000000001
-6.828303189320652e-08,-1.5362760492055234e-05,-3.369068683451621e-05,-7.17164053312302e-08,-1.5725404412069536e-05,-3.452617944764357e-05,-7.52775953830742e-08,-1.6091801055232992e-05,-3.537184893970319e-05,-7.89697311150414e-08,-1.646193371472644e-05,-3.6227692586925945e-05,-8.279597916362351e-08,-1.683578569191202e-05,-3.709370763278101e-05,-8.675954372258658e-08,-1.721334029640031e-05,-3.796989128798501e-05,-9.086366652990269e-08,-1.7594580846117496e-05,-3.885624073051126e-05,-9.51116268545289e-08,-1.7979490667372372e-05,-3.97527531055992e-05,-9.950674148303244e-08,-1.8368053094923444e-05,-4.0659425525763814e-05,-1.0405236470606269e-07,-1.8760251472045898e-05,-4.1576255070805246e-05,0.4000000000000001
-6.828303189320652e-08,-1.5362760492055234e-05,-3.369068683451621e-05,-7.17164053312302e-08,-1.5725404412069536e-05,-3.452617944764357e-05,-7.52775953830742e-08,-1.6091801055232992e-05,-3.537184893970319e-05,-7.89697311150414e-08,-1.646193371472644e-05,-3.6227692586925945e-05,-8.279597916362351e-08,-1.683578569191202e-05,-3.709370763278101e-05,-8.675954372258658e-08,-1.721334029640031e-05,-3.796989128798501e-05,-9.086366652990269e-08,-1.7594580846117496e-05,-3.885624073051126e-05,-9.51116268545289e-08,-1.7979490667372372e-05,-3.97527531055992e-05,-9.950674148303244e-08,-1.8368053094923444e-05,-4.0659425525763814e-05,-1.0405236470606269e-07,-1.8760251472045898e-05,-4.1576255070805246e-05,0.4000000000000001
-6.828303189320652e-08,-1.5362760492055234e-05,-3.369068683451621e-05,-7.17164053312302e-08,-1.5725404412069536e-05,-3.452617944764357e-05,-7.52775953830742e-08,-1.6091801055232992e-05,-3.537184893970319e-05,-7.89697311150414e-08,-1.646193371472644e-05,-3.6227692586925945e-05,-8.279597916362351e-08,-1.683578569191202e-05,-3.709370763278101e-05,-8.675954372258658e-08,-1.721334029640031e-05,-3.796989128798501e-05,-9.086366652990269e-08,-1.7594580846117496e-05,-3.885624073051126e-05,-9.51116268545289e-08,-1.7979490667372372e-05,-3.97527531055992e-05,-9.950674148303244e-08,-1.8368053094923444e-05,-4.0659425525763814e-05,-1.0405236470606269e-07,-1.8760251472045898e-05,-4.1576255070805246e-05,0.4000000000000001
-6.828303189320652e-08,-1.5362760492055234e-05,-3.369068683451621e-05,-7.17164053312302e-08,-1.5725404412069536e-05,-3.452617944764357e-05,-7.52775953830742e-08,-1.6091801055232992e-05,-3.537184893970319e-05,-7.89697311150414e-08,-1.646193371472644e-05,-3.6227692586925945e-05,-8.279597916362351e-08,-1.683578569191202e-05,-3.709370763278101e-05,-8.675954372258658e-08,-1.721334029640031e-05,-3.796989128798501e-05,-9.086366652990269e-08,-1.7594580846117496e-05,-3.885624073051126e-05,-9.51116268545289e-08,-1.7979490667372372e-05,-3.97527531055992e-05,-9.950674148303244e-08,-1.8368053094923444e-05,-4.0659425525763814e-05,-1.0405236470606269e-07,-1.8760251472045898e-05,-4.1576255070805246e-05,0.4000000000000001
-6.828303189320652e-08,-1.5362760492055234e-05,-3.369068683451621e-05,-7.17164053312302e-08,-1.5725404412069536e-05,-3.452617944764357e-05,-7.52775953830742e-08,-1.6091801055232992e-05,-3.537184893970319e-05,-7.89697311150414e-08,-1.646193371472644e-05,-3.6227692586925945e-05,-8.279597916362351e-08,-1.683578569191202e-05,-3.709370763278101e-05,-8.675954372258658e-08,-1.721334029640031e-05,-3.796989128798501e-05,-9.086366652990269e-08,-1.7594580846117496e-05,-3.885624073051126e-05,-9.51116268545289e-08,-1.7979490667372372e-05,-3.97527531055992e-05,-9.950674148303244e-08,-1.8368053094923444e-05,-4.0659425525763814e-05,-1.0405236470606269e-07,-1.8760251472045898e-05,-4.1576255070805246e-05,0.4000000000000001
-6.828303189320652e-08,-1.5362760492055234e-05,-3.369068683451621e-05,-7.17164053312302e-08,-1.5725404412069536e-05,-3.452617944764357e-05,-7.52775953830742e-08,-1.6091801055232992e-05,-3.537184893970319e-05,-7.89697311150414e-08,-1.646193371472644e-05,-3.6227692586925945e-05,-8.279597916362351e-08,-1.683578569191202e-05,-3.709370763278101e-05,-8.675954372258658e-08,-1.721334029640031e-05,-3.796989128798501e-05,-9.086366652990269e-08,-1.7594580846117496e-05,-3.885624073051126e-05,-9.51116268545289e-08,-1.7979490667372372e-05,-3.97527531055992e-05,-9.950674148303244e-08,-1.8368053094923444e-05,-4.0659425525763814e-05,-1.0405236470606269e-07,-1.8760251472045898e-05,-4.1576255070805246e-05,0.4000000000000001
-6.828303189320652e-08,-1.5362760492055234e-05,-3.369068683451621e-05,-7.17164053312302e-08,-1.5725404412069536e-05,-3.452617944764357e-05,-7.52775953830742e-08,-1.6091801055232992e-05,-3.537184893970319e-05,-7.89697311150414e-08,-1.646193371472644e-05,-3.6227692586925945e-05,-8.279597916362351e-08,-1.683578569191202e-05,-3.709370763278101e-05,-8.675954372258658e-08,-1.721334029640031e-05,-3.796989128798501e-05,-9.086366652990269e-08,-1.7594580846117496e-05,-3.885624073051126e-05,-9.51116268545289e-08,-1.7979490667372372e-05,-3.97527531055992e-05,-9.950674148303244e-08,-1.8368053094923444e-05,-4.0659425525763814e-05,-1.0405236470606269e-07,-1.8760251472045898e-05,-4.1576255070805246e-05,0.4000000000000001
-6.828303189320652e-08,-1.5362760492055234e-05,-3.369068683451621e-05,-7.17164053312302e-08,-1.5725404412069536e-05,-3.452617944764357e-05,-7.52775953830742e-08,-1.6091801055232992e-05,-3.537184893970319e-05,-7.89697311150414e-08,-1.646193371472644e-05,-3.6227692586925945e-05,-8.279597916362351e-08,-1.683578569191202e-05,-3.709370763278101e-05,-8.675954372258658e-08,-1.721334029640031e-05,-3.796989128798501e-05,-9.086366652990269e-08,-1.7594580846117496e-05,-3.885624073051126e-05,-9.51116268545289e-08,-1.7979490667372372e-05,-3.97527531055992e-05,-9.950674148303244e-08,-1.8368053094923444e-05,-4.0659425525763814e-05,-1.0405236470606269e-07,-1.8760251472045898e-05,-4.1576255070805246e-05,0.4000000000000001
-6.828303189320652e-08,-1.5362760492055234e-05,-3.369068683451621e-05,-7.17164053312302e-08,-1.5725404412069536e-05,-3.452617944764357e-05,-7.52775953830742e-08,-1.6091801055232992e-05,-3.537184893970319e-05,-7.89697311150414e-08,-1.646193371472644e-05,-3.6227692586925945e-05,-8.279597916362351e-08,-1.683578569191202e-05,-3.709370763278101e-05,-8.675954372258658e-08,-1.721334029640031e-05,-3.796989128798501e-05,-9.086366652990269e-08,-1.7594580846117496e-05,-3.885624073051126e-05,-9.51116268545289e-08,-1.7979490667372372e-05,-3.97527531055992e-05,-9.950674148303244e-08,-1.8368053094923444e-05,-4.0659425525763814e-05,-1.0405236470606269e-07,-1.8760251472045898e-05,-4.1576255070805246e-05,0.4000000000000001
-6.828303189320652e-08,-1.5362760492055234e-05,-3.369068683451621e-05,-7.17164053312302e-08,-1.5725404412069536e-05,-3.452617944764357e-05,-7.52775953830742e-08,-1.6091801055232992e-05,-3.537184893970319e-05,-7.89697311150414e-08,-1.646193371472644e-05,-3.6227692586925945e-05,-8.279597916362351e-08,-1.683578569191202e-05,-3.709370763278101e-05,-8.675954372258658e-08,-1.721334029640031e-05,-3.796989128798501e-05,-9.086366652990269e-08,-1.7594580846117496e-05,-3.885624073051126e-05,-9.51116268545289e-08,-1.7979490667372372e-05,-3.97527531055992e-05,-9.950674148303244e-08,-1.8368053094923444e-05,-4.0659425525763814e-05,-1.0405236470606269e-07,-1.8760251472045898e-05,-4.1576255070805246e-05,0.4000000000000001
-6.828303189320652e-08,-1.5362760492055234e-05,-3.369068683451621e-05,-7.17164053312302e-08,-1.5725404412069536e-05,-3.452617944764357e-05,-7.52775953830742e-08,-1.6091801055232992e-05,-3.537184893970319e-05,-7.89697311150414e-08,-1.646193371472644e-05,-3.6227692586925945e-05,-8.279597916362351e-08,-1.683578569191202e-05,-3.709370763278101e-05,-8.675954372258658e-08,-1.721334029640031e-05,-3.796989128798501e-05,-9.086366652990269e-08,-1.7594580846117496e-05,-3.885624073051126e-05,-9.51116268545289e-08,-1.7979490667372372e-05,-3.97527531055992e-05,-9.950674148303244e-08,-1.8368053094923444e-05,-4.0659425525763814e-05,-1.0405236470606269e-07,-1.8760251472045898e-05,-4.1576255070805246e-05,0.4000000000000001
-6.828303189320652e-08,-1.5362760492055234e-05,-3.369068683451621e-05,-7.17164053312302e-08,-1.5725404412069536e-05,-3.452617944764357e-05,-7.52775953830742e-08,-1.6091801055232992e-05,-3.537184893970319e-05,-7.89697311150414e-08,-1.646193371472644e-05,-3.6227692586925945e-05,-8.279597916362351e-08,-1.683578569191202e-05,-3.709370763278101e-05,-8.675954372258658e-08,-1.721334029640031e-05,-3.796989128798501e-05,-9.086366652990269e-08,-1.7594580846117496e-05,-3.885624073051126e-05,-9.51116268545289e-08,-1.7979490667372372e-05,-3.97527531055992e-05,-9.950674148303244e-08,-1.8368053094923444e-05,-4.0659425525763814e-05,-1.0405236470606269e-07,-1.8760251472045898e-05,-4.1576255070805246e-05,0.4000000000000001
-6.828303189320652e-08,-1.5362760492055234e-05,-3.369068683451621e-05,-7.17164053312302e-08,-1.5725404412069536e-05,-3.452617944764357e-05,-7.52775953830742e-08,-1.6091801055232992e-05,-3.537184893970319e-05,-7.89697311150414e-08,-1.646193371472644e-05,-3.6227692586925945e-05,-8.279597916362351e-08,-1.683578569191202e-05,-3.709370763278101e-05,-8.675954372258658e-08,-1.721334029640031e-05,-3.796989128798501e-05,-9.086366652990269e-08,-1.7594580846117496e-05,-3.885624073051126e-05,-9.51116268545289e-08,-1.7979490667372372e-05,-3.97527531055992e-05,-9.950674148303244e-08,-1.8368053094923444e-05,-4.0659425525763814e-05,-1.0405236470606269e-07,-1.8760251472045898e-05,-4.1576255070805246e-05,0.4000000000000001
-6.828303189320652e-08,-1.5362760492055234e-05,-3.369068683451621e-05,-7.17164053312302e-08,-1.5725404412069536e-05,-3.452617944764357e-05,-7.52775953830742e-08,-1.6091801055232992e-05,-3.537184893970319e-05,-7.89697311150414e-08,-1.646193371472644e-05,-3.6227692586925945e-05,-8.279597916362351e-08,-1.683578569191202e-05,-3.709370763278101e-05,-8.675954372258658e-08,-1.721334029640031e-05,-3.796989128798501e-05,-9.086366652990269e-08,-1.7594580846117496e-05,-3.885624073051126e-05,-9.51116268545289e-08,-1.7979490667372372e-05,-3.97527531055992e-05,-9.950674148303244e-08,-1.8368053094923444e-05,-4.0659425525763814e-05,-1.0405236470606269e-07,-1.8760251472045898e-05,-4.1576255070805246e-05,0.4000000000000001
-6.828303189320652e-08,-1.5362760492055234e-05,-3.369068683451621e-05,-7.17164053312302e-08,-1.5725404412069536e-05,-3.452617944764357e-05,-7.52775953830742e-08,-1.6091801055232992e-05,-3.537184893970319e-05,-7.89697311150414e-08,-1.646193371472644e-05,-3.6227692586925945e-05,-8.279597916362351e-08,-1.683578569191202e-05,-3.709370763278101e-05,-8.675954372258658e-08,-1.721334029640031e-05,-3.796989128798501e-05,-9.086366652990269e-08,-1.7594580846117496e-05,-3.885624073051126e-05,-9.51116268545289e-08,-1.7979490667372372e-05,-3.97527531055992e-05,-9.950674148303244e-08,-1.8368053094923444e-05,-4.0659425525763814e-05,-1.0405236470606269e-07,-1.8760251472045898e-05,-4.1576255070805246e-05,0.4000000000000001
-6.828303189320652e-08,-1.5362760492055234e-05,-3.369068683451621e-05,-7.17164053312302e-08,-1.5725404412069536e-05,-3.452617944764357e-05,-7.52775953830742e-08,-1.6091801055232992e-05,-3.537184893970319e-05,-7.89697311150414e-08,-1.646193371472644e-05,-3.6227692586925945e-05,-8.279597916362351e-08,-1.683578569191202e-05,-3.709370763278101e-05,-8.675954372258658e-08,-1.721334029640031e-05,-3.796989128798501e-05,-9.086366652990269e-08,-1.7594580846117496e-05,-3.885624073051126e-05,-9.51116268545289e-08,-1.7979490667372372e-05,-3.97527531055992e-05,-9.950674148303244e-08,-1.8368053094923444e-05,-4.0659425525763814e-05,-1.0405236470606269e-07,-1.8760251472045898e-05,-4.1576255070805246e-05,0.4000000000000001
-6.828303189320652e-08,-1.5362760492055234e-05,-3.369068683451621e-05,-7.17164053312302e-08,-1.5725404412069536e-05,-3.452617944764357e-05,-7.52775953830742e-08,-1.6091801055232992e-05,-3.537184893970319e-05,-7.89697311150414e-08,-1.646193371472644e-05,-3.6227692586925945e-05,-8.279597916362351e-08,-1.683578569191202e-05,-3.709370763278101e-05,-8.675954372258658e-08,-1.721334029640031e-05,-3.796989128798501e-05,-9.086366652990269e-08,-1.7594580846117496e-05,-3.885624073051126e-05,-9.51116268545289e-08,-1.7979490667372372e-05,-3.97527531055992e-05,-9.950674148303244e-08,-1.8368053094923444e-05,-4.0659425525763814e-05,-1.0405236470606269e-07,-1.8760251472045898e-05,-4.1576255070805246e-05,0.4000000000000001
-6.828303189320652e-08,-1.5362760492055234e-05,-3.369068683451621e-05,-7.17164053312302e-08,-1.5725404412069536e-05,-3.452617944764357e-05,-7.52775953830742e-08,-1.6091801055232992e-05,-3.537184893970319e-05,-7.89697311150414e-08,-1.646193371472644e-05,-3.6227692586925945e-05,-8.279597916362351e-08,-1.683578569191202e-05,-3.709370763278101e-05,-8.675954372258658e-08,-1.721334029640031e-05,-3.796989128798501e-05,-9.086366652990269e-08,-1.7594580846117496e-05,-3.885624073051126e-05,-9.51116268545289e-08,-1.7979490667372372e-05,-3.97527531055992e-05,-9.950674148303244e-08,-1.8368053094923444e-05,-4.0659425525763814e-05,-1.0405236470606269e-07,-1.8760251472045898e-05,-4.1576255070805246e-05,0.4000000000000001
-6.828303189320652e-08,-1.5362760492055234e-05,-3.369068683451621e-05,-7.17164053312302e-08,-1.5725404412069536e-05,-3.452617944764357e-05,-7.52775953830742e-08,-1.6091801055232992e-05,-3.537184893970319e-05,-7.89697311150414e-08,-1.646193371472644e-05,-3.6227692586925945e-05,-8.279597916362351e-08,-1.683578569191202e-05,-3.709370763278101e-05,-8.675954372258658e-08,-1.721334029640031e-05,-3.796989128798501e-05,-9.086366652990269e-08,-1.7594580846117496e-05,-3.885624073051126e-05,-9.51116268545289e-08,-1.7979490667372372e-05,-3.97527531055992e-05,-9.950674148303244e-08,-1.8368053094923444e-05,-4.0659425525763814e-05,-1.0405236470606269e-07,-1.8760251472045898e-05,-4.1576255070805246e-05,0.4000000000000001
-6.828303189320652e-08,-1.5362760492055234e-05,-3.369068683451621e-05,-7.17164053312302e-08,-1.5725404412069536e-05,-3.452617944764357e-05,-7.52775953830742e-08,-1.6091801055232992e-05,-3.537184893970319e-05,-7.89697311150414e-08,-1.646193371472644e-05,-3.6227692586925945e-05,-8.279597916362351e-08,-1.683578569191202e-05,-3.709370763278101e-05,-8.675954372258658e-08,-1.721334029640031e-05,-3.796989128798501e-05,-9.086366652990269e-08,-1.7594580846117496e-05,-3.885624073051126e-05,-9.51116268545289e-08,-1.7979490667372372e-05,-3.97527531055992e-05,-9.950674148303244e-08,-1.8368053094923444e-05,-4.0659425525763814e-05,-1.0405236470606269e-07,-1.8760251472045898e-05,-4.1576255070805246e-05,0.4000000000000001
-6.828303189320652e-08,-1.5362760492055234e-05,-3.369068683451621e-05,-7.17164053312302e-08,-1.5725404412069536e-05,-3.452617944764357e-05,-7.52775953830742e-08,-1.6091801055232992e-05,-3.537184893970319e-05,-7.89697311150414e-08,-1.646193371472644e-05,-3.6227692586925945e-05,-8.279597916362351e-08,-1.683578569191202e-05,-3.709370763278101e-05,-8.675954372258658e-08,-1.721334029640031e-05,-3.796989128798501e-05,-9.086366652990269e-08,-1.7594580846117496e-05,-3.885624073051126e-05,-9.51116268545289e-08,-1.7979490667372372e-05,-3.97527531055992e-05,-9.950674148303244e-08,-1.8368053094923444e-05,-4.0659425525763814e-05,-1.0405236470606269e-07,-1.8760251472045898e-05,-4.1576255070805246e-05,0.4000000000000001
-6.828303189320652e-08,-1.5362760492055234e-05,-3.369068683451621e-05,-7.17164053312302e-08,-1.5725404412069536e-05,-3.452617944764357e-05,-7.52775953830742e-08,-1.6091801055232992e-05,-3.537184893970319e-05,-7.89697311150414e-08,-1.646193371472644e-05,-3.6227692586925945e-05,-8.279597916362351e-08,-1.683578569191202e-05,-3.709370763278101e-05,-8.675954372258658e-08,-1.721334029640031e-05,-3.796989128798501e-05,-9.086366652990269e-08,-1.7594580846117496e-05,-3.885624073051126e-05,-9.51116268545289e-08,-1.7979490667372372e-05,-3.97527531055992e-05,-9.950674148303244e-08,-1.8368053094923444e-05,-4.0659425525763814e-05,-1.0405236470606269e-07,-1.8760251472045898e-05,-4.1576255070805246e-05,0.4000000000000001
-6.828303189320652e-08,-1.5362760492055234e-05,-3.369068683451621e-05,-7.17164053312302e-08,-1.5725404412069536e-05,-3.452617944764357e-05,-7.52775953830742e-08,-1.6091801055232992e-05,-3.537184893970319e-05,-7.89697311150414e-08,-1.646193371472644e-05,-3.6227692586925945e-05,-8.279597916362351e-08,-1.683578569191202e-05,-3.709370763278101e-05,-8.675954372258658e-08,-1.721334029640031e-05,-3.796989128798501e-05,-9.086366652990269e-08,-1.7594580846117496e-05,-3.885624073051126e-05,-9.51116268545289e-08,-1.7979490667372372e-05,-3.97527531055992e-05,-9.950674148303244e-08,-1.8368053094923444e-05,-4.0659425525763814e-05,-1.0405236470606269e-07,-1.8760251472045898e-05,-4.1576255070805246e-05,0.4000000000000001
-6.828303189320652e-08,-1.5362760492055234e-05,-3.369068683451621e-05,-7.17164053312302e-08,-1.5725404412069536e-05,-3.452617944764357e-05,-7.52775953830742e-08,-1.6091801055232992e-05,-3.537184893970319e-05,-7.89697311150414e-08,-1.646193371472644e-05,-3.6227692586925945e-05,-8.279597916362351e-08,-1.683578569191202e-05,-3.709370763278101e-05,-8.675954372258658e-08,-1.721334029640031e-05,-3.796989128798501e-05,-9.086366652990269e-08,-1.7594580846117496e-05,-3.885624073051126e-05,-9.51116268545289e-08,-1.7979490667372372e-05,-3.97527531055992e-05,-9.950674148303244e-08,-1.8368053094923444e-05,-4.0659425525763814e-05,-1.0405236470606269e-07,-1.8760251472045898e-05,-4.1576255070805246e-05,0.4000000000000001
-6.828303189320652e-08,-1.5362760492055234e-05,-3.369068683451621e-05,-7.17164053312302e-08,-1.5725404412069536e-05,-3.452617944764357e-05,-7.52775953830742e-08,-1.6091801055232992e-05,-3.537184893970319e-05,-7.89697311150414e-08,-1.646193371472644e-05,-3.6227692586925945e-05,-8.279597916362351e-08,-1.683578569191202e-05,-3.709370763278101e-05,-8.675954372258658e-08,-1.721334029640031e-05,-3.796989128798501e-05,-9.086366652990269e-08,-1.7594580846117496e-05,-3.885624073051126e-05,-9.51116268545289e-08,-1.7979490667372372e-05,-3.97527531055992e-05,-9.950674148303244e-08,-1.8368053094923444e-05,-4.0659425525763814e-05,-1.0405236470606269e-07,-1.8760251472045898e-05,-4.1576255070805246e-05,0.4000000000000001
-6.828303189320652e-08,-1.5362760492055234e-05,-3.369068683451621e-05,-7.17164053312302e-08,-1.5725404412069536e-05,-3.452617944764357e-05,-7.52775953830742e-08,-1.6091801055232992e-05,-3.537184893970319e-05,-7.89697311150414e-08,-1.646193371472644e-05,-3.6227692586925945e-05,-8.279597916362351e-08,-1.683578569191202e-05,-3.709370763278101e-05,-8.675954372258658e-08,-1.721334029640031e-05,-3.796989128798501e-05,-9.086366652990269e-08,-1.7594580846117496e-05,-3.885624073051126e-05,-9.51116268545289e-08,-1.7979490667372372e-05,-3.97527531055992e-05,-9.950674148303244e-08,-1.8368053094923444e-05,-4.0659425525763814e-05,-1.0405236470606269e-07,-1.8760251472045898e-05,-4.1576255070805246e-05,0.4000000000000001
-6.828303189320652e-08,-1.5362760492055234e-05,-3.369068683451621e-05,-7.17164053312302e-08,-1.5725404412069536e-05,-3.452617944764357e-05,-7.52775953830742e-08,-1.6091801055232992e-05,-3.537184893970319e-05,-7.89697311150414e-08,-1.646193371472644e-05,-3.6227692586925945e-05,-8.279597916362351e-08,-1.683578569191202e-05,-3.709370763278101e-05,-8.675954372258658e-08,-1.721334029640031e-05,-3.796989128798501e-05,-9.086366652990269e-08,-1.7594580846117496e-05,-3.885624073051126e-05,-9.51116268545289e-08,-1.7979490667372372e-05,-3.97527531055992e-05,-9.950674148303244e-08,-1.8368053094923444e-05,-4.0659425525763814e-05,-1.0405236470606269e-07,-1.8760251472045898e-05,-4.1576255070805246e-05,0.4000000000000001
-6.828303189320652e-08,-1.5362760492055234e-05,-3.369068683451621e-05,-7.17164053312302e-08,-1.5725404412069536e-05,-3.452617944764357e-05,-7.52775953830742e-08,-1.6091801055232992e-05,-3.537184893970319e-05,-7.89697311150414e-08,-1.646193371472644e-05,-3.6227692586925945e-05,-8.279597916362351e-08,-1.683578569191202e-05,-3.709370763278101e-05,-8.675954372258658e-08,-1.721334029640031e-05,-3.796989128798501e-05,-9.086366652990269e-08,-1.7594580846117496e-05,-3.885624073051126e-05,-9.51116268545289e-08,-1.7979490667372372e-05,-3.97527531055992e-05,-9.950674148303244e-08,-1.8368053094923444e-05,-4.0659425525763814e-05,-1.0405236470606269e-07,-1.8760251472045898e-05,-4.1576255070805246e-05,0.4000000000000001
-6.828303189320652e-08,-1.5362760492055234e-05,-3.369068683451621e-05,-7.17164053312302e-08,-1.5725404412069536e-05,-3.452617944764357e-05,-7.52775953830742e-08,-1.6091801055232992e-05,-3.537184893970319e-05,-7.89697311150414e-08,-1.646193371472644e-05,-3.6227692586925945e-05,-8.279597916362351e-08,-1.683578569191202e-05,-3.709370763278101e-05,-8.675954372258658e-08,-1.721334029640031e-05,-3.796989128798501e-05,-9.086366652990269e-08,-1.7594580846117496e-05,-3.885624073051126e-05,-9.51116268545289e-08,-1.7979490667372372e-05,-3.97527531055992e-05,-9.950674148303244e-08,-1.8368053094923444e-05,-4.0659425525763814e-05,-1.0405236470606269e-07,-1.8760251472045898e-05,-4.1576255070805246e-05,0.4000000000000001
-6.828303189320652e-08,-1.5362760492055234e-05,-3.369068683451621e-05,-7.17164053312302e-08,-1.5725404412069536e-05,-3.452617944764357e-05,-7.52775953830742e-08,-1.6091801055232992e-05,-3.537184893970319e-05,-7.89697311150414e-08,-1.646193371472644e-05,-3.6227692586925945e-05,-8.279597916362351e-08,-1.683578569191202e-05,-3.709370763278101e-05,-8.675954372258658e-08,-1.721334029640031e-05,-3.796989128798501e-05,-9.086366652990269e-08,-1.7594580846117496e-05,-3.885624073051126e-05,-9.51116268545289e-08,-1.7979490667372372e-05,-3.97527531055992e-05,-9.950674148303244e-08,-1.8368053094923444e-05,-4.0659425525763814e-05,-1.0405236470606269e-07,-1.8760251472045898e-05,-4.1576255070805246e-05,0.4000000000000001
-6.828303189320652e-08,-1.5362760492055234e-05,-3.369068683451621e-05,-7.17164053312302e-08,-1.5725404412069536e-05,-3.452617944764357e-05,-7.52775953830742e-08,-1.6091801055232992e-05,-3.537184893970319e-05,-7.89697311150414e-08,-1.646193371472644e-05,-3.6227692586925945e-05,-8.279597916362351e-08,-1.683578569191202e-05,-3.709370763278101e-05,-8.675954372258658e-08,-1.721334029640031e-05,-3.796989128798501e-05,-9.086366652990269e-08,-1.7594580846117496e-05,-3.885624073051126e-05,-9.51116268545289e-08,-1.7979490667372372e-05,-3.97527531055992e-05,-9.950674148303244e-08,-1.8368053094923444e-05,-4.0659425525763814e-05,-1.0405236470606269e-07,-1.8760251472045898e-05,-4.1576255070805246e-05,0.4000000000000001
-6.828303189320652e-08,-1.5362760492055234e-05,-3.369068683451621e-05,-7.17164053312302e-08,-1.5725404412069536e-05,-3.452617944764357e-05,-7.52775953830742e-08,-1.6091801055232992e-05,-3.537184893970319e-05,-7.89697311150414e-08,-1.646193371472644e-05,-3.6227692586925945e-05,-8.279597916362351e-08,-1.683578569191202e-05,-3.709370763278101e-05,-8.675954372258658e-08,-1.721334029640031e-05,-3.796989128798501e-05,-9.086366652990269e-08,-1.7594580846117496e-05,-3.885624073051126e-05,-9.51116268545289e-08,-1.7979490667372372e-05,-3.97527531055992e-05,-9.950674148303244e-08,-1.8368053094923444e-05,-4.0659425525763814e-05,-1.0405236470606269e-07,-1.8760251472045898e-05,-4.1576255070805246e-05,0.4000000000000001
-6.828303189320652e-08,-1.5362760492055234e-05,-3.369068683451621e-05,-7.17164053312302e-08,-1.5725404412069536e-05,-3.452617944764357e-05,-7.52775953830742e-08,-1.6091801055232992e-05,-3.537184893970319e-05,-7.89697311150414e-08,-1.646193371472644e-05,-3.6227692586925945e-05,-8.279597916362351e-08,-1.683578569191202e-05,-3.709370763278101e-05,-8.675954372258658e-08,-1.721334029640031e-05,-3.796989128798501e-05,-9.086366652990269e-08,-1.7594580846117496e-05,-3.885624073051126e-05,-9.51116268545289e-08,-1.7979490667372372e-05,-3.97527531055992e-05,-9.950674148303244e-08,-1.8368053094923444e-05,-4.0659425525763814e-05,-1.0405236470606269e-07,-1.8760251472045898e-05,-4.1576255070805246e-05,0.4000000000000001
-6.828303189320652e-08,-1.5362760492055234e-05,-3.369068683451621e-05,-7.17164053312302e-08,-1.5725404412069536e-05,-3.452617944764357e-05,-7.52775953830742e-08,-1.6091801055232992e-05,-3.537184893970319e-05,-7.89697311150414e-08,-1.646193371472644e-05,-3.6227692586925945e-05,-8.279597916362351e-08,-1.683578569191202e-05,-3.709370763278101e-05,-8.675954372258658e-08,-1.721334029640031e-05,-3.796989128798501e-05,-9.086366652990269e-08,-1.7594580846117496e-05,-3.885624073051126e-05,-9.51116268545289e-08,-1.7979490667372372e-05,-3.97527531055992e-05,-9.950674148303244e-08,-1.8368053094923444e-05,-4.0659425525763814e-05,-1.0405236470606269e-07,-1.8760251472045898e-05,-4.1576255070805246e-05,0.4000000000000001
-6.828303189320652e-08,-1.5362760492055234e-05,-3.369068683451621e-05,-7.17164053312302e-08,-1.5725404412069536e-05,-3.452617944764357e-05,-7.52775953830742e-08,-1.6091801055232992e-05,-3.537184893970319e-05,-7.89697311150414e-08,-1.646193371472644e-05,-3.6227692586925945e-05,-8.279597916362351e-08,-1.683578569191202e-05,-3.709370763278101e-05,-8.675954372258658e-08,-1.721334029640031e-05,-3.796989128798501e-05,-9.086366652990269e-08,-1.7594580846117496e-05,-3.885624073051126e-05,-9.51116268545289e-08,-1.7979490667372372e-05,-3.97527531055992e-05,-9.950674148303244e-08,-1.8368053094923444e-05,-4.0659425525763814e-05,-1.0405236470606269e-07,-1.8760251472045898e-05,-4.1576255070805246e-05,0.4000000000000001
-6.828303189320652e-08,-1.5362760492055234e-05,-3.369068683451621e-05,-7.17164053312302e-08,-1.5725404412069536e-05,-3.452617944764357e-05,-7.52775953830742e-08,-1.6091801055232992e-05,-3.537184893970319e-05,-7.89697311150414e-08,-1.646193371472644e-05,-3.6227692586925945e-05,-8.279597916362351e-08,-1.683578569191202e-05,-3.709370763278101e-05,-8.675954372258658e-08,-1.721334029640031e-05,-3.796989128798501e-05,-9.086366652990269e-08,-1.7594580846117496e-05,-3.885624073051126e-05,-9.51116268545289e-08,-1.7979490667372372e-05,-3.97527531055992e-05,-9.950674148303244e-08,-1.8368053094923444e-05,-4.0659425525763814e-05,-1.0405236470606269e-07,-1.8760251472045898e-05,-4.1576255070805246e-05,0.4000000000000001
-6.828303189320652e-08,-1.5362760492055234e-05,-3.369068683451621e-05,-7.17164053312302e-08,-1.5725404412069536e-05,-3.452617944764357e-05,-7.52775953830742e-08,-1.6091801055232992e-05,-3.537184893970319e-05,-7.89697311150414e-08,-1.646193371472644e-05,-3.6227692586925945e-05,-8.279597916362351e-08,-1.683578569191202e-05,-3.709370763278101e-05,-8.675954372258658e-08,-1.721334029640031e-05,-3.796989128798501e-05,-9.086366652990269e-08,-1.7594580846117496e-05,-3.885624073051126e-05,-9.51116268545289e-08,-1.7979490667372372e-05,-3.97527531055992e-05,-9.950674148303244e-08,-1.8368053094923444e-05,-4.0659425525763814e-05,-1.0405236470606269e-07,-1.8760251472045898e-05,-4.1576255070805246e-05,0.4000000000000001
-6.828303189320652e-08,-1.5362760492055234e-05,-3.369068683451621e-05,-7.17164053312302e-08,-1.5725404412069536e-05,-3.452617944764357e-05,-7.52775953830742e-08,-1.6091801055232992e-05,-3.537184893970319e-05,-7.89697311150414e-08,-1.646193371472644e-05,-3.6227692586925945e-05,-8.279597916362351e-08,-1.683578569191202e-05,-3.709370763278101e-05,-8.675954372258658e-08,-1.721334029640031e-05,-3.796989128798501e-05,-9.086366652990269e-08,-1.7594580846117496e-05,-3.885624073051126e-05,-9.51116268545289e-08,-1.7979490667372372e-05,-3.97527531055992e-05,-9.950674148303244e-08,-1.8368053094923444e-05,-4.0659425525763814e-05,-1.0405236470606269e-07,-1.8760251472045898e-05,-4.1576255070805246e-05,0.4000000000000001
-6.828303189320652e-08,-1.5362760492055234e-05,-3.369068683451621e-05,-7.17164053312302e-08,-1.5725404412069536e-05,-3.452617944764357e-05,-7.52775953830742e-08,-1.6091801055232992e-05,-3.537184893970319e-05,-7.89697311150414e-08,-1.646193371472644e-05,-3.6227692586925945e-05,-8.279597916362351e-08,-1.683578569191202e-05,-3.709370763278101e-05,-8.675954372258658e-08,-1.721334029640031e-05,-3.796989128798501e-05,-9.086366652990269e-08,-1.7594580846117496e-05,-3.885624073051126e-05,-9.51116268545289e-08,-1.7979490667372372e-05,-3.97527531055992e-05,-9.950674148303244e-08,-1.8368053094923444e-05,-4.0659425525763814e-05,-1.0405236470606269e-07,-1.8760251472045898e-05,-4.1576255070805246e-05,0.4000000000000001
-3.4147244466529164e-08,-7.682669080275081e-06,-1.6848169843576874e-05,-3.586421922287052e-08,-7.864021463301225e-06,-1.7265986241548892e-05,-3.764511300899636e-08,-8.047250522706236e-06,-1.7688891932704097e-05,-3.949149062055802e-08,-8.23234790367829e-06,-1.8116885554927786e-05,-4.140493564145266e-08,-8.419305255496897e-06,-1.8549965729721633e-05,-4.338705043736504e-08,-8.608114231566473e-06,-1.8988131062208295e-05,-4.543945614923231e-08,-8.798766489449925e-06,-1.9431380141135977e-05,-4.756379268663225e-08,-8.991253690902172e-06,-1.98797115388832e-05,-4.976171872109479e-08,-9.185567501903688e-06,-2.033312381146349e-05,-5.203491167933681e-08,-9.381699592693992e-06,-2.0791615498530173e-05,0.4500000000000001
-3.4147244466529164e-08,-7.682669080275081e-06,-1.6848169843576874e-05,-3.586421922287052e-08,-7.864021463301225e-06,-1.7265986241548892e-05,-3.764511300899636e-08,-8.047250522706236e-06,-1.7688891932704097e-05,-3.949149062055802e-08,-8.23234790367829e-06,-1.8116885554927786e-05,-4.140493564145266e-08,-8.419305255496897e-06,-1.8549965729721633e-05,-4.338705043736504e-08,-8.608114231566473e-06,-1.8988131062208295e-05,-4.543945614923231e-08,-8.798766489449925e-06,-1.9431380141135977e-05,-4.756379268663225e-08,-8.991253690902172e-06,-1.98797115388832e-05,-4.976171872109479e-08,-9.185567501903688e-06,-2.033312381146349e-05,-5.203491167933681e-08,-9.381699592693992e-06,-2.0791615498530173e-05,0.4500000000000001
-3.4147244466529164e-08,-7.682669080275081e-06,-1.6848169843576874e-05,-3.586421922287052e-08,-7.864021463301225e-06,-1.7265986241548892e-05,-3.764511300899636e-08,-8.047250522706236e-06,-1.7688891932704097e-05,-3.949149062055802e-08,-8.23234790367829e-06,-1.8116885554927786e-05,-4.140493564145266e-08,-8.419305255496897e-06,-1.8549965729721633e-05,-4.338705043736504e-08,-8.608114231566473e-06,-1.8988131062208295e-05,-4.543945614923231e-08,-8.798766489449925e-06,-1.9431380141135977e-05,-4.756379268663225e-08,-8.991253690902172e-06,-1.98797115388832e-05,-4.976171872109479e-08,-9.185567501903688e-06,-2.033312381146349e-05,-5.203491167933681e-08,-9.381699592693992e-06,-2.0791615498530173e-05,0.4500000000000001
-3.4147244466529164e-08,-7.682669080275081e-06,-1.6848169843576874e-05,-3.586421922287052e-08,-7.864021463301225e-06,-1.7265986241548892e-05,-3.764511300899636e-08,-8.047250522706236e-06,-1.7688891932704097e-05,-3.949149062055802e-08,-8.23234790367829e-06,-1.8116885554927786e-05,-4.140493564145266e-08,-8.419305255496897e-06,-1.8549965729721633e-05,-4.338705043736504e-08,-8.608114231566473e-06,-1.8988131062208295e-05,-4.543945614923231e-08,-8.798766489449925e-06,-1.9431380141135977e-05,-4.756379268663225e-08,-8.991253690902172e-06,-1.98797115388832e-05,-4.976171872109479e-08,-9.185567501903688e-06,-2.033312381146349e-05,-5.203491167933681e-08,-9.381699592693992e-06,-2.0791615498530173e-05,0.4500000000000001
-3.4147244466529164e-08,-7.682669080275081e-06,-1.6848169843576874e-05,-3.586421922287052e-08,-7.864021463301225e-06,-1.7265986241548892e-05,-3.764511300899636e-08,-8.047250522706236e-06,-1.7688891932704097e-05,-3.949149062055802e-08,-8.23234790367829e-06,-1.8116885554927786e-05,-4.140493564145266e-08,-8.419305255496897e-06,-1.8549965729721633e-05,-4.338705043736504e-08,-8.608114231566473e-06,-1.8988131062208295e-05,-4.543945614923231e-08,-8.798766489449925e-06,-1.9431380141135977e-05,-4.756379268663225e-08,-8.991253690902172e-06,-1.98797115388832e-05,-4.976171872109479e-08,-9.185567501903688e-06,-2.033312381146349e-05,-5.203491167933681e-08,-9.381699592693992e-06,-2.0791615498530173e-05,0.4500000000000001
-3.4147244466529164e-08,-7.682669080275081e-06,-1.6848169843576874e-05,-3.586421922287052e-08,-7.864021463301225e-06,-1.7265986241548892e-05,-3.764511300899636e-08,-8.047250522706236e-06,-1.7688891932704097e-05,-3.949149062055802e-08,-8.23234790367829e-06,-1.8116885554927786e-05,-4.140493564145266e-08,-8.419305255496897e-06,-1.8549965729721633e-05,-4.338705043736504e-08,-8.608114231566473e-06,-1.8988131062208295e-05,-4.543945614923231e-08,-8.798766489449925e-06,-1.9431380141135977e-05,-4.756379268663225e-08,-8.991253690902172e-06,-1.98797115388832e-05,-4.976171872109479e-08,-9.185567501903688e-06,-2.033312381146349e-05,-5.203491167933681e-08,-9.381699592693992e-06,-2.0791615498530173e-05,0.4500000000000001
-3.4147244466529164e-08,-7.682669080275081e-06,-1.6848169843576874e-05,-3.586421922287052e-08,-7.864021463301225e-06,-1.7265986241548892e-05,-3.764511300899636e-08,-8.047250522706236e-06,-1.7688891932704097e-05,-3.949149062055802e-08,-8.23234790367829e-06,-1.8116885554927786e-05,-4.140493564145266e-08,-8.419305255496897e-06,-1.8549965729721633e-05,-4.338705043736504e-08,-8.608114231566473e-06,-1.8988131062208295e-05,-4.543945614923231e-08,-8.798766489449925e-06,-1.9431380141135977e-05,-4.756379268663225e-08,-8.991253690902172e-06,-1.98797115388832e-05,-4.976171872109479e-08,-9.185567501903688e-06,-2.033312381146349e-05,-5.203491167933681e-08,-9.381699592693992e-06,-2.0791615498530173e-05,0.4500000000000001
-3.4147244466529164e-08,-7.682669080275081e-06,-1.6848169843576874e-05,-3.586421922287052e-08,-7.864021463301225e-06,-1.7265986241548892e-05,-3.764511300899636e-08,-8.047250522706236e-06,-1.7688891932704097e-05,-3.949149062055802e-08,-8.23234790367829e-06,-1.8116885554927786e-05,-4.140493564145266e-08,-8.419305255496897e-06,-1.8549965729721633e-05,-4.338705043736504e-08,-8.608114231566473e-06,-1.8988131062208295e-05,-4.543945614923231e-08,-8.798766489449925e-06,-1.9431380141135977e-05,-4.756379268663225e-08,-8.991253690902172e-06,-1.98797115388832e-05,-4.976171872109479e-08,-9.185567501903688e-06,-2.033312381146349e-05,-5.203491167933681e-08,-9.381699592693992e-06,-2.0791615498530173e-05,0.4500000000000001
-3.4147244466529164e-08,-7.682669080275081e-06,-1.6848169843576874e-05,-3.586421922287052e-08,-7.864021463301225e-06,-1.7265986241548892e-05,-3.764511300899636e-08,-8.047250522706236e-06,-1.7688891932704097e-05,-3.949149062055802e-08,-8.23234790367829e-06,-1.8116885554927786e-05,-4.140493564145266e-08,-8.419305255496897e-06,-1.8549965729721633e-05,-4.338705043736504e-08,-8.608114231566473e-06,-1.8988131062208295e-05,-4.543945614923231e-08,-8.798766489449925e-06,-1.9431380141135977e-05,-4.756379268663225e-08,-8.991253690902172e-06,-1.98797115388832e-05,-4.976171872109479e-08,-9.185567501903688e-06,-2.033312381146349e-05,-5.203491167933681e-08,-9.381699592693992e-06,-2.0791615498530173e-05,0.4500000000000001
-3.4147244466529164e-08,-7.682669080275081e-06,-1.6848169843576874e-05,-3.586421922287052e-08,-7.864021463301225e-06,-1.7265986241548892e-05,-3.764511300899636e-08,-8.047250522706236e-06,-1.7688891932704097e-05,-3.949149062055802e-08,-8.23234790367829e-06,-1.8116885554927786e-05,-4.140493564145266e-08,-8.419305255496897e-06,-1.8549965729721633e-05,-4.338705043736504e-08,-8.608114231566473e-06,-1.8988131062208295e-05,-4.543945614923231e-08,-8.798766489449925e-06,-1.9431380141135977e-05,-4.756379268663225e-08,-8.991253690902172e-06,-1.98797115388832e-05,-4.976171872109479e-08,-9.185567501903688e-06,-2.033312381146349e-05,-5.203491167933681e-08,-9.381699592693992e-06,-2.0791615498530173e-05,0.4500000000000001
-3.4147244466529164e-08,-7.682669080275081e-06,-1.6848169843576874e-05,-3.586421922287052e-08,-7.864021463301225e-06,-1.7265986241548892e-05,-3.764511300899636e-08,-8.047250522706236e-06,-1.7688891932704097e-05,-3.949149062055802e-08,-8.23234790367829e-06,-1.8116885554927786e-05,-4.140493564145266e-08,-8.419305255496897e-06,-1.8549965729721633e-05,-4.338705043736504e-08,-8.608114231566473e-06,-1.8988131062208295e-05,-4.543945614923231e-08,-8.798766489449925e-06,-1.9431380141135977e-05,-4.756379268663225e-08,-8.991253690902172e-06,-1.98797115388832e-05,-4.976171872109479e-08,-9.185567501903688e-06,-2.033312381146349e-05,-5.203491167933681e-08,-9.381699592693992e-06,-2.0791615498530173e-05,0.4500000000000001
-3.4147244466529164e-08,-7.682669080275081e-06,-1.6848169843576874e-05,-3.586421922287052e-08,-7.864021463301225e-06,-1.7265986241548892e-05,-3.764511300899636e-08,-8.047250522706236e-06,-1.7688891932704097e-05,-3.949149062055802e-08,-8.23234790367829e-06,-1.8116885554927786e-05,-4.140493564145266e-08,-8.419305255496897e-06,-1.8549965729721633e-05,-4.338705043736504e-08,-8.608114231566473e-06,-1.8988131062208295e-05,-4.543945614923231e-08,-8.798766489449925e-06,-1.9431380141135977e-05,-4.756379268663225e-08,-8.991253690902172e-06,-1.98797115388832e-05,-4.976171872109479e-08,-9.185567501903688e-06,-2.033312381146349e-05,-5.203491167933681e-08,-9.381699592693992e-06,-2.0791615498530173e-05,0.4500000000000001
-3.4147244466529164e-08,-7.682669080275081e-06,-1.6848169843576874e-05,-3.586421922287052e-08,-7.864021463301225e-06,-1.7265986241548892e-05,-3.764511300899636e-08,-8.047250522706236e-06,-1.7688891932704097e-05,-3.949149062055802e-08,-8.23234790367829e-06,-1.8116885554927786e-05,-4.140493564145266e-08,-8.419305255496897e-06,-1.8549965729721633e-05,-4.338705043736504e-08,-8.608114231566473e-06,-1.8988131062208295e-05,-4.543945614923231e-08,-8.798766489449925e-06,-1.9431380141135977e-05,-4.756379268663225e-08,-8.991253690902172e-06,-1.98797115388832e-05,-4.976171872109479e-08,-9.185567501903688e-06,-2.033312381146349e-05,-5.203491167933681e-08,-9.381699592693992e-06,-2.0791615498530173e-05,0.4500000000000001
-3.4147244466529164e-08,-7.682669080275081e-06,-1.6848169843576874e-05,-3.586421922287052e-08,-7.864021463301225e-06,-1.7265986241548892e-05,-3.764511300899636e-08,-8.047250522706236e-06,-1.7688891932704097e-05,-3.949149062055802e-08,-8.23234790367829e-06,-1.8116885554927786e-05,-4.140493564145266e-08,-8.419305255496897e-06,-1.8549965729721633e-05,-4.338705043736504e-08,-8.608114231566473e-06,-1.8988131062208295e-05,-4.543945614923231e-08,-8.798766489449925e-06,-1.9431380141135977e-05,-4.756379268663225e-08,-8.991253690902172e-06,-1.98797115388832e-05,-4.976171872109479e-08,-9.185567501903688e-06,-2.033312381146349e-05,-5.203491167933681e-08,-9.381699592693992e-06,-2.0791615498530173e-05,0.4500000000000001
-3.4147244466529164e-08,-7.682669080275081e-06,-1.6848169843576874e-05,-3.586421922287052e-08,-7.864021463301225e-06,-1.7265986241548892e-05,-3.764511300899636e-08,-8.047250522706236e-06,-1.7688891932704097e-05,-3.949149062055802e-08,-8.23234790367829e-06,-1.8116885554927786e-05,-4.140493564145266e-08,-8.419305255496897e-06,-1.8549965729721633e-05,-4.338705043736504e-08,-8.608114231566473e-06,-1.8988131062208295e-05,-4.543945614923231e-08,-8.798766489449925e-06,-1.9431380141135977e-05,-4.756379268663225e-08,-8.991253690902172e-06,-1.98797115388832e-05,-4.976171872109479e-08,-9.185567501903688e-06,-2.033312381146349e-05,-5.203491167933681e-08,-9.381699592693992e-06,-2.0791615498530173e-05,0.4500000000000001
-3.4147244466529164e-08,-7.682669080275081e-06,-1.6848169843576874e-05,-3.586421922287052e-08,-7.864021463301225e-06,-1.7265986241548892e-05,-3.764511300899636e-08,-8.047250522706236e-06,-1.7688891932704097e-05,-3.949149062055802e-08,-8.23234790367829e-06,-1.8116885554927786e-05,-4.140493564145266e-08,-8.419305255496897e-06,-1.8549965729721633e-05,-4.338705043736504e-08,-8.608114231566473e-06,-1.8988131062208295e-05,-4.543945614923231e-08,-8.798766489449925e-06,-1.9431380141135977e-05,-4.756379268663225e-08,-8.991253690902172e-06,-1.98797115388832e-05,-4.976171872109479e-08,-9.185567501903688e-06,-2.033312381146349e-05,-5.203491167933681e-08,-9.381699592693992e-06,-2.0791615498530173e-05,0.4500000000000001
-3.4147244466529164e-08,-7.682669080275081e-06,-1.6848169843576874e-05,-3.586421922287052e-08,-7.864021463301225e-06,-1.7265986241548892e-05,-3.764511300899636e-08,-8.047250522706236e-06,-1.7688891932704097e-05,-3.949149062055802e-08,-8.23234790367829e-06,-1.8116885554927786e-05,-4.140493564145266e-08,-8.419305255496897e-06,-1.8549965729721633e-05,-4.338705043736504e-08,-8.608114231566473e-06,-1.8988131062208295e-05,-4.543945614923231e-08,-8.798766489449925e-06,-1.9431380141135977e-05,-4.756379268663225e-08,-8.991253690902172e-06,-1.98797115388832e-05,-4.976171872109479e-08,-9.185567501903688e-06,-2.033312381146349e-05,-5.203491167933681e-08,-9.381699592693992e-06,-2.0791615498530173e-05,0.4500000000000001
-3.4147244466529164e-08,-7.682669080275081e-06,-1.6848169843576874e-05,-3.586421922287052e-08,-7.864021463301225e-06,-1.7265986241548892e-05,-3.764511300899636e-08,-8.047250522706236e-06,-1.7688891932704097e-05,-3.949149062055802e-08,-8.23234790367829e-06,-1.8116885554927786e-05,-4.140493564145266e-08,-8.419305255496897e-06,-1.8549965729721633e-05,-4.338705043736504e-08,-8.608114231566473e-06,-1.8988131062208295e-05,-4.543945614923231e-08,-8.798766489449925e-06,-1.9431380141135977e-05,-4.756379268663225e-08,-8.991253690902172e-06,-1.98797115388832e-05,-4.976171872109479e-08,-9.185567501903688e-06,-2.033312381146349e-05,-5.203491167933681e-08,-9.381699592693992e-06,-2.0791615498530173e-05,0.4500000000000001
-3.4147244466529164e-08,-7.682669080275081e-06,-1.6848169843576874e-05,-3.586421922287052e-08,-7.864021463301225e-06,-1.7265986241548892e-05,-3.764511300899636e-08,-8.047250522706236e-06,-1.7688891932704097e-05,-3.949149062055802e-08,-8.23234790367829e-06,-1.8116885554927786e-05,-4.140493564145266e-08,-8.419305255496897e-06,-1.8549965729721633e-05,-4.338705043736504e-08,-8.608114231566473e-06,-1.8988131062208295e-05,-4.543945614923231e-08,-8.798766489449925e-06,-1.9431380141135977e-05,-4.756379268663225e-08,-8.991253690902172e-06,-1.98797115388832e-05,-4.976171872109479e-08,-9.185567501903688e-06,-2.033312381146349e-05,-5.203491167933681e-08,-9.381699592693992e-06,-2.0791615498530173e-05,0.4500000000000001
-3.4147244466529164e-08,-7.682669080275081e-06,-1.6848169843576874e-05,-3.586421922287052e-08,-7.864021463301225e-06,-1.7265986241548892e-05,-3.764511300899636e-08,-8.047250522706236e-06,-1.7688891932704097e-05,-3.949149062055802e-08,-8.23234790367829e-06,-1.8116885554927786e-05,-4.140493564145266e-08,-8.419305255496897e-06,-1.8549965729721633e-05,-4.338705043736504e-08,-8.608114231566473e-06,-1.8988131062208295e-05,-4.543945614923231e-08,-8.798766489449925e-06,-1.9431380141135977e-05,-4.756379268663225e-08,-8.991253690902172e-06,-1.98797115388832e-05,-4.976171872109479e-08,-9.185567501903688e-06,-2.033312381146349e-05,-5.203491167933681e-08,-9.381699592693992e-06,-2.0791615498530173e-05,0.4500000000000001
-3.4147244466529164e-08,-7.682669080275081e-06,-1.6848169843576874e-05,-3.586421922287052e-08,-7.864021463301225e-06,-1.7265986241548892e-05,-3.764511300899636e-08,-8.047250522706236e-06,-1.7688891932704097e-05,-3.949149062055802e-08,-8.23234790367829e-06,-1.8116885554927786e-05,-4.140493564145266e-08,-8.419305255496897e-06,-1.8549965729721633e-05,-4.338705043736504e-08,-8.608114231566473e-06,-1.8988131062208295e-05,-4.543945614923231e-08,-8.798766489449925e-06,-1.9431380141135977e-05,-4.756379268663225e-08,-8.991253690902172e-06,-1.98797115388832e-05,-4.976171872109479e-08,-9.185567501903688e-06,-2.033312381146349e-05,-5.203491167933681e-08,-9.381699592693992e-06,-2.0791615498530173e-05,0.4500000000000001
-3.4147244466529164e-08,-7.682669080275081e-06,-1.6848169843576874e-05,-3.586421922287052e-08,-7.864021463301225e-06,-1.7265986241548892e-05,-3.764511300899636e-08,-8.047250522706236e-06,-1.7688891932704097e-05,-3.949149062055802e-08,-8.23234790367829e-06,-1.8116885554927786e-05,-4.140493564145266e-08,-8.419305255496897e-06,-1.8549965729721633e-05,-4.338705043736504e-08,-8.608114231566473e-06,-1.8988131062208295e-05,-4.543945614923231e-08,-8.798766489449925e-06,-1.9431380141135977e-05,-4.756379268663225e-08,-8.991253690902172e-06,-1.98797115388832e-05,-4.976171872109479e-08,-9.185567501903688e-06,-2.033312381146349e-05,-5.203491167933681e-08,-9.381699592693992e-06,-2.0791615498530173e-05,0.4500000000000001
-3.4147244466529164e-08,-7.682669080275081e-06,-1.6848169843576874e-05,-3.586421922287052e-08,-7.864021463301225e-06,-1.7265986241548892e-05,-3.764511300899636e-08,-8.047250522706236e-06,-1.7688891932704097e-05,-3.949149062055802e-08,-8.23234790367829e-06,-1.8116885554927786e-05,-4.140493564145266e-08,-8.419305255496897e-06,-1.8549965729721633e-05,-4.338705043736504e-08,-8.608114231566473e-06,-1.8988131062208295e-05,-4.543945614923231e-08,-8.798766489449925e-06,-1.9431380141135977e-05,-4.756379268663225e-08,-8.991253690902172e-06,-1.98797115388832e-05,-4.976171872109479e-08,-9.185567501903688e-06,-2.033312381146349e-05,-5.203491167933681e-08,-9.381699592693992e-06,-2.0791615498530173e-05,0.4500000000000001
-3.4147244466529164e-08,-7.682669080275081e-06,-1.6848169843576874e-05,-3.586421922287052e-08,-7.864021463301225e-06,-1.7265986241548892e-05,-3.764511300899636e-08,-8.047250522706236e-06,-1.7688891932704097e-05,-3.949149062055802e-08,-8.23234790367829e-06,-1.8116885554927786e-05,-4.140493564145266e-08,-8.419305255496897e-06,-1.8549965729721633e-05,-4.338705043736504e-08,-8.608114231566473e-06,-1.8988131062208295e-05,-4.543945614923231e-08,-8.798766489449925e-06,-1.9431380141135977e-05,-4.756379268663225e-08,-8.991253690902172e-06,-1.98797115388832e-05,-4.976171872109479e-08,-9.185567501903688e-06,-2.033312381146349e-05,-5.203491167933681e-08,-9.381699592693992e-06,-2.0791615498530173e-05,0.4500000000000001
-3.4147244466529164e-08,-7.682669080275081e-06,-1.6848169843576874e-05,-3.586421922287052e-08,-7.864021463301225e-06,-1.7265986241548892e-05,-3.764511300899636e-08,-8.047250522706236e-06,-1.7688891932704097e-05,-3.949149062055802e-08,-8.23234790367829e-06,-1.8116885554927786e-05,-4.140493564145266e-08,-8.419305255496897e-06,-1.8549965729721633e-05,-4.338705043736504e-08,-8.608114231566473e-06,-1.8988131062208295e-05,-4.543945614923231e-08,-8.798766489449925e-06,-1.9431380141135977e-05,-4.756379268663225e-08,-8.991253690902172e-06,-1.98797115388832e-05,-4.976171872109479e-08,-9.185567501903688e-06,-2.033312381146349e-05,-5.203491167933681e-08,-9.381699592693992e-06,-2.0791615498530173e-05,0.4500000000000001
-3.4147244466529164e-08,-7.682669080275081e-06,-1.6848169843576874e-05,-3.586421922287052e-08,-7.864021463301225e-06,-1.7265986241548892e-05,-3.764511300899636e-08,-8.047250522706236e-06,-1.7688891932704097e-05,-3.949149062055802e-08,-8.23234790367829e-06,-1.8116885554927786e-05,-4.140493564145266e-08,-8.419305255496897e-06,-1.8549965729721633e-05,-4.338705043736504e-08,-8.608114231566473e-06,-1.8988131062208295e-05,-4.543945614923231e-08,-8.798766489449925e-06,-1.9431380141135977e-05,-4.756379268663225e-08,-8.991253690902172e-06,-1.98797115388832e-05,-4.976171872109479e-08,-9.185567501903688e-06,-2.033312381146349e-05,-5.203491167933681e-08,-9.381699592693992e-06,-2.0791615498530173e-05,0.4500000000000001
-3.4147244466529164e-08,-7.682669080275081e-06,-1.6848169843576874e-05,-3.586421922287052e-08,-7.864021463301225e-06,-1.7265986241548892e-05,-3.764511300899636e-08,-8.047250522706236e-06,-1.7688891932704097e-05,-3.949149062055802e-08,-8.23234790367829e-06,-1.8116885554927786e-05,-4.140493564145266e-08,-8.419305255496897e-06,-1.8549965729721633e-05,-4.338705043736504e-08,-8.608114231566473e-06,-1.8988131062208295e-05,-4.543945614923231e-08,-8.798766489449925e-06,-1.9431380141135977e-05,-4.756379268663225e-08,-8.991253690902172e-06,-1.98797115388832e-05,-4.976171872109479e-08,-9.185567501903688e-06,-2.033312381146349e-05,-5.203491167933681e-08,-9.381699592693992e-06,-2.0791615498530173e-05,0.4500000000000001
-3.4147244466529164e-08,-7.682669080275081e-06,-1.6848169843576874e-05,-3.586421922287052e-08,-7.864021463301225e-06,-1.7265986241548892e-05,-3.764511300899636e-08,-8.047250522706236e-06,-1.7688891932704097e-05,-3.949149062055802e-08,-8.23234790367829e-06,-1.8116885554927786e-05,-4.140493564145266e-08,-8.419305255496897e-06,-1.8549965729721633e-05,-4.338705043736504e-08,-8.608114231566473e-06,-1.8988131062208295e-05,-4.543945614923231e-08,-8.798766489449925e-06,-1.9431380141135977e-05,-4.756379268663225e-08,-8.991253690902172e-06,-1.98797115388832e-05,-4.976171872109479e-08,-9.185567501903688e-06,-2.033312381146349e-05,-5.203491167933681e-08,-9.381699592693992e-06,-2.0791615498530173e-05,0.4500000000000001
-3.4147244466529164e-08,-7.682669080275081e-06,-1.6848169843576874e-05,-3.586421922287052e-08,-7.864021463301225e-06,-1.7265986241548892e-05,-3.764511300899636e-08,-8.047250522706236e-06,-1.7688891932704097e-05,-3.949149062055802e-08,-8.23234790367829e-06,-1.8116885554927786e-05,-4.140493564145266e-08,-8.419305255496897e-06,-1.8549965729721633e-05,-4.338705043736504e-08,-8.608114231566473e-06,-1.8988131062208295e-05,-4.543945614923231e-08,-8.798766489449925e-06,-1.9431380141135977e-05,-4.756379268663225e-08,-8.991253690902172e-06,-1.98797115388832e-05,-4.976171872109479e-08,-9.185567501903688e-06,-2.033312381146349e-05,-5.203491167933681e-08,-9.381699592693992e-06,-2.0791615498530173e-05,0.4500000000000001
-3.4147244466529164e-08,-7.682669080275081e-06,-1.6848169843576874e-05,-3.586421922287052e-08,-7.864021463301225e-06,-1.7265986241548892e-05,-3.764511300899636e-08,-8.047250522706236e-06,-1.7688891932704097e-05,-3.949149062055802e-08,-8.23234790367829e-06,-1.8116885554927786e-05,-4.140493564145266e-08,-8.419305255496897e-06,-1.8549965729721633e-05,-4.338705043736504e-08,-8.608114231566473e-06,-1.8988131062208295e-05,-4.543945614923231e-08,-8.798766489449925e-06,-1.9431380141135977e-05,-4.756379268663225e-08,-8.991253690902172e-06,-1.98797115388832e-05,-4.976171872109479e-08,-9.185567501903688e-06,-2.033312381146349e-05,-5.203491167933681e-08,-9.381699592693992e-06,-2.0791615498530173e-05,0.4500000000000001
-3.4147244466529164e-08,-7.682669080275081e-06,-1.6848169843576874e-05,-3.586421922287052e-08,-7.864021463301225e-06,-1.7265986241548892e-05,-3.764511300899636e-08,-8.047250522706236e-06,-1.7688891932704097e-05,-3.949149062055802e-08,-8.23234790367829e-06,-1.8116885554927786e-05,-4.140493564145266e-08,-8.419305255496897e-06,-1.8549965729721633e-05,-4.338705043736504e-08,-8.608114231566473e-06,-1.8988131062208295e-05,-4.543945614923231e-08,-8.798766489449925e-06,-1.9431380141135977e-05,-4.756379268663225e-08,-8.991253690902172e-06,-1.98797115388832e-05,-4.976171872109479e-08,-9.185567501903688e-06,-2.033312381146349e-05,-5.203491167933681e-08,-9.381699592693992e-06,-2.0791615498530173e-05,0.4500000000000001
-3.4147244466529164e-08,-7.682669080275081e-06,-1.6848169843576874e-05,-3.586421922287052e-08,-7.864021463301225e-06,-1.7265986241548892e-05,-3.764511300899636e-08,-8.047250522706236e-06,-1.7688891932704097e-05,-3.949149062055802e-08,-8.23234790367829e-06,-1.8116885554927786e-05,-4.140493564145266e-08,-8.419305255496897e-06,-1.8549965729721633e-05,-4.338705043736504e-08,-8.608114231566473e-06,-1.8988131062208295e-05,-4.543945614923231e-08,-8.798766489449925e-06,-1.9431380141135977e-05,-4.756379268663225e-08,-8.991253690902172e-06,-1.98797115388832e-05,-4.976171872109479e-08,-9.185567501903688e-06,-2.033312381146349e-05,-5.203491167933681e-08,-9.381699592693992e-06,-2.0791615498530173e-05,0.4500000000000001
-3.4147244466529164e-08,-7.682669080275081e-06,-1.6848169843576874e-05,-3.586421922287052e-08,-7.864021463301225e-06,-1.7265986241548892e-05,-3.764511300899636e-08,-8.047250522706236e-06,-1.7688891932704097e-05,-3.949149062055802e-08,-8.23234790367829e-06,-1.8116885554927786e-05,-4.140493564145266e-08,-8.419305255496897e-06,-1.8549965729721633e-05,-4.338705043736504e-08,-8.608114231566473e-06,-1.8988131062208295e-05,-4.543945614923231e-08,-8.798766489449925e-06,-1.9431380141135977e-05,-4.756379268663225e-08,-8.991253690902172e-06,-1.98797115388832e-05,-4.976171872109479e-08,-9.185567501903688e-06,-2.033312381146349e-05,-5.203491167933681e-08,-9.381699592693992e-06,-2.0791615498530173e-05,0.4500000000000001
-3.4147244466529164e-08,-7.682669080275081e-06,-1.6848169843576874e-05,-3.586421922287052e-08,-7.864021463301225e-06,-1.7265986241548892e-05,-3.764511300899636e-08,-8.047250522706236e-06,-1.7688891932704097e-05,-3.949149062055802e-08,-8.23234790367829e-06,-1.8116885554927786e-05,-4.140493564145266e-08,-8.419305255496897e-06,-1.8549965729721633e-05,-4.338705043736504e-08,-8.608114231566473e-06,-1.8988131062208295e-05,-4.543945614923231e-08,-8.798766489449925e-06,-1.9431380141135977e-05,-4.756379268663225e-08,-8.991253690902172e-06,-1.98797115388832e-05,-4.976171872109479e-08,-9.185567501903688e-06,-2.033312381146349e-05,-5.203491167933681e-08,-9.381699592693992e-06,-2.0791615498530173e-05,0.4500000000000001
-3.4147244466529164e-08,-7.682669080275081e-06,-1.6848169843576874e-05,-3.586421922287052e-08,-7.864021463301225e-06,-1.7265986241548892e-05,-3.764511300899636e-08,-8.047250522706236e-06,-1.7688891932704097e-05,-3.949149062055802e-08,-8.23234790367829e-06,-1.8116885554927786e-05,-4.140493564145266e-08,-8.419305255496897e-06,-1.8549965729721633e-05,-4.338705043736504e-08,-8.608114231566473e-06,-1.8988131062208295e-05,-4.543945614923231e-08,-8.798766489449925e-06,-1.9431380141135977e-05,-4.756379268663225e-08,-8.991253690902172e-06,-1.98797115388832e-05,-4.976171872109479e-08,-9.185567501903688e-06,-2.033312381146349e-05,-5.203491167933681e-08,-9.381699592693992e-06,-2.0791615498530173e-05,0.4500000000000001
-3.4147244466529164e-08,-7.682669080275081e-06,-1.6848169843576874e-05,-3.586421922287052e-08,-7.864021463301225e-06,-1.7265986241548892e-05,-3.764511300899636e-08,-8.047250522706236e-06,-1.7688891932704097e-05,-3.949149062055802e-08,-8.23234790367829e-06,-1.8116885554927786e-05,-4.140493564145266e-08,-8.419305255496897e-06,-1.8549965729721633e-05,-4.338705043736504e-08,-8.608114231566473e-06,-1.8988131062208295e-05,-4.543945614923231e-08,-8.798766489449925e-06,-1.9431380141135977e-05,-4.756379268663225e-08,-8.991253690902172e-06,-1.98797115388832e-05,-4.976171872109479e-08,-9.185567501903688e-06,-2.033312381146349e-05,-5.203491167933681e-08,-9.381699592693992e-06,-2.0791615498530173e-05,0.4500000000000001
-3.4147244466529164e-08,-7.682669080275081e-06,-1.6848169843576874e-05,-3.586421922287052e-08,-7.864021463301225e-06,-1.7265986241548892e-05,-3.764511300899636e-08,-8.047250522706236e-06,-1.7688891932704097e-05,-3.949149062055802e-08,-8.23234790367829e-06,-1.8116885554927786e-05,-4.140493564145266e-08,-8.419305255496897e-06,-1.8549965729721633e-05,-4.338705043736504e-08,-8.608114231566473e-06,-1.8988131062208295e-05,-4.543945614923231e-08,-8.798766489449925e-06,-1.9431380141135977e-05,-4.756379268663225e-08,-8.991253690902172e-06,-1.98797115388832e-05,-4.976171872109479e-08,-9.185567501903688e-06,-2.033312381146349e-05,-5.203491167933681e-08,-9.381699592693992e-06,-2.0791615498530173e-05,0.4500000000000001
-3.4147244466529164e-08,-7.682669080275081e-06,-1.6848169843576874e-05,-3.586421922287052e-08,-7.864021463301225e-06,-1.7265986241548892e-05,-3.764511300899636e-08,-8.047250522706236e-06,-1.7688891932704097e-05,-3.949149062055802e-08,-8.23234790367829e-06,-1.8116885554927786e-05,-4.140493564145266e-08,-8.419305255496897e-06,-1.8549965729721633e-05,-4.338705043736504e-08,-8.608114231566473e-06,-1.8988131062208295e-05,-4.543945614923231e-08,-8.798766489449925e-06,-1.9431380141135977e-05,-4.756379268663225e-08,-8.991253690902172e-06,-1.98797115388832e-05,-4.976171872109479e-08,-9.185567501903688e-06,-2.033312381146349e-05,-5.203491167933681e-08,-9.381699592693992e-06,-2.0791615498530173e-05,0.4500000000000001
-3.4147244466529164e-08,-7.682669080275081e-06,-1.6848169843576874e-05,-3.586421922287052e-08,-7.864021463301225e-06,-1.7265986241548892e-05,-3.764511300899636e-08,-8.047250522706236e-06,-1.7688891932704097e-05,-3.949149062055802e-08,-8.23234790367829e-06,-1.8116885554927786e-05,-4.140493564145266e-08,-8.419305255496897e-06,-1.8549965729721633e-05,-4.338705043736504e-08,-8.608114231566473e-06,-1.8988131062208295e-05,-4.543945614923231e-08,-8.798766489449925e-06,-1.9431380141135977e-05,-4.756379268663225e-08,-8.991253690902172e-06,-1.98797115388832e-05,-4.976171872109479e-08,-9.185567501903688e-06,-2.033312381146349e-05,-5.203491167933681e-08,-9.381699592693992e-06,-2.0791615498530173e-05,0.4500000000000001
-3.4147244466529164e-08,-7.682669080275081e-06,-1.6848169843576874e-05,-3.586421922287052e-08,-7.864021463301225e-06,-1.7265986241548892e-05,-3.764511300899636e-08,-8.047250522706236e-06,-1.7688891932704097e-05,-3.949149062055802e-08,-8.23234790367829e-06,-1.8116885554927786e-05,-4.140493564145266e-08,-8.419305255496897e-06,-1.8549965729721633e-05,-4.338705043736504e-08,-8.608114231566473e-06,-1.8988131062208295e-05,-4.543945614923231e-08,-8.798766489449925e-06,-1.9431380141135977e-05,-4.756379268663225e-08,-8.991253690902172e-06,-1.98797115388832e-05,-4.976171872109479e-08,-9.185567501903688e-06,-2.033312381146349e-05,-5.203491167933681e-08,-9.381699592693992e-06,-2.0791615498530173e-05,0.4500000000000001
-3.4147244466529164e-08,-7.682669080275081e-06,-1.6848169843576874e-05,-3.586421922287052e-08,-7.864021463301225e-06,-1.7265986241548892e-05,-3.764511300899636e-08,-8.047250522706236e-06,-1.7688891932704097e-05,-3.949149062055802e-08,-8.23234790367829e-06,-1.8116885554927786e-05,-4.140493564145266e-08,-8.419305255496897e-06,-1.8549965729721633e-05,-4.338705043736504e-08,-8.608114231566473e-06,-1.8988131062208295e-05,-4.543945614923231e-08,-8.798766489449925e-06,-1.9431380141135977e-05,-4.756379268663225e-08,-8.991253690902172e-06,-1.98797115388832e-05,-4.976171872109479e-08,-9.185567501903688e-06,-2.033312381146349e-05,-5.203491167933681e-08,-9.381699592693992e-06,-2.0791615498530173e-05,0.4500000000000001
-3.4147244466529164e-08,-7.682669080275081e-06,-1.6848169843576874e-05,-3.586421922287052e-08,-7.864021463301225e-06,-1.7265986241548892e-05,-3.764511300899636e-08,-8.047250522706236e-06,-1.7688891932704097e-05,-3.949149062055802e-08,-8.23234790367829e-06,-1.8116885554927786e-05,-4.140493564145266e-08,-8.419305255496897e-06,-1.8549965729721633e-05,-4.338705043736504e-08,-8.608114231566473e-06,-1.8988131062208295e-05,-4.543945614923231e-08,-8.798766489449925e-06,-1.9431380141135977e-05,-4.756379268663225e-08,-8.991253690902172e-06,-1.98797115388832e-05,-4.976171872109479e-08,-9.185567501903688e-06,-2.033312381146349e-05,-5.203491167933681e-08,-9.381699592693992e-06,-2.0791615498530173e-05,0.4500000000000001
-3.4147244466529164e-08,-7.682669080275081e-06,-1.6848169843576874e-05,-3.586421922287052e-08,-7.864021463301225e-06,-1.7265986241548892e-05,-3.764511300899636e-08,-8.047250522706236e-06,-1.7688891932704097e-05,-3.949149062055802e-08,-8.23234790367829e-06,-1.8116885554927786e-05,-4.140493564145266e-08,-8.419305255496897e-06,-1.8549965729721633e-05,-4.338705043736504e-08,-8.608114231566473e-06,-1.8988131062208295e-05,-4.543945614923231e-08,-8.798766489449925e-06,-1.9431380141135977e-05,-4.756379268663225e-08,-8.991253690902172e-06,-1.98797115388832e-05,-4.976171872109479e-08,-9.185567501903688e-06,-2.033312381146349e-05,-5.203491167933681e-08,-9.381699592693992e-06,-2.0791615498530173e-05,0.4500000000000001
-3.4147244466529164e-08,-7.682669080275081e-06,-1.6848169843576874e-05,-3.586421922287052e-08,-7.864021463301225e-06,-1.7265986241548892e-05,-3.764511300899636e-08,-8.047250522706236e-06,-1.7688891932704097e-05,-3.949149062055802e-08,-8.23234790367829e-06,-1.8116885554927786e-05,-4.140493564145266e-08,-8.419305255496897e-06,-1.8549965729721633e-05,-4.338705043736504e-08,-8.608114231566473e-06,-1.8988131062208295e-05,-4.543945614923231e-08,-8.798766489449925e-06,-1.9431380141135977e-05,-4.756379268663225e-08,-8.991253690902172e-06,-1.98797115388832e-05,-4.976171872109479e-08,-9.185567501903688e-06,-2.033312381146349e-05,-5.203491167933681e-08,-9.381699592693992e-06,-2.0791615498530173e-05,0.4500000000000001
-3.4147244466529164e-08,-7.682669080275081e-06,-1.6848169843576874e-05,-3.586421922287052e-08,-7.864021463301225e-06,-1.7265986241548892e-05,-3.764511300899636e-08,-8.047250522706236e-06,-1.7688891932704097e-05,-3.949149062055802e-08,-8.23234790367829e-06,-1.8116885554927786e-05,-4.140493564145266e-08,-8.419305255496897e-06,-1.8549965729721633e-05,-4.338705043736504e-08,-8.608114231566473e-06,-1.8988131062208295e-05,-4.543945614923231e-08,-8.798766489449925e-06,-1.9431380141135977e-05,-4.756379268663225e-08,-8.991253690902172e-06,-1.98797115388832e-05,-4.976171872109479e-08,-9.185567501903688e-06,-2.033312381146349e-05,-5.203491167933681e-08,-9.381699592693992e-06,-2.0791615498530173e-05,0.4500000000000001
-3.4147244466529164e-08,-7.682669080275081e-06,-1.6848169843576874e-05,-3.586421922287052e-08,-7.864021463301225e-06,-1.7265986241548892e-05,-3.764511300899636e-08,-8.047250522706236e-06,-1.7688891932704097e-05,-3.949149062055802e-08,-8.23234790367829e-06,-1.8116885554927786e-05,-4.140493564145266e-08,-8.419305255496897e-06,-1.8549965729721633e-05,-4.338705043736504e-08,-8.608114231566473e-06,-1.8988131062208295e-05,-4.543945614923231e-08,-8.798766489449925e-06,-1.9431380141135977e-05,-4.756379268663225e-08,-8.991253690902172e-06,-1.98797115388832e-05,-4.976171872109479e-08,-9.185567501903688e-06,-2.033312381146349e-05,-5.203491167933681e-08,-9.381699592693992e-06,-2.0791615498530173e-05,0.4500000000000001
-3.4147244466529164e-08,-7.682669080275081e-06,-1.6848169843576874e-05,-3.586421922287052e-08,-7.864021463301225e-06,-1.7265986241548892e-05,-3.764511300899636e-08,-8.047250522706236e-06,-1.7688891932704097e-05,-3.949149062055802e-08,-8.23234790367829e-06,-1.8116885554927786e-05,-4.140493564145266e-08,-8.419305255496897e-06,-1.8549965729721633e-05,-4.338705043736504e-08,-8.608114231566473e-06,-1.8988131062208295e-05,-4.543945614923231e-08,-8.798766489449925e-06,-1.9431380141135977e-05,-4.756379268663225e-08,-8.991253690902172e-06,-1.98797115388832e-05,-4.976171872109479e-08,-9.185567501903688e-06,-2.033312381146349e-05,-5.203491167933681e-08,-9.381699592693992e-06,-2.0791615498530173e-05,0.4500000000000001
-3.4147244466529164e-08,-7.682669080275081e-06,-1.6848169843576874e-05,-3.586421922287052e-08,-7.864021463301225e-06,-1.7265986241548892e-05,-3.764511300899636e-08,-8.047250522706236e-06,-1.7688891932704097e-05,-3.949149062055802e-08,-8.23234790367829e-06,-1.8116885554927786e-05,-4.140493564145266e-08,-8.419305255496897e-06,-1.8549965729721633e-05,-4.338705043736504e-08,-8.608114231566473e-06,-1.8988131062208295e-05,-4.543945614923231e-08,-8.798766489449925e-06,-1.9431380141135977e-05,-4.756379268663225e-08,-8.991253690902172e-06,-1.98797115388832e-05,-4.976171872109479e-08,-9.185567501903688e-06,-2.033312381146349e-05,-5.203491167933681e-08,-9.381699592693992e-06,-2.0791615498530173e-05,0.4500000000000001
-3.4147244466529164e-08,-7.682669080275081e-06,-1.6848169843576874e-05,-3.586421922287052e-08,-7.864021463301225e-06,-1.7265986241548892e-05,-3.764511300899636e-08,-8.047250522706236e-06,-1.7688891932704097e-05,-3.949149062055802e-08,-8.23234790367829e-06,-1.8116885554927786e-05,-4.140493564145266e-08,-8.419305255496897e-06,-1.8549965729721633e-05,-4.338705043736504e-08,-8.608114231566473e-06,-1.8988131062208295e-05,-4.543945614923231e-08,-8.798766489449925e-06,-1.9431380141135977e-05,-4.756379268663225e-08,-8.991253690902172e-06,-1.98797115388832e-05,-4.976171872109479e-08,-9.185567501903688e-06,-2.033312381146349e-05,-5.203491167933681e-08,-9.381699592693992e-06,-2.0791615498530173e-05,0.4500000000000001
-3.4147244466529164e-08,-7.682669080275081e-06,-1.6848169843576874e-05,-3.586421922287052e-08,-7.864021463301225e-06,-1.7265986241548892e-05,-3.764511300899636e-08,-8.047250522706236e-06,-1.7688891932704097e-05,-3.949149062055802e-08,-8.23234790367829e-06,-1.8116885554927786e-05,-4.140493564145266e-08,-8.419305255496897e-06,-1.8549965729721633e-05,-4.338705043736504e-08,-8.608114231566473e-06,-1.8988131062208295e-05,-4.543945614923231e-08,-8.798766489449925e-06,-1.9431380141135977e-05,-4.756379268663225e-08,-8.991253690902172e-06,-1.98797115388832e-05,-4.976171872109479e-08,-9.185567501903688e-06,-2.033312381146349e-05,-5.203491167933681e-08,-9.381699592693992e-06,-2.0791615498530173e-05,0.4500000000000001
-3.4147244466529164e-08,-7.682669080275081e-06,-1.6848169843576874e-05,-3.586421922287052e-08,-7.864021463301225e-06,-1.7265986241548892e-05,-3.764511300899636e-08,-8.047250522706236e-06,-1.7688891932704097e-05,-3.949149062055802e-08,-8.23234790367829e-06,-1.8116885554927786e-05,-4.140493564145266e-08,-8.419305255496897e-06,-1.8549965729721633e-05,-4.338705043736504e-08,-8.608114231566473e-06,-1.8988131062208295e-05,-4.543945614923231e-08,-8.798766489449925e-06,-1.9431380141135977e-05,-4.756379268663225e-08,-8.991253690902172e-06,-1.98797115388832e-05,-4.976171872109479e-08,-9.185567501903688e-06,-2.033312381146349e-05,-5.203491167933681e-08,-9.381699592693992e-06,-2.0791615498530173e-05,0.4500000000000001
-3.4147244466529164e-08,-7.682669080275081e-06,-1.6848169843576874e-05,-3.586421922287052e-08,-7.864021463301225e-06,-1.7265986241548892e-05,-3.764511300899636e-08,-8.047250522706236e-06,-1.7688891932704097e-05,-3.949149062055802e-08,-8.23234790367829e-06,-1.8116885554927786e-05,-4.140493564145266e-08,-8.419305255496897e-06,-1.8549965729721633e-05,-4.338705043736504e-08,-8.608114231566473e-06,-1.8988131062208295e-05,-4.543945614923231e-08,-8.798766489449925e-06,-1.9431380141135977e-05,-4.756379268663225e-08,-8.991253690902172e-06,-1.98797115388832e-05,-4.976171872109479e-08,-9.185567501903688e-06,-2.033312381146349e-05,-5.203491167933681e-08,-9.381699592693992e-06,-2.0791615498530173e-05,0.4500000000000001
-3.4147244466529164e-08,-7.682669080275081e-06,-1.6848169843576874e-05,-3.586421922287052e-08,-7.864021463301225e-06,-1.7265986241548892e-05,-3.764511300899636e-08,-8.047250522706236e-06,-1.7688891932704097e-05,-3.949149062055802e-08,-8.23234790367829e-06,-1.8116885554927786e-05,-4.140493564145266e-08,-8.419305255496897e-06,-1.8549965729721633e-05,-4.338705043736504e-08,-8.608114231566473e-06,-1.8988131062208295e-05,-4.543945614923231e-08,-8.798766489449925e-06,-1.9431380141135977e-05,-4.756379268663225e-08,-8.991253690902172e-06,-1.98797115388832e-05,-4.976171872109479e-08,-9.185567501903688e-06,-2.033312381146349e-05,-5.203491167933681e-08,-9.381699592693992e-06,-2.0791615498530173e-05,0.4500000000000001
-3.4147244466529164e-08,-7.682669080275081e-06,-1.6848169843576874e-05,-3.586421922287052e-08,-7.864021463301225e-06,-1.7265986241548892e-05,-3.764511300899636e-08,-8.047250522706236e-06,-1.7688891932704097e-05,-3.949149062055802e-08,-8.23234790367829e-06,-1.8116885554927786e-05,-4.140493564145266e-08,-8.419305255496897e-06,-1.8549965729721633e-05,-4.338705043736504e-08,-8.608114231566473e-06,-1.8988131062208295e-05,-4.543945614923231e-08,-8.798766489449925e-06,-1.9431380141135977e-05,-4.756379268663225e-08,-8.991253690902172e-06,-1.98797115388832e-05,-4.976171872109479e-08,-9.185567501903688e-06,-2.033312381146349e-05,-5.203491167933681e-08,-9.381699592693992e-06,-2.0791615498530173e-05,0.4500000000000001
-3.4147244466529164e-08,-7.682669080275081e-06,-1.6848169843576874e-05,-3.586421922287052e-08,-7.864021463301225e-06,-1.7265986241548892e-05,-3.764511300899636e-08,-8.047250522706236e-06,-1.7688891932704097e-05,-3.949149062055802e-08,-8.23234790367829e-06,-1.8116885554927786e-05,-4.140493564145266e-08,-8.419305255496897e-06,-1.8549965729721633e-05,-4.338705043736504e-08,-8.608114231566473e-06,-1.8988131062208295e-05,-4.543945614923231e-08,-8.798766489449925e-06,-1.9431380141135977e-05,-4.756379268663225e-08,-8.991253690902172e-06,-1.98797115388832e-05,-4.976171872109479e-08,-9.185567501903688e-06,-2.033312381146349e-05,-5.203491167933681e-08,-9.381699592693992e-06,-2.0791615498530173e-05,0.4500000000000001
-3.4147244466529164e-08,-7.682669080275081e-06,-1.6848169843576874e-05,-3.586421922287052e-08,-7.864021463301225e-06,-1.7265986241548892e-05,-3.764511300899636e-08,-8.047250522706236e-06,-1.7688891932704097e-05,-3.949149062055802e-08,-8.23234790367829e-06,-1.8116885554927786e-05,-4.140493564145266e-08,-8.419305255496897e-06,-1.8549965729721633e-05,-4.338705043736504e-08,-8.608114231566473e-06,-1.8988131062208295e-05,-4.543945614923231e-08,-8.798766489449925e-06,-1.9431380141135977e-05,-4.756379268663225e-08,-8.991253690902172e-06,-1.98797115388832e-05,-4.976171872109479e-08,-9.185567501903688e-06,-2.033312381146349e-05,-5.203491167933681e-08,-9.381699592693992e-06,-2.0791615498530173e-05,0.4500000000000001
-3.4147244466529164e-08,-7.682669080275081e-06,-1.6848169843576874e-05,-3.586421922287052e-08,-7.864021463301225e-06,-1.7265986241548892e-05,-3.764511300899636e-08,-8.047250522706236e-06,-1.7688891932704097e-05,-3.949149062055802e-08,-8.23234790367829e-06,-1.8116885554927786e-05,-4.140493564145266e-08,-8.419305255496897e-06,-1.8549965729721633e-05,-4.338705043736504e-08,-8.608114231566473e-06,-1.8988131062208295e-05,-4.543945614923231e-08,-8.798766489449925e-06,-1.9431380141135977e-05,-4.756379268663225e-08,-8.991253690902172e-06,-1.98797115388832e-05,-4.976171872109479e-08,-9.185567501903688e-06,-2.033312381146349e-05,-5.203491167933681e-08,-9.381699592693992e-06,-2.0791615498530173e-05,0.4500000000000001
-3.4147244466529164e-08,-7.682669080275081e-06,-1.6848169843576874e-05,-3.586421922287052e-08,-7.864021463301225e-06,-1.7265986241548892e-05,-3.764511300899636e-08,-8.047250522706236e-06,-1.7688891932704097e-05,-3.949149062055802e-08,-8.23234790367829e-06,-1.8116885554927786e-05,-4.140493564145266e-08,-8.419305255496897e-06,-1.8549965729721633e-05,-4.338705043736504e-08,-8.608114231566473e-06,-1.8988131062208295e-05,-4.543945614923231e-08,-8.798766489449925e-06,-1.9431380141135977e-05,-4.756379268663225e-08,-8.991253690902172e-06,-1.98797115388832e-05,-4.976171872109479e-08,-9.185567501903688e-06,-2.033312381146349e-05,-5.203491167933681e-08,-9.381699592693992e-06,-2.0791615498530173e-05,0.4500000000000001
-3.4147244466529164e-08,-7.682669080275081e-06,-1.6848169843576874e-05,-3.586421922287052e-08,-7.864021463301225e-06,-1.7265986241548892e-05,-3.764511300899636e-08,-8.047250522706236e-06,-1.7688891932704097e-05,-3.949149062055802e-08,-8.23234790367829e-06,-1.8116885554927786e-05,-4.140493564145266e-08,-8.419305255496897e-06,-1.8549965729721633e-05,-4.338705043736504e-08,-8.608114231566473e-06,-1.8988131062208295e-05,-4.543945614923231e-08,-8.798766489449925e-06,-1.9431380141135977e-05,-4.756379268663225e-08,-8.991253690902172e-06,-1.98797115388832e-05,-4.976171872109479e-08,-9.185567501903688e-06,-2.033312381146349e-05,-5.203491167933681e-08,-9.381699592693992e-06,-2.0791615498530173e-05,0.4500000000000001
-3.4147244466529164e-08,-7.682669080275081e-06,-1.6848169843576874e-05,-3.586421922287052e-08,-7.864021463301225e-06,-1.7265986241548892e-05,-3.764511300899636e-08,-8.047250522706236e-06,-1.7688891932704097e-05,-3.949149062055802e-08,-8.23234790367829e-06,-1.8116885554927786e-05,-4.140493564145266e-08,-8.419305255496897e-06,-1.8549965729721633e-05,-4.338705043736504e-08,-8.608114231566473e-06,-1.8988131062208295e-05,-4.543945614923231e-08,-8.798766489449925e-06,-1.9431380141135977e-05,-4.756379268663225e-08,-8.991253690902172e-06,-1.98797115388832e-05,-4.976171872109479e-08,-9.185567501903688e-06,-2.033312381146349e-05,-5.203491167933681e-08,-9.381699592693992e-06,-2.0791615498530173e-05,0.4500000000000001
-3.4147244466529164e-08,-7.682669080275081e-06,-1.6848169843576874e-05,-3.586421922287052e-08,-7.864021463301225e-06,-1.7265986241548892e-05,-3.764511300899636e-08,-8.047250522706236e-06,-1.7688891932704097e-05,-3.949149062055802e-08,-8.23234790367829e-06,-1.8116885554927786e-05,-4.140493564145266e-08,-8.419305255496897e-06,-1.8549965729721633e-05,-4.338705043736504e-08,-8.608114231566473e-06,-1.8988131062208295e-05,-4.543945614923231e-08,-8.798766489449925e-06,-1.9431380141135977e-05,-4.756379268663225e-08,-8.991253690902172e-06,-1.98797115388832e-05,-4.976171872109479e-08,-9.185567501903688e-06,-2.033312381146349e-05,-5.203491167933681e-08,-9.381699592693992e-06,-2.0791615498530173e-05,0.4500000000000001
-3.4147244466529164e-08,-7.682669080275081e-06,-1.6848169843576874e-05,-3.586421922287052e-08,-7.864021463301225e-06,-1.7265986241548892e-05,-3.764511300899636e-08,-8.047250522706236e-06,-1.7688891932704097e-05,-3.949149062055802e-08,-8.23234790367829e-06,-1.8116885554927786e-05,-4.140493564145266e-08,-8.419305255496897e-06,-1.8549965729721633e-05,-4.338705043736504e-08,-8.608114231566473e-06,-1.8988131062208295e-05,-4.543945614923231e-08,-8.798766489449925e-06,-1.9431380141135977e-05,-4.756379268663225e-08,-8.991253690902172e-06,-1.98797115388832e-05,-4.976171872109479e-08,-9.185567501903688e-06,-2.033312381146349e-05,-5.203491167933681e-08,-9.381699592693992e-06,-2.0791615498530173e-05,0.4500000000000001
-3.4147244466529164e-08,-7.682669080275081e-06,-1.6848169843576874e-05,-3.586421922287052e-08,-7.864021463301225e-06,-1.7265986241548892e-05,-3.764511300899636e-08,-8.047250522706236e-06,-1.7688891932704097e-05,-3.949149062055802e-08,-8.23234790367829e-06,-1.8116885554927786e-05,-4.140493564145266e-08,-8.419305255496897e-06,-1.8549965729721633e-05,-4.338705043736504e-08,-8.608114231566473e-06,-1.8988131062208295e-05,-4.543945614923231e-08,-8.798766489449925e-06,-1.9431380141135977e-05,-4.756379268663225e-08,-8.991253690902172e-06,-1.98797115388832e-05,-4.976171872109479e-08,-9.185567501903688e-06,-2.033312381146349e-05,-5.203491167933681e-08,-9.381699592693992e-06,-2.0791615498530173e-05,0.4500000000000001
-3.4147244466529164e-08,-7.682669080275081e-06,-1.6848169843576874e-05,-3.586421922287052e-08,-7.864021463301225e-06,-1.7265986241548892e-05,-3.764511300899636e-08,-8.047250522706236e-06,-1.7688891932704097e-05,-3.949149062055802e-08,-8.23234790367829e-06,-1.8116885554927786e-05,-4.140493564145266e-08,-8.419305255496897e-06,-1.8549965729721633e-05,-4.338705043736504e-08,-8.608114231566473e-06,-1.8988131062208295e-05,-4.543945614923231e-08,-8.798766489449925e-06,-1.9431380141135977e-05,-4.756379268663225e-08,-8.991253690902172e-06,-1.98797115388832e-05,-4.976171872109479e-08,-9.185567501903688e-06,-2.033312381146349e-05,-5.203491167933681e-08,-9.381699592693992e-06,-2.0791615498530173e-05,0.4500000000000001
-3.4147244466529164e-08,-7.682669080275081e-06,-1.6848169843576874e-05,-3.586421922287052e-08,-7.864021463301225e-06,-1.7265986241548892e-05,-3.764511300899636e-08,-8.047250522706236e-06,-1.7688891932704097e-05,-3.949149062055802e-08,-8.23234790367829e-06,-1.8116885554927786e-05,-4.140493564145266e-08,-8.419305255496897e-06,-1.8549965729721633e-05,-4.338705043736504e-08,-8.608114231566473e-06,-1.8988131062208295e-05,-4.543945614923231e-08,-8.798766489449925e-06,-1.9431380141135977e-05,-4.756379268663225e-08,-8.991253690902172e-06,-1.98797115388832e-05,-4.976171872109479e-08,-9.185567501903688e-06,-2.033312381146349e-05,-5.203491167933681e-08,-9.381699592693992e-06,-2.0791615498530173e-05,0.4500000000000001
-3.4147244466529164e-08,-7.682669080275081e-06,-1.6848169843576874e-05,-3.586421922287052e-08,-7.864021463301225e-06,-1.7265986241548892e-05,-3.764511300899636e-08,-8.047250522706236e-06,-1.7688891932704097e-05,-3.949149062055802e-08,-8.23234790367829e-06,-1.8116885554927786e-05,-4.140493564145266e-08,-8.419305255496897e-06,-1.8549965729721633e-05,-4.338705043736504e-08,-8.608114231566473e-06,-1.8988131062208295e-05,-4.543945614923231e-08,-8.798766489449925e-06,-1.9431380141135977e-05,-4.756379268663225e-08,-8.991253690902172e-06,-1.98797115388832e-05,-4.976171872109479e-08,-9.185567501903688e-06,-2.033312381146349e-05,-5.203491167933681e-08,-9.381699592693992e-06,-2.0791615498530173e-05,0.4500000000000001
-3.4147244466529164e-08,-7.682669080275081e-06,-1.6848169843576874e-05,-3.586421922287052e-08,-7.864021463301225e-06,-1.7265986241548892e-05,-3.764511300899636e-08,-8.047250522706236e-06,-1.7688891932704097e-05,-3.949149062055802e-08,-8.23234790367829e-06,-1.8116885554927786e-05,-4.140493564145266e-08,-8.419305255496897e-06,-1.8549965729721633e-05,-4.338705043736504e-08,-8.608114231566473e-06,-1.8988131062208295e-05,-4.543945614923231e-08,-8.798766489449925e-06,-1.9431380141135977e-05,-4.756379268663225e-08,-8.991253690902172e-06,-1.98797115388832e-05,-4.976171872109479e-08,-9.185567501903688e-06,-2.033312381146349e-05,-5.203491167933681e-08,-9.381699592693992e-06,-2.0791615498530173e-05,0.4500000000000001
-3.4147244466529164e-08,-7.682669080275081e-06,-1.6848169843576874e-05,-3.586421922287052e-08,-7.864021463301225e-06,-1.7265986241548892e-05,-3.764511300899636e-08,-8.047250522706236e-06,-1.7688891932704097e-05,-3.949149062055802e-08,-8.23234790367829e-06,-1.8116885554927786e-05,-4.140493564145266e-08,-8.419305255496897e-06,-1.8549965729721633e-05,-4.338705043736504e-08,-8.608114231566473e-06,-1.8988131062208295e-05,-4.543945614923231e-08,-8.798766489449925e-06,-1.9431380141135977e-05,-4.756379268663225e-08,-8.991253690902172e-06,-1.98797115388832e-05,-4.976171872109479e-08,-9.185567501903688e-06,-2.033312381146349e-05,-5.203491167933681e-08,-9.381699592693992e-06,-2.0791615498530173e-05,0.4500000000000001
-3.4147244466529164e-08,-7.682669080275081e-06,-1.6848169843576874e-05,-3.586421922287052e-08,-7.864021463301225e-06,-1.7265986241548892e-05,-3.764511300899636e-08,-8.047250522706236e-06,-1.7688891932704097e-05,-3.949149062055802e-08,-8.23234790367829e-06,-1.8116885554927786e-05,-4.140493564145266e-08,-8.419305255496897e-06,-1.8549965729721633e-05,-4.338705043736504e-08,-8.608114231566473e-06,-1.8988131062208295e-05,-4.543945614923231e-08,-8.798766489449925e-06,-1.9431380141135977e-05,-4.756379268663225e-08,-8.991253690902172e-06,-1.98797115388832e-05,-4.976171872109479e-08,-9.185567501903688e-06,-2.033312381146349e-05,-5.203491167933681e-08,-9.381699592693992e-06,-2.0791615498530173e-05,0.4500000000000001
-3.4147244466529164e-08,-7.682669080275081e-06,-1.6848169843576874e-05,-3.586421922287052e-08,-7.864021463301225e-06,-1.7265986241548892e-05,-3.764511300899636e-08,-8.047250522706236e-06,-1.7688891932704097e-05,-3.949149062055802e-08,-8.23234790367829e-06,-1.8116885554927786e-05,-4.140493564145266e-08,-8.419305255496897e-06,-1.8549965729721633e-05,-4.338705043736504e-08,-8.608114231566473e-06,-1.8988131062208295e-05,-4.543945614923231e-08,-8.798766489449925e-06,-1.9431380141135977e-05,-4.756379268663225e-08,-8.991253690902172e-06,-1.98797115388832e-05,-4.976171872109479e-08,-9.185567501903688e-06,-2.033312381146349e-05,-5.203491167933681e-08,-9.381699592693992e-06,-2.0791615498530173e-05,0.4500000000000001
-3.4147244466529164e-08,-7.682669080275081e-06,-1.6848169843576874e-05,-3.586421922287052e-08,-7.864021463301225e-06,-1.7265986241548892e-05,-3.764511300899636e-08,-8.047250522706236e-06,-1.7688891932704097e-05,-3.949149062055802e-08,-8.23234790367829e-06,-1.8116885554927786e-05,-4.140493564145266e-08,-8.419305255496897e-06,-1.8549965729721633e-05,-4.338705043736504e-08,-8.608114231566473e-06,-1.8988131062208295e-05,-4.543945614923231e-08,-8.798766489449925e-06,-1.9431380141135977e-05,-4.756379268663225e-08,-8.991253690902172e-06,-1.98797115388832e-05,-4.976171872109479e-08,-9.185567501903688e-06,-2.033312381146349e-05,-5.203491167933681e-08,-9.381699592693992e-06,-2.0791615498530173e-05,0.4500000000000001
-3.4147244466529164e-08,-7.682669080275081e-06,-1.6848169843576874e-05,-3.586421922287052e-08,-7.864021463301225e-06,-1.7265986241548892e-05,-3.764511300899636e-08,-8.047250522706236e-06,-1.7688891932704097e-05,-3.949149062055802e-08,-8.23234790367829e-06,-1.8116885554927786e-05,-4.140493564145266e-08,-8.419305255496897e-06,-1.8549965729721633e-05,-4.338705043736504e-08,-8.608114231566473e-06,-1.8988131062208295e-05,-4.543945614923231e-08,-8.798766489449925e-06,-1.9431380141135977e-05,-4.756379268663225e-08,-8.991253690902172e-06,-1.98797115388832e-05,-4.976171872109479e-08,-9.185567501903688e-06,-2.033312381146349e-05,-5.203491167933681e-08,-9.381699592693992e-06,-2.0791615498530173e-05,0.4500000000000001
-3.4147244466529164e-08,-7.682669080275081e-06,-1.6848169843576874e-05,-3.586421922287052e-08,-7.864021463301225e-06,-1.7265986241548892e-05,-3.764511300899636e-08,-8.047250522706236e-06,-1.7688891932704097e-05,-3.949149062055802e-08,-8.23234790367829e-06,-1.8116885554927786e-05,-4.140493564145266e-08,-8.419305255496897e-06,-1.8549965729721633e-05,-4.338705043736504e-08,-8.608114231566473e-06,-1.8988131062208295e-05,-4.543945614923231e-08,-8.798766489449925e-06,-1.9431380141135977e-05,-4.756379268663225e-08,-8.991253690902172e-06,-1.98797115388832e-05,-4.976171872109479e-08,-9.185567501903688e-06,-2.033312381146349e-05,-5.203491167933681e-08,-9.381699592693992e-06,-2.0791615498530173e-05,0.4500000000000001
-3.4147244466529164e-08,-7.682669080275081e-06,-1.6848169843576874e-05,-3.586421922287052e-08,-7.864021463301225e-06,-1.7265986241548892e-05,-3.764511300899636e-08,-8.047250522706236e-06,-1.7688891932704097e-05,-3.949149062055802e-08,-8.23234790367829e-06,-1.8116885554927786e-05,-4.140493564145266e-08,-8.419305255496897e-06,-1.8549965729721633e-05,-4.338705043736504e-08,-8.608114231566473e-06,-1.8988131062208295e-05,-4.543945614923231e-08,-8.798766489449925e-06,-1.9431380141135977e-05,-4.756379268663225e-08,-8.991253690902172e-06,-1.98797115388832e-05,-4.976171872109479e-08,-9.185567501903688e-06,-2.033312381146349e-05,-5.203491167933681e-08,-9.381699592693992e-06,-2.0791615498530173e-05,0.4500000000000001
-3.4147244466529164e-08,-7.682669080275081e-06,-1.6848169843576874e-05,-3.586421922287052e-08,-7.864021463301225e-06,-1.7265986241548892e-05,-3.764511300899636e-08,-8.047250522706236e-06,-1.7688891932704097e-05,-3.949149062055802e-08,-8.23234790367829e-06,-1.8116885554927786e-05,-4.140493564145266e-08,-8.419305255496897e-06,-1.8549965729721633e-05,-4.338705043736504e-08,-8.608114231566473e-06,-1.8988131062208295e-05,-4.543945614923231e-08,-8.798766489449925e-06,-1.9431380141135977e-05,-4.756379268663225e-08,-8.991253690902172e-06,-1.98797115388832e-05,-4.976171872109479e-08,-9.185567501903688e-06,-2.033312381146349e-05,-5.203491167933681e-08,-9.381699592693992e-06,-2.0791615498530173e-05,0.4500000000000001
-3.4147244466529164e-08,-7.682669080275081e-06,-1.6848169843576874e-05,-3.586421922287052e-08,-7.864021463301225e-06,-1.7265986241548892e-05,-3.764511300899636e-08,-8.047250522706236e-06,-1.7688891932704097e-05,-3.949149062055802e-08,-8.23234790367829e-06,-1.8116885554927786e-05,-4.140493564145266e-08,-8.419305255496897e-06,-1.8549965729721633e-05,-4.338705043736504e-08,-8.608114231566473e-06,-1.8988131062208295e-05,-4.543945614923231e-08,-8.798766489449925e-06,-1.9431380141135977e-05,-4.756379268663225e-08,-8.991253690902172e-06,-1.98797115388832e-05,-4.976171872109479e-08,-9.185567501903688e-06,-2.033312381146349e-05,-5.203491167933681e-08,-9.381699592693992e-06,-2.0791615498530173e-05,0.4500000000000001
-3.4147244466529164e-08,-7.682669080275081e-06,-1.6848169843576874e-05,-3.586421922287052e-08,-7.864021463301225e-06,-1.7265986241548892e-05,-3.764511300899636e-08,-8.047250522706236e-06,-1.7688891932704097e-05,-3.949149062055802e-08,-8.23234790367829e-06,-1.8116885554927786e-05,-4.140493564145266e-08,-8.419305255496897e-06,-1.8549965729721633e-05,-4.338705043736504e-08,-8.608114231566473e-06,-1.8988131062208295e-05,-4.543945614923231e-08,-8.798766489449925e-06,-1.9431380141135977e-05,-4.756379268663225e-08,-8.991253690902172e-06,-1.98797115388832e-05,-4.976171872109479e-08,-9.185567501903688e-06,-2.033312381146349e-05,-5.203491167933681e-08,-9.381699592693992e-06,-2.0791615498530173e-05,0.4500000000000001
-3.4147244466529164e-08,-7.682669080275081e-06,-1.6848169843576874e-05,-3.586421922287052e-08,-7.864021463301225e-06,-1.7265986241548892e-05,-3.764511300899636e-08,-8.047250522706236e-06,-1.7688891932704097e-05,-3.949149062055802e-08,-8.23234790367829e-06,-1.8116885554927786e-05,-4.140493564145266e-08,-8.419305255496897e-06,-1.8549965729721633e-05,-4.338705043736504e-08,-8.608114231566473e-06,-1.8988131062208295e-05,-4.543945614923231e-08,-8.798766489449925e-06,-1.9431380141135977e-05,-4.756379268663225e-08,-8.991253690902172e-06,-1.98797115388832e-05,-4.976171872109479e-08,-9.185567501903688e-06,-2.033312381146349e-05,-5.203491167933681e-08,-9.381699592693992e-06,-2.0791615498530173e-05,0.4500000000000001
-3.4147244466529164e-08,-7.682669080275081e-06,-1.6848169843576874e-05,-3.586421922287052e-08,-7.864021463301225e-06,-1.7265986241548892e-05,-3.764511300899636e-08,-8.047250522706236e-06,-1.7688891932704097e-05,-3.949149062055802e-08,-8.23234790367829e-06,-1.8116885554927786e-05,-4.140493564145266e-08,-8.419305255496897e-06,-1.8549965729721633e-05,-4.338705043736504e-08,-8.608114231566473e-06,-1.8988131062208295e-05,-4.543945614923231e-08,-8.798766489449925e-06,-1.9431380141135977e-05,-4.756379268663225e-08,-8.991253690902172e-06,-1.98797115388832e-05,-4.976171872109479e-08,-9.185567501903688e-06,-2.033312381146349e-05,-5.203491167933681e-08,-9.381699592693992e-06,-2.0791615498530173e-05,0.4500000000000001
-3.4147244466529164e-08,-7.682669080275081e-06,-1.6848169843576874e-05,-3.586421922287052e-08,-7.864021463301225e-06,-1.7265986241548892e-05,-3.764511300899636e-08,-8.047250522706236e-06,-1.7688891932704097e-05,-3.949149062055802e-08,-8.23234790367829e-06,-1.8116885554927786e-05,-4.140493564145266e-08,-8.419305255496897e-06,-1.8549965729721633e-05,-4.338705043736504e-08,-8.608114231566473e-06,-1.8988131062208295e-05,-4.543945614923231e-08,-8.798766489449925e-06,-1.9431380141135977e-05,-4.756379268663225e-08,-8.991253690902172e-06,-1.98797115388832e-05,-4.976171872109479e-08,-9.185567501903688e-06,-2.033312381146349e-05,-5.203491167933681e-08,-9.381699592693992e-06,-2.0791615498530173e-05,0.4500000000000001
-3.4147244466529164e-08,-7.682669080275081e-06,-1.6848169843576874e-05,-3.586421922287052e-08,-7.864021463301225e-06,-1.7265986241548892e-05,-3.764511300899636e-08,-8.047250522706236e-06,-1.7688891932704097e-05,-3.949149062055802e-08,-8.23234790367829e-06,-1.8116885554927786e-05,-4.140493564145266e-08,-8.419305255496897e-06,-1.8549965729721633e-05,-4.338705043736504e-08,-8.608114231566473e-06,-1.8988131062208295e-05,-4.543945614923231e-08,-8.798766489449925e-06,-1.9431380141135977e-05,-4.756379268663225e-08,-8.991253690902172e-06,-1.98797115388832e-05,-4.976171872109479e-08,-9.185567501903688e-06,-2.033312381146349e-05,-5.203491167933681e-08,-9.381699592693992e-06,-2.0791615498530173e-05,0.4500000000000001
-3.4147244466529164e-08,-7.682669080275081e-06,-1.6848169843576874e-05,-3.586421922287052e-08,-7.864021463301225e-06,-1.7265986241548892e-05,-3.764511300899636e-08,-8.047250522706236e-06,-1.7688891932704097e-05,-3.949149062055802e-08,-8.23234790367829e-06,-1.8116885554927786e-05,-4.140493564145266e-08,-8.419305255496897e-06,-1.8549965729721633e-05,-4.338705043736504e-08,-8.608114231566473e-06,-1.8988131062208295e-05,-4.543945614923231e-08,-8.798766489449925e-06,-1.9431380141135977e-05,-4.756379268663225e-08,-8.991253690902172e-06,-1.98797115388832e-05,-4.976171872109479e-08,-9.185567501903688e-06,-2.033312381146349e-05,-5.203491167933681e-08,-9.381699592693992e-06,-2.0791615498530173e-05,0.4500000000000001
-3.4147244466529164e-08,-7.682669080275081e-06,-1.6848169843576874e-05,-3.586421922287052e-08,-7.864021463301225e-06,-1.7265986241548892e-05,-3.764511300899636e-08,-8.047250522706236e-06,-1.7688891932704097e-05,-3.949149062055802e-08,-8.23234790367829e-06,-1.8116885554927786e-05,-4.140493564145266e-08,-8.419305255496897e-06,-1.8549965729721633e-05,-4.338705043736504e-08,-8.608114231566473e-06,-1.8988131062208295e-05,-4.543945614923231e-08,-8.798766489449925e-06,-1.9431380141135977e-05,-4.756379268663225e-08,-8.991253690902172e-06,-1.98797115388832e-05,-4.976171872109479e-08,-9.185567501903688e-06,-2.033312381146349e-05,-5.203491167933681e-08,-9.381699592693992e-06,-2.0791615498530173e-05,0.4500000000000001
-3.4147244466529164e-08,-7.682669080275081e-06,-1.6848169843576874e-05,-3.586421922287052e-08,-7.864021463301225e-06,-1.7265986241548892e-05,-3.764511300899636e-08,-8.047250522706236e-06,-1.7688891932704097e-05,-3.949149062055802e-08,-8.23234790367829e-06,-1.8116885554927786e-05,-4.140493564145266e-08,-8.419305255496897e-06,-1.8549965729721633e-05,-4.338705043736504e-08,-8.608114231566473e-06,-1.8988131062208295e-05,-4.543945614923231e-08,-8.798766489449925e-06,-1.9431380141135977e-05,-4.756379268663225e-08,-8.991253690902172e-06,-1.98797115388832e-05,-4.976171872109479e-08,-9.185567501903688e-06,-2.033312381146349e-05,-5.203491167933681e-08,-9.381699592693992e-06,-2.0791615498530173e-05,0.4500000000000001
-3.4147244466529164e-08,-7.682669080275081e-06,-1.6848169843576874e-05,-3.586421922287052e-08,-7.864021463301225e-06,-1.7265986241548892e-05,-3.764511300899636e-08,-8.047250522706236e-06,-1.7688891932704097e-05,-3.949149062055802e-08,-8.23234790367829e-06,-1.8116885554927786e-05,-4.140493564145266e-08,-8.419305255496897e-06,-1.8549965729721633e-05,-4.338705043736504e-08,-8.608114231566473e-06,-1.8988131062208295e-05,-4.543945614923231e-08,-8.798766489449925e-06,-1.9431380141135977e-05,-4.756379268663225e-08,-8.991253690902172e-06,-1.98797115388832e-05,-4.976171872109479e-08,-9.185567501903688e-06,-2.033312381146349e-05,-5.203491167933681e-08,-9.381699592693992e-06,-2.0791615498530173e-05,0.4500000000000001
-3.4147244466529164e-08,-7.682669080275081e-06,-1.6848169843576874e-05,-3.586421922287052e-08,-7.864021463301225e-06,-1.7265986241548892e-05,-3.764511300899636e-08,-8.047250522706236e-06,-1.7688891932704097e-05,-3.949149062055802e-08,-8.23234790367829e-06,-1.8116885554927786e-05,-4.140493564145266e-08,-8.419305255496897e-06,-1.8549965729721633e-05,-4.338705043736504e-08,-8.608114231566473e-06,-1.8988131062208295e-05,-4.543945614923231e-08,-8.798766489449925e-06,-1.9431380141135977e-05,-4.756379268663225e-08,-8.991253690902172e-06,-1.98797115388832e-05,-4.976171872109479e-08,-9.185567501903688e-06,-2.033312381146349e-05,-5.203491167933681e-08,-9.381699592693992e-06,-2.0791615498530173e-05,0.4500000000000001
-3.4147244466529164e-08,-7.682669080275081e-06,-1.6848169843576874e-05,-3.586421922287052e-08,-7.864021463301225e-06,-1.7265986241548892e-05,-3.764511300899636e-08,-8.047250522706236e-06,-1.7688891932704097e-05,-3.949149062055802e-08,-8.23234790367829e-06,-1.8116885554927786e-05,-4.140493564145266e-08,-8.419305255496897e-06,-1.8549965729721633e-05,-4.338705043736504e-08,-8.608114231566473e-06,-1.8988131062208295e-05,-4.543945614923231e-08,-8.798766489449925e-06,-1.9431380141135977e-05,-4.756379268663225e-08,-8.991253690902172e-06,-1.98797115388832e-05,-4.976171872109479e-08,-9.185567501903688e-06,-2.033312381146349e-05,-5.203491167933681e-08,-9.381699592693992e-06,-2.0791615498530173e-05,0.4500000000000001
-3.4147244466529164e-08,-7.682669080275081e-06,-1.6848169843576874e-05,-3.586421922287052e-08,-7.864021463301225e-06,-1.7265986241548892e-05,-3.764511300899636e-08,-8.047250522706236e-06,-1.7688891932704097e-05,-3.949149062055802e-08,-8.23234790367829e-06,-1.8116885554927786e-05,-4.140493564145266e-08,-8.419305255496897e-06,-1.8549965729721633e-05,-4.338705043736504e-08,-8.608114231566473e-06,-1.8988131062208295e-05,-4.543945614923231e-08,-8.798766489449925e-06,-1.9431380141135977e-05,-4.756379268663225e-08,-8.991253690902172e-06,-1.98797115388832e-05,-4.976171872109479e-08,-9.185567501903688e-06,-2.033312381146349e-05,-5.203491167933681e-08,-9.381699592693992e-06,-2.0791615498530173e-05,0.4500000000000001
-3.4147244466529164e-08,-7.682669080275081e-06,-1.6848169843576874e-05,-3.586421922287052e-08,-7.864021463301225e-06,-1.7265986241548892e-05,-3.764511300899636e-08,-8.047250522706236e-06,-1.7688891932704097e-05,-3.949149062055802e-08,-8.23234790367829e-06,-1.8116885554927786e-05,-4.140493564145266e-08,-8.419305255496897e-06,-1.8549965729721633e-05,-4.338705043736504e-08,-8.608114231566473e-06,-1.8988131062208295e-05,-4.543945614923231e-08,-8.798766489449925e-06,-1.9431380141135977e-05,-4.756379268663225e-08,-8.991253690902172e-06,-1.98797115388832e-05,-4.976171872109479e-08,-9.185567501903688e-06,-2.033312381146349e-05,-5.203491167933681e-08,-9.381699592693992e-06,-2.0791615498530173e-05,0.4500000000000001
-3.4147244466529164e-08,-7.682669080275081e-06,-1.6848169843576874e-05,-3.586421922287052e-08,-7.864021463301225e-06,-1.7265986241548892e-05,-3.764511300899636e-08,-8.047250522706236e-06,-1.7688891932704097e-05,-3.949149062055802e-08,-8.23234790367829e-06,-1.8116885554927786e-05,-4.140493564145266e-08,-8.419305255496897e-06,-1.8549965729721633e-05,-4.338705043736504e-08,-8.608114231566473e-06,-1.8988131062208295e-05,-4.543945614923231e-08,-8.798766489449925e-06,-1.9431380141135977e-05,-4.756379268663225e-08,-8.991253690902172e-06,-1.98797115388832e-05,-4.976171872109479e-08,-9.185567501903688e-06,-2.033312381146349e-05,-5.203491167933681e-08,-9.381699592693992e-06,-2.0791615498530173e-05,0.4500000000000001
-3.4147244466529164e-08,-7.682669080275081e-06,-1.6848169843576874e-05,-3.586421922287052e-08,-7.864021463301225e-06,-1.7265986241548892e-05,-3.764511300899636e-08,-8.047250522706236e-06,-1.7688891932704097e-05,-3.949149062055802e-08,-8.23234790367829e-06,-1.8116885554927786e-05,-4.140493564145266e-08,-8.419305255496897e-06,-1.8549965729721633e-05,-4.338705043736504e-08,-8.608114231566473e-06,-1.8988131062208295e-05,-4.543945614923231e-08,-8.798766489449925e-06,-1.9431380141135977e-05,-4.756379268663225e-08,-8.991253690902172e-06,-1.98797115388832e-05,-4.976171872109479e-08,-9.185567501903688e-06,-2.033312381146349e-05,-5.203491167933681e-08,-9.381699592693992e-06,-2.0791615498530173e-05,0.4500000000000001
-3.4147244466529164e-08,-7.682669080275081e-06,-1.6848169843576874e-05,-3.586421922287052e-08,-7.864021463301225e-06,-1.7265986241548892e-05,-3.764511300899636e-08,-8.047250522706236e-06,-1.7688891932704097e-05,-3.949149062055802e-08,-8.23234790367829e-06,-1.8116885554927786e-05,-4.140493564145266e-08,-8.419305255496897e-06,-1.8549965729721633e-05,-4.338705043736504e-08,-8.608114231566473e-06,-1.8988131062208295e-05,-4.543945614923231e-08,-8.798766489449925e-06,-1.9431380141135977e-05,-4.756379268663225e-08,-8.991253690902172e-06,-1.98797115388832e-05,-4.976171872109479e-08,-9.185567501903688e-06,-2.033312381146349e-05,-5.203491167933681e-08,-9.381699592693992e-06,-2.0791615498530173e-05,0.4500000000000001
-3.4147244466529164e-08,-7.682669080275081e-06,-1.6848169843576874e-05,-3.586421922287052e-08,-7.864021463301225e-06,-1.7265986241548892e-05,-3.764511300899636e-08,-8.047250522706236e-06,-1.7688891932704097e-05,-3.949149062055802e-08,-8.23234790367829e-06,-1.8116885554927786e-05,-4.140493564145266e-08,-8.419305255496897e-06,-1.8549965729721633e-05,-4.338705043736504e-08,-8.608114231566473e-06,-1.8988131062208295e-05,-4.543945614923231e-08,-8.798766489449925e-06,-1.9431380141135977e-05,-4.756379268663225e-08,-8.991253690902172e-06,-1.98797115388832e-05,-4.976171872109479e-08,-9.185567501903688e-06,-2.033312381146349e-05,-5.203491167933681e-08,-9.381699592693992e-06,-2.0791615498530173e-05,0.4500000000000001
-3.4147244466529164e-08,-7.682669080275081e-06,-1.6848169843576874e-05,-3.586421922287052e-08,-7.864021463301225e-06,-1.7265986241548892e-05,-3.764511300899636e-08,-8.047250522706236e-06,-1.7688891932704097e-05,-3.949149062055802e-08,-8.23234790367829e-06,-1.8116885554927786e-05,-4.140493564145266e-08,-8.419305255496897e-06,-1.8549965729721633e-05,-4.338705043736504e-08,-8.608114231566473e-06,-1.8988131062208295e-05,-4.543945614923231e-08,-8.798766489449925e-06,-1.9431380141135977e-05,-4.756379268663225e-08,-8.991253690902172e-06,-1.98797115388832e-05,-4.976171872109479e-08,-9.185567501903688e-06,-2.033312381146349e-05,-5.203491167933681e-08,-9.381699592693992e-06,-2.0791615498530173e-05,0.4500000000000001
-3.4147244466529164e-08,-7.682669080275081e-06,-1.6848169843576874e-05,-3.586421922287052e-08,-7.864021463301225e-06,-1.7265986241548892e-05,-3.764511300899636e-08,-8.047250522706236e-06,-1.7688891932704097e-05,-3.949149062055802e-08,-8.23234790367829e-06,-1.8116885554927786e-05,-4.140493564145266e-08,-8.419305255496897e-06,-1.8549965729721633e-05,-4.338705043736504e-08,-8.608114231566473e-06,-1.8988131062208295e-05,-4.543945614923231e-08,-8.798766489449925e-06,-1.9431380141135977e-05,-4.756379268663225e-08,-8.991253690902172e-06,-1.98797115388832e-05,-4.976171872109479e-08,-9.185567501903688e-06,-2.033312381146349e-05,-5.203491167933681e-08,-9.381699592693992e-06,-2.0791615498530173e-05,0.4500000000000001
-3.4147244466529164e-08,-7.682669080275081e-06,-1.6848169843576874e-05,-3.586421922287052e-08,-7.864021463301225e-06,-1.7265986241548892e-05,-3.764511300899636e-08,-8.047250522706236e-06,-1.7688891932704097e-05,-3.949149062055802e-08,-8.23234790367829e-06,-1.8116885554927786e-05,-4.140493564145266e-08,-8.419305255496897e-06,-1.8549965729721633e-05,-4.338705043736504e-08,-8.608114231566473e-06,-1.8988131062208295e-05,-4.543945614923231e-08,-8.798766489449925e-06,-1.9431380141135977e-05,-4.756379268663225e-08,-8.991253690902172e-06,-1.98797115388832e-05,-4.976171872109479e-08,-9.185567501903688e-06,-2.033312381146349e-05,-5.203491167933681e-08,-9.381699592693992e-06,-2.0791615498530173e-05,0.4500000000000001
-3.4147244466529164e-08,-7.682669080275081e-06,-1.6848169843576874e-05,-3.586421922287052e-08,-7.864021463301225e-06,-1.7265986241548892e-05,-3.764511300899636e-08,-8.047250522706236e-06,-1.7688891932704097e-05,-3.949149062055802e-08,-8.23234790367829e-06,-1.8116885554927786e-05,-4.140493564145266e-08,-8.419305255496897e-06,-1.8549965729721633e-05,-4.338705043736504e-08,-8.608114231566473e-06,-1.8988131062208295e-05,-4.543945614923231e-08,-8.798766489449925e-06,-1.9431380141135977e-05,-4.756379268663225e-08,-8.991253690902172e-06,-1.98797115388832e-05,-4.976171872109479e-08,-9.185567501903688e-06,-2.033312381146349e-05,-5.203491167933681e-08,-9.381699592693992e-06,-2.0791615498530173e-05,0.4500000000000001
-3.4147244466529164e-08,-7.682669080275081e-06,-1.6848169843576874e-05,-3.586421922287052e-08,-7.864021463301225e-06,-1.7265986241548892e-05,-3.764511300899636e-08,-8.047250522706236e-06,-1.7688891932704097e-05,-3.949149062055802e-08,-8.23234790367829e-06,-1.8116885554927786e-05,-4.140493564145266e-08,-8.419305255496897e-06,-1.8549965729721633e-05,-4.338705043736504e-08,-8.608114231566473e-06,-1.8988131062208295e-05,-4.543945614923231e-08,-8.798766489449925e-06,-1.9431380141135977e-05,-4.756379268663225e-08,-8.991253690902172e-06,-1.98797115388832e-05,-4.976171872109479e-08,-9.185567501903688e-06,-2.033312381146349e-05,-5.203491167933681e-08,-9.381699592693992e-06,-2.0791615498530173e-05,0.4500000000000001
-3.4147244466529164e-08,-7.682669080275081e-06,-1.6848169843576874e-05,-3.586421922287052e-08,-7.864021463301225e-06,-1.7265986241548892e-05,-3.764511300899636e-08,-8.047250522706236e-06,-1.7688891932704097e-05,-3.949149062055802e-08,-8.23234790367829e-06,-1.8116885554927786e-05,-4.140493564145266e-08,-8.419305255496897e-06,-1.8549965729721633e-05,-4.338705043736504e-08,-8.608114231566473e-06,-1.8988131062208295e-05,-4.543945614923231e-08,-8.798766489449925e-06,-1.9431380141135977e-05,-4.756379268663225e-08,-8.991253690902172e-06,-1.98797115388832e-05,-4.976171872109479e-08,-9.185567501903688e-06,-2.033312381146349e-05,-5.203491167933681e-08,-9.381699592693992e-06,-2.0791615498530173e-05,0.4500000000000001
-3.4147244466529164e-08,-7.682669080275081e-06,-1.6848169843576874e-05,-3.586421922287052e-08,-7.864021463301225e-06,-1.7265986241548892e-05,-3.764511300899636e-08,-8.047250522706236e-06,-1.7688891932704097e-05,-3.949149062055802e-08,-8.23234790367829e-06,-1.8116885554927786e-05,-4.140493564145266e-08,-8.419305255496897e-06,-1.8549965729721633e-05,-4.338705043736504e-08,-8.608114231566473e-06,-1.8988131062208295e-05,-4.543945614923231e-08,-8.798766489449925e-06,-1.9431380141135977e-05,-4.756379268663225e-08,-8.991253690902172e-06,-1.98797115388832e-05,-4.976171872109479e-08,-9.185567501903688e-06,-2.033312381146349e-05,-5.203491167933681e-08,-9.381699592693992e-06,-2.0791615498530173e-05,0.4500000000000001
-3.4147244466529164e-08,-7.682669080275081e-06,-1.6848169843576874e-05,-3.586421922287052e-08,-7.864021463301225e-06,-1.7265986241548892e-05,-3.764511300899636e-08,-8.047250522706236e-06,-1.7688891932704097e-05,-3.949149062055802e-08,-8.23234790367829e-06,-1.8116885554927786e-05,-4.140493564145266e-08,-8.419305255496897e-06,-1.8549965729721633e-05,-4.338705043736504e-08,-8.608114231566473e-06,-1.8988131062208295e-05,-4.543945614923231e-08,-8.798766489449925e-06,-1.9431380141135977e-05,-4.756379268663225e-08,-8.991253690902172e-06,-1.98797115388832e-05,-4.976171872109479e-08,-9.185567501903688e-06,-2.033312381146349e-05,-5.203491167933681e-08,-9.381699592693992e-06,-2.0791615498530173e-05,0.4500000000000001
-3.4147244466529164e-08,-7.682669080275081e-06,-1.6848169843576874e-05,-3.586421922287052e-08,-7.864021463301225e-06,-1.7265986241548892e-05,-3.764511300899636e-08,-8.047250522706236e-06,-1.7688891932704097e-05,-3.949149062055802e-08,-8.23234790367829e-06,-1.8116885554927786e-05,-4.140493564145266e-08,-8.419305255496897e-06,-1.8549965729721633e-05,-4.338705043736504e-08,-8.608114231566473e-06,-1.8988131062208295e-05,-4.543945614923231e-08,-8.798766489449925e-06,-1.9431380141135977e-05,-4.756379268663225e-08,-8.991253690902172e-06,-1.98797115388832e-05,-4.976171872109479e-08,-9.185567501903688e-06,-2.033312381146349e-05,-5.203491167933681e-08,-9.381699592693992e-06,-2.0791615498530173e-05,0.4500000000000001
-3.4147244466529164e-08,-7.682669080275081e-06,-1.6848169843576874e-05,-3.586421922287052e-08,-7.864021463301225e-06,-1.7265986241548892e-05,-3.764511300899636e-08,-8.047250522706236e-06,-1.7688891932704097e-05,-3.949149062055802e-08,-8.23234790367829e-06,-1.8116885554927786e-05,-4.140493564145266e-08,-8.419305255496897e-06,-1.8549965729721633e-05,-4.338705043736504e-08,-8.608114231566473e-06,-1.8988131062208295e-05,-4.543945614923231e-08,-8.798766489449925e-06,-1.9431380141135977e-05,-4.756379268663225e-08,-8.991253690902172e-06,-1.98797115388832e-05,-4.976171872109479e-08,-9.185567501903688e-06,-2.033312381146349e-05,-5.203491167933681e-08,-9.381699592693992e-06,-2.0791615498530173e-05,0.4500000000000001
-3.4147244466529164e-08,-7.682669080275081e-06,-1.6848169843576874e-05,-3.586421922287052e-08,-7.864021463301225e-06,-1.7265986241548892e-05,-3.764511300899636e-08,-8.047250522706236e-06,-1.7688891932704097e-05,-3.949149062055802e-08,-8.23234790367829e-06,-1.8116885554927786e-05,-4.140493564145266e-08,-8.419305255496897e-06,-1.8549965729721633e-05,-4.338705043736504e-08,-8.608114231566473e-06,-1.8988131062208295e-05,-4.543945614923231e-08,-8.798766489449925e-06,-1.9431380141135977e-05,-4.756379268663225e-08,-8.991253690902172e-06,-1.98797115388832e-05,-4.976171872109479e-08,-9.185567501903688e-06,-2.033312381146349e-05,-5.203491167933681e-08,-9.381699592693992e-06,-2.0791615498530173e-05,0.4500000000000001
-3.4147244466529164e-08,-7.682669080275081e-06,-1.6848169843576874e-05,-3.586421922287052e-08,-7.864021463301225e-06,-1.7265986241548892e-05,-3.764511300899636e-08,-8.047250522706236e-06,-1.7688891932704097e-05,-3.949149062055802e-08,-8.23234790367829e-06,-1.8116885554927786e-05,-4.140493564145266e-08,-8.419305255496897e-06,-1.8549965729721633e-05,-4.338705043736504e-08,-8.608114231566473e-06,-1.8988131062208295e-05,-4.543945614923231e-08,-8.798766489449925e-06,-1.9431380141135977e-05,-4.756379268663225e-08,-8.991253690902172e-06,-1.98797115388832e-05,-4.976171872109479e-08,-9.185567501903688e-06,-2.033312381146349e-05,-5.203491167933681e-08,-9.381699592693992e-06,-2.0791615498530173e-05,0.4500000000000001
-3.4147244466529164e-08,-7.682669080275081e-06,-1.6848169843576874e-05,-3.586421922287052e-08,-7.864021463301225e-06,-1.7265986241548892e-05,-3.764511300899636e-08,-8.047250522706236e-06,-1.7688891932704097e-05,-3.949149062055802e-08,-8.23234790367829e-06,-1.8116885554927786e-05,-4.140493564145266e-08,-8.419305255496897e-06,-1.8549965729721633e-05,-4.338705043736504e-08,-8.608114231566473e-06,-1.8988131062208295e-05,-4.543945614923231e-08,-8.798766489449925e-06,-1.9431380141135977e-05,-4.756379268663225e-08,-8.991253690902172e-06,-1.98797115388832e-05,-4.976171872109479e-08,-9.185567501903688e-06,-2.033312381146349e-05,-5.203491167933681e-08,-9.381699592693992e-06,-2.0791615498530173e-05,0.4500000000000001
-3.4147244466529164e-08,-7.682669080275081e-06,-1.6848169843576874e-05,-3.586421922287052e-08,-7.864021463301225e-06,-1.7265986241548892e-05,-3.764511300899636e-08,-8.047250522706236e-06,-1.7688891932704097e-05,-3.949149062055802e-08,-8.23234790367829e-06,-1.8116885554927786e-05,-4.140493564145266e-08,-8.419305255496897e-06,-1.8549965729721633e-05,-4.338705043736504e-08,-8.608114231566473e-06,-1.8988131062208295e-05,-4.543945614923231e-08,-8.798766489449925e-06,-1.9431380141135977e-05,-4.756379268663225e-08,-8.991253690902172e-06,-1.98797115388832e-05,-4.976171872109479e-08,-9.185567501903688e-06,-2.033312381146349e-05,-5.203491167933681e-08,-9.381699592693992e-06,-2.0791615498530173e-05,0.4500000000000001
-3.4147244466529164e-08,-7.682669080275081e-06,-1.6848169843576874e-05,-3.586421922287052e-08,-7.864021463301225e-06,-1.7265986241548892e-05,-3.764511300899636e-08,-8.047250522706236e-06,-1.7688891932704097e-05,-3.949149062055802e-08,-8.23234790367829e-06,-1.8116885554927786e-05,-4.140493564145266e-08,-8.419305255496897e-06,-1.8549965729721633e-05,-4.338705043736504e-08,-8.608114231566473e-06,-1.8988131062208295e-05,-4.543945614923231e-08,-8.798766489449925e-06,-1.9431380141135977e-05,-4.756379268663225e-08,-8.991253690902172e-06,-1.98797115388832e-05,-4.976171872109479e-08,-9.185567501903688e-06,-2.033312381146349e-05,-5.203491167933681e-08,-9.381699592693992e-06,-2.0791615498530173e-05,0.4500000000000001
-3.4147244466529164e-08,-7.682669080275081e-06,-1.6848169843576874e-05,-3.586421922287052e-08,-7.864021463301225e-06,-1.7265986241548892e-05,-3.764511300899636e-08,-8.047250522706236e-06,-1.7688891932704097e-05,-3.949149062055802e-08,-8.23234790367829e-06,-1.8116885554927786e-05,-4.140493564145266e-08,-8.419305255496897e-06,-1.8549965729721633e-05,-4.338705043736504e-08,-8.608114231566473e-06,-1.8988131062208295e-05,-4.543945614923231e-08,-8.798766489449925e-06,-1.9431380141135977e-05,-4.756379268663225e-08,-8.991253690902172e-06,-1.98797115388832e-05,-4.976171872109479e-08,-9.185567501903688e-06,-2.033312381146349e-05,-5.203491167933681e-08,-9.381699592693992e-06,-2.0791615498530173e-05,0.4500000000000001
-3.4147244466529164e-08,-7.682669080275081e-06,-1.6848169843576874e-05,-3.586421922287052e-08,-7.864021463301225e-06,-1.7265986241548892e-05,-3.764511300899636e-08,-8.047250522706236e-06,-1.7688891932704097e-05,-3.949149062055802e-08,-8.23234790367829e-06,-1.8116885554927786e-05,-4.140493564145266e-08,-8.419305255496897e-06,-1.8549965729721633e-05,-4.338705043736504e-08,-8.608114231566473e-06,-1.8988131062208295e-05,-4.543945614923231e-08,-8.798766489449925e-06,-1.9431380141135977e-05,-4.756379268663225e-08,-8.991253690902172e-06,-1.98797115388832e-05,-4.976171872109479e-08,-9.185567501903688e-06,-2.033312381146349e-05,-5.203491167933681e-08,-9.381699592693992e-06,-2.0791615498530173e-05,0.4500000000000001
-3.4147244466529164e-08,-7.682669080275081e-06,-1.6848169843576874e-05,-3.586421922287052e-08,-7.864021463301225e-06,-1.7265986241548892e-05,-3.764511300899636e-08,-8.047250522706236e-06,-1.7688891932704097e-05,-3.949149062055802e-08,-8.23234790367829e-06,-1.8116885554927786e-05,-4.140493564145266e-08,-8.419305255496897e-06,-1.8549965729721633e-05,-4.338705043736504e-08,-8.608114231566473e-06,-1.8988131062208295e-05,-4.543945614923231e-08,-8.798766489449925e-06,-1.9431380141135977e-05,-4.756379268663225e-08,-8.991253690902172e-06,-1.98797115388832e-05,-4.976171872109479e-08,-9.185567501903688e-06,-2.033312381146349e-05,-5.203491167933681e-08,-9.381699592693992e-06,-2.0791615498530173e-05,0.4500000000000001
-3.4147244466529164e-08,-7.682669080275081e-06,-1.6848169843576874e-05,-3.586421922287052e-08,-7.864021463301225e-06,-1.7265986241548892e-05,-3.764511300899636e-08,-8.047250522706236e-06,-1.7688891932704097e-05,-3.949149062055802e-08,-8.23234790367829e-06,-1.8116885554927786e-05,-4.140493564145266e-08,-8.419305255496897e-06,-1.8549965729721633e-05,-4.338705043736504e-08,-8.608114231566473e-06,-1.8988131062208295e-05,-4.543945614923231e-08,-8.798766489449925e-06,-1.9431380141135977e-05,-4.756379268663225e-08,-8.991253690902172e-06,-1.98797115388832e-05,-4.976171872109479e-08,-9.185567501903688e-06,-2.033312381146349e-05,-5.203491167933681e-08,-9.381699592693992e-06,-2.0791615498530173e-05,0.4500000000000001
-3.4147244466529164e-08,-7.682669080275081e-06,-1.6848169843576874e-05,-3.586421922287052e-08,-7.864021463301225e-06,-1.7265986241548892e-05,-3.764511300899636e-08,-8.047250522706236e-06,-1.7688891932704097e-05,-3.949149062055802e-08,-8.23234790367829e-06,-1.8116885554927786e-05,-4.140493564145266e-08,-8.419305255496897e-06,-1.8549965729721633e-05,-4.338705043736504e-08,-8.608114231566473e-06,-1.8988131062208295e-05,-4.543945614923231e-08,-8.798766489449925e-06,-1.9431380141135977e-05,-4.756379268663225e-08,-8.991253690902172e-06,-1.98797115388832e-05,-4.976171872109479e-08,-9.185567501903688e-06,-2.033312381146349e-05,-5.203491167933681e-08,-9.381699592693992e-06,-2.0791615498530173e-05,0.4500000000000001
-3.4147244466529164e-08,-7.682669080275081e-06,-1.6848169843576874e-05,-3.586421922287052e-08,-7.864021463301225e-06,-1.7265986241548892e-05,-3.764511300899636e-08,-8.047250522706236e-06,-1.7688891932704097e-05,-3.949149062055802e-08,-8.23234790367829e-06,-1.8116885554927786e-05,-4.140493564145266e-08,-8.419305255496897e-06,-1.8549965729721633e-05,-4.338705043736504e-08,-8.608114231566473e-06,-1.8988131062208295e-05,-4.543945614923231e-08,-8.798766489449925e-06,-1.9431380141135977e-05,-4.756379268663225e-08,-8.991253690902172e-06,-1.98797115388832e-05,-4.976171872109479e-08,-9.185567501903688e-06,-2.033312381146349e-05,-5.203491167933681e-08,-9.381699592693992e-06,-2.0791615498530173e-05,0.4500000000000001
-3.4147244466529164e-08,-7.682669080275081e-06,-1.6848169843576874e-05,-3.586421922287052e-08,-7.864021463301225e-06,-1.7265986241548892e-05,-3.764511300899636e-08,-8.047250522706236e-06,-1.7688891932704097e-05,-3.949149062055802e-08,-8.23234790367829e-06,-1.8116885554927786e-05,-4.140493564145266e-08,-8.419305255496897e-06,-1.8549965729721633e-05,-4.338705043736504e-08,-8.608114231566473e-06,-1.8988131062208295e-05,-4.543945614923231e-08,-8.798766489449925e-06,-1.9431380141135977e-05,-4.756379268663225e-08,-8.991253690902172e-06,-1.98797115388832e-05,-4.976171872109479e-08,-9.185567501903688e-06,-2.033312381146349e-05,-5.203491167933681e-08,-9.381699592693992e-06,-2.0791615498530173e-05,0.4500000000000001
-3.4147244466529164e-08,-7.682669080275081e-06,-1.6848169843576874e-05,-3.586421922287052e-08,-7.864021463301225e-06,-1.7265986241548892e-05,-3.764511300899636e-08,-8.047250522706236e-06,-1.7688891932704097e-05,-3.949149062055802e-08,-8.23234790367829e-06,-1.8116885554927786e-05,-4.140493564145266e-08,-8.419305255496897e-06,-1.8549965729721633e-05,-4.338705043736504e-08,-8.608114231566473e-06,-1.8988131062208295e-05,-4.543945614923231e-08,-8.798766489449925e-06,-1.9431380141135977e-05,-4.756379268663225e-08,-8.991253690902172e-06,-1.98797115388832e-05,-4.976171872109479e-08,-9.185567501903688e-06,-2.033312381146349e-05,-5.203491167933681e-08,-9.381699592693992e-06,-2.0791615498530173e-05,0.4500000000000001
-3.4147244466529164e-08,-7.682669080275081e-06,-1.6848169843576874e-05,-3.586421922287052e-08,-7.864021463301225e-06,-1.7265986241548892e-05,-3.764511300899636e-08,-8.047250522706236e-06,-1.7688891932704097e-05,-3.949149062055802e-08,-8.23234790367829e-06,-1.8116885554927786e-05,-4.140493564145266e-08,-8.419305255496897e-06,-1.8549965729721633e-05,-4.338705043736504e-08,-8.608114231566473e-06,-1.8988131062208295e-05,-4.543945614923231e-08,-8.798766489449925e-06,-1.9431380141135977e-05,-4.756379268663225e-08,-8.991253690902172e-06,-1.98797115388832e-05,-4.976171872109479e-08,-9.185567501903688e-06,-2.033312381146349e-05,-5.203491167933681e-08,-9.381699592693992e-06,-2.0791615498530173e-05,0.4500000000000001
-3.4147244466529164e-08,-7.682669080275081e-06,-1.6848169843576874e-05,-3.586421922287052e-08,-7.864021463301225e-06,-1.7265986241548892e-05,-3.764511300899636e-08,-8.047250522706236e-06,-1.7688891932704097e-05,-3.949149062055802e-08,-8.23234790367829e-06,-1.8116885554927786e-05,-4.140493564145266e-08,-8.419305255496897e-06,-1.8549965729721633e-05,-4.338705043736504e-08,-8.608114231566473e-06,-1.8988131062208295e-05,-4.543945614923231e-08,-8.798766489449925e-06,-1.9431380141135977e-05,-4.756379268663225e-08,-8.991253690902172e-06,-1.98797115388832e-05,-4.976171872109479e-08,-9.185567501903688e-06,-2.033312381146349e-05,-5.203491167933681e-08,-9.381699592693992e-06,-2.0791615498530173e-05,0.4500000000000001
-3.4147244466529164e-08,-7.682669080275081e-06,-1.6848169843576874e-05,-3.586421922287052e-08,-7.864021463301225e-06,-1.7265986241548892e-05,-3.764511300899636e-08,-8.047250522706236e-06,-1.7688891932704097e-05,-3.949149062055802e-08,-8.23234790367829e-06,-1.8116885554927786e-05,-4.140493564145266e-08,-8.419305255496897e-06,-1.8549965729721633e-05,-4.338705043736504e-08,-8.608114231566473e-06,-1.8988131062208295e-05,-4.543945614923231e-08,-8.798766489449925e-06,-1.9431380141135977e-05,-4.756379268663225e-08,-8.991253690902172e-06,-1.98797115388832e-05,-4.976171872109479e-08,-9.185567501903688e-06,-2.033312381146349e-05,-5.203491167933681e-08,-9.381699592693992e-06,-2.0791615498530173e-05,0.4500000000000001
-3.4147244466529164e-08,-7.682669080275081e-06,-1.6848169843576874e-05,-3.586421922287052e-08,-7.864021463301225e-06,-1.7265986241548892e-05,-3.764511300899636e-08,-8.047250522706236e-06,-1.7688891932704097e-05,-3.949149062055802e-08,-8.23234790367829e-06,-1.8116885554927786e-05,-4.140493564145266e-08,-8.419305255496897e-06,-1.8549965729721633e-05,-4.338705043736504e-08,-8.608114231566473e-06,-1.8988131062208295e-05,-4.543945614923231e-08,-8.798766489449925e-06,-1.9431380141135977e-05,-4.756379268663225e-08,-8.991253690902172e-06,-1.98797115388832e-05,-4.976171872109479e-08,-9.185567501903688e-06,-2.033312381146349e-05,-5.203491167933681e-08,-9.381699592693992e-06,-2.0791615498530173e-05,0.4500000000000001
-3.4147244466529164e-08,-7.682669080275081e-06,-1.6848169843576874e-05,-3.586421922287052e-08,-7.864021463301225e-06,-1.7265986241548892e-05,-3.764511300899636e-08,-8.047250522706236e-06,-1.7688891932704097e-05,-3.949149062055802e-08,-8.23234790367829e-06,-1.8116885554927786e-05,-4.140493564145266e-08,-8.419305255496897e-06,-1.8549965729721633e-05,-4.338705043736504e-08,-8.608114231566473e-06,-1.8988131062208295e-05,-4.543945614923231e-08,-8.798766489449925e-06,-1.9431380141135977e-05,-4.756379268663225e-08,-8.991253690902172e-06,-1.98797115388832e-05,-4.976171872109479e-08,-9.185567501903688e-06,-2.033312381146349e-05,-5.203491167933681e-08,-9.381699592693992e-06,-2.0791615498530173e-05,0.4500000000000001
-3.4147244466529164e-08,-7.682669080275081e-06,-1.6848169843576874e-05,-3.586421922287052e-08,-7.864021463301225e-06,-1.7265986241548892e-05,-3.764511300899636e-08,-8.047250522706236e-06,-1.7688891932704097e-05,-3.949149062055802e-08,-8.23234790367829e-06,-1.8116885554927786e-05,-4.140493564145266e-08,-8.419305255496897e-06,-1.8549965729721633e-05,-4.338705043736504e-08,-8.608114231566473e-06,-1.8988131062208295e-05,-4.543945614923231e-08,-8.798766489449925e-06,-1.9431380141135977e-05,-4.756379268663225e-08,-8.991253690902172e-06,-1.98797115388832e-05,-4.976171872109479e-08,-9.185567501903688e-06,-2.033312381146349e-05,-5.203491167933681e-08,-9.381699592693992e-06,-2.0791615498530173e-05,0.4500000000000001
-3.4147244466529164e-08,-7.682669080275081e-06,-1.6848169843576874e-05,-3.586421922287052e-08,-7.864021463301225e-06,-1.7265986241548892e-05,-3.764511300899636e-08,-8.047250522706236e-06,-1.7688891932704097e-05,-3.949149062055802e-08,-8.23234790367829e-06,-1.8116885554927786e-05,-4.140493564145266e-08,-8.419305255496897e-06,-1.8549965729721633e-05,-4.338705043736504e-08,-8.608114231566473e-06,-1.8988131062208295e-05,-4.543945614923231e-08,-8.798766489449925e-06,-1.9431380141135977e-05,-4.756379268663225e-08,-8.991253690902172e-06,-1.98797115388832e-05,-4.976171872109479e-08,-9.185567501903688e-06,-2.033312381146349e-05,-5.203491167933681e-08,-9.381699592693992e-06,-2.0791615498530173e-05,0.4500000000000001
-3.4147244466529164e-08,-7.682669080275081e-06,-1.6848169843576874e-05,-3.586421922287052e-08,-7.864021463301225e-06,-1.7265986241548892e-05,-3.764511300899636e-08,-8.047250522706236e-06,-1.7688891932704097e-05,-3.949149062055802e-08,-8.23234790367829e-06,-1.8116885554927786e-05,-4.140493564145266e-08,-8.419305255496897e-06,-1.8549965729721633e-05,-4.338705043736504e-08,-8.608114231566473e-06,-1.8988131062208295e-05,-4.543945614923231e-08,-8.798766489449925e-06,-1.9431380141135977e-05,-4.756379268663225e-08,-8.991253690902172e-06,-1.98797115388832e-05,-4.976171872109479e-08,-9.185567501903688e-06,-2.033312381146349e-05,-5.203491167933681e-08,-9.381699592693992e-06,-2.0791615498530173e-05,0.4500000000000001
-3.4147244466529164e-08,-7.682669080275081e-06,-1.6848169843576874e-05,-3.586421922287052e-08,-7.864021463301225e-06,-1.7265986241548892e-05,-3.764511300899636e-08,-8.047250522706236e-06,-1.7688891932704097e-05,-3.949149062055802e-08,-8.23234790367829e-06,-1.8116885554927786e-05,-4.140493564145266e-08,-8.419305255496897e-06,-1.8549965729721633e-05,-4.338705043736504e-08,-8.608114231566473e-06,-1.8988131062208295e-05,-4.543945614923231e-08,-8.798766489449925e-06,-1.9431380141135977e-05,-4.756379268663225e-08,-8.991253690902172e-06,-1.98797115388832e-05,-4.976171872109479e-08,-9.185567501903688e-06,-2.033312381146349e-05,-5.203491167933681e-08,-9.381699592693992e-06,-2.0791615498530173e-05,0.4500000000000001
-3.4147244466529164e-08,-7.682669080275081e-06,-1.6848169843576874e-05,-3.586421922287052e-08,-7.864021463301225e-06,-1.7265986241548892e-05,-3.764511300899636e-08,-8.047250522706236e-06,-1.7688891932704097e-05,-3.949149062055802e-08,-8.23234790367829e-06,-1.8116885554927786e-05,-4.140493564145266e-08,-8.419305255496897e-06,-1.8549965729721633e-05,-4.338705043736504e-08,-8.608114231566473e-06,-1.8988131062208295e-05,-4.543945614923231e-08,-8.798766489449925e-06,-1.9431380141135977e-05,-4.756379268663225e-08,-8.991253690902172e-06,-1.98797115388832e-05,-4.976171872109479e-08,-9.185567501903688e-06,-2.033312381146349e-05,-5.203491167933681e-08,-9.381699592693992e-06,-2.0791615498530173e-05,0.4500000000000001
-3.4147244466529164e-08,-7.682669080275081e-06,-1.6848169843576874e-05,-3.586421922287052e-08,-7.864021463301225e-06,-1.7265986241548892e-05,-3.764511300899636e-08,-8.047250522706236e-06,-1.7688891932704097e-05,-3.949149062055802e-08,-8.23234790367829e-06,-1.8116885554927786e-05,-4.140493564145266e-08,-8.419305255496897e-06,-1.8549965729721633e-05,-4.338705043736504e-08,-8.608114231566473e-06,-1.8988131062208295e-05,-4.543945614923231e-08,-8.798766489449925e-06,-1.9431380141135977e-05,-4.756379268663225e-08,-8.991253690902172e-06,-1.98797115388832e-05,-4.976171872109479e-08,-9.185567501903688e-06,-2.033312381146349e-05,-5.203491167933681e-08,-9.381699592693992e-06,-2.0791615498530173e-05,0.4500000000000001
-3.4147244466529164e-08,-7.682669080275081e-06,-1.6848169843576874e-05,-3.586421922287052e-08,-7.864021463301225e-06,-1.7265986241548892e-05,-3.764511300899636e-08,-8.047250522706236e-06,-1.7688891932704097e-05,-3.949149062055802e-08,-8.23234790367829e-06,-1.8116885554927786e-05,-4.140493564145266e-08,-8.419305255496897e-06,-1.8549965729721633e-05,-4.338705043736504e-08,-8.608114231566473e-06,-1.8988131062208295e-05,-4.543945614923231e-08,-8.798766489449925e-06,-1.9431380141135977e-05,-4.756379268663225e-08,-8.991253690902172e-06,-1.98797115388832e-05,-4.976171872109479e-08,-9.185567501903688e-06,-2.033312381146349e-05,-5.203491167933681e-08,-9.381699592693992e-06,-2.0791615498530173e-05,0.4500000000000001
-3.4147244466529164e-08,-7.682669080275081e-06,-1.6848169843576874e-05,-3.586421922287052e-08,-7.864021463301225e-06,-1.7265986241548892e-05,-3.764511300899636e-08,-8.047250522706236e-06,-1.7688891932704097e-05,-3.949149062055802e-08,-8.23234790367829e-06,-1.8116885554927786e-05,-4.140493564145266e-08,-8.419305255496897e-06,-1.8549965729721633e-05,-4.338705043736504e-08,-8.608114231566473e-06,-1.8988131062208295e-05,-4.543945614923231e-08,-8.798766489449925e-06,-1.9431380141135977e-05,-4.756379268663225e-08,-8.991253690902172e-06,-1.98797115388832e-05,-4.976171872109479e-08,-9.185567501903688e-06,-2.033312381146349e-05,-5.203491167933681e-08,-9.381699592693992e-06,-2.0791615498530173e-05,0.4500000000000001
-3.4147244466529164e-08,-7.682669080275081e-06,-1.6848169843576874e-05,-3.586421922287052e-08,-7.864021463301225e-06,-1.7265986241548892e-05,-3.764511300899636e-08,-8.047250522706236e-06,-1.7688891932704097e-05,-3.949149062055802e-08,-8.23234790367829e-06,-1.8116885554927786e-05,-4.140493564145266e-08,-8.419305255496897e-06,-1.8549965729721633e-05,-4.338705043736504e-08,-8.608114231566473e-06,-1.8988131062208295e-05,-4.543945614923231e-08,-8.798766489449925e-06,-1.9431380141135977e-05,-4.756379268663225e-08,-8.991253690902172e-06,-1.98797115388832e-05,-4.976171872109479e-08,-9.185567501903688e-06,-2.033312381146349e-05,-5.203491167933681e-08,-9.381699592693992e-06,-2.0791615498530173e-05,0.4500000000000001
-3.4147244466529164e-08,-7.682669080275081e-06,-1.6848169843576874e-05,-3.586421922287052e-08,-7.864021463301225e-06,-1.7265986241548892e-05,-3.764511300899636e-08,-8.047250522706236e-06,-1.7688891932704097e-05,-3.949149062055802e-08,-8.23234790367829e-06,-1.8116885554927786e-05,-4.140493564145266e-08,-8.419305255496897e-06,-1.8549965729721633e-05,-4.338705043736504e-08,-8.608114231566473e-06,-1.8988131062208295e-05,-4.543945614923231e-08,-8.798766489449925e-06,-1.9431380141135977e-05,-4.756379268663225e-08,-8.991253690902172e-06,-1.98797115388832e-05,-4.976171872109479e-08,-9.185567501903688e-06,-2.033312381146349e-05,-5.203491167933681e-08,-9.381699592693992e-06,-2.0791615498530173e-05,0.4500000000000001
-3.4147244466529164e-08,-7.682669080275081e-06,-1.6848169843576874e-05,-3.586421922287052e-08,-7.864021463301225e-06,-1.7265986241548892e-05,-3.764511300899636e-08,-8.047250522706236e-06,-1.7688891932704097e-05,-3.949149062055802e-08,-8.23234790367829e-06,-1.8116885554927786e-05,-4.140493564145266e-08,-8.419305255496897e-06,-1.8549965729721633e-05,-4.338705043736504e-08,-8.608114231566473e-06,-1.8988131062208295e-05,-4.543945614923231e-08,-8.798766489449925e-06,-1.9431380141135977e-05,-4.756379268663225e-08,-8.991253690902172e-06,-1.98797115388832e-05,-4.976171872109479e-08,-9.185567501903688e-06,-2.033312381146349e-05,-5.203491167933681e-08,-9.381699592693992e-06,-2.0791615498530173e-05,0.4500000000000001
-3.4147244466529164e-08,-7.682669080275081e-06,-1.6848169843576874e-05,-3.586421922287052e-08,-7.864021463301225e-06,-1.7265986241548892e-05,-3.764511300899636e-08,-8.047250522706236e-06,-1.7688891932704097e-05,-3.949149062055802e-08,-8.23234790367829e-06,-1.8116885554927786e-05,-4.140493564145266e-08,-8.419305255496897e-06,-1.8549965729721633e-05,-4.338705043736504e-08,-8.608114231566473e-06,-1.8988131062208295e-05,-4.543945614923231e-08,-8.798766489449925e-06,-1.9431380141135977e-05,-4.756379268663225e-08,-8.991253690902172e-06,-1.98797115388832e-05,-4.976171872109479e-08,-9.185567501903688e-06,-2.033312381146349e-05,-5.203491167933681e-08,-9.381699592693992e-06,-2.0791615498530173e-05,0.4500000000000001
-3.4147244466529164e-08,-7.682669080275081e-06,-1.6848169843576874e-05,-3.586421922287052e-08,-7.864021463301225e-06,-1.7265986241548892e-05,-3.764511300899636e-08,-8.047250522706236e-06,-1.7688891932704097e-05,-3.949149062055802e-08,-8.23234790367829e-06,-1.8116885554927786e-05,-4.140493564145266e-08,-8.419305255496897e-06,-1.8549965729721633e-05,-4.338705043736504e-08,-8.608114231566473e-06,-1.8988131062208295e-05,-4.543945614923231e-08,-8.798766489449925e-06,-1.9431380141135977e-05,-4.756379268663225e-08,-8.991253690902172e-06,-1.98797115388832e-05,-4.976171872109479e-08,-9.185567501903688e-06,-2.033312381146349e-05,-5.203491167933681e-08,-9.381699592693992e-06,-2.0791615498530173e-05,0.4500000000000001
-3.4147244466529164e-08,-7.682669080275081e-06,-1.6848169843576874e-05,-3.586421922287052e-08,-7.864021463301225e-06,-1.7265986241548892e-05,-3.764511300899636e-08,-8.047250522706236e-06,-1.7688891932704097e-05,-3.949149062055802e-08,-8.23234790367829e-06,-1.8116885554927786e-05,-4.140493564145266e-08,-8.419305255496897e-06,-1.8549965729721633e-05,-4.338705043736504e-08,-8.608114231566473e-06,-1.8988131062208295e-05,-4.543945614923231e-08,-8.798766489449925e-06,-1.9431380141135977e-05,-4.756379268663225e-08,-8.991253690902172e-06,-1.98797115388832e-05,-4.976171872109479e-08,-9.185567501903688e-06,-2.033312381146349e-05,-5.203491167933681e-08,-9.381699592693992e-06,-2.0791615498530173e-05,0.4500000000000001
-3.4147244466529164e-08,-7.682669080275081e-06,-1.6848169843576874e-05,-3.586421922287052e-08,-7.864021463301225e-06,-1.7265986241548892e-05,-3.764511300899636e-08,-8.047250522706236e-06,-1.7688891932704097e-05,-3.949149062055802e-08,-8.23234790367829e-06,-1.8116885554927786e-05,-4.140493564145266e-08,-8.419305255496897e-06,-1.8549965729721633e-05,-4.338705043736504e-08,-8.608114231566473e-06,-1.8988131062208295e-05,-4.543945614923231e-08,-8.798766489449925e-06,-1.9431380141135977e-05,-4.756379268663225e-08,-8.991253690902172e-06,-1.98797115388832e-05,-4.976171872109479e-08,-9.185567501903688e-06,-2.033312381146349e-05,-5.203491167933681e-08,-9.381699592693992e-06,-2.0791615498530173e-05,0.4500000000000001
-3.4147244466529164e-08,-7.682669080275081e-06,-1.6848169843576874e-05,-3.586421922287052e-08,-7.864021463301225e-06,-1.7265986241548892e-05,-3.764511300899636e-08,-8.047250522706236e-06,-1.7688891932704097e-05,-3.949149062055802e-08,-8.23234790367829e-06,-1.8116885554927786e-05,-4.140493564145266e-08,-8.419305255496897e-06,-1.8549965729721633e-05,-4.338705043736504e-08,-8.608114231566473e-06,-1.8988131062208295e-05,-4.543945614923231e-08,-8.798766489449925e-06,-1.9431380141135977e-05,-4.756379268663225e-08,-8.991253690902172e-06,-1.98797115388832e-05,-4.976171872109479e-08,-9.185567501903688e-06,-2.033312381146349e-05,-5.203491167933681e-08,-9.381699592693992e-06,-2.0791615498530173e-05,0.4500000000000001
-3.4147244466529164e-08,-7.682669080275081e-06,-1.6848169843576874e-05,-3.586421922287052e-08,-7.864021463301225e-06,-1.7265986241548892e-05,-3.764511300899636e-08,-8.047250522706236e-06,-1.7688891932704097e-05,-3.949149062055802e-08,-8.23234790367829e-06,-1.8116885554927786e-05,-4.140493564145266e-08,-8.419305255496897e-06,-1.8549965729721633e-05,-4.338705043736504e-08,-8.608114231566473e-06,-1.8988131062208295e-05,-4.543945614923231e-08,-8.798766489449925e-06,-1.9431380141135977e-05,-4.756379268663225e-08,-8.991253690902172e-06,-1.98797115388832e-05,-4.976171872109479e-08,-9.185567501903688e-06,-2.033312381146349e-05,-5.203491167933681e-08,-9.381699592693992e-06,-2.0791615498530173e-05,0.4500000000000001
-3.4147244466529164e-08,-7.682669080275081e-06,-1.6848169843576874e-05,-3.586421922287052e-08,-7.864021463301225e-06,-1.7265986241548892e-05,-3.764511300899636e-08,-8.047250522706236e-06,-1.7688891932704097e-05,-3.949149062055802e-08,-8.23234790367829e-06,-1.8116885554927786e-05,-4.140493564145266e-08,-8.419305255496897e-06,-1.8549965729721633e-05,-4.338705043736504e-08,-8.608114231566473e-06,-1.8988131062208295e-05,-4.543945614923231e-08,-8.798766489449925e-06,-1.9431380141135977e-05,-4.756379268663225e-08,-8.991253690902172e-06,-1.98797115388832e-05,-4.976171872109479e-08,-9.185567501903688e-06,-2.033312381146349e-05,-5.203491167933681e-08,-9.381699592693992e-06,-2.0791615498530173e-05,0.4500000000000001
-3.4147244466529164e-08,-7.682669080275081e-06,-1.6848169843576874e-05,-3.586421922287052e-08,-7.864021463301225e-06,-1.7265986241548892e-05,-3.764511300899636e-08,-8.047250522706236e-06,-1.7688891932704097e-05,-3.949149062055802e-08,-8.23234790367829e-06,-1.8116885554927786e-05,-4.140493564145266e-08,-8.419305255496897e-06,-1.8549965729721633e-05,-4.338705043736504e-08,-8.608114231566473e-06,-1.8988131062208295e-05,-4.543945614923231e-08,-8.798766489449925e-06,-1.9431380141135977e-05,-4.756379268663225e-08,-8.991253690902172e-06,-1.98797115388832e-05,-4.976171872109479e-08,-9.185567501903688e-06,-2.033312381146349e-05,-5.203491167933681e-08,-9.381699592693992e-06,-2.0791615498530173e-05,0.4500000000000001
-3.4147244466529164e-08,-7.682669080275081e-06,-1.6848169843576874e-05,-3.586421922287052e-08,-7.864021463301225e-06,-1.7265986241548892e-05,-3.764511300899636e-08,-8.047250522706236e-06,-1.7688891932704097e-05,-3.949149062055802e-08,-8.23234790367829e-06,-1.8116885554927786e-05,-4.140493564145266e-08,-8.419305255496897e-06,-1.8549965729721633e-05,-4.338705043736504e-08,-8.608114231566473e-06,-1.8988131062208295e-05,-4.543945614923231e-08,-8.798766489449925e-06,-1.9431380141135977e-05,-4.756379268663225e-08,-8.991253690902172e-06,-1.98797115388832e-05,-4.976171872109479e-08,-9.185567501903688e-06,-2.033312381146349e-05,-5.203491167933681e-08,-9.381699592693992e-06,-2.0791615498530173e-05,0.4500000000000001
-3.4147244466529164e-08,-7.682669080275081e-06,-1.6848169843576874e-05,-3.586421922287052e-08,-7.864021463301225e-06,-1.7265986241548892e-05,-3.764511300899636e-08,-8.047250522706236e-06,-1.7688891932704097e-05,-3.949149062055802e-08,-8.23234790367829e-06,-1.8116885554927786e-05,-4.140493564145266e-08,-8.419305255496897e-06,-1.8549965729721633e-05,-4.338705043736504e-08,-8.608114231566473e-06,-1.8988131062208295e-05,-4.543945614923231e-08,-8.798766489449925e-06,-1.9431380141135977e-05,-4.756379268663225e-08,-8.991253690902172e-06,-1.98797115388832e-05,-4.976171872109479e-08,-9.185567501903688e-06,-2.033312381146349e-05,-5.203491167933681e-08,-9.381699592693992e-06,-2.0791615498530173e-05,0.4500000000000001
-3.4147244466529164e-08,-7.682669080275081e-06,-1.6848169843576874e-05,-3.586421922287052e-08,-7.864021463301225e-06,-1.7265986241548892e-05,-3.764511300899636e-08,-8.047250522706236e-06,-1.7688891932704097e-05,-3.949149062055802e-08,-8.23234790367829e-06,-1.8116885554927786e-05,-4.140493564145266e-08,-8.419305255496897e-06,-1.8549965729721633e-05,-4.338705043736504e-08,-8.608114231566473e-06,-1.8988131062208295e-05,-4.543945614923231e-08,-8.798766489449925e-06,-1.9431380141135977e-05,-4.756379268663225e-08,-8.991253690902172e-06,-1.98797115388832e-05,-4.976171872109479e-08,-9.185567501903688e-06,-2.033312381146349e-05,-5.203491167933681e-08,-9.381699592693992e-06,-2.0791615498530173e-05,0.4500000000000001
-3.4147244466529164e-08,-7.682669080275081e-06,-1.6848169843576874e-05,-3.586421922287052e-08,-7.864021463301225e-06,-1.7265986241548892e-05,-3.764511300899636e-08,-8.047250522706236e-06,-1.7688891932704097e-05,-3.949149062055802e-08,-8.23234790367829e-06,-1.8116885554927786e-05,-4.140493564145266e-08,-8.419305255496897e-06,-1.8549965729721633e-05,-4.338705043736504e-08,-8.608114231566473e-06,-1.8988131062208295e-05,-4.543945614923231e-08,-8.798766489449925e-06,-1.9431380141135977e-05,-4.756379268663225e-08,-8.991253690902172e-06,-1.98797115388832e-05,-4.976171872109479e-08,-9.185567501903688e-06,-2.033312381146349e-05,-5.203491167933681e-08,-9.381699592693992e-06,-2.0791615498530173e-05,0.4500000000000001
-3.4147244466529164e-08,-7.682669080275081e-06,-1.6848169843576874e-05,-3.586421922287052e-08,-7.864021463301225e-06,-1.7265986241548892e-05,-3.764511300899636e-08,-8.047250522706236e-06,-1.7688891932704097e-05,-3.949149062055802e-08,-8.23234790367829e-06,-1.8116885554927786e-05,-4.140493564145266e-08,-8.419305255496897e-06,-1.8549965729721633e-05,-4.338705043736504e-08,-8.608114231566473e-06,-1.8988131062208295e-05,-4.543945614923231e-08,-8.798766489449925e-06,-1.9431380141135977e-05,-4.756379268663225e-08,-8.991253690902172e-06,-1.98797115388832e-05,-4.976171872109479e-08,-9.185567501903688e-06,-2.033312381146349e-05,-5.203491167933681e-08,-9.381699592693992e-06,-2.0791615498530173e-05,0.4500000000000001
-3.4147244466529164e-08,-7.682669080275081e-06,-1.6848169843576874e-05,-3.586421922287052e-08,-7.864021463301225e-06,-1.7265986241548892e-05,-3.764511300899636e-08,-8.047250522706236e-06,-1.7688891932704097e-05,-3.949149062055802e-08,-8.23234790367829e-06,-1.8116885554927786e-05,-4.140493564145266e-08,-8.419305255496897e-06,-1.8549965729721633e-05,-4.338705043736504e-08,-8.608114231566473e-06,-1.8988131062208295e-05,-4.543945614923231e-08,-8.798766489449925e-06,-1.9431380141135977e-05,-4.756379268663225e-08,-8.991253690902172e-06,-1.98797115388832e-05,-4.976171872109479e-08,-9.185567501903688e-06,-2.033312381146349e-05,-5.203491167933681e-08,-9.381699592693992e-06,-2.0791615498530173e-05,0.4500000000000001
-3.4147244466529164e-08,-7.682669080275081e-06,-1.6848169843576874e-05,-3.586421922287052e-08,-7.864021463301225e-06,-1.7265986241548892e-05,-3.764511300899636e-08,-8.047250522706236e-06,-1.7688891932704097e-05,-3.949149062055802e-08,-8.23234790367829e-06,-1.8116885554927786e-05,-4.140493564145266e-08,-8.419305255496897e-06,-1.8549965729721633e-05,-4.338705043736504e-08,-8.608114231566473e-06,-1.8988131062208295e-05,-4.543945614923231e-08,-8.798766489449925e-06,-1.9431380141135977e-05,-4.756379268663225e-08,-8.991253690902172e-06,-1.98797115388832e-05,-4.976171872109479e-08,-9.185567501903688e-06,-2.033312381146349e-05,-5.203491167933681e-08,-9.381699592693992e-06,-2.0791615498530173e-05,0.4500000000000001
-3.4147244466529164e-08,-7.682669080275081e-06,-1.6848169843576874e-05,-3.586421922287052e-08,-7.864021463301225e-06,-1.7265986241548892e-05,-3.764511300899636e-08,-8.047250522706236e-06,-1.7688891932704097e-05,-3.949149062055802e-08,-8.23234790367829e-06,-1.8116885554927786e-05,-4.140493564145266e-08,-8.419305255496897e-06,-1.8549965729721633e-05,-4.338705043736504e-08,-8.608114231566473e-06,-1.8988131062208295e-05,-4.543945614923231e-08,-8.798766489449925e-06,-1.9431380141135977e-05,-4.756379268663225e-08,-8.991253690902172e-06,-1.98797115388832e-05,-4.976171872109479e-08,-9.185567501903688e-06,-2.033312381146349e-05,-5.203491167933681e-08,-9.381699592693992e-06,-2.0791615498530173e-05,0.4500000000000001
-3.4147244466529164e-08,-7.682669080275081e-06,-1.6848169843576874e-05,-3.586421922287052e-08,-7.864021463301225e-06,-1.7265986241548892e-05,-3.764511300899636e-08,-8.047250522706236e-06,-1.7688891932704097e-05,-3.949149062055802e-08,-8.23234790367829e-06,-1.8116885554927786e-05,-4.140493564145266e-08,-8.419305255496897e-06,-1.8549965729721633e-05,-4.338705043736504e-08,-8.608114231566473e-06,-1.8988131062208295e-05,-4.543945614923231e-08,-8.798766489449925e-06,-1.9431380141135977e-05,-4.756379268663225e-08,-8.991253690902172e-06,-1.98797115388832e-05,-4.976171872109479e-08,-9.185567501903688e-06,-2.033312381146349e-05,-5.203491167933681e-08,-9.381699592693992e-06,-2.0791615498530173e-05,0.4500000000000001
-3.4147244466529164e-08,-7.682669080275081e-06,-1.6848169843576874e-05,-3.586421922287052e-08,-7.864021463301225e-06,-1.7265986241548892e-05,-3.764511300899636e-08,-8.047250522706236e-06,-1.7688891932704097e-05,-3.949149062055802e-08,-8.23234790367829e-06,-1.8116885554927786e-05,-4.140493564145266e-08,-8.419305255496897e-06,-1.8549965729721633e-05,-4.338705043736504e-08,-8.608114231566473e-06,-1.8988131062208295e-05,-4.543945614923231e-08,-8.798766489449925e-06,-1.9431380141135977e-05,-4.756379268663225e-08,-8.991253690902172e-06,-1.98797115388832e-05,-4.976171872109479e-08,-9.185567501903688e-06,-2.033312381146349e-05,-5.203491167933681e-08,-9.381699592693992e-06,-2.0791615498530173e-05,0.4500000000000001
-3.4147244466529164e-08,-7.682669080275081e-06,-1.6848169843576874e-05,-3.586421922287052e-08,-7.864021463301225e-06,-1.7265986241548892e-05,-3.764511300899636e-08,-8.047250522706236e-06,-1.7688891932704097e-05,-3.949149062055802e-08,-8.23234790367829e-06,-1.8116885554927786e-05,-4.140493564145266e-08,-8.419305255496897e-06,-1.8549965729721633e-05,-4.338705043736504e-08,-8.608114231566473e-06,-1.8988131062208295e-05,-4.543945614923231e-08,-8.798766489449925e-06,-1.9431380141135977e-05,-4.756379268663225e-08,-8.991253690902172e-06,-1.98797115388832e-05,-4.976171872109479e-08,-9.185567501903688e-06,-2.033312381146349e-05,-5.203491167933681e-08,-9.381699592693992e-06,-2.0791615498530173e-05,0.4500000000000001
-3.4147244466529164e-08,-7.682669080275081e-06,-1.6848169843576874e-05,-3.586421922287052e-08,-7.864021463301225e-06,-1.7265986241548892e-05,-3.764511300899636e-08,-8.047250522706236e-06,-1.7688891932704097e-05,-3.949149062055802e-08,-8.23234790367829e-06,-1.8116885554927786e-05,-4.140493564145266e-08,-8.419305255496897e-06,-1.8549965729721633e-05,-4.338705043736504e-08,-8.608114231566473e-06,-1.8988131062208295e-05,-4.543945614923231e-08,-8.798766489449925e-06,-1.9431380141135977e-05,-4.756379268663225e-08,-8.991253690902172e-06,-1.98797115388832e-05,-4.976171872109479e-08,-9.185567501903688e-06,-2.033312381146349e-05,-5.203491167933681e-08,-9.381699592693992e-06,-2.0791615498530173e-05,0.4500000000000001
-3.4147244466529164e-08,-7.682669080275081e-06,-1.6848169843576874e-05,-3.586421922287052e-08,-7.864021463301225e-06,-1.7265986241548892e-05,-3.764511300899636e-08,-8.047250522706236e-06,-1.7688891932704097e-05,-3.949149062055802e-08,-8.23234790367829e-06,-1.8116885554927786e-05,-4.140493564145266e-08,-8.419305255496897e-06,-1.8549965729721633e-05,-4.338705043736504e-08,-8.608114231566473e-06,-1.8988131062208295e-05,-4.543945614923231e-08,-8.798766489449925e-06,-1.9431380141135977e-05,-4.756379268663225e-08,-8.991253690902172e-06,-1.98797115388832e-05,-4.976171872109479e-08,-9.185567501903688e-06,-2.033312381146349e-05,-5.203491167933681e-08,-9.381699592693992e-06,-2.0791615498530173e-05,0.4500000000000001
-3.4147244466529164e-08,-7.682669080275081e-06,-1.6848169843576874e-05,-3.586421922287052e-08,-7.864021463301225e-06,-1.7265986241548892e-05,-3.764511300899636e-08,-8.047250522706236e-06,-1.7688891932704097e-05,-3.949149062055802e-08,-8.23234790367829e-06,-1.8116885554927786e-05,-4.140493564145266e-08,-8.419305255496897e-06,-1.8549965729721633e-05,-4.338705043736504e-08,-8.608114231566473e-06,-1.8988131062208295e-05,-4.543945614923231e-08,-8.798766489449925e-06,-1.9431380141135977e-05,-4.756379268663225e-08,-8.991253690902172e-06,-1.98797115388832e-05,-4.976171872109479e-08,-9.185567501903688e-06,-2.033312381146349e-05,-5.203491167933681e-08,-9.381699592693992e-06,-2.0791615498530173e-05,0.4500000000000001
-3.4147244466529164e-08,-7.682669080275081e-06,-1.6848169843576874e-05,-3.586421922287052e-08,-7.864021463301225e-06,-1.7265986241548892e-05,-3.764511300899636e-08,-8.047250522706236e-06,-1.7688891932704097e-05,-3.949149062055802e-08,-8.23234790367829e-06,-1.8116885554927786e-05,-4.140493564145266e-08,-8.419305255496897e-06,-1.8549965729721633e-05,-4.338705043736504e-08,-8.608114231566473e-06,-1.8988131062208295e-05,-4.543945614923231e-08,-8.798766489449925e-06,-1.9431380141135977e-05,-4.756379268663225e-08,-8.991253690902172e-06,-1.98797115388832e-05,-4.976171872109479e-08,-9.185567501903688e-06,-2.033312381146349e-05,-5.203491167933681e-08,-9.381699592693992e-06,-2.0791615498530173e-05,0.4500000000000001
-3.4147244466529164e-08,-7.682669080275081e-06,-1.6848169843576874e-05,-3.586421922287052e-08,-7.864021463301225e-06,-1.7265986241548892e-05,-3.764511300899636e-08,-8.047250522706236e-06,-1.7688891932704097e-05,-3.949149062055802e-08,-8.23234790367829e-06,-1.8116885554927786e-05,-4.140493564145266e-08,-8.419305255496897e-06,-1.8549965729721633e-05,-4.338705043736504e-08,-8.608114231566473e-06,-1.8988131062208295e-05,-4.543945614923231e-08,-8.798766489449925e-06,-1.9431380141135977e-05,-4.756379268663225e-08,-8.991253690902172e-06,-1.98797115388832e-05,-4.976171872109479e-08,-9.185567501903688e-06,-2.033312381146349e-05,-5.203491167933681e-08,-9.381699592693992e-06,-2.0791615498530173e-05,0.4500000000000001
-3.4147244466529164e-08,-7.682669080275081e-06,-1.6848169843576874e-05,-3.586421922287052e-08,-7.864021463301225e-06,-1.7265986241548892e-05,-3.764511300899636e-08,-8.047250522706236e-06,-1.7688891932704097e-05,-3.949149062055802e-08,-8.23234790367829e-06,-1.8116885554927786e-05,-4.140493564145266e-08,-8.419305255496897e-06,-1.8549965729721633e-05,-4.338705043736504e-08,-8.608114231566473e-06,-1.8988131062208295e-05,-4.543945614923231e-08,-8.798766489449925e-06,-1.9431380141135977e-05,-4.756379268663225e-08,-8.991253690902172e-06,-1.98797115388832e-05,-4.976171872109479e-08,-9.185567501903688e-06,-2.033312381146349e-05,-5.203491167933681e-08,-9.381699592693992e-06,-2.0791615498530173e-05,0.4500000000000001
-3.4147244466529164e-08,-7.682669080275081e-06,-1.6848169843576874e-05,-3.586421922287052e-08,-7.864021463301225e-06,-1.7265986241548892e-05,-3.764511300899636e-08,-8.047250522706236e-06,-1.7688891932704097e-05,-3.949149062055802e-08,-8.23234790367829e-06,-1.8116885554927786e-05,-4.140493564145266e-08,-8.419305255496897e-06,-1.8549965729721633e-05,-4.338705043736504e-08,-8.608114231566473e-06,-1.8988131062208295e-05,-4.543945614923231e-08,-8.798766489449925e-06,-1.9431380141135977e-05,-4.756379268663225e-08,-8.991253690902172e-06,-1.98797115388832e-05,-4.976171872109479e-08,-9.185567501903688e-06,-2.033312381146349e-05,-5.203491167933681e-08,-9.381699592693992e-06,-2.0791615498530173e-05,0.4500000000000001
-3.4147244466529164e-08,-7.682669080275081e-06,-1.6848169843576874e-05,-3.586421922287052e-08,-7.864021463301225e-06,-1.7265986241548892e-05,-3.764511300899636e-08,-8.047250522706236e-06,-1.7688891932704097e-05,-3.949149062055802e-08,-8.23234790367829e-06,-1.8116885554927786e-05,-4.140493564145266e-08,-8.419305255496897e-06,-1.8549965729721633e-05,-4.338705043736504e-08,-8.608114231566473e-06,-1.8988131062208295e-05,-4.543945614923231e-08,-8.798766489449925e-06,-1.9431380141135977e-05,-4.756379268663225e-08,-8.991253690902172e-06,-1.98797115388832e-05,-4.976171872109479e-08,-9.185567501903688e-06,-2.033312381146349e-05,-5.203491167933681e-08,-9.381699592693992e-06,-2.0791615498530173e-05,0.4500000000000001
-3.4147244466529164e-08,-7.682669080275081e-06,-1.6848169843576874e-05,-3.586421922287052e-08,-7.864021463301225e-06,-1.7265986241548892e-05,-3.764511300899636e-08,-8.047250522706236e-06,-1.7688891932704097e-05,-3.949149062055802e-08,-8.23234790367829e-06,-1.8116885554927786e-05,-4.140493564145266e-08,-8.419305255496897e-06,-1.8549965729721633e-05,-4.338705043736504e-08,-8.608114231566473e-06,-1.8988131062208295e-05,-4.543945614923231e-08,-8.798766489449925e-06,-1.9431380141135977e-05,-4.756379268663225e-08,-8.991253690902172e-06,-1.98797115388832e-05,-4.976171872109479e-08,-9.185567501903688e-06,-2.033312381146349e-05,-5.203491167933681e-08,-9.381699592693992e-06,-2.0791615498530173e-05,0.4500000000000001
-3.4147244466529164e-08,-7.682669080275081e-06,-1.6848169843576874e-05,-3.586421922287052e-08,-7.864021463301225e-06,-1.7265986241548892e-05,-3.764511300899636e-08,-8.047250522706236e-06,-1.7688891932704097e-05,-3.949149062055802e-08,-8.23234790367829e-06,-1.8116885554927786e-05,-4.140493564145266e-08,-8.419305255496897e-06,-1.8549965729721633e-05,-4.338705043736504e-08,-8.608114231566473e-06,-1.8988131062208295e-05,-4.543945614923231e-08,-8.798766489449925e-06,-1.9431380141135977e-05,-4.756379268663225e-08,-8.991253690902172e-06,-1.98797115388832e-05,-4.976171872109479e-08,-9.185567501903688e-06,-2.033312381146349e-05,-5.203491167933681e-08,-9.381699592693992e-06,-2.0791615498530173e-05,0.4500000000000001
-3.4147244466529164e-08,-7.682669080275081e-06,-1.6848169843576874e-05,-3.586421922287052e-08,-7.864021463301225e-06,-1.7265986241548892e-05,-3.764511300899636e-08,-8.047250522706236e-06,-1.7688891932704097e-05,-3.949149062055802e-08,-8.23234790367829e-06,-1.8116885554927786e-05,-4.140493564145266e-08,-8.419305255496897e-06,-1.8549965729721633e-05,-4.338705043736504e-08,-8.608114231566473e-06,-1.8988131062208295e-05,-4.543945614923231e-08,-8.798766489449925e-06,-1.9431380141135977e-05,-4.756379268663225e-08,-8.991253690902172e-06,-1.98797115388832e-05,-4.976171872109479e-08,-9.185567501903688e-06,-2.033312381146349e-05,-5.203491167933681e-08,-9.381699592693992e-06,-2.0791615498530173e-05,0.4500000000000001
-3.4147244466529164e-08,-7.682669080275081e-06,-1.6848169843576874e-05,-3.586421922287052e-08,-7.864021463301225e-06,-1.7265986241548892e-05,-3.764511300899636e-08,-8.047250522706236e-06,-1.7688891932704097e-05,-3.949149062055802e-08,-8.23234790367829e-06,-1.8116885554927786e-05,-4.140493564145266e-08,-8.419305255496897e-06,-1.8549965729721633e-05,-4.338705043736504e-08,-8.608114231566473e-06,-1.8988131062208295e-05,-4.543945614923231e-08,-8.798766489449925e-06,-1.9431380141135977e-05,-4.756379268663225e-08,-8.991253690902172e-06,-1.98797115388832e-05,-4.976171872109479e-08,-9.185567501903688e-06,-2.033312381146349e-05,-5.203491167933681e-08,-9.381699592693992e-06,-2.0791615498530173e-05,0.4500000000000001
-3.4147244466529164e-08,-7.682669080275081e-06,-1.6848169843576874e-05,-3.586421922287052e-08,-7.864021463301225e-06,-1.7265986241548892e-05,-3.764511300899636e-08,-8.047250522706236e-06,-1.7688891932704097e-05,-3.949149062055802e-08,-8.23234790367829e-06,-1.8116885554927786e-05,-4.140493564145266e-08,-8.419305255496897e-06,-1.8549965729721633e-05,-4.338705043736504e-08,-8.608114231566473e-06,-1.8988131062208295e-05,-4.543945614923231e-08,-8.798766489449925e-06,-1.9431380141135977e-05,-4.756379268663225e-08,-8.991253690902172e-06,-1.98797115388832e-05,-4.976171872109479e-08,-9.185567501903688e-06,-2.033312381146349e-05,-5.203491167933681e-08,-9.381699592693992e-06,-2.0791615498530173e-05,0.4500000000000001
-3.4147244466529164e-08,-7.682669080275081e-06,-1.6848169843576874e-05,-3.586421922287052e-08,-7.864021463301225e-06,-1.7265986241548892e-05,-3.764511300899636e-08,-8.047250522706236e-06,-1.7688891932704097e-05,-3.949149062055802e-08,-8.23234790367829e-06,-1.8116885554927786e-05,-4.140493564145266e-08,-8.419305255496897e-06,-1.8549965729721633e-05,-4.338705043736504e-08,-8.608114231566473e-06,-1.8988131062208295e-05,-4.543945614923231e-08,-8.798766489449925e-06,-1.9431380141135977e-05,-4.756379268663225e-08,-8.991253690902172e-06,-1.98797115388832e-05,-4.976171872109479e-08,-9.185567501903688e-06,-2.033312381146349e-05,-5.203491167933681e-08,-9.381699592693992e-06,-2.0791615498530173e-05,0.4500000000000001
-3.4147244466529164e-08,-7.682669080275081e-06,-1.6848169843576874e-05,-3.586421922287052e-08,-7.864021463301225e-06,-1.7265986241548892e-05,-3.764511300899636e-08,-8.047250522706236e-06,-1.7688891932704097e-05,-3.949149062055802e-08,-8.23234790367829e-06,-1.8116885554927786e-05,-4.140493564145266e-08,-8.419305255496897e-06,-1.8549965729721633e-05,-4.338705043736504e-08,-8.608114231566473e-06,-1.8988131062208295e-05,-4.543945614923231e-08,-8.798766489449925e-06,-1.9431380141135977e-05,-4.756379268663225e-08,-8.991253690902172e-06,-1.98797115388832e-05,-4.976171872109479e-08,-9.185567501903688e-06,-2.033312381146349e-05,-5.203491167933681e-08,-9.381699592693992e-06,-2.0791615498530173e-05,0.4500000000000001
-3.4147244466529164e-08,-7.682669080275081e-06,-1.6848169843576874e-05,-3.586421922287052e-08,-7.864021463301225e-06,-1.7265986241548892e-05,-3.764511300899636e-08,-8.047250522706236e-06,-1.7688891932704097e-05,-3.949149062055802e-08,-8.23234790367829e-06,-1.8116885554927786e-05,-4.140493564145266e-08,-8.419305255496897e-06,-1.8549965729721633e-05,-4.338705043736504e-08,-8.608114231566473e-06,-1.8988131062208295e-05,-4.543945614923231e-08,-8.798766489449925e-06,-1.9431380141135977e-05,-4.756379268663225e-08,-8.991253690902172e-06,-1.98797115388832e-05,-4.976171872109479e-08,-9.185567501903688e-06,-2.033312381146349e-05,-5.203491167933681e-08,-9.381699592693992e-06,-2.0791615498530173e-05,0.4500000000000001
-3.4147244466529164e-08,-7.682669080275081e-06,-1.6848169843576874e-05,-3.586421922287052e-08,-7.864021463301225e-06,-1.7265986241548892e-05,-3.764511300899636e-08,-8.047250522706236e-06,-1.7688891932704097e-05,-3.949149062055802e-08,-8.23234790367829e-06,-1.8116885554927786e-05,-4.140493564145266e-08,-8.419305255496897e-06,-1.8549965729721633e-05,-4.338705043736504e-08,-8.608114231566473e-06,-1.8988131062208295e-05,-4.543945614923231e-08,-8.798766489449925e-06,-1.9431380141135977e-05,-4.756379268663225e-08,-8.991253690902172e-06,-1.98797115388832e-05,-4.976171872109479e-08,-9.185567501903688e-06,-2.033312381146349e-05,-5.203491167933681e-08,-9.381699592693992e-06,-2.0791615498530173e-05,0.4500000000000001
-3.4147244466529164e-08,-7.682669080275081e-06,-1.6848169843576874e-05,-3.586421922287052e-08,-7.864021463301225e-06,-1.7265986241548892e-05,-3.764511300899636e-08,-8.047250522706236e-06,-1.7688891932704097e-05,-3.949149062055802e-08,-8.23234790367829e-06,-1.8116885554927786e-05,-4.140493564145266e-08,-8.419305255496897e-06,-1.8549965729721633e-05,-4.338705043736504e-08,-8.608114231566473e-06,-1.8988131062208295e-05,-4.543945614923231e-08,-8.798766489449925e-06,-1.9431380141135977e-05,-4.756379268663225e-08,-8.991253690902172e-06,-1.98797115388832e-05,-4.976171872109479e-08,-9.185567501903688e-06,-2.033312381146349e-05,-5.203491167933681e-08,-9.381699592693992e-06,-2.0791615498530173e-05,0.4500000000000001
-3.4147244466529164e-08,-7.682669080275081e-06,-1.6848169843576874e-05,-3.586421922287052e-08,-7.864021463301225e-06,-1.7265986241548892e-05,-3.764511300899636e-08,-8.047250522706236e-06,-1.7688891932704097e-05,-3.949149062055802e-08,-8.23234790367829e-06,-1.8116885554927786e-05,-4.140493564145266e-08,-8.419305255496897e-06,-1.8549965729721633e-05,-4.338705043736504e-08,-8.608114231566473e-06,-1.8988131062208295e-05,-4.543945614923231e-08,-8.798766489449925e-06,-1.9431380141135977e-05,-4.756379268663225e-08,-8.991253690902172e-06,-1.98797115388832e-05,-4.976171872109479e-08,-9.185567501903688e-06,-2.033312381146349e-05,-5.203491167933681e-08,-9.381699592693992e-06,-2.0791615498530173e-05,0.4500000000000001
-3.4147244466529164e-08,-7.682669080275081e-06,-1.6848169843576874e-05,-3.586421922287052e-08,-7.864021463301225e-06,-1.7265986241548892e-05,-3.764511300899636e-08,-8.047250522706236e-06,-1.7688891932704097e-05,-3.949149062055802e-08,-8.23234790367829e-06,-1.8116885554927786e-05,-4.140493564145266e-08,-8.419305255496897e-06,-1.8549965729721633e-05,-4.338705043736504e-08,-8.608114231566473e-06,-1.8988131062208295e-05,-4.543945614923231e-08,-8.798766489449925e-06,-1.9431380141135977e-05,-4.756379268663225e-08,-8.991253690902172e-06,-1.98797115388832e-05,-4.976171872109479e-08,-9.185567501903688e-06,-2.033312381146349e-05,-5.203491167933681e-08,-9.381699592693992e-06,-2.0791615498530173e-05,0.4500000000000001
-3.4147244466529164e-08,-7.682669080275081e-06,-1.6848169843576874e-05,-3.586421922287052e-08,-7.864021463301225e-06,-1.7265986241548892e-05,-3.764511300899636e-08,-8.047250522706236e-06,-1.7688891932704097e-05,-3.949149062055802e-08,-8.23234790367829e-06,-1.8116885554927786e-05,-4.140493564145266e-08,-8.419305255496897e-06,-1.8549965729721633e-05,-4.338705043736504e-08,-8.608114231566473e-06,-1.8988131062208295e-05,-4.543945614923231e-08,-8.798766489449925e-06,-1.9431380141135977e-05,-4.756379268663225e-08,-8.991253690902172e-06,-1.98797115388832e-05,-4.976171872109479e-08,-9.185567501903688e-06,-2.033312381146349e-05,-5.203491167933681e-08,-9.381699592693992e-06,-2.0791615498530173e-05,0.4500000000000001
-3.4147244466529164e-08,-7.682669080275081e-06,-1.6848169843576874e-05,-3.586421922287052e-08,-7.864021463301225e-06,-1.7265986241548892e-05,-3.764511300899636e-08,-8.047250522706236e-06,-1.7688891932704097e-05,-3.949149062055802e-08,-8.23234790367829e-06,-1.8116885554927786e-05,-4.140493564145266e-08,-8.419305255496897e-06,-1.8549965729721633e-05,-4.338705043736504e-08,-8.608114231566473e-06,-1.8988131062208295e-05,-4.543945614923231e-08,-8.798766489449925e-06,-1.9431380141135977e-05,-4.756379268663225e-08,-8.991253690902172e-06,-1.98797115388832e-05,-4.976171872109479e-08,-9.185567501903688e-06,-2.033312381146349e-05,-5.203491167933681e-08,-9.381699592693992e-06,-2.0791615498530173e-05,0.4500000000000001
-3.4147244466529164e-08,-7.682669080275081e-06,-1.6848169843576874e-05,-3.586421922287052e-08,-7.864021463301225e-06,-1.7265986241548892e-05,-3.764511300899636e-08,-8.047250522706236e-06,-1.7688891932704097e-05,-3.949149062055802e-08,-8.23234790367829e-06,-1.8116885554927786e-05,-4.140493564145266e-08,-8.419305255496897e-06,-1.8549965729721633e-05,-4.338705043736504e-08,-8.608114231566473e-06,-1.8988131062208295e-05,-4.543945614923231e-08,-8.798766489449925e-06,-1.9431380141135977e-05,-4.756379268663225e-08,-8.991253690902172e-06,-1.98797115388832e-05,-4.976171872109479e-08,-9.185567501903688e-06,-2.033312381146349e-05,-5.203491167933681e-08,-9.381699592693992e-06,-2.0791615498530173e-05,0.4500000000000001
-3.4147244466529164e-08,-7.682669080275081e-06,-1.6848169843576874e-05,-3.586421922287052e-08,-7.864021463301225e-06,-1.7265986241548892e-05,-3.764511300899636e-08,-8.047250522706236e-06,-1.7688891932704097e-05,-3.949149062055802e-08,-8.23234790367829e-06,-1.8116885554927786e-05,-4.140493564145266e-08,-8.419305255496897e-06,-1.8549965729721633e-05,-4.338705043736504e-08,-8.608114231566473e-06,-1.8988131062208295e-05,-4.543945614923231e-08,-8.798766489449925e-06,-1.9431380141135977e-05,-4.756379268663225e-08,-8.991253690902172e-06,-1.98797115388832e-05,-4.976171872109479e-08,-9.185567501903688e-06,-2.033312381146349e-05,-5.203491167933681e-08,-9.381699592693992e-06,-2.0791615498530173e-05,0.4500000000000001
-3.4147244466529164e-08,-7.682669080275081e-06,-1.6848169843576874e-05,-3.586421922287052e-08,-7.864021463301225e-06,-1.7265986241548892e-05,-3.764511300899636e-08,-8.047250522706236e-06,-1.7688891932704097e-05,-3.949149062055802e-08,-8.23234790367829e-06,-1.8116885554927786e-05,-4.140493564145266e-08,-8.419305255496897e-06,-1.8549965729721633e-05,-4.338705043736504e-08,-8.608114231566473e-06,-1.8988131062208295e-05,-4.543945614923231e-08,-8.798766489449925e-06,-1.9431380141135977e-05,-4.756379268663225e-08,-8.991253690902172e-06,-1.98797115388832e-05,-4.976171872109479e-08,-9.185567501903688e-06,-2.033312381146349e-05,-5.203491167933681e-08,-9.381699592693992e-06,-2.0791615498530173e-05,0.4500000000000001
-3.4147244466529164e-08,-7.682669080275081e-06,-1.6848169843576874e-05,-3.586421922287052e-08,-7.864021463301225e-06,-1.7265986241548892e-05,-3.764511300899636e-08,-8.047250522706236e-06,-1.7688891932704097e-05,-3.949149062055802e-08,-8.23234790367829e-06,-1.8116885554927786e-05,-4.140493564145266e-08,-8.419305255496897e-06,-1.8549965729721633e-05,-4.338705043736504e-08,-8.608114231566473e-06,-1.8988131062208295e-05,-4.543945614923231e-08,-8.798766489449925e-06,-1.9431380141135977e-05,-4.756379268663225e-08,-8.991253690902172e-06,-1.98797115388832e-05,-4.976171872109479e-08,-9.185567501903688e-06,-2.033312381146349e-05,-5.203491167933681e-08,-9.381699592693992e-06,-2.0791615498530173e-05,0.4500000000000001
-3.4147244466529164e-08,-7.682669080275081e-06,-1.6848169843576874e-05,-3.586421922287052e-08,-7.864021463301225e-06,-1.7265986241548892e-05,-3.764511300899636e-08,-8.047250522706236e-06,-1.7688891932704097e-05,-3.949149062055802e-08,-8.23234790367829e-06,-1.8116885554927786e-05,-4.140493564145266e-08,-8.419305255496897e-06,-1.8549965729721633e-05,-4.338705043736504e-08,-8.608114231566473e-06,-1.8988131062208295e-05,-4.543945614923231e-08,-8.798766489449925e-06,-1.9431380141135977e-05,-4.756379268663225e-08,-8.991253690902172e-06,-1.98797115388832e-05,-4.976171872109479e-08,-9.185567501903688e-06,-2.033312381146349e-05,-5.203491167933681e-08,-9.381699592693992e-06,-2.0791615498530173e-05,0.4500000000000001
-3.4147244466529164e-08,-7.682669080275081e-06,-1.6848169843576874e-05,-3.586421922287052e-08,-7.864021463301225e-06,-1.7265986241548892e-05,-3.764511300899636e-08,-8.047250522706236e-06,-1.7688891932704097e-05,-3.949149062055802e-08,-8.23234790367829e-06,-1.8116885554927786e-05,-4.140493564145266e-08,-8.419305255496897e-06,-1.8549965729721633e-05,-4.338705043736504e-08,-8.608114231566473e-06,-1.8988131062208295e-05,-4.543945614923231e-08,-8.798766489449925e-06,-1.9431380141135977e-05,-4.756379268663225e-08,-8.991253690902172e-06,-1.98797115388832e-05,-4.976171872109479e-08,-9.185567501903688e-06,-2.033312381146349e-05,-5.203491167933681e-08,-9.381699592693992e-06,-2.0791615498530173e-05,0.4500000000000001
-3.4147244466529164e-08,-7.682669080275081e-06,-1.6848169843576874e-05,-3.586421922287052e-08,-7.864021463301225e-06,-1.7265986241548892e-05,-3.764511300899636e-08,-8.047250522706236e-06,-1.7688891932704097e-05,-3.949149062055802e-08,-8.23234790367829e-06,-1.8116885554927786e-05,-4.140493564145266e-08,-8.419305255496897e-06,-1.8549965729721633e-05,-4.338705043736504e-08,-8.608114231566473e-06,-1.8988131062208295e-05,-4.543945614923231e-08,-8.798766489449925e-06,-1.9431380141135977e-05,-4.756379268663225e-08,-8.991253690902172e-06,-1.98797115388832e-05,-4.976171872109479e-08,-9.185567501903688e-06,-2.033312381146349e-05,-5.203491167933681e-08,-9.381699592693992e-06,-2.0791615498530173e-05,0.4500000000000001
-3.4147244466529164e-08,-7.682669080275081e-06,-1.6848169843576874e-05,-3.586421922287052e-08,-7.864021463301225e-06,-1.7265986241548892e-05,-3.764511300899636e-08,-8.047250522706236e-06,-1.7688891932704097e-05,-3.949149062055802e-08,-8.23234790367829e-06,-1.8116885554927786e-05,-4.140493564145266e-08,-8.419305255496897e-06,-1.8549965729721633e-05,-4.338705043736504e-08,-8.608114231566473e-06,-1.8988131062208295e-05,-4.543945614923231e-08,-8.798766489449925e-06,-1.9431380141135977e-05,-4.756379268663225e-08,-8.991253690902172e-06,-1.98797115388832e-05,-4.976171872109479e-08,-9.185567501903688e-06,-2.033312381146349e-05,-5.203491167933681e-08,-9.381699592693992e-06,-2.0791615498530173e-05,0.4500000000000001
-3.4147244466529164e-08,-7.682669080275081e-06,-1.6848169843576874e-05,-3.586421922287052e-08,-7.864021463301225e-06,-1.7265986241548892e-05,-3.764511300899636e-08,-8.047250522706236e-06,-1.7688891932704097e-05,-3.949149062055802e-08,-8.23234790367829e-06,-1.8116885554927786e-05,-4.140493564145266e-08,-8.419305255496897e-06,-1.8549965729721633e-05,-4.338705043736504e-08,-8.608114231566473e-06,-1.8988131062208295e-05,-4.543945614923231e-08,-8.798766489449925e-06,-1.9431380141135977e-05,-4.756379268663225e-08,-8.991253690902172e-06,-1.98797115388832e-05,-4.976171872109479e-08,-9.185567501903688e-06,-2.033312381146349e-05,-5.203491167933681e-08,-9.381699592693992e-06,-2.0791615498530173e-05,0.4500000000000001
-3.4147244466529164e-08,-7.682669080275081e-06,-1.6848169843576874e-05,-3.586421922287052e-08,-7.864021463301225e-06,-1.7265986241548892e-05,-3.764511300899636e-08,-8.047250522706236e-06,-1.7688891932704097e-05,-3.949149062055802e-08,-8.23234790367829e-06,-1.8116885554927786e-05,-4.140493564145266e-08,-8.419305255496897e-06,-1.8549965729721633e-05,-4.338705043736504e-08,-8.608114231566473e-06,-1.8988131062208295e-05,-4.543945614923231e-08,-8.798766489449925e-06,-1.9431380141135977e-05,-4.756379268663225e-08,-8.991253690902172e-06,-1.98797115388832e-05,-4.976171872109479e-08,-9.185567501903688e-06,-2.033312381146349e-05,-5.203491167933681e-08,-9.381699592693992e-06,-2.0791615498530173e-05,0.4500000000000001
-3.4147244466529164e-08,-7.682669080275081e-06,-1.6848169843576874e-05,-3.586421922287052e-08,-7.864021463301225e-06,-1.7265986241548892e-05,-3.764511300899636e-08,-8.047250522706236e-06,-1.7688891932704097e-05,-3.949149062055802e-08,-8.23234790367829e-06,-1.8116885554927786e-05,-4.140493564145266e-08,-8.419305255496897e-06,-1.8549965729721633e-05,-4.338705043736504e-08,-8.608114231566473e-06,-1.8988131062208295e-05,-4.543945614923231e-08,-8.798766489449925e-06,-1.9431380141135977e-05,-4.756379268663225e-08,-8.991253690902172e-06,-1.98797115388832e-05,-4.976171872109479e-08,-9.185567501903688e-06,-2.033312381146349e-05,-5.203491167933681e-08,-9.381699592693992e-06,-2.0791615498530173e-05,0.4500000000000001
-3.4147244466529164e-08,-7.682669080275081e-06,-1.6848169843576874e-05,-3.586421922287052e-08,-7.864021463301225e-06,-1.7265986241548892e-05,-3.764511300899636e-08,-8.047250522706236e-06,-1.7688891932704097e-05,-3.949149062055802e-08,-8.23234790367829e-06,-1.8116885554927786e-05,-4.140493564145266e-08,-8.419305255496897e-06,-1.8549965729721633e-05,-4.338705043736504e-08,-8.608114231566473e-06,-1.8988131062208295e-05,-4.543945614923231e-08,-8.798766489449925e-06,-1.9431380141135977e-05,-4.756379268663225e-08,-8.991253690902172e-06,-1.98797115388832e-05,-4.976171872109479e-08,-9.185567501903688e-06,-2.033312381146349e-05,-5.203491167933681e-08,-9.381699592693992e-06,-2.0791615498530173e-05,0.4500000000000001
-3.4147244466529164e-08,-7.682669080275081e-06,-1.6848169843576874e-05,-3.586421922287052e-08,-7.864021463301225e-06,-1.7265986241548892e-05,-3.764511300899636e-08,-8.047250522706236e-06,-1.7688891932704097e-05,-3.949149062055802e-08,-8.23234790367829e-06,-1.8116885554927786e-05,-4.140493564145266e-08,-8.419305255496897e-06,-1.8549965729721633e-05,-4.338705043736504e-08,-8.608114231566473e-06,-1.8988131062208295e-05,-4.543945614923231e-08,-8.798766489449925e-06,-1.9431380141135977e-05,-4.756379268663225e-08,-8.991253690902172e-06,-1.98797115388832e-05,-4.976171872109479e-08,-9.185567501903688e-06,-2.033312381146349e-05,-5.203491167933681e-08,-9.381699592693992e-06,-2.0791615498530173e-05,0.4500000000000001
-3.4147244466529164e-08,-7.682669080275081e-06,-1.6848169843576874e-05,-3.586421922287052e-08,-7.864021463301225e-06,-1.7265986241548892e-05,-3.764511300899636e-08,-8.047250522706236e-06,-1.7688891932704097e-05,-3.949149062055802e-08,-8.23234790367829e-06,-1.8116885554927786e-05,-4.140493564145266e-08,-8.419305255496897e-06,-1.8549965729721633e-05,-4.338705043736504e-08,-8.608114231566473e-06,-1.8988131062208295e-05,-4.543945614923231e-08,-8.798766489449925e-06,-1.9431380141135977e-05,-4.756379268663225e-08,-8.991253690902172e-06,-1.98797115388832e-05,-4.976171872109479e-08,-9.185567501903688e-06,-2.033312381146349e-05,-5.203491167933681e-08,-9.381699592693992e-06,-2.0791615498530173e-05,0.4500000000000001
-3.4147244466529164e-08,-7.682669080275081e-06,-1.6848169843576874e-05,-3.586421922287052e-08,-7.864021463301225e-06,-1.7265986241548892e-05,-3.764511300899636e-08,-8.047250522706236e-06,-1.7688891932704097e-05,-3.949149062055802e-08,-8.23234790367829e-06,-1.8116885554927786e-05,-4.140493564145266e-08,-8.419305255496897e-06,-1.8549965729721633e-05,-4.338705043736504e-08,-8.608114231566473e-06,-1.8988131062208295e-05,-4.543945614923231e-08,-8.798766489449925e-06,-1.9431380141135977e-05,-4.756379268663225e-08,-8.991253690902172e-06,-1.98797115388832e-05,-4.976171872109479e-08,-9.185567501903688e-06,-2.033312381146349e-05,-5.203491167933681e-08,-9.381699592693992e-06,-2.0791615498530173e-05,0.4500000000000001
-3.4147244466529164e-08,-7.682669080275081e-06,-1.6848169843576874e-05,-3.586421922287052e-08,-7.864021463301225e-06,-1.7265986241548892e-05,-3.764511300899636e-08,-8.047250522706236e-06,-1.7688891932704097e-05,-3.949149062055802e-08,-8.23234790367829e-06,-1.8116885554927786e-05,-4.140493564145266e-08,-8.419305255496897e-06,-1.8549965729721633e-05,-4.338705043736504e-08,-8.608114231566473e-06,-1.8988131062208295e-05,-4.543945614923231e-08,-8.798766489449925e-06,-1.9431380141135977e-05,-4.756379268663225e-08,-8.991253690902172e-06,-1.98797115388832e-05,-4.976171872109479e-08,-9.185567501903688e-06,-2.033312381146349e-05,-5.203491167933681e-08,-9.381699592693992e-06,-2.0791615498530173e-05,0.4500000000000001
-3.4147244466529164e-08,-7.682669080275081e-06,-1.6848169843576874e-05,-3.586421922287052e-08,-7.864021463301225e-06,-1.7265986241548892e-05,-3.764511300899636e-08,-8.047250522706236e-06,-1.7688891932704097e-05,-3.949149062055802e-08,-8.23234790367829e-06,-1.8116885554927786e-05,-4.140493564145266e-08,-8.419305255496897e-06,-1.8549965729721633e-05,-4.338705043736504e-08,-8.608114231566473e-06,-1.8988131062208295e-05,-4.543945614923231e-08,-8.798766489449925e-06,-1.9431380141135977e-05,-4.756379268663225e-08,-8.991253690902172e-06,-1.98797115388832e-05,-4.976171872109479e-08,-9.185567501903688e-06,-2.033312381146349e-05,-5.203491167933681e-08,-9.381699592693992e-06,-2.0791615498530173e-05,0.4500000000000001
-3.4147244466529164e-08,-7.682669080275081e-06,-1.6848169843576874e-05,-3.586421922287052e-08,-7.864021463301225e-06,-1.7265986241548892e-05,-3.764511300899636e-08,-8.047250522706236e-06,-1.7688891932704097e-05,-3.949149062055802e-08,-8.23234790367829e-06,-1.8116885554927786e-05,-4.140493564145266e-08,-8.419305255496897e-06,-1.8549965729721633e-05,-4.338705043736504e-08,-8.608114231566473e-06,-1.8988131062208295e-05,-4.543945614923231e-08,-8.798766489449925e-06,-1.9431380141135977e-05,-4.756379268663225e-08,-8.991253690902172e-06,-1.98797115388832e-05,-4.976171872109479e-08,-9.185567501903688e-06,-2.033312381146349e-05,-5.203491167933681e-08,-9.381699592693992e-06,-2.0791615498530173e-05,0.4500000000000001
-3.4147244466529164e-08,-7.682669080275081e-06,-1.6848169843576874e-05,-3.586421922287052e-08,-7.864021463301225e-06,-1.7265986241548892e-05,-3.764511300899636e-08,-8.047250522706236e-06,-1.7688891932704097e-05,-3.949149062055802e-08,-8.23234790367829e-06,-1.8116885554927786e-05,-4.140493564145266e-08,-8.419305255496897e-06,-1.8549965729721633e-05,-4.338705043736504e-08,-8.608114231566473e-06,-1.8988131062208295e-05,-4.543945614923231e-08,-8.798766489449925e-06,-1.9431380141135977e-05,-4.756379268663225e-08,-8.991253690902172e-06,-1.98797115388832e-05,-4.976171872109479e-08,-9.185567501903688e-06,-2.033312381146349e-05,-5.203491167933681e-08,-9.381699592693992e-06,-2.0791615498530173e-05,0.4500000000000001
-3.4147244466529164e-08,-7.682669080275081e-06,-1.6848169843576874e-05,-3.586421922287052e-08,-7.864021463301225e-06,-1.7265986241548892e-05,-3.764511300899636e-08,-8.047250522706236e-06,-1.7688891932704097e-05,-3.949149062055802e-08,-8.23234790367829e-06,-1.8116885554927786e-05,-4.140493564145266e-08,-8.419305255496897e-06,-1.8549965729721633e-05,-4.338705043736504e-08,-8.608114231566473e-06,-1.8988131062208295e-05,-4.543945614923231e-08,-8.798766489449925e-06,-1.9431380141135977e-05,-4.756379268663225e-08,-8.991253690902172e-06,-1.98797115388832e-05,-4.976171872109479e-08,-9.185567501903688e-06,-2.033312381146349e-05,-5.203491167933681e-08,-9.381699592693992e-06,-2.0791615498530173e-05,0.4500000000000001
-3.4147244466529164e-08,-7.682669080275081e-06,-1.6848169843576874e-05,-3.586421922287052e-08,-7.864021463301225e-06,-1.7265986241548892e-05,-3.764511300899636e-08,-8.047250522706236e-06,-1.7688891932704097e-05,-3.949149062055802e-08,-8.23234790367829e-06,-1.8116885554927786e-05,-4.140493564145266e-08,-8.419305255496897e-06,-1.8549965729721633e-05,-4.338705043736504e-08,-8.608114231566473e-06,-1.8988131062208295e-05,-4.543945614923231e-08,-8.798766489449925e-06,-1.9431380141135977e-05,-4.756379268663225e-08,-8.991253690902172e-06,-1.98797115388832e-05,-4.976171872109479e-08,-9.185567501903688e-06,-2.033312381146349e-05,-5.203491167933681e-08,-9.381699592693992e-06,-2.0791615498530173e-05,0.4500000000000001
-3.4147244466529164e-08,-7.682669080275081e-06,-1.6848169843576874e-05,-3.586421922287052e-08,-7.864021463301225e-06,-1.7265986241548892e-05,-3.764511300899636e-08,-8.047250522706236e-06,-1.7688891932704097e-05,-3.949149062055802e-08,-8.23234790367829e-06,-1.8116885554927786e-05,-4.140493564145266e-08,-8.419305255496897e-06,-1.8549965729721633e-05,-4.338705043736504e-08,-8.608114231566473e-06,-1.8988131062208295e-05,-4.543945614923231e-08,-8.798766489449925e-06,-1.9431380141135977e-05,-4.756379268663225e-08,-8.991253690902172e-06,-1.98797115388832e-05,-4.976171872109479e-08,-9.185567501903688e-06,-2.033312381146349e-05,-5.203491167933681e-08,-9.381699592693992e-06,-2.0791615498530173e-05,0.4500000000000001
-3.4147244466529164e-08,-7.682669080275081e-06,-1.6848169843576874e-05,-3.586421922287052e-08,-7.864021463301225e-06,-1.7265986241548892e-05,-3.764511300899636e-08,-8.047250522706236e-06,-1.7688891932704097e-05,-3.949149062055802e-08,-8.23234790367829e-06,-1.8116885554927786e-05,-4.140493564145266e-08,-8.419305255496897e-06,-1.8549965729721633e-05,-4.338705043736504e-08,-8.608114231566473e-06,-1.8988131062208295e-05,-4.543945614923231e-08,-8.798766489449925e-06,-1.9431380141135977e-05,-4.756379268663225e-08,-8.991253690902172e-06,-1.98797115388832e-05,-4.976171872109479e-08,-9.185567501903688e-06,-2.033312381146349e-05,-5.203491167933681e-08,-9.381699592693992e-06,-2.0791615498530173e-05,0.4500000000000001
-3.4147244466529164e-08,-7.682669080275081e-06,-1.6848169843576874e-05,-3.586421922287052e-08,-7.864021463301225e-06,-1.7265986241548892e-05,-3.764511300899636e-08,-8.047250522706236e-06,-1.7688891932704097e-05,-3.949149062055802e-08,-8.23234790367829e-06,-1.8116885554927786e-05,-4.140493564145266e-08,-8.419305255496897e-06,-1.8549965729721633e-05,-4.338705043736504e-08,-8.608114231566473e-06,-1.8988131062208295e-05,-4.543945614923231e-08,-8.798766489449925e-06,-1.9431380141135977e-05,-4.756379268663225e-08,-8.991253690902172e-06,-1.98797115388832e-05,-4.976171872109479e-08,-9.185567501903688e-06,-2.033312381146349e-05,-5.203491167933681e-08,-9.381699592693992e-06,-2.0791615498530173e-05,0.4500000000000001
-3.4147244466529164e-08,-7.682669080275081e-06,-1.6848169843576874e-05,-3.586421922287052e-08,-7.864021463301225e-06,-1.7265986241548892e-05,-3.764511300899636e-08,-8.047250522706236e-06,-1.7688891932704097e-05,-3.949149062055802e-08,-8.23234790367829e-06,-1.8116885554927786e-05,-4.140493564145266e-08,-8.419305255496897e-06,-1.8549965729721633e-05,-4.338705043736504e-08,-8.608114231566473e-06,-1.8988131062208295e-05,-4.543945614923231e-08,-8.798766489449925e-06,-1.9431380141135977e-05,-4.756379268663225e-08,-8.991253690902172e-06,-1.98797115388832e-05,-4.976171872109479e-08,-9.185567501903688e-06,-2.033312381146349e-05,-5.203491167933681e-08,-9.381699592693992e-06,-2.0791615498530173e-05,0.4500000000000001
-3.4147244466529164e-08,-7.682669080275081e-06,-1.6848169843576874e-05,-3.586421922287052e-08,-7.864021463301225e-06,-1.7265986241548892e-05,-3.764511300899636e-08,-8.047250522706236e-06,-1.7688891932704097e-05,-3.949149062055802e-08,-8.23234790367829e-06,-1.8116885554927786e-05,-4.140493564145266e-08,-8.419305255496897e-06,-1.8549965729721633e-05,-4.338705043736504e-08,-8.608114231566473e-06,-1.8988131062208295e-05,-4.543945614923231e-08,-8.798766489449925e-06,-1.9431380141135977e-05,-4.756379268663225e-08,-8.991253690902172e-06,-1.98797115388832e-05,-4.976171872109479e-08,-9.185567501903688e-06,-2.033312381146349e-05,-5.203491167933681e-08,-9.381699592693992e-06,-2.0791615498530173e-05,0.4500000000000001
-3.4147244466529164e-08,-7.682669080275081e-06,-1.6848169843576874e-05,-3.586421922287052e-08,-7.864021463301225e-06,-1.7265986241548892e-05,-3.764511300899636e-08,-8.047250522706236e-06,-1.7688891932704097e-05,-3.949149062055802e-08,-8.23234790367829e-06,-1.8116885554927786e-05,-4.140493564145266e-08,-8.419305255496897e-06,-1.8549965729721633e-05,-4.338705043736504e-08,-8.608114231566473e-06,-1.8988131062208295e-05,-4.543945614923231e-08,-8.798766489449925e-06,-1.9431380141135977e-05,-4.756379268663225e-08,-8.991253690902172e-06,-1.98797115388832e-05,-4.976171872109479e-08,-9.185567501903688e-06,-2.033312381146349e-05,-5.203491167933681e-08,-9.381699592693992e-06,-2.0791615498530173e-05,0.4500000000000001
-3.4147244466529164e-08,-7.682669080275081e-06,-1.6848169843576874e-05,-3.586421922287052e-08,-7.864021463301225e-06,-1.7265986241548892e-05,-3.764511300899636e-08,-8.047250522706236e-06,-1.7688891932704097e-05,-3.949149062055802e-08,-8.23234790367829e-06,-1.8116885554927786e-05,-4.140493564145266e-08,-8.419305255496897e-06,-1.8549965729721633e-05,-4.338705043736504e-08,-8.608114231566473e-06,-1.8988131062208295e-05,-4.543945614923231e-08,-8.798766489449925e-06,-1.9431380141135977e-05,-4.756379268663225e-08,-8.991253690902172e-06,-1.98797115388832e-05,-4.976171872109479e-08,-9.185567501903688e-06,-2.033312381146349e-05,-5.203491167933681e-08,-9.381699592693992e-06,-2.0791615498530173e-05,0.4500000000000001
-3.4147244466529164e-08,-7.682669080275081e-06,-1.6848169843576874e-05,-3.586421922287052e-08,-7.864021463301225e-06,-1.7265986241548892e-05,-3.764511300899636e-08,-8.047250522706236e-06,-1.7688891932704097e-05,-3.949149062055802e-08,-8.23234790367829e-06,-1.8116885554927786e-05,-4.140493564145266e-08,-8.419305255496897e-06,-1.8549965729721633e-05,-4.338705043736504e-08,-8.608114231566473e-06,-1.8988131062208295e-05,-4.543945614923231e-08,-8.798766489449925e-06,-1.9431380141135977e-05,-4.756379268663225e-08,-8.991253690902172e-06,-1.98797115388832e-05,-4.976171872109479e-08,-9.185567501903688e-06,-2.033312381146349e-05,-5.203491167933681e-08,-9.381699592693992e-06,-2.0791615498530173e-05,0.4500000000000001
-3.4147244466529164e-08,-7.682669080275081e-06,-1.6848169843576874e-05,-3.586421922287052e-08,-7.864021463301225e-06,-1.7265986241548892e-05,-3.764511300899636e-08,-8.047250522706236e-06,-1.7688891932704097e-05,-3.949149062055802e-08,-8.23234790367829e-06,-1.8116885554927786e-05,-4.140493564145266e-08,-8.419305255496897e-06,-1.8549965729721633e-05,-4.338705043736504e-08,-8.608114231566473e-06,-1.8988131062208295e-05,-4.543945614923231e-08,-8.798766489449925e-06,-1.9431380141135977e-05,-4.756379268663225e-08,-8.991253690902172e-06,-1.98797115388832e-05,-4.976171872109479e-08,-9.185567501903688e-06,-2.033312381146349e-05,-5.203491167933681e-08,-9.381699592693992e-06,-2.0791615498530173e-05,0.4500000000000001
-3.4147244466529164e-08,-7.682669080275081e-06,-1.6848169843576874e-05,-3.586421922287052e-08,-7.864021463301225e-06,-1.7265986241548892e-05,-3.764511300899636e-08,-8.047250522706236e-06,-1.7688891932704097e-05,-3.949149062055802e-08,-8.23234790367829e-06,-1.8116885554927786e-05,-4.140493564145266e-08,-8.419305255496897e-06,-1.8549965729721633e-05,-4.338705043736504e-08,-8.608114231566473e-06,-1.8988131062208295e-05,-4.543945614923231e-08,-8.798766489449925e-06,-1.9431380141135977e-05,-4.756379268663225e-08,-8.991253690902172e-06,-1.98797115388832e-05,-4.976171872109479e-08,-9.185567501903688e-06,-2.033312381146349e-05,-5.203491167933681e-08,-9.381699592693992e-06,-2.0791615498530173e-05,0.4500000000000001
-3.4147244466529164e-08,-7.682669080275081e-06,-1.6848169843576874e-05,-3.586421922287052e-08,-7.864021463301225e-06,-1.7265986241548892e-05,-3.764511300899636e-08,-8.047250522706236e-06,-1.7688891932704097e-05,-3.949149062055802e-08,-8.23234790367829e-06,-1.8116885554927786e-05,-4.140493564145266e-08,-8.419305255496897e-06,-1.8549965729721633e-05,-4.338705043736504e-08,-8.608114231566473e-06,-1.8988131062208295e-05,-4.543945614923231e-08,-8.798766489449925e-06,-1.9431380141135977e-05,-4.756379268663225e-08,-8.991253690902172e-06,-1.98797115388832e-05,-4.976171872109479e-08,-9.185567501903688e-06,-2.033312381146349e-05,-5.203491167933681e-08,-9.381699592693992e-06,-2.0791615498530173e-05,0.4500000000000001
-3.4147244466529164e-08,-7.682669080275081e-06,-1.6848169843576874e-05,-3.586421922287052e-08,-7.864021463301225e-06,-1.7265986241548892e-05,-3.764511300899636e-08,-8.047250522706236e-06,-1.7688891932704097e-05,-3.949149062055802e-08,-8.23234790367829e-06,-1.8116885554927786e-05,-4.140493564145266e-08,-8.419305255496897e-06,-1.8549965729721633e-05,-4.338705043736504e-08,-8.608114231566473e-06,-1.8988131062208295e-05,-4.543945614923231e-08,-8.798766489449925e-06,-1.9431380141135977e-05,-4.756379268663225e-08,-8.991253690902172e-06,-1.98797115388832e-05,-4.976171872109479e-08,-9.185567501903688e-06,-2.033312381146349e-05,-5.203491167933681e-08,-9.381699592693992e-06,-2.0791615498530173e-05,0.4500000000000001
-3.4147244466529164e-08,-7.682669080275081e-06,-1.6848169843576874e-05,-3.586421922287052e-08,-7.864021463301225e-06,-1.7265986241548892e-05,-3.764511300899636e-08,-8.047250522706236e-06,-1.7688891932704097e-05,-3.949149062055802e-08,-8.23234790367829e-06,-1.8116885554927786e-05,-4.140493564145266e-08,-8.419305255496897e-06,-1.8549965729721633e-05,-4.338705043736504e-08,-8.608114231566473e-06,-1.8988131062208295e-05,-4.543945614923231e-08,-8.798766489449925e-06,-1.9431380141135977e-05,-4.756379268663225e-08,-8.991253690902172e-06,-1.98797115388832e-05,-4.976171872109479e-08,-9.185567501903688e-06,-2.033312381146349e-05,-5.203491167933681e-08,-9.381699592693992e-06,-2.0791615498530173e-05,0.4500000000000001
-3.4147244466529164e-08,-7.682669080275081e-06,-1.6848169843576874e-05,-3.586421922287052e-08,-7.864021463301225e-06,-1.7265986241548892e-05,-3.764511300899636e-08,-8.047250522706236e-06,-1.7688891932704097e-05,-3.949149062055802e-08,-8.23234790367829e-06,-1.8116885554927786e-05,-4.140493564145266e-08,-8.419305255496897e-06,-1.8549965729721633e-05,-4.338705043736504e-08,-8.608114231566473e-06,-1.8988131062208295e-05,-4.543945614923231e-08,-8.798766489449925e-06,-1.9431380141135977e-05,-4.756379268663225e-08,-8.991253690902172e-06,-1.98797115388832e-05,-4.976171872109479e-08,-9.185567501903688e-06,-2.033312381146349e-05,-5.203491167933681e-08,-9.381699592693992e-06,-2.0791615498530173e-05,0.4500000000000001
-3.4147244466529164e-08,-7.682669080275081e-06,-1.6848169843576874e-05,-3.586421922287052e-08,-7.864021463301225e-06,-1.7265986241548892e-05,-3.764511300899636e-08,-8.047250522706236e-06,-1.7688891932704097e-05,-3.949149062055802e-08,-8.23234790367829e-06,-1.8116885554927786e-05,-4.140493564145266e-08,-8.419305255496897e-06,-1.8549965729721633e-05,-4.338705043736504e-08,-8.608114231566473e-06,-1.8988131062208295e-05,-4.543945614923231e-08,-8.798766489449925e-06,-1.9431380141135977e-05,-4.756379268663225e-08,-8.991253690902172e-06,-1.98797115388832e-05,-4.976171872109479e-08,-9.185567501903688e-06,-2.033312381146349e-05,-5.203491167933681e-08,-9.381699592693992e-06,-2.0791615498530173e-05,0.4500000000000001
-3.4147244466529164e-08,-7.682669080275081e-06,-1.6848169843576874e-05,-3.586421922287052e-08,-7.864021463301225e-06,-1.7265986241548892e-05,-3.764511300899636e-08,-8.047250522706236e-06,-1.7688891932704097e-05,-3.949149062055802e-08,-8.23234790367829e-06,-1.8116885554927786e-05,-4.140493564145266e-08,-8.419305255496897e-06,-1.8549965729721633e-05,-4.338705043736504e-08,-8.608114231566473e-06,-1.8988131062208295e-05,-4.543945614923231e-08,-8.798766489449925e-06,-1.9431380141135977e-05,-4.756379268663225e-08,-8.991253690902172e-06,-1.98797115388832e-05,-4.976171872109479e-08,-9.185567501903688e-06,-2.033312381146349e-05,-5.203491167933681e-08,-9.381699592693992e-06,-2.0791615498530173e-05,0.4500000000000001
-3.4147244466529164e-08,-7.682669080275081e-06,-1.6848169843576874e-05,-3.586421922287052e-08,-7.864021463301225e-06,-1.7265986241548892e-05,-3.764511300899636e-08,-8.047250522706236e-06,-1.7688891932704097e-05,-3.949149062055802e-08,-8.23234790367829e-06,-1.8116885554927786e-05,-4.140493564145266e-08,-8.419305255496897e-06,-1.8549965729721633e-05,-4.338705043736504e-08,-8.608114231566473e-06,-1.8988131062208295e-05,-4.543945614923231e-08,-8.798766489449925e-06,-1.9431380141135977e-05,-4.756379268663225e-08,-8.991253690902172e-06,-1.98797115388832e-05,-4.976171872109479e-08,-9.185567501903688e-06,-2.033312381146349e-05,-5.203491167933681e-08,-9.381699592693992e-06,-2.0791615498530173e-05,0.4500000000000001
-3.4147244466529164e-08,-7.682669080275081e-06,-1.6848169843576874e-05,-3.586421922287052e-08,-7.864021463301225e-06,-1.7265986241548892e-05,-3.764511300899636e-08,-8.047250522706236e-06,-1.7688891932704097e-05,-3.949149062055802e-08,-8.23234790367829e-06,-1.8116885554927786e-05,-4.140493564145266e-08,-8.419305255496897e-06,-1.8549965729721633e-05,-4.338705043736504e-08,-8.608114231566473e-06,-1.8988131062208295e-05,-4.543945614923231e-08,-8.798766489449925e-06,-1.9431380141135977e-05,-4.756379268663225e-08,-8.991253690902172e-06,-1.98797115388832e-05,-4.976171872109479e-08,-9.185567501903688e-06,-2.033312381146349e-05,-5.203491167933681e-08,-9.381699592693992e-06,-2.0791615498530173e-05,0.4500000000000001
-3.4147244466529164e-08,-7.682669080275081e-06,-1.6848169843576874e-05,-3.586421922287052e-08,-7.864021463301225e-06,-1.7265986241548892e-05,-3.764511300899636e-08,-8.047250522706236e-06,-1.7688891932704097e-05,-3.949149062055802e-08,-8.23234790367829e-06,-1.8116885554927786e-05,-4.140493564145266e-08,-8.419305255496897e-06,-1.8549965729721633e-05,-4.338705043736504e-08,-8.608114231566473e-06,-1.8988131062208295e-05,-4.543945614923231e-08,-8.798766489449925e-06,-1.9431380141135977e-05,-4.756379268663225e-08,-8.991253690902172e-06,-1.98797115388832e-05,-4.976171872109479e-08,-9.185567501903688e-06,-2.033312381146349e-05,-5.203491167933681e-08,-9.381699592693992e-06,-2.0791615498530173e-05,0.4500000000000001
-3.4147244466529164e-08,-7.682669080275081e-06,-1.6848169843576874e-05,-3.586421922287052e-08,-7.864021463301225e-06,-1.7265986241548892e-05,-3.764511300899636e-08,-8.047250522706236e-06,-1.7688891932704097e-05,-3.949149062055802e-08,-8.23234790367829e-06,-1.8116885554927786e-05,-4.140493564145266e-08,-8.419305255496897e-06,-1.8549965729721633e-05,-4.338705043736504e-08,-8.608114231566473e-06,-1.8988131062208295e-05,-4.543945614923231e-08,-8.798766489449925e-06,-1.9431380141135977e-05,-4.756379268663225e-08,-8.991253690902172e-06,-1.98797115388832e-05,-4.976171872109479e-08,-9.185567501903688e-06,-2.033312381146349e-05,-5.203491167933681e-08,-9.381699592693992e-06,-2.0791615498530173e-05,0.4500000000000001
-3.4147244466529164e-08,-7.682669080275081e-06,-1.6848169843576874e-05,-3.586421922287052e-08,-7.864021463301225e-06,-1.7265986241548892e-05,-3.764511300899636e-08,-8.047250522706236e-06,-1.7688891932704097e-05,-3.949149062055802e-08,-8.23234790367829e-06,-1.8116885554927786e-05,-4.140493564145266e-08,-8.419305255496897e-06,-1.8549965729721633e-05,-4.338705043736504e-08,-8.608114231566473e-06,-1.8988131062208295e-05,-4.543945614923231e-08,-8.798766489449925e-06,-1.9431380141135977e-05,-4.756379268663225e-08,-8.991253690902172e-06,-1.98797115388832e-05,-4.976171872109479e-08,-9.185567501903688e-06,-2.033312381146349e-05,-5.203491167933681e-08,-9.381699592693992e-06,-2.0791615498530173e-05,0.4500000000000001
-3.4147244466529164e-08,-7.682669080275081e-06,-1.6848169843576874e-05,-3.586421922287052e-08,-7.864021463301225e-06,-1.7265986241548892e-05,-3.764511300899636e-08,-8.047250522706236e-06,-1.7688891932704097e-05,-3.949149062055802e-08,-8.23234790367829e-06,-1.8116885554927786e-05,-4.140493564145266e-08,-8.419305255496897e-06,-1.8549965729721633e-05,-4.338705043736504e-08,-8.608114231566473e-06,-1.8988131062208295e-05,-4.543945614923231e-08,-8.798766489449925e-06,-1.9431380141135977e-05,-4.756379268663225e-08,-8.991253690902172e-06,-1.98797115388832e-05,-4.976171872109479e-08,-9.185567501903688e-06,-2.033312381146349e-05,-5.203491167933681e-08,-9.381699592693992e-06,-2.0791615498530173e-05,0.4500000000000001
-3.4147244466529164e-08,-7.682669080275081e-06,-1.6848169843576874e-05,-3.586421922287052e-08,-7.864021463301225e-06,-1.7265986241548892e-05,-3.764511300899636e-08,-8.047250522706236e-06,-1.7688891932704097e-05,-3.949149062055802e-08,-8.23234790367829e-06,-1.8116885554927786e-05,-4.140493564145266e-08,-8.419305255496897e-06,-1.8549965729721633e-05,-4.338705043736504e-08,-8.608114231566473e-06,-1.8988131062208295e-05,-4.543945614923231e-08,-8.798766489449925e-06,-1.9431380141135977e-05,-4.756379268663225e-08,-8.991253690902172e-06,-1.98797115388832e-05,-4.976171872109479e-08,-9.185567501903688e-06,-2.033312381146349e-05,-5.203491167933681e-08,-9.381699592693992e-06,-2.0791615498530173e-05,0.4500000000000001
-3.4147244466529164e-08,-7.682669080275081e-06,-1.6848169843576874e-05,-3.586421922287052e-08,-7.864021463301225e-06,-1.7265986241548892e-05,-3.764511300899636e-08,-8.047250522706236e-06,-1.7688891932704097e-05,-3.949149062055802e-08,-8.23234790367829e-06,-1.8116885554927786e-05,-4.140493564145266e-08,-8.419305255496897e-06,-1.8549965729721633e-05,-4.338705043736504e-08,-8.608114231566473e-06,-1.8988131062208295e-05,-4.543945614923231e-08,-8.798766489449925e-06,-1.9431380141135977e-05,-4.756379268663225e-08,-8.991253690902172e-06,-1.98797115388832e-05,-4.976171872109479e-08,-9.185567501903688e-06,-2.033312381146349e-05,-5.203491167933681e-08,-9.381699592693992e-06,-2.0791615498530173e-05,0.4500000000000001
-3.4147244466529164e-08,-7.682669080275081e-06,-1.6848169843576874e-05,-3.586421922287052e-08,-7.864021463301225e-06,-1.7265986241548892e-05,-3.764511300899636e-08,-8.047250522706236e-06,-1.7688891932704097e-05,-3.949149062055802e-08,-8.23234790367829e-06,-1.8116885554927786e-05,-4.140493564145266e-08,-8.419305255496897e-06,-1.8549965729721633e-05,-4.338705043736504e-08,-8.608114231566473e-06,-1.8988131062208295e-05,-4.543945614923231e-08,-8.798766489449925e-06,-1.9431380141135977e-05,-4.756379268663225e-08,-8.991253690902172e-06,-1.98797115388832e-05,-4.976171872109479e-08,-9.185567501903688e-06,-2.033312381146349e-05,-5.203491167933681e-08,-9.381699592693992e-06,-2.0791615498530173e-05,0.4500000000000001
-3.4147244466529164e-08,-7.682669080275081e-06,-1.6848169843576874e-05,-3.586421922287052e-08,-7.864021463301225e-06,-1.7265986241548892e-05,-3.764511300899636e-08,-8.047250522706236e-06,-1.7688891932704097e-05,-3.949149062055802e-08,-8.23234790367829e-06,-1.8116885554927786e-05,-4.140493564145266e-08,-8.419305255496897e-06,-1.8549965729721633e-05,-4.338705043736504e-08,-8.608114231566473e-06,-1.8988131062208295e-05,-4.543945614923231e-08,-8.798766489449925e-06,-1.9431380141135977e-05,-4.756379268663225e-08,-8.991253690902172e-06,-1.98797115388832e-05,-4.976171872109479e-08,-9.185567501903688e-06,-2.033312381146349e-05,-5.203491167933681e-08,-9.381699592693992e-06,-2.0791615498530173e-05,0.4500000000000001
-3.4147244466529164e-08,-7.682669080275081e-06,-1.6848169843576874e-05,-3.586421922287052e-08,-7.864021463301225e-06,-1.7265986241548892e-05,-3.764511300899636e-08,-8.047250522706236e-06,-1.7688891932704097e-05,-3.949149062055802e-08,-8.23234790367829e-06,-1.8116885554927786e-05,-4.140493564145266e-08,-8.419305255496897e-06,-1.8549965729721633e-05,-4.338705043736504e-08,-8.608114231566473e-06,-1.8988131062208295e-05,-4.543945614923231e-08,-8.798766489449925e-06,-1.9431380141135977e-05,-4.756379268663225e-08,-8.991253690902172e-06,-1.98797115388832e-05,-4.976171872109479e-08,-9.185567501903688e-06,-2.033312381146349e-05,-5.203491167933681e-08,-9.381699592693992e-06,-2.0791615498530173e-05,0.4500000000000001
-3.4147244466529164e-08,-7.682669080275081e-06,-1.6848169843576874e-05,-3.586421922287052e-08,-7.864021463301225e-06,-1.7265986241548892e-05,-3.764511300899636e-08,-8.047250522706236e-06,-1.7688891932704097e-05,-3.949149062055802e-08,-8.23234790367829e-06,-1.8116885554927786e-05,-4.140493564145266e-08,-8.419305255496897e-06,-1.8549965729721633e-05,-4.338705043736504e-08,-8.608114231566473e-06,-1.8988131062208295e-05,-4.543945614923231e-08,-8.798766489449925e-06,-1.9431380141135977e-05,-4.756379268663225e-08,-8.991253690902172e-06,-1.98797115388832e-05,-4.976171872109479e-08,-9.185567501903688e-06,-2.033312381146349e-05,-5.203491167933681e-08,-9.381699592693992e-06,-2.0791615498530173e-05,0.4500000000000001
-3.4147244466529164e-08,-7.682669080275081e-06,-1.6848169843576874e-05,-3.586421922287052e-08,-7.864021463301225e-06,-1.7265986241548892e-05,-3.764511300899636e-08,-8.047250522706236e-06,-1.7688891932704097e-05,-3.949149062055802e-08,-8.23234790367829e-06,-1.8116885554927786e-05,-4.140493564145266e-08,-8.419305255496897e-06,-1.8549965729721633e-05,-4.338705043736504e-08,-8.608114231566473e-06,-1.8988131062208295e-05,-4.543945614923231e-08,-8.798766489449925e-06,-1.9431380141135977e-05,-4.756379268663225e-08,-8.991253690902172e-06,-1.98797115388832e-05,-4.976171872109479e-08,-9.185567501903688e-06,-2.033312381146349e-05,-5.203491167933681e-08,-9.381699592693992e-06,-2.0791615498530173e-05,0.4500000000000001
-3.4147244466529164e-08,-7.682669080275081e-06,-1.6848169843576874e-05,-3.586421922287052e-08,-7.864021463301225e-06,-1.7265986241548892e-05,-3.764511300899636e-08,-8.047250522706236e-06,-1.7688891932704097e-05,-3.949149062055802e-08,-8.23234790367829e-06,-1.8116885554927786e-05,-4.140493564145266e-08,-8.419305255496897e-06,-1.8549965729721633e-05,-4.338705043736504e-08,-8.608114231566473e-06,-1.8988131062208295e-05,-4.543945614923231e-08,-8.798766489449925e-06,-1.9431380141135977e-05,-4.756379268663225e-08,-8.991253690902172e-06,-1.98797115388832e-05,-4.976171872109479e-08,-9.185567501903688e-06,-2.033312381146349e-05,-5.203491167933681e-08,-9.381699592693992e-06,-2.0791615498530173e-05,0.4500000000000001
-3.4147244466529164e-08,-7.682669080275081e-06,-1.6848169843576874e-05,-3.586421922287052e-08,-7.864021463301225e-06,-1.7265986241548892e-05,-3.764511300899636e-08,-8.047250522706236e-06,-1.7688891932704097e-05,-3.949149062055802e-08,-8.23234790367829e-06,-1.8116885554927786e-05,-4.140493564145266e-08,-8.419305255496897e-06,-1.8549965729721633e-05,-4.338705043736504e-08,-8.608114231566473e-06,-1.8988131062208295e-05,-4.543945614923231e-08,-8.798766489449925e-06,-1.9431380141135977e-05,-4.756379268663225e-08,-8.991253690902172e-06,-1.98797115388832e-05,-4.976171872109479e-08,-9.185567501903688e-06,-2.033312381146349e-05,-5.203491167933681e-08,-9.381699592693992e-06,-2.0791615498530173e-05,0.4500000000000001
-3.4147244466529164e-08,-7.682669080275081e-06,-1.6848169843576874e-05,-3.586421922287052e-08,-7.864021463301225e-06,-1.7265986241548892e-05,-3.764511300899636e-08,-8.047250522706236e-06,-1.7688891932704097e-05,-3.949149062055802e-08,-8.23234790367829e-06,-1.8116885554927786e-05,-4.140493564145266e-08,-8.419305255496897e-06,-1.8549965729721633e-05,-4.338705043736504e-08,-8.608114231566473e-06,-1.8988131062208295e-05,-4.543945614923231e-08,-8.798766489449925e-06,-1.9431380141135977e-05,-4.756379268663225e-08,-8.991253690902172e-06,-1.98797115388832e-05,-4.976171872109479e-08,-9.185567501903688e-06,-2.033312381146349e-05,-5.203491167933681e-08,-9.381699592693992e-06,-2.0791615498530173e-05,0.4500000000000001
-3.4147244466529164e-08,-7.682669080275081e-06,-1.6848169843576874e-05,-3.586421922287052e-08,-7.864021463301225e-06,-1.7265986241548892e-05,-3.764511300899636e-08,-8.047250522706236e-06,-1.7688891932704097e-05,-3.949149062055802e-08,-8.23234790367829e-06,-1.8116885554927786e-05,-4.140493564145266e-08,-8.419305255496897e-06,-1.8549965729721633e-05,-4.338705043736504e-08,-8.608114231566473e-06,-1.8988131062208295e-05,-4.543945614923231e-08,-8.798766489449925e-06,-1.9431380141135977e-05,-4.756379268663225e-08,-8.991253690902172e-06,-1.98797115388832e-05,-4.976171872109479e-08,-9.185567501903688e-06,-2.033312381146349e-05,-5.203491167933681e-08,-9.381699592693992e-06,-2.0791615498530173e-05,0.4500000000000001
-3.4147244466529164e-08,-7.682669080275081e-06,-1.6848169843576874e-05,-3.586421922287052e-08,-7.864021463301225e-06,-1.7265986241548892e-05,-3.764511300899636e-08,-8.047250522706236e-06,-1.7688891932704097e-05,-3.949149062055802e-08,-8.23234790367829e-06,-1.8116885554927786e-05,-4.140493564145266e-08,-8.419305255496897e-06,-1.8549965729721633e-05,-4.338705043736504e-08,-8.608114231566473e-06,-1.8988131062208295e-05,-4.543945614923231e-08,-8.798766489449925e-06,-1.9431380141135977e-05,-4.756379268663225e-08,-8.991253690902172e-06,-1.98797115388832e-05,-4.976171872109479e-08,-9.185567501903688e-06,-2.033312381146349e-05,-5.203491167933681e-08,-9.381699592693992e-06,-2.0791615498530173e-05,0.4500000000000001
-3.4147244466529164e-08,-7.682669080275081e-06,-1.6848169843576874e-05,-3.586421922287052e-08,-7.864021463301225e-06,-1.7265986241548892e-05,-3.764511300899636e-08,-8.047250522706236e-06,-1.7688891932704097e-05,-3.949149062055802e-08,-8.23234790367829e-06,-1.8116885554927786e-05,-4.140493564145266e-08,-8.419305255496897e-06,-1.8549965729721633e-05,-4.338705043736504e-08,-8.608114231566473e-06,-1.8988131062208295e-05,-4.543945614923231e-08,-8.798766489449925e-06,-1.9431380141135977e-05,-4.756379268663225e-08,-8.991253690902172e-06,-1.98797115388832e-05,-4.976171872109479e-08,-9.185567501903688e-06,-2.033312381146349e-05,-5.203491167933681e-08,-9.381699592693992e-06,-2.0791615498530173e-05,0.4500000000000001
-3.4147244466529164e-08,-7.682669080275081e-06,-1.6848169843576874e-05,-3.586421922287052e-08,-7.864021463301225e-06,-1.7265986241548892e-05,-3.764511300899636e-08,-8.047250522706236e-06,-1.7688891932704097e-05,-3.949149062055802e-08,-8.23234790367829e-06,-1.8116885554927786e-05,-4.140493564145266e-08,-8.419305255496897e-06,-1.8549965729721633e-05,-4.338705043736504e-08,-8.608114231566473e-06,-1.8988131062208295e-05,-4.543945614923231e-08,-8.798766489449925e-06,-1.9431380141135977e-05,-4.756379268663225e-08,-8.991253690902172e-06,-1.98797115388832e-05,-4.976171872109479e-08,-9.185567501903688e-06,-2.033312381146349e-05,-5.203491167933681e-08,-9.381699592693992e-06,-2.0791615498530173e-05,0.4500000000000001
-3.4147244466529164e-08,-7.682669080275081e-06,-1.6848169843576874e-05,-3.586421922287052e-08,-7.864021463301225e-06,-1.7265986241548892e-05,-3.764511300899636e-08,-8.047250522706236e-06,-1.7688891932704097e-05,-3.949149062055802e-08,-8.23234790367829e-06,-1.8116885554927786e-05,-4.140493564145266e-08,-8.419305255496897e-06,-1.8549965729721633e-05,-4.338705043736504e-08,-8.608114231566473e-06,-1.8988131062208295e-05,-4.543945614923231e-08,-8.798766489449925e-06,-1.9431380141135977e-05,-4.756379268663225e-08,-8.991253690902172e-06,-1.98797115388832e-05,-4.976171872109479e-08,-9.185567501903688e-06,-2.033312381146349e-05,-5.203491167933681e-08,-9.381699592693992e-06,-2.0791615498530173e-05,0.4500000000000001
-3.4147244466529164e-08,-7.682669080275081e-06,-1.6848169843576874e-05,-3.586421922287052e-08,-7.864021463301225e-06,-1.7265986241548892e-05,-3.764511300899636e-08,-8.047250522706236e-06,-1.7688891932704097e-05,-3.949149062055802e-08,-8.23234790367829e-06,-1.8116885554927786e-05,-4.140493564145266e-08,-8.419305255496897e-06,-1.8549965729721633e-05,-4.338705043736504e-08,-8.608114231566473e-06,-1.8988131062208295e-05,-4.543945614923231e-08,-8.798766489449925e-06,-1.9431380141135977e-05,-4.756379268663225e-08,-8.991253690902172e-06,-1.98797115388832e-05,-4.976171872109479e-08,-9.185567501903688e-06,-2.033312381146349e-05,-5.203491167933681e-08,-9.381699592693992e-06,-2.0791615498530173e-05,0.4500000000000001
-3.4147244466529164e-08,-7.682669080275081e-06,-1.6848169843576874e-05,-3.586421922287052e-08,-7.864021463301225e-06,-1.7265986241548892e-05,-3.764511300899636e-08,-8.047250522706236e-06,-1.7688891932704097e-05,-3.949149062055802e-08,-8.23234790367829e-06,-1.8116885554927786e-05,-4.140493564145266e-08,-8.419305255496897e-06,-1.8549965729721633e-05,-4.338705043736504e-08,-8.608114231566473e-06,-1.8988131062208295e-05,-4.543945614923231e-08,-8.798766489449925e-06,-1.9431380141135977e-05,-4.756379268663225e-08,-8.991253690902172e-06,-1.98797115388832e-05,-4.976171872109479e-08,-9.185567501903688e-06,-2.033312381146349e-05,-5.203491167933681e-08,-9.381699592693992e-06,-2.0791615498530173e-05,0.4500000000000001
-3.4147244466529164e-08,-7.682669080275081e-06,-1.6848169843576874e-05,-3.586421922287052e-08,-7.864021463301225e-06,-1.7265986241548892e-05,-3.764511300899636e-08,-8.047250522706236e-06,-1.7688891932704097e-05,-3.949149062055802e-08,-8.23234790367829e-06,-1.8116885554927786e-05,-4.140493564145266e-08,-8.419305255496897e-06,-1.8549965729721633e-05,-4.338705043736504e-08,-8.608114231566473e-06,-1.8988131062208295e-05,-4.543945614923231e-08,-8.798766489449925e-06,-1.9431380141135977e-05,-4.756379268663225e-08,-8.991253690902172e-06,-1.98797115388832e-05,-4.976171872109479e-08,-9.185567501903688e-06,-2.033312381146349e-05,-5.203491167933681e-08,-9.381699592693992e-06,-2.0791615498530173e-05,0.4500000000000001
-3.4147244466529164e-08,-7.682669080275081e-06,-1.6848169843576874e-05,-3.586421922287052e-08,-7.864021463301225e-06,-1.7265986241548892e-05,-3.764511300899636e-08,-8.047250522706236e-06,-1.7688891932704097e-05,-3.949149062055802e-08,-8.23234790367829e-06,-1.8116885554927786e-05,-4.140493564145266e-08,-8.419305255496897e-06,-1.8549965729721633e-05,-4.338705043736504e-08,-8.608114231566473e-06,-1.8988131062208295e-05,-4.543945614923231e-08,-8.798766489449925e-06,-1.9431380141135977e-05,-4.756379268663225e-08,-8.991253690902172e-06,-1.98797115388832e-05,-4.976171872109479e-08,-9.185567501903688e-06,-2.033312381146349e-05,-5.203491167933681e-08,-9.381699592693992e-06,-2.0791615498530173e-05,0.4500000000000001
-3.4147244466529164e-08,-7.682669080275081e-06,-1.6848169843576874e-05,-3.586421922287052e-08,-7.864021463301225e-06,-1.7265986241548892e-05,-3.764511300899636e-08,-8.047250522706236e-06,-1.7688891932704097e-05,-3.949149062055802e-08,-8.23234790367829e-06,-1.8116885554927786e-05,-4.140493564145266e-08,-8.419305255496897e-06,-1.8549965729721633e-05,-4.338705043736504e-08,-8.608114231566473e-06,-1.8988131062208295e-05,-4.543945614923231e-08,-8.798766489449925e-06,-1.9431380141135977e-05,-4.756379268663225e-08,-8.991253690902172e-06,-1.98797115388832e-05,-4.976171872109479e-08,-9.185567501903688e-06,-2.033312381146349e-05,-5.203491167933681e-08,-9.381699592693992e-06,-2.0791615498530173e-05,0.4500000000000001
-3.4147244466529164e-08,-7.682669080275081e-06,-1.6848169843576874e-05,-3.586421922287052e-08,-7.864021463301225e-06,-1.7265986241548892e-05,-3.764511300899636e-08,-8.047250522706236e-06,-1.7688891932704097e-05,-3.949149062055802e-08,-8.23234790367829e-06,-1.8116885554927786e-05,-4.140493564145266e-08,-8.419305255496897e-06,-1.8549965729721633e-05,-4.338705043736504e-08,-8.608114231566473e-06,-1.8988131062208295e-05,-4.543945614923231e-08,-8.798766489449925e-06,-1.9431380141135977e-05,-4.756379268663225e-08,-8.991253690902172e-06,-1.98797115388832e-05,-4.976171872109479e-08,-9.185567501903688e-06,-2.033312381146349e-05,-5.203491167933681e-08,-9.381699592693992e-06,-2.0791615498530173e-05,0.4500000000000001
-3.4147244466529164e-08,-7.682669080275081e-06,-1.6848169843576874e-05,-3.586421922287052e-08,-7.864021463301225e-06,-1.7265986241548892e-05,-3.764511300899636e-08,-8.047250522706236e-06,-1.7688891932704097e-05,-3.949149062055802e-08,-8.23234790367829e-06,-1.8116885554927786e-05,-4.140493564145266e-08,-8.419305255496897e-06,-1.8549965729721633e-05,-4.338705043736504e-08,-8.608114231566473e-06,-1.8988131062208295e-05,-4.543945614923231e-08,-8.798766489449925e-06,-1.9431380141135977e-05,-4.756379268663225e-08,-8.991253690902172e-06,-1.98797115388832e-05,-4.976171872109479e-08,-9.185567501903688e-06,-2.033312381146349e-05,-5.203491167933681e-08,-9.381699592693992e-06,-2.0791615498530173e-05,0.4500000000000001
-3.4147244466529164e-08,-7.682669080275081e-06,-1.6848169843576874e-05,-3.586421922287052e-08,-7.864021463301225e-06,-1.7265986241548892e-05,-3.764511300899636e-08,-8.047250522706236e-06,-1.7688891932704097e-05,-3.949149062055802e-08,-8.23234790367829e-06,-1.8116885554927786e-05,-4.140493564145266e-08,-8.419305255496897e-06,-1.8549965729721633e-05,-4.338705043736504e-08,-8.608114231566473e-06,-1.8988131062208295e-05,-4.543945614923231e-08,-8.798766489449925e-06,-1.9431380141135977e-05,-4.756379268663225e-08,-8.991253690902172e-06,-1.98797115388832e-05,-4.976171872109479e-08,-9.185567501903688e-06,-2.033312381146349e-05,-5.203491167933681e-08,-9.381699592693992e-06,-2.0791615498530173e-05,0.4500000000000001
-3.4147244466529164e-08,-7.682669080275081e-06,-1.6848169843576874e-05,-3.586421922287052e-08,-7.864021463301225e-06,-1.7265986241548892e-05,-3.764511300899636e-08,-8.047250522706236e-06,-1.7688891932704097e-05,-3.949149062055802e-08,-8.23234790367829e-06,-1.8116885554927786e-05,-4.140493564145266e-08,-8.419305255496897e-06,-1.8549965729721633e-05,-4.338705043736504e-08,-8.608114231566473e-06,-1.8988131062208295e-05,-4.543945614923231e-08,-8.798766489449925e-06,-1.9431380141135977e-05,-4.756379268663225e-08,-8.991253690902172e-06,-1.98797115388832e-05,-4.976171872109479e-08,-9.185567501903688e-06,-2.033312381146349e-05,-5.203491167933681e-08,-9.381699592693992e-06,-2.0791615498530173e-05,0.4500000000000001
-3.4147244466529164e-08,-7.682669080275081e-06,-1.6848169843576874e-05,-3.586421922287052e-08,-7.864021463301225e-06,-1.7265986241548892e-05,-3.764511300899636e-08,-8.047250522706236e-06,-1.7688891932704097e-05,-3.949149062055802e-08,-8.23234790367829e-06,-1.8116885554927786e-05,-4.140493564145266e-08,-8.419305255496897e-06,-1.8549965729721633e-05,-4.338705043736504e-08,-8.608114231566473e-06,-1.8988131062208295e-05,-4.543945614923231e-08,-8.798766489449925e-06,-1.9431380141135977e-05,-4.756379268663225e-08,-8.991253690902172e-06,-1.98797115388832e-05,-4.976171872109479e-08,-9.185567501903688e-06,-2.033312381146349e-05,-5.203491167933681e-08,-9.381699592693992e-06,-2.0791615498530173e-05,0.4500000000000001
-3.4147244466529164e-08,-7.682669080275081e-06,-1.6848169843576874e-05,-3.586421922287052e-08,-7.864021463301225e-06,-1.7265986241548892e-05,-3.764511300899636e-08,-8.047250522706236e-06,-1.7688891932704097e-05,-3.949149062055802e-08,-8.23234790367829e-06,-1.8116885554927786e-05,-4.140493564145266e-08,-8.419305255496897e-06,-1.8549965729721633e-05,-4.338705043736504e-08,-8.608114231566473e-06,-1.8988131062208295e-05,-4.543945614923231e-08,-8.798766489449925e-06,-1.9431380141135977e-05,-4.756379268663225e-08,-8.991253690902172e-06,-1.98797115388832e-05,-4.976171872109479e-08,-9.185567501903688e-06,-2.033312381146349e-05,-5.203491167933681e-08,-9.381699592693992e-06,-2.0791615498530173e-05,0.4500000000000001
-3.4147244466529164e-08,-7.682669080275081e-06,-1.6848169843576874e-05,-3.586421922287052e-08,-7.864021463301225e-06,-1.7265986241548892e-05,-3.764511300899636e-08,-8.047250522706236e-06,-1.7688891932704097e-05,-3.949149062055802e-08,-8.23234790367829e-06,-1.8116885554927786e-05,-4.140493564145266e-08,-8.419305255496897e-06,-1.8549965729721633e-05,-4.338705043736504e-08,-8.608114231566473e-06,-1.8988131062208295e-05,-4.543945614923231e-08,-8.798766489449925e-06,-1.9431380141135977e-05,-4.756379268663225e-08,-8.991253690902172e-06,-1.98797115388832e-05,-4.976171872109479e-08,-9.185567501903688e-06,-2.033312381146349e-05,-5.203491167933681e-08,-9.381699592693992e-06,-2.0791615498530173e-05,0.4500000000000001
-3.4147244466529164e-08,-7.682669080275081e-06,-1.6848169843576874e-05,-3.586421922287052e-08,-7.864021463301225e-06,-1.7265986241548892e-05,-3.764511300899636e-08,-8.047250522706236e-06,-1.7688891932704097e-05,-3.949149062055802e-08,-8.23234790367829e-06,-1.8116885554927786e-05,-4.140493564145266e-08,-8.419305255496897e-06,-1.8549965729721633e-05,-4.338705043736504e-08,-8.608114231566473e-06,-1.8988131062208295e-05,-4.543945614923231e-08,-8.798766489449925e-06,-1.9431380141135977e-05,-4.756379268663225e-08,-8.991253690902172e-06,-1.98797115388832e-05,-4.976171872109479e-08,-9.185567501903688e-06,-2.033312381146349e-05,-5.203491167933681e-08,-9.381699592693992e-06,-2.0791615498530173e-05,0.4500000000000001
-3.4147244466529164e-08,-7.682669080275081e-06,-1.6848169843576874e-05,-3.586421922287052e-08,-7.864021463301225e-06,-1.7265986241548892e-05,-3.764511300899636e-08,-8.047250522706236e-06,-1.7688891932704097e-05,-3.949149062055802e-08,-8.23234790367829e-06,-1.8116885554927786e-05,-4.140493564145266e-08,-8.419305255496897e-06,-1.8549965729721633e-05,-4.338705043736504e-08,-8.608114231566473e-06,-1.8988131062208295e-05,-4.543945614923231e-08,-8.798766489449925e-06,-1.9431380141135977e-05,-4.756379268663225e-08,-8.991253690902172e-06,-1.98797115388832e-05,-4.976171872109479e-08,-9.185567501903688e-06,-2.033312381146349e-05,-5.203491167933681e-08,-9.381699592693992e-06,-2.0791615498530173e-05,0.4500000000000001
-3.4147244466529164e-08,-7.682669080275081e-06,-1.6848169843576874e-05,-3.586421922287052e-08,-7.864021463301225e-06,-1.7265986241548892e-05,-3.764511300899636e-08,-8.047250522706236e-06,-1.7688891932704097e-05,-3.949149062055802e-08,-8.23234790367829e-06,-1.8116885554927786e-05,-4.140493564145266e-08,-8.419305255496897e-06,-1.8549965729721633e-05,-4.338705043736504e-08,-8.608114231566473e-06,-1.8988131062208295e-05,-4.543945614923231e-08,-8.798766489449925e-06,-1.9431380141135977e-05,-4.756379268663225e-08,-8.991253690902172e-06,-1.98797115388832e-05,-4.976171872109479e-08,-9.185567501903688e-06,-2.033312381146349e-05,-5.203491167933681e-08,-9.381699592693992e-06,-2.0791615498530173e-05,0.4500000000000001
-3.4147244466529164e-08,-7.682669080275081e-06,-1.6848169843576874e-05,-3.586421922287052e-08,-7.864021463301225e-06,-1.7265986241548892e-05,-3.764511300899636e-08,-8.047250522706236e-06,-1.7688891932704097e-05,-3.949149062055802e-08,-8.23234790367829e-06,-1.8116885554927786e-05,-4.140493564145266e-08,-8.419305255496897e-06,-1.8549965729721633e-05,-4.338705043736504e-08,-8.608114231566473e-06,-1.8988131062208295e-05,-4.543945614923231e-08,-8.798766489449925e-06,-1.9431380141135977e-05,-4.756379268663225e-08,-8.991253690902172e-06,-1.98797115388832e-05,-4.976171872109479e-08,-9.185567501903688e-06,-2.033312381146349e-05,-5.203491167933681e-08,-9.381699592693992e-06,-2.0791615498530173e-05,0.4500000000000001
-3.4147244466529164e-08,-7.682669080275081e-06,-1.6848169843576874e-05,-3.586421922287052e-08,-7.864021463301225e-06,-1.7265986241548892e-05,-3.764511300899636e-08,-8.047250522706236e-06,-1.7688891932704097e-05,-3.949149062055802e-08,-8.23234790367829e-06,-1.8116885554927786e-05,-4.140493564145266e-08,-8.419305255496897e-06,-1.8549965729721633e-05,-4.338705043736504e-08,-8.608114231566473e-06,-1.8988131062208295e-05,-4.543945614923231e-08,-8.798766489449925e-06,-1.9431380141135977e-05,-4.756379268663225e-08,-8.991253690902172e-06,-1.98797115388832e-05,-4.976171872109479e-08,-9.185567501903688e-06,-2.033312381146349e-05,-5.203491167933681e-08,-9.381699592693992e-06,-2.0791615498530173e-05,0.4500000000000001
-3.4147244466529164e-08,-7.682669080275081e-06,-1.6848169843576874e-05,-3.586421922287052e-08,-7.864021463301225e-06,-1.7265986241548892e-05,-3.764511300899636e-08,-8.047250522706236e-06,-1.7688891932704097e-05,-3.949149062055802e-08,-8.23234790367829e-06,-1.8116885554927786e-05,-4.140493564145266e-08,-8.419305255496897e-06,-1.8549965729721633e-05,-4.338705043736504e-08,-8.608114231566473e-06,-1.8988131062208295e-05,-4.543945614923231e-08,-8.798766489449925e-06,-1.9431380141135977e-05,-4.756379268663225e-08,-8.991253690902172e-06,-1.98797115388832e-05,-4.976171872109479e-08,-9.185567501903688e-06,-2.033312381146349e-05,-5.203491167933681e-08,-9.381699592693992e-06,-2.0791615498530173e-05,0.4500000000000001
-3.4147244466529164e-08,-7.682669080275081e-06,-1.6848169843576874e-05,-3.586421922287052e-08,-7.864021463301225e-06,-1.7265986241548892e-05,-3.764511300899636e-08,-8.047250522706236e-06,-1.7688891932704097e-05,-3.949149062055802e-08,-8.23234790367829e-06,-1.8116885554927786e-05,-4.140493564145266e-08,-8.419305255496897e-06,-1.8549965729721633e-05,-4.338705043736504e-08,-8.608114231566473e-06,-1.8988131062208295e-05,-4.543945614923231e-08,-8.798766489449925e-06,-1.9431380141135977e-05,-4.756379268663225e-08,-8.991253690902172e-06,-1.98797115388832e-05,-4.976171872109479e-08,-9.185567501903688e-06,-2.033312381146349e-05,-5.203491167933681e-08,-9.381699592693992e-06,-2.0791615498530173e-05,0.4500000000000001
-3.4147244466529164e-08,-7.682669080275081e-06,-1.6848169843576874e-05,-3.586421922287052e-08,-7.864021463301225e-06,-1.7265986241548892e-05,-3.764511300899636e-08,-8.047250522706236e-06,-1.7688891932704097e-05,-3.949149062055802e-08,-8.23234790367829e-06,-1.8116885554927786e-05,-4.140493564145266e-08,-8.419305255496897e-06,-1.8549965729721633e-05,-4.338705043736504e-08,-8.608114231566473e-06,-1.8988131062208295e-05,-4.543945614923231e-08,-8.798766489449925e-06,-1.9431380141135977e-05,-4.756379268663225e-08,-8.991253690902172e-06,-1.98797115388832e-05,-4.976171872109479e-08,-9.185567501903688e-06,-2.033312381146349e-05,-5.203491167933681e-08,-9.381699592693992e-06,-2.0791615498530173e-05,0.4500000000000001
-3.4147244466529164e-08,-7.682669080275081e-06,-1.6848169843576874e-05,-3.586421922287052e-08,-7.864021463301225e-06,-1.7265986241548892e-05,-3.764511300899636e-08,-8.047250522706236e-06,-1.7688891932704097e-05,-3.949149062055802e-08,-8.23234790367829e-06,-1.8116885554927786e-05,-4.140493564145266e-08,-8.419305255496897e-06,-1.8549965729721633e-05,-4.338705043736504e-08,-8.608114231566473e-06,-1.8988131062208295e-05,-4.543945614923231e-08,-8.798766489449925e-06,-1.9431380141135977e-05,-4.756379268663225e-08,-8.991253690902172e-06,-1.98797115388832e-05,-4.976171872109479e-08,-9.185567501903688e-06,-2.033312381146349e-05,-5.203491167933681e-08,-9.381699592693992e-06,-2.0791615498530173e-05,0.4500000000000001
-3.4147244466529164e-08,-7.682669080275081e-06,-1.6848169843576874e-05,-3.586421922287052e-08,-7.864021463301225e-06,-1.7265986241548892e-05,-3.764511300899636e-08,-8.047250522706236e-06,-1.7688891932704097e-05,-3.949149062055802e-08,-8.23234790367829e-06,-1.8116885554927786e-05,-4.140493564145266e-08,-8.419305255496897e-06,-1.8549965729721633e-05,-4.338705043736504e-08,-8.608114231566473e-06,-1.8988131062208295e-05,-4.543945614923231e-08,-8.798766489449925e-06,-1.9431380141135977e-05,-4.756379268663225e-08,-8.991253690902172e-06,-1.98797115388832e-05,-4.976171872109479e-08,-9.185567501903688e-06,-2.033312381146349e-05,-5.203491167933681e-08,-9.381699592693992e-06,-2.0791615498530173e-05,0.4500000000000001
-3.4147244466529164e-08,-7.682669080275081e-06,-1.6848169843576874e-05,-3.586421922287052e-08,-7.864021463301225e-06,-1.7265986241548892e-05,-3.764511300899636e-08,-8.047250522706236e-06,-1.7688891932704097e-05,-3.949149062055802e-08,-8.23234790367829e-06,-1.8116885554927786e-05,-4.140493564145266e-08,-8.419305255496897e-06,-1.8549965729721633e-05,-4.338705043736504e-08,-8.608114231566473e-06,-1.8988131062208295e-05,-4.543945614923231e-08,-8.798766489449925e-06,-1.9431380141135977e-05,-4.756379268663225e-08,-8.991253690902172e-06,-1.98797115388832e-05,-4.976171872109479e-08,-9.185567501903688e-06,-2.033312381146349e-05,-5.203491167933681e-08,-9.381699592693992e-06,-2.0791615498530173e-05,0.4500000000000001
-3.4147244466529164e-08,-7.682669080275081e-06,-1.6848169843576874e-05,-3.586421922287052e-08,-7.864021463301225e-06,-1.7265986241548892e-05,-3.764511300899636e-08,-8.047250522706236e-06,-1.7688891932704097e-05,-3.949149062055802e-08,-8.23234790367829e-06,-1.8116885554927786e-05,-4.140493564145266e-08,-8.419305255496897e-06,-1.8549965729721633e-05,-4.338705043736504e-08,-8.608114231566473e-06,-1.8988131062208295e-05,-4.543945614923231e-08,-8.798766489449925e-06,-1.9431380141135977e-05,-4.756379268663225e-08,-8.991253690902172e-06,-1.98797115388832e-05,-4.976171872109479e-08,-9.185567501903688e-06,-2.033312381146349e-05,-5.203491167933681e-08,-9.381699592693992e-06,-2.0791615498530173e-05,0.4500000000000001
-3.4147244466529164e-08,-7.682669080275081e-06,-1.6848169843576874e-05,-3.586421922287052e-08,-7.864021463301225e-06,-1.7265986241548892e-05,-3.764511300899636e-08,-8.047250522706236e-06,-1.7688891932704097e-05,-3.949149062055802e-08,-8.23234790367829e-06,-1.8116885554927786e-05,-4.140493564145266e-08,-8.419305255496897e-06,-1.8549965729721633e-05,-4.338705043736504e-08,-8.608114231566473e-06,-1.8988131062208295e-05,-4.543945614923231e-08,-8.798766489449925e-06,-1.9431380141135977e-05,-4.756379268663225e-08,-8.991253690902172e-06,-1.98797115388832e-05,-4.976171872109479e-08,-9.185567501903688e-06,-2.033312381146349e-05,-5.203491167933681e-08,-9.381699592693992e-06,-2.0791615498530173e-05,0.4500000000000001
-3.4147244466529164e-08,-7.682669080275081e-06,-1.6848169843576874e-05,-3.586421922287052e-08,-7.864021463301225e-06,-1.7265986241548892e-05,-3.764511300899636e-08,-8.047250522706236e-06,-1.7688891932704097e-05,-3.949149062055802e-08,-8.23234790367829e-06,-1.8116885554927786e-05,-4.140493564145266e-08,-8.419305255496897e-06,-1.8549965729721633e-05,-4.338705043736504e-08,-8.608114231566473e-06,-1.8988131062208295e-05,-4.543945614923231e-08,-8.798766489449925e-06,-1.9431380141135977e-05,-4.756379268663225e-08,-8.991253690902172e-06,-1.98797115388832e-05,-4.976171872109479e-08,-9.185567501903688e-06,-2.033312381146349e-05,-5.203491167933681e-08,-9.381699592693992e-06,-2.0791615498530173e-05,0.4500000000000001
-3.4147244466529164e-08,-7.682669080275081e-06,-1.6848169843576874e-05,-3.586421922287052e-08,-7.864021463301225e-06,-1.7265986241548892e-05,-3.764511300899636e-08,-8.047250522706236e-06,-1.7688891932704097e-05,-3.949149062055802e-08,-8.23234790367829e-06,-1.8116885554927786e-05,-4.140493564145266e-08,-8.419305255496897e-06,-1.8549965729721633e-05,-4.338705043736504e-08,-8.608114231566473e-06,-1.8988131062208295e-05,-4.543945614923231e-08,-8.798766489449925e-06,-1.9431380141135977e-05,-4.756379268663225e-08,-8.991253690902172e-06,-1.98797115388832e-05,-4.976171872109479e-08,-9.185567501903688e-06,-2.033312381146349e-05,-5.203491167933681e-08,-9.381699592693992e-06,-2.0791615498530173e-05,0.4500000000000001
-3.4147244466529164e-08,-7.682669080275081e-06,-1.6848169843576874e-05,-3.586421922287052e-08,-7.864021463301225e-06,-1.7265986241548892e-05,-3.764511300899636e-08,-8.047250522706236e-06,-1.7688891932704097e-05,-3.949149062055802e-08,-8.23234790367829e-06,-1.8116885554927786e-05,-4.140493564145266e-08,-8.419305255496897e-06,-1.8549965729721633e-05,-4.338705043736504e-08,-8.608114231566473e-06,-1.8988131062208295e-05,-4.543945614923231e-08,-8.798766489449925e-06,-1.9431380141135977e-05,-4.756379268663225e-08,-8.991253690902172e-06,-1.98797115388832e-05,-4.976171872109479e-08,-9.185567501903688e-06,-2.033312381146349e-05,-5.203491167933681e-08,-9.381699592693992e-06,-2.0791615498530173e-05,0.4500000000000001
-3.4147244466529164e-08,-7.682669080275081e-06,-1.6848169843576874e-05,-3.586421922287052e-08,-7.864021463301225e-06,-1.7265986241548892e-05,-3.764511300899636e-08,-8.047250522706236e-06,-1.7688891932704097e-05,-3.949149062055802e-08,-8.23234790367829e-06,-1.8116885554927786e-05,-4.140493564145266e-08,-8.419305255496897e-06,-1.8549965729721633e-05,-4.338705043736504e-08,-8.608114231566473e-06,-1.8988131062208295e-05,-4.543945614923231e-08,-8.798766489449925e-06,-1.9431380141135977e-05,-4.756379268663225e-08,-8.991253690902172e-06,-1.98797115388832e-05,-4.976171872109479e-08,-9.185567501903688e-06,-2.033312381146349e-05,-5.203491167933681e-08,-9.381699592693992e-06,-2.0791615498530173e-05,0.4500000000000001
-3.4147244466529164e-08,-7.682669080275081e-06,-1.6848169843576874e-05,-3.586421922287052e-08,-7.864021463301225e-06,-1.7265986241548892e-05,-3.764511300899636e-08,-8.047250522706236e-06,-1.7688891932704097e-05,-3.949149062055802e-08,-8.23234790367829e-06,-1.8116885554927786e-05,-4.140493564145266e-08,-8.419305255496897e-06,-1.8549965729721633e-05,-4.338705043736504e-08,-8.608114231566473e-06,-1.8988131062208295e-05,-4.543945614923231e-08,-8.798766489449925e-06,-1.9431380141135977e-05,-4.756379268663225e-08,-8.991253690902172e-06,-1.98797115388832e-05,-4.976171872109479e-08,-9.185567501903688e-06,-2.033312381146349e-05,-5.203491167933681e-08,-9.381699592693992e-06,-2.0791615498530173e-05,0.4500000000000001
-3.4147244466529164e-08,-7.682669080275081e-06,-1.6848169843576874e-05,-3.586421922287052e-08,-7.864021463301225e-06,-1.7265986241548892e-05,-3.764511300899636e-08,-8.047250522706236e-06,-1.7688891932704097e-05,-3.949149062055802e-08,-8.23234790367829e-06,-1.8116885554927786e-05,-4.140493564145266e-08,-8.419305255496897e-06,-1.8549965729721633e-05,-4.338705043736504e-08,-8.608114231566473e-06,-1.8988131062208295e-05,-4.543945614923231e-08,-8.798766489449925e-06,-1.9431380141135977e-05,-4.756379268663225e-08,-8.991253690902172e-06,-1.98797115388832e-05,-4.976171872109479e-08,-9.185567501903688e-06,-2.033312381146349e-05,-5.203491167933681e-08,-9.381699592693992e-06,-2.0791615498530173e-05,0.4500000000000001
-3.4147244466529164e-08,-7.682669080275081e-06,-1.6848169843576874e-05,-3.586421922287052e-08,-7.864021463301225e-06,-1.7265986241548892e-05,-3.764511300899636e-08,-8.047250522706236e-06,-1.7688891932704097e-05,-3.949149062055802e-08,-8.23234790367829e-06,-1.8116885554927786e-05,-4.140493564145266e-08,-8.419305255496897e-06,-1.8549965729721633e-05,-4.338705043736504e-08,-8.608114231566473e-06,-1.8988131062208295e-05,-4.543945614923231e-08,-8.798766489449925e-06,-1.9431380141135977e-05,-4.756379268663225e-08,-8.991253690902172e-06,-1.98797115388832e-05,-4.976171872109479e-08,-9.185567501903688e-06,-2.033312381146349e-05,-5.203491167933681e-08,-9.381699592693992e-06,-2.0791615498530173e-05,0.4500000000000001
-3.4147244466529164e-08,-7.682669080275081e-06,-1.6848169843576874e-05,-3.586421922287052e-08,-7.864021463301225e-06,-1.7265986241548892e-05,-3.764511300899636e-08,-8.047250522706236e-06,-1.7688891932704097e-05,-3.949149062055802e-08,-8.23234790367829e-06,-1.8116885554927786e-05,-4.140493564145266e-08,-8.419305255496897e-06,-1.8549965729721633e-05,-4.338705043736504e-08,-8.608114231566473e-06,-1.8988131062208295e-05,-4.543945614923231e-08,-8.798766489449925e-06,-1.9431380141135977e-05,-4.756379268663225e-08,-8.991253690902172e-06,-1.98797115388832e-05,-4.976171872109479e-08,-9.185567501903688e-06,-2.033312381146349e-05,-5.203491167933681e-08,-9.381699592693992e-06,-2.0791615498530173e-05,0.4500000000000001
-3.4147244466529164e-08,-7.682669080275081e-06,-1.6848169843576874e-05,-3.586421922287052e-08,-7.864021463301225e-06,-1.7265986241548892e-05,-3.764511300899636e-08,-8.047250522706236e-06,-1.7688891932704097e-05,-3.949149062055802e-08,-8.23234790367829e-06,-1.8116885554927786e-05,-4.140493564145266e-08,-8.419305255496897e-06,-1.8549965729721633e-05,-4.338705043736504e-08,-8.608114231566473e-06,-1.8988131062208295e-05,-4.543945614923231e-08,-8.798766489449925e-06,-1.9431380141135977e-05,-4.756379268663225e-08,-8.991253690902172e-06,-1.98797115388832e-05,-4.976171872109479e-08,-9.185567501903688e-06,-2.033312381146349e-05,-5.203491167933681e-08,-9.381699592693992e-06,-2.0791615498530173e-05,0.4500000000000001
-3.4147244466529164e-08,-7.682669080275081e-06,-1.6848169843576874e-05,-3.586421922287052e-08,-7.864021463301225e-06,-1.7265986241548892e-05,-3.764511300899636e-08,-8.047250522706236e-06,-1.7688891932704097e-05,-3.949149062055802e-08,-8.23234790367829e-06,-1.8116885554927786e-05,-4.140493564145266e-08,-8.419305255496897e-06,-1.8549965729721633e-05,-4.338705043736504e-08,-8.608114231566473e-06,-1.8988131062208295e-05,-4.543945614923231e-08,-8.798766489449925e-06,-1.9431380141135977e-05,-4.756379268663225e-08,-8.991253690902172e-06,-1.98797115388832e-05,-4.976171872109479e-08,-9.185567501903688e-06,-2.033312381146349e-05,-5.203491167933681e-08,-9.381699592693992e-06,-2.0791615498530173e-05,0.4500000000000001
-3.4147244466529164e-08,-7.682669080275081e-06,-1.6848169843576874e-05,-3.586421922287052e-08,-7.864021463301225e-06,-1.7265986241548892e-05,-3.764511300899636e-08,-8.047250522706236e-06,-1.7688891932704097e-05,-3.949149062055802e-08,-8.23234790367829e-06,-1.8116885554927786e-05,-4.140493564145266e-08,-8.419305255496897e-06,-1.8549965729721633e-05,-4.338705043736504e-08,-8.608114231566473e-06,-1.8988131062208295e-05,-4.543945614923231e-08,-8.798766489449925e-06,-1.9431380141135977e-05,-4.756379268663225e-08,-8.991253690902172e-06,-1.98797115388832e-05,-4.976171872109479e-08,-9.185567501903688e-06,-2.033312381146349e-05,-5.203491167933681e-08,-9.381699592693992e-06,-2.0791615498530173e-05,0.4500000000000001
-3.4147244466529164e-08,-7.682669080275081e-06,-1.6848169843576874e-05,-3.586421922287052e-08,-7.864021463301225e-06,-1.7265986241548892e-05,-3.764511300899636e-08,-8.047250522706236e-06,-1.7688891932704097e-05,-3.949149062055802e-08,-8.23234790367829e-06,-1.8116885554927786e-05,-4.140493564145266e-08,-8.419305255496897e-06,-1.8549965729721633e-05,-4.338705043736504e-08,-8.608114231566473e-06,-1.8988131062208295e-05,-4.543945614923231e-08,-8.798766489449925e-06,-1.9431380141135977e-05,-4.756379268663225e-08,-8.991253690902172e-06,-1.98797115388832e-05,-4.976171872109479e-08,-9.185567501903688e-06,-2.033312381146349e-05,-5.203491167933681e-08,-9.381699592693992e-06,-2.0791615498530173e-05,0.4500000000000001
-3.4147244466529164e-08,-7.682669080275081e-06,-1.6848169843576874e-05,-3.586421922287052e-08,-7.864021463301225e-06,-1.7265986241548892e-05,-3.764511300899636e-08,-8.047250522706236e-06,-1.7688891932704097e-05,-3.949149062055802e-08,-8.23234790367829e-06,-1.8116885554927786e-05,-4.140493564145266e-08,-8.419305255496897e-06,-1.8549965729721633e-05,-4.338705043736504e-08,-8.608114231566473e-06,-1.8988131062208295e-05,-4.543945614923231e-08,-8.798766489449925e-06,-1.9431380141135977e-05,-4.756379268663225e-08,-8.991253690902172e-06,-1.98797115388832e-05,-4.976171872109479e-08,-9.185567501903688e-06,-2.033312381146349e-05,-5.203491167933681e-08,-9.381699592693992e-06,-2.0791615498530173e-05,0.4500000000000001
-3.4147244466529164e-08,-7.682669080275081e-06,-1.6848169843576874e-05,-3.586421922287052e-08,-7.864021463301225e-06,-1.7265986241548892e-05,-3.764511300899636e-08,-8.047250522706236e-06,-1.7688891932704097e-05,-3.949149062055802e-08,-8.23234790367829e-06,-1.8116885554927786e-05,-4.140493564145266e-08,-8.419305255496897e-06,-1.8549965729721633e-05,-4.338705043736504e-08,-8.608114231566473e-06,-1.8988131062208295e-05,-4.543945614923231e-08,-8.798766489449925e-06,-1.9431380141135977e-05,-4.756379268663225e-08,-8.991253690902172e-06,-1.98797115388832e-05,-4.976171872109479e-08,-9.185567501903688e-06,-2.033312381146349e-05,-5.203491167933681e-08,-9.381699592693992e-06,-2.0791615498530173e-05,0.4500000000000001
-3.4147244466529164e-08,-7.682669080275081e-06,-1.6848169843576874e-05,-3.586421922287052e-08,-7.864021463301225e-06,-1.7265986241548892e-05,-3.764511300899636e-08,-8.047250522706236e-06,-1.7688891932704097e-05,-3.949149062055802e-08,-8.23234790367829e-06,-1.8116885554927786e-05,-4.140493564145266e-08,-8.419305255496897e-06,-1.8549965729721633e-05,-4.338705043736504e-08,-8.608114231566473e-06,-1.8988131062208295e-05,-4.543945614923231e-08,-8.798766489449925e-06,-1.9431380141135977e-05,-4.756379268663225e-08,-8.991253690902172e-06,-1.98797115388832e-05,-4.976171872109479e-08,-9.185567501903688e-06,-2.033312381146349e-05,-5.203491167933681e-08,-9.381699592693992e-06,-2.0791615498530173e-05,0.4500000000000001
-3.4147244466529164e-08,-7.682669080275081e-06,-1.6848169843576874e-05,-3.586421922287052e-08,-7.864021463301225e-06,-1.7265986241548892e-05,-3.764511300899636e-08,-8.047250522706236e-06,-1.7688891932704097e-05,-3.949149062055802e-08,-8.23234790367829e-06,-1.8116885554927786e-05,-4.140493564145266e-08,-8.419305255496897e-06,-1.8549965729721633e-05,-4.338705043736504e-08,-8.608114231566473e-06,-1.8988131062208295e-05,-4.543945614923231e-08,-8.798766489449925e-06,-1.9431380141135977e-05,-4.756379268663225e-08,-8.991253690902172e-06,-1.98797115388832e-05,-4.976171872109479e-08,-9.185567501903688e-06,-2.033312381146349e-05,-5.203491167933681e-08,-9.381699592693992e-06,-2.0791615498530173e-05,0.4500000000000001
-3.4147244466529164e-08,-7.682669080275081e-06,-1.6848169843576874e-05,-3.586421922287052e-08,-7.864021463301225e-06,-1.7265986241548892e-05,-3.764511300899636e-08,-8.047250522706236e-06,-1.7688891932704097e-05,-3.949149062055802e-08,-8.23234790367829e-06,-1.8116885554927786e-05,-4.140493564145266e-08,-8.419305255496897e-06,-1.8549965729721633e-05,-4.338705043736504e-08,-8.608114231566473e-06,-1.8988131062208295e-05,-4.543945614923231e-08,-8.798766489449925e-06,-1.9431380141135977e-05,-4.756379268663225e-08,-8.991253690902172e-06,-1.98797115388832e-05,-4.976171872109479e-08,-9.185567501903688e-06,-2.033312381146349e-05,-5.203491167933681e-08,-9.381699592693992e-06,-2.0791615498530173e-05,0.4500000000000001
-3.4147244466529164e-08,-7.682669080275081e-06,-1.6848169843576874e-05,-3.586421922287052e-08,-7.864021463301225e-06,-1.7265986241548892e-05,-3.764511300899636e-08,-8.047250522706236e-06,-1.7688891932704097e-05,-3.949149062055802e-08,-8.23234790367829e-06,-1.8116885554927786e-05,-4.140493564145266e-08,-8.419305255496897e-06,-1.8549965729721633e-05,-4.338705043736504e-08,-8.608114231566473e-06,-1.8988131062208295e-05,-4.543945614923231e-08,-8.798766489449925e-06,-1.9431380141135977e-05,-4.756379268663225e-08,-8.991253690902172e-06,-1.98797115388832e-05,-4.976171872109479e-08,-9.185567501903688e-06,-2.033312381146349e-05,-5.203491167933681e-08,-9.381699592693992e-06,-2.0791615498530173e-05,0.4500000000000001
-3.4147244466529164e-08,-7.682669080275081e-06,-1.6848169843576874e-05,-3.586421922287052e-08,-7.864021463301225e-06,-1.7265986241548892e-05,-3.764511300899636e-08,-8.047250522706236e-06,-1.7688891932704097e-05,-3.949149062055802e-08,-8.23234790367829e-06,-1.8116885554927786e-05,-4.140493564145266e-08,-8.419305255496897e-06,-1.8549965729721633e-05,-4.338705043736504e-08,-8.608114231566473e-06,-1.8988131062208295e-05,-4.543945614923231e-08,-8.798766489449925e-06,-1.9431380141135977e-05,-4.756379268663225e-08,-8.991253690902172e-06,-1.98797115388832e-05,-4.976171872109479e-08,-9.185567501903688e-06,-2.033312381146349e-05,-5.203491167933681e-08,-9.381699592693992e-06,-2.0791615498530173e-05,0.4500000000000001
-3.4147244466529164e-08,-7.682669080275081e-06,-1.6848169843576874e-05,-3.586421922287052e-08,-7.864021463301225e-06,-1.7265986241548892e-05,-3.764511300899636e-08,-8.047250522706236e-06,-1.7688891932704097e-05,-3.949149062055802e-08,-8.23234790367829e-06,-1.8116885554927786e-05,-4.140493564145266e-08,-8.419305255496897e-06,-1.8549965729721633e-05,-4.338705043736504e-08,-8.608114231566473e-06,-1.8988131062208295e-05,-4.543945614923231e-08,-8.798766489449925e-06,-1.9431380141135977e-05,-4.756379268663225e-08,-8.991253690902172e-06,-1.98797115388832e-05,-4.976171872109479e-08,-9.185567501903688e-06,-2.033312381146349e-05,-5.203491167933681e-08,-9.381699592693992e-06,-2.0791615498530173e-05,0.4500000000000001
-3.4147244466529164e-08,-7.682669080275081e-06,-1.6848169843576874e-05,-3.586421922287052e-08,-7.864021463301225e-06,-1.7265986241548892e-05,-3.764511300899636e-08,-8.047250522706236e-06,-1.7688891932704097e-05,-3.949149062055802e-08,-8.23234790367829e-06,-1.8116885554927786e-05,-4.140493564145266e-08,-8.419305255496897e-06,-1.8549965729721633e-05,-4.338705043736504e-08,-8.608114231566473e-06,-1.8988131062208295e-05,-4.543945614923231e-08,-8.798766489449925e-06,-1.9431380141135977e-05,-4.756379268663225e-08,-8.991253690902172e-06,-1.98797115388832e-05,-4.976171872109479e-08,-9.185567501903688e-06,-2.033312381146349e-05,-5.203491167933681e-08,-9.381699592693992e-06,-2.0791615498530173e-05,0.4500000000000001
-3.4147244466529164e-08,-7.682669080275081e-06,-1.6848169843576874e-05,-3.586421922287052e-08,-7.864021463301225e-06,-1.7265986241548892e-05,-3.764511300899636e-08,-8.047250522706236e-06,-1.7688891932704097e-05,-3.949149062055802e-08,-8.23234790367829e-06,-1.8116885554927786e-05,-4.140493564145266e-08,-8.419305255496897e-06,-1.8549965729721633e-05,-4.338705043736504e-08,-8.608114231566473e-06,-1.8988131062208295e-05,-4.543945614923231e-08,-8.798766489449925e-06,-1.9431380141135977e-05,-4.756379268663225e-08,-8.991253690902172e-06,-1.98797115388832e-05,-4.976171872109479e-08,-9.185567501903688e-06,-2.033312381146349e-05,-5.203491167933681e-08,-9.381699592693992e-06,-2.0791615498530173e-05,0.4500000000000001
-3.4147244466529164e-08,-7.682669080275081e-06,-1.6848169843576874e-05,-3.586421922287052e-08,-7.864021463301225e-06,-1.7265986241548892e-05,-3.764511300899636e-08,-8.047250522706236e-06,-1.7688891932704097e-05,-3.949149062055802e-08,-8.23234790367829e-06,-1.8116885554927786e-05,-4.140493564145266e-08,-8.419305255496897e-06,-1.8549965729721633e-05,-4.338705043736504e-08,-8.608114231566473e-06,-1.8988131062208295e-05,-4.543945614923231e-08,-8.798766489449925e-06,-1.9431380141135977e-05,-4.756379268663225e-08,-8.991253690902172e-06,-1.98797115388832e-05,-4.976171872109479e-08,-9.185567501903688e-06,-2.033312381146349e-05,-5.203491167933681e-08,-9.381699592693992e-06,-2.0791615498530173e-05,0.4500000000000001
-3.4147244466529164e-08,-7.682669080275081e-06,-1.6848169843576874e-05,-3.586421922287052e-08,-7.864021463301225e-06,-1.7265986241548892e-05,-3.764511300899636e-08,-8.047250522706236e-06,-1.7688891932704097e-05,-3.949149062055802e-08,-8.23234790367829e-06,-1.8116885554927786e-05,-4.140493564145266e-08,-8.419305255496897e-06,-1.8549965729721633e-05,-4.338705043736504e-08,-8.608114231566473e-06,-1.8988131062208295e-05,-4.543945614923231e-08,-8.798766489449925e-06,-1.9431380141135977e-05,-4.756379268663225e-08,-8.991253690902172e-06,-1.98797115388832e-05,-4.976171872109479e-08,-9.185567501903688e-06,-2.033312381146349e-05,-5.203491167933681e-08,-9.381699592693992e-06,-2.0791615498530173e-05,0.4500000000000001
-3.4147244466529164e-08,-7.682669080275081e-06,-1.6848169843576874e-05,-3.586421922287052e-08,-7.864021463301225e-06,-1.7265986241548892e-05,-3.764511300899636e-08,-8.047250522706236e-06,-1.7688891932704097e-05,-3.949149062055802e-08,-8.23234790367829e-06,-1.8116885554927786e-05,-4.140493564145266e-08,-8.419305255496897e-06,-1.8549965729721633e-05,-4.338705043736504e-08,-8.608114231566473e-06,-1.8988131062208295e-05,-4.543945614923231e-08,-8.798766489449925e-06,-1.9431380141135977e-05,-4.756379268663225e-08,-8.991253690902172e-06,-1.98797115388832e-05,-4.976171872109479e-08,-9.185567501903688e-06,-2.033312381146349e-05,-5.203491167933681e-08,-9.381699592693992e-06,-2.0791615498530173e-05,0.4500000000000001
-3.4147244466529164e-08,-7.682669080275081e-06,-1.6848169843576874e-05,-3.586421922287052e-08,-7.864021463301225e-06,-1.7265986241548892e-05,-3.764511300899636e-08,-8.047250522706236e-06,-1.7688891932704097e-05,-3.949149062055802e-08,-8.23234790367829e-06,-1.8116885554927786e-05,-4.140493564145266e-08,-8.419305255496897e-06,-1.8549965729721633e-05,-4.338705043736504e-08,-8.608114231566473e-06,-1.8988131062208295e-05,-4.543945614923231e-08,-8.798766489449925e-06,-1.9431380141135977e-05,-4.756379268663225e-08,-8.991253690902172e-06,-1.98797115388832e-05,-4.976171872109479e-08,-9.185567501903688e-06,-2.033312381146349e-05,-5.203491167933681e-08,-9.381699592693992e-06,-2.0791615498530173e-05,0.4500000000000001
-3.4147244466529164e-08,-7.682669080275081e-06,-1.6848169843576874e-05,-3.586421922287052e-08,-7.864021463301225e-06,-1.7265986241548892e-05,-3.764511300899636e-08,-8.047250522706236e-06,-1.7688891932704097e-05,-3.949149062055802e-08,-8.23234790367829e-06,-1.8116885554927786e-05,-4.140493564145266e-08,-8.419305255496897e-06,-1.8549965729721633e-05,-4.338705043736504e-08,-8.608114231566473e-06,-1.8988131062208295e-05,-4.543945614923231e-08,-8.798766489449925e-06,-1.9431380141135977e-05,-4.756379268663225e-08,-8.991253690902172e-06,-1.98797115388832e-05,-4.976171872109479e-08,-9.185567501903688e-06,-2.033312381146349e-05,-5.203491167933681e-08,-9.381699592693992e-06,-2.0791615498530173e-05,0.4500000000000001
-3.4147244466529164e-08,-7.682669080275081e-06,-1.6848169843576874e-05,-3.586421922287052e-08,-7.864021463301225e-06,-1.7265986241548892e-05,-3.764511300899636e-08,-8.047250522706236e-06,-1.7688891932704097e-05,-3.949149062055802e-08,-8.23234790367829e-06,-1.8116885554927786e-05,-4.140493564145266e-08,-8.419305255496897e-06,-1.8549965729721633e-05,-4.338705043736504e-08,-8.608114231566473e-06,-1.8988131062208295e-05,-4.543945614923231e-08,-8.798766489449925e-06,-1.9431380141135977e-05,-4.756379268663225e-08,-8.991253690902172e-06,-1.98797115388832e-05,-4.976171872109479e-08,-9.185567501903688e-06,-2.033312381146349e-05,-5.203491167933681e-08,-9.381699592693992e-06,-2.0791615498530173e-05,0.4500000000000001
-3.4147244466529164e-08,-7.682669080275081e-06,-1.6848169843576874e-05,-3.586421922287052e-08,-7.864021463301225e-06,-1.7265986241548892e-05,-3.764511300899636e-08,-8.047250522706236e-06,-1.7688891932704097e-05,-3.949149062055802e-08,-8.23234790367829e-06,-1.8116885554927786e-05,-4.140493564145266e-08,-8.419305255496897e-06,-1.8549965729721633e-05,-4.338705043736504e-08,-8.608114231566473e-06,-1.8988131062208295e-05,-4.543945614923231e-08,-8.798766489449925e-06,-1.9431380141135977e-05,-4.756379268663225e-08,-8.991253690902172e-06,-1.98797115388832e-05,-4.976171872109479e-08,-9.185567501903688e-06,-2.033312381146349e-05,-5.203491167933681e-08,-9.381699592693992e-06,-2.0791615498530173e-05,0.4500000000000001
-3.4147244466529164e-08,-7.682669080275081e-06,-1.6848169843576874e-05,-3.586421922287052e-08,-7.864021463301225e-06,-1.7265986241548892e-05,-3.764511300899636e-08,-8.047250522706236e-06,-1.7688891932704097e-05,-3.949149062055802e-08,-8.23234790367829e-06,-1.8116885554927786e-05,-4.140493564145266e-08,-8.419305255496897e-06,-1.8549965729721633e-05,-4.338705043736504e-08,-8.608114231566473e-06,-1.8988131062208295e-05,-4.543945614923231e-08,-8.798766489449925e-06,-1.9431380141135977e-05,-4.756379268663225e-08,-8.991253690902172e-06,-1.98797115388832e-05,-4.976171872109479e-08,-9.185567501903688e-06,-2.033312381146349e-05,-5.203491167933681e-08,-9.381699592693992e-06,-2.0791615498530173e-05,0.4500000000000001
-3.4147244466529164e-08,-7.682669080275081e-06,-1.6848169843576874e-05,-3.586421922287052e-08,-7.864021463301225e-06,-1.7265986241548892e-05,-3.764511300899636e-08,-8.047250522706236e-06,-1.7688891932704097e-05,-3.949149062055802e-08,-8.23234790367829e-06,-1.8116885554927786e-05,-4.140493564145266e-08,-8.419305255496897e-06,-1.8549965729721633e-05,-4.338705043736504e-08,-8.608114231566473e-06,-1.8988131062208295e-05,-4.543945614923231e-08,-8.798766489449925e-06,-1.9431380141135977e-05,-4.756379268663225e-08,-8.991253690902172e-06,-1.98797115388832e-05,-4.976171872109479e-08,-9.185567501903688e-06,-2.033312381146349e-05,-5.203491167933681e-08,-9.381699592693992e-06,-2.0791615498530173e-05,0.4500000000000001
-3.4147244466529164e-08,-7.682669080275081e-06,-1.6848169843576874e-05,-3.586421922287052e-08,-7.864021463301225e-06,-1.7265986241548892e-05,-3.764511300899636e-08,-8.047250522706236e-06,-1.7688891932704097e-05,-3.949149062055802e-08,-8.23234790367829e-06,-1.8116885554927786e-05,-4.140493564145266e-08,-8.419305255496897e-06,-1.8549965729721633e-05,-4.338705043736504e-08,-8.608114231566473e-06,-1.8988131062208295e-05,-4.543945614923231e-08,-8.798766489449925e-06,-1.9431380141135977e-05,-4.756379268663225e-08,-8.991253690902172e-06,-1.98797115388832e-05,-4.976171872109479e-08,-9.185567501903688e-06,-2.033312381146349e-05,-5.203491167933681e-08,-9.381699592693992e-06,-2.0791615498530173e-05,0.4500000000000001
-3.4147244466529164e-08,-7.682669080275081e-06,-1.6848169843576874e-05,-3.586421922287052e-08,-7.864021463301225e-06,-1.7265986241548892e-05,-3.764511300899636e-08,-8.047250522706236e-06,-1.7688891932704097e-05,-3.949149062055802e-08,-8.23234790367829e-06,-1.8116885554927786e-05,-4.140493564145266e-08,-8.419305255496897e-06,-1.8549965729721633e-05,-4.338705043736504e-08,-8.608114231566473e-06,-1.8988131062208295e-05,-4.543945614923231e-08,-8.798766489449925e-06,-1.9431380141135977e-05,-4.756379268663225e-08,-8.991253690902172e-06,-1.98797115388832e-05,-4.976171872109479e-08,-9.185567501903688e-06,-2.033312381146349e-05,-5.203491167933681e-08,-9.381699592693992e-06,-2.0791615498530173e-05,0.4500000000000001
-3.4147244466529164e-08,-7.682669080275081e-06,-1.6848169843576874e-05,-3.586421922287052e-08,-7.864021463301225e-06,-1.7265986241548892e-05,-3.764511300899636e-08,-8.047250522706236e-06,-1.7688891932704097e-05,-3.949149062055802e-08,-8.23234790367829e-06,-1.8116885554927786e-05,-4.140493564145266e-08,-8.419305255496897e-06,-1.8549965729721633e-05,-4.338705043736504e-08,-8.608114231566473e-06,-1.8988131062208295e-05,-4.543945614923231e-08,-8.798766489449925e-06,-1.9431380141135977e-05,-4.756379268663225e-08,-8.991253690902172e-06,-1.98797115388832e-05,-4.976171872109479e-08,-9.185567501903688e-06,-2.033312381146349e-05,-5.203491167933681e-08,-9.381699592693992e-06,-2.0791615498530173e-05,0.4500000000000001
-3.4147244466529164e-08,-7.682669080275081e-06,-1.6848169843576874e-05,-3.586421922287052e-08,-7.864021463301225e-06,-1.7265986241548892e-05,-3.764511300899636e-08,-8.047250522706236e-06,-1.7688891932704097e-05,-3.949149062055802e-08,-8.23234790367829e-06,-1.8116885554927786e-05,-4.140493564145266e-08,-8.419305255496897e-06,-1.8549965729721633e-05,-4.338705043736504e-08,-8.608114231566473e-06,-1.8988131062208295e-05,-4.543945614923231e-08,-8.798766489449925e-06,-1.9431380141135977e-05,-4.756379268663225e-08,-8.991253690902172e-06,-1.98797115388832e-05,-4.976171872109479e-08,-9.185567501903688e-06,-2.033312381146349e-05,-5.203491167933681e-08,-9.381699592693992e-06,-2.0791615498530173e-05,0.4500000000000001
-3.4147244466529164e-08,-7.682669080275081e-06,-1.6848169843576874e-05,-3.586421922287052e-08,-7.864021463301225e-06,-1.7265986241548892e-05,-3.764511300899636e-08,-8.047250522706236e-06,-1.7688891932704097e-05,-3.949149062055802e-08,-8.23234790367829e-06,-1.8116885554927786e-05,-4.140493564145266e-08,-8.419305255496897e-06,-1.8549965729721633e-05,-4.338705043736504e-08,-8.608114231566473e-06,-1.8988131062208295e-05,-4.543945614923231e-08,-8.798766489449925e-06,-1.9431380141135977e-05,-4.756379268663225e-08,-8.991253690902172e-06,-1.98797115388832e-05,-4.976171872109479e-08,-9.185567501903688e-06,-2.033312381146349e-05,-5.203491167933681e-08,-9.381699592693992e-06,-2.0791615498530173e-05,0.4500000000000001
-3.4147244466529164e-08,-7.682669080275081e-06,-1.6848169843576874e-05,-3.586421922287052e-08,-7.864021463301225e-06,-1.7265986241548892e-05,-3.764511300899636e-08,-8.047250522706236e-06,-1.7688891932704097e-05,-3.949149062055802e-08,-8.23234790367829e-06,-1.8116885554927786e-05,-4.140493564145266e-08,-8.419305255496897e-06,-1.8549965729721633e-05,-4.338705043736504e-08,-8.608114231566473e-06,-1.8988131062208295e-05,-4.543945614923231e-08,-8.798766489449925e-06,-1.9431380141135977e-05,-4.756379268663225e-08,-8.991253690902172e-06,-1.98797115388832e-05,-4.976171872109479e-08,-9.185567501903688e-06,-2.033312381146349e-05,-5.203491167933681e-08,-9.381699592693992e-06,-2.0791615498530173e-05,0.4500000000000001
-3.4147244466529164e-08,-7.682669080275081e-06,-1.6848169843576874e-05,-3.586421922287052e-08,-7.864021463301225e-06,-1.7265986241548892e-05,-3.764511300899636e-08,-8.047250522706236e-06,-1.7688891932704097e-05,-3.949149062055802e-08,-8.23234790367829e-06,-1.8116885554927786e-05,-4.140493564145266e-08,-8.419305255496897e-06,-1.8549965729721633e-05,-4.338705043736504e-08,-8.608114231566473e-06,-1.8988131062208295e-05,-4.543945614923231e-08,-8.798766489449925e-06,-1.9431380141135977e-05,-4.756379268663225e-08,-8.991253690902172e-06,-1.98797115388832e-05,-4.976171872109479e-08,-9.185567501903688e-06,-2.033312381146349e-05,-5.203491167933681e-08,-9.381699592693992e-06,-2.0791615498530173e-05,0.4500000000000001
-3.4147244466529164e-08,-7.682669080275081e-06,-1.6848169843576874e-05,-3.586421922287052e-08,-7.864021463301225e-06,-1.7265986241548892e-05,-3.764511300899636e-08,-8.047250522706236e-06,-1.7688891932704097e-05,-3.949149062055802e-08,-8.23234790367829e-06,-1.8116885554927786e-05,-4.140493564145266e-08,-8.419305255496897e-06,-1.8549965729721633e-05,-4.338705043736504e-08,-8.608114231566473e-06,-1.8988131062208295e-05,-4.543945614923231e-08,-8.798766489449925e-06,-1.9431380141135977e-05,-4.756379268663225e-08,-8.991253690902172e-06,-1.98797115388832e-05,-4.976171872109479e-08,-9.185567501903688e-06,-2.033312381146349e-05,-5.203491167933681e-08,-9.381699592693992e-06,-2.0791615498530173e-05,0.4500000000000001
-3.4147244466529164e-08,-7.682669080275081e-06,-1.6848169843576874e-05,-3.586421922287052e-08,-7.864021463301225e-06,-1.7265986241548892e-05,-3.764511300899636e-08,-8.047250522706236e-06,-1.7688891932704097e-05,-3.949149062055802e-08,-8.23234790367829e-06,-1.8116885554927786e-05,-4.140493564145266e-08,-8.419305255496897e-06,-1.8549965729721633e-05,-4.338705043736504e-08,-8.608114231566473e-06,-1.8988131062208295e-05,-4.543945614923231e-08,-8.798766489449925e-06,-1.9431380141135977e-05,-4.756379268663225e-08,-8.991253690902172e-06,-1.98797115388832e-05,-4.976171872109479e-08,-9.185567501903688e-06,-2.033312381146349e-05,-5.203491167933681e-08,-9.381699592693992e-06,-2.0791615498530173e-05,0.4500000000000001
-3.4147244466529164e-08,-7.682669080275081e-06,-1.6848169843576874e-05,-3.586421922287052e-08,-7.864021463301225e-06,-1.7265986241548892e-05,-3.764511300899636e-08,-8.047250522706236e-06,-1.7688891932704097e-05,-3.949149062055802e-08,-8.23234790367829e-06,-1.8116885554927786e-05,-4.140493564145266e-08,-8.419305255496897e-06,-1.8549965729721633e-05,-4.338705043736504e-08,-8.608114231566473e-06,-1.8988131062208295e-05,-4.543945614923231e-08,-8.798766489449925e-06,-1.9431380141135977e-05,-4.756379268663225e-08,-8.991253690902172e-06,-1.98797115388832e-05,-4.976171872109479e-08,-9.185567501903688e-06,-2.033312381146349e-05,-5.203491167933681e-08,-9.381699592693992e-06,-2.0791615498530173e-05,0.4500000000000001
-3.4147244466529164e-08,-7.682669080275081e-06,-1.6848169843576874e-05,-3.586421922287052e-08,-7.864021463301225e-06,-1.7265986241548892e-05,-3.764511300899636e-08,-8.047250522706236e-06,-1.7688891932704097e-05,-3.949149062055802e-08,-8.23234790367829e-06,-1.8116885554927786e-05,-4.140493564145266e-08,-8.419305255496897e-06,-1.8549965729721633e-05,-4.338705043736504e-08,-8.608114231566473e-06,-1.8988131062208295e-05,-4.543945614923231e-08,-8.798766489449925e-06,-1.9431380141135977e-05,-4.756379268663225e-08,-8.991253690902172e-06,-1.98797115388832e-05,-4.976171872109479e-08,-9.185567501903688e-06,-2.033312381146349e-05,-5.203491167933681e-08,-9.381699592693992e-06,-2.0791615498530173e-05,0.4500000000000001
-3.4147244466529164e-08,-7.682669080275081e-06,-1.6848169843576874e-05,-3.586421922287052e-08,-7.864021463301225e-06,-1.7265986241548892e-05,-3.764511300899636e-08,-8.047250522706236e-06,-1.7688891932704097e-05,-3.949149062055802e-08,-8.23234790367829e-06,-1.8116885554927786e-05,-4.140493564145266e-08,-8.419305255496897e-06,-1.8549965729721633e-05,-4.338705043736504e-08,-8.608114231566473e-06,-1.8988131062208295e-05,-4.543945614923231e-08,-8.798766489449925e-06,-1.9431380141135977e-05,-4.756379268663225e-08,-8.991253690902172e-06,-1.98797115388832e-05,-4.976171872109479e-08,-9.185567501903688e-06,-2.033312381146349e-05,-5.203491167933681e-08,-9.381699592693992e-06,-2.0791615498530173e-05,0.4500000000000001
-3.4147244466529164e-08,-7.682669080275081e-06,-1.6848169843576874e-05,-3.586421922287052e-08,-7.864021463301225e-06,-1.7265986241548892e-05,-3.764511300899636e-08,-8.047250522706236e-06,-1.7688891932704097e-05,-3.949149062055802e-08,-8.23234790367829e-06,-1.8116885554927786e-05,-4.140493564145266e-08,-8.419305255496897e-06,-1.8549965729721633e-05,-4.338705043736504e-08,-8.608114231566473e-06,-1.8988131062208295e-05,-4.543945614923231e-08,-8.798766489449925e-06,-1.9431380141135977e-05,-4.756379268663225e-08,-8.991253690902172e-06,-1.98797115388832e-05,-4.976171872109479e-08,-9.185567501903688e-06,-2.033312381146349e-05,-5.203491167933681e-08,-9.381699592693992e-06,-2.0791615498530173e-05,0.4500000000000001
-3.4147244466529164e-08,-7.682669080275081e-06,-1.6848169843576874e-05,-3.586421922287052e-08,-7.864021463301225e-06,-1.7265986241548892e-05,-3.764511300899636e-08,-8.047250522706236e-06,-1.7688891932704097e-05,-3.949149062055802e-08,-8.23234790367829e-06,-1.8116885554927786e-05,-4.140493564145266e-08,-8.419305255496897e-06,-1.8549965729721633e-05,-4.338705043736504e-08,-8.608114231566473e-06,-1.8988131062208295e-05,-4.543945614923231e-08,-8.798766489449925e-06,-1.9431380141135977e-05,-4.756379268663225e-08,-8.991253690902172e-06,-1.98797115388832e-05,-4.976171872109479e-08,-9.185567501903688e-06,-2.033312381146349e-05,-5.203491167933681e-08,-9.381699592693992e-06,-2.0791615498530173e-05,0.4500000000000001
-3.4147244466529164e-08,-7.682669080275081e-06,-1.6848169843576874e-05,-3.586421922287052e-08,-7.864021463301225e-06,-1.7265986241548892e-05,-3.764511300899636e-08,-8.047250522706236e-06,-1.7688891932704097e-05,-3.949149062055802e-08,-8.23234790367829e-06,-1.8116885554927786e-05,-4.140493564145266e-08,-8.419305255496897e-06,-1.8549965729721633e-05,-4.338705043736504e-08,-8.608114231566473e-06,-1.8988131062208295e-05,-4.543945614923231e-08,-8.798766489449925e-06,-1.9431380141135977e-05,-4.756379268663225e-08,-8.991253690902172e-06,-1.98797115388832e-05,-4.976171872109479e-08,-9.185567501903688e-06,-2.033312381146349e-05,-5.203491167933681e-08,-9.381699592693992e-06,-2.0791615498530173e-05,0.4500000000000001
-3.4147244466529164e-08,-7.682669080275081e-06,-1.6848169843576874e-05,-3.586421922287052e-08,-7.864021463301225e-06,-1.7265986241548892e-05,-3.764511300899636e-08,-8.047250522706236e-06,-1.7688891932704097e-05,-3.949149062055802e-08,-8.23234790367829e-06,-1.8116885554927786e-05,-4.140493564145266e-08,-8.419305255496897e-06,-1.8549965729721633e-05,-4.338705043736504e-08,-8.608114231566473e-06,-1.8988131062208295e-05,-4.543945614923231e-08,-8.798766489449925e-06,-1.9431380141135977e-05,-4.756379268663225e-08,-8.991253690902172e-06,-1.98797115388832e-05,-4.976171872109479e-08,-9.185567501903688e-06,-2.033312381146349e-05,-5.203491167933681e-08,-9.381699592693992e-06,-2.0791615498530173e-05,0.4500000000000001
-3.4147244466529164e-08,-7.682669080275081e-06,-1.6848169843576874e-05,-3.586421922287052e-08,-7.864021463301225e-06,-1.7265986241548892e-05,-3.764511300899636e-08,-8.047250522706236e-06,-1.7688891932704097e-05,-3.949149062055802e-08,-8.23234790367829e-06,-1.8116885554927786e-05,-4.140493564145266e-08,-8.419305255496897e-06,-1.8549965729721633e-05,-4.338705043736504e-08,-8.608114231566473e-06,-1.8988131062208295e-05,-4.543945614923231e-08,-8.798766489449925e-06,-1.9431380141135977e-05,-4.756379268663225e-08,-8.991253690902172e-06,-1.98797115388832e-05,-4.976171872109479e-08,-9.185567501903688e-06,-2.033312381146349e-05,-5.203491167933681e-08,-9.381699592693992e-06,-2.0791615498530173e-05,0.4500000000000001
-3.4147244466529164e-08,-7.682669080275081e-06,-1.6848169843576874e-05,-3.586421922287052e-08,-7.864021463301225e-06,-1.7265986241548892e-05,-3.764511300899636e-08,-8.047250522706236e-06,-1.7688891932704097e-05,-3.949149062055802e-08,-8.23234790367829e-06,-1.8116885554927786e-05,-4.140493564145266e-08,-8.419305255496897e-06,-1.8549965729721633e-05,-4.338705043736504e-08,-8.608114231566473e-06,-1.8988131062208295e-05,-4.543945614923231e-08,-8.798766489449925e-06,-1.9431380141135977e-05,-4.756379268663225e-08,-8.991253690902172e-06,-1.98797115388832e-05,-4.976171872109479e-08,-9.185567501903688e-06,-2.033312381146349e-05,-5.203491167933681e-08,-9.381699592693992e-06,-2.0791615498530173e-05,0.4500000000000001
-3.4147244466529164e-08,-7.682669080275081e-06,-1.6848169843576874e-05,-3.586421922287052e-08,-7.864021463301225e-06,-1.7265986241548892e-05,-3.764511300899636e-08,-8.047250522706236e-06,-1.7688891932704097e-05,-3.949149062055802e-08,-8.23234790367829e-06,-1.8116885554927786e-05,-4.140493564145266e-08,-8.419305255496897e-06,-1.8549965729721633e-05,-4.338705043736504e-08,-8.608114231566473e-06,-1.8988131062208295e-05,-4.543945614923231e-08,-8.798766489449925e-06,-1.9431380141135977e-05,-4.756379268663225e-08,-8.991253690902172e-06,-1.98797115388832e-05,-4.976171872109479e-08,-9.185567501903688e-06,-2.033312381146349e-05,-5.203491167933681e-08,-9.381699592693992e-06,-2.0791615498530173e-05,0.4500000000000001
-3.4147244466529164e-08,-7.682669080275081e-06,-1.6848169843576874e-05,-3.586421922287052e-08,-7.864021463301225e-06,-1.7265986241548892e-05,-3.764511300899636e-08,-8.047250522706236e-06,-1.7688891932704097e-05,-3.949149062055802e-08,-8.23234790367829e-06,-1.8116885554927786e-05,-4.140493564145266e-08,-8.419305255496897e-06,-1.8549965729721633e-05,-4.338705043736504e-08,-8.608114231566473e-06,-1.8988131062208295e-05,-4.543945614923231e-08,-8.798766489449925e-06,-1.9431380141135977e-05,-4.756379268663225e-08,-8.991253690902172e-06,-1.98797115388832e-05,-4.976171872109479e-08,-9.185567501903688e-06,-2.033312381146349e-05,-5.203491167933681e-08,-9.381699592693992e-06,-2.0791615498530173e-05,0.4500000000000001
-3.4147244466529164e-08,-7.682669080275081e-06,-1.6848169843576874e-05,-3.586421922287052e-08,-7.864021463301225e-06,-1.7265986241548892e-05,-3.764511300899636e-08,-8.047250522706236e-06,-1.7688891932704097e-05,-3.949149062055802e-08,-8.23234790367829e-06,-1.8116885554927786e-05,-4.140493564145266e-08,-8.419305255496897e-06,-1.8549965729721633e-05,-4.338705043736504e-08,-8.608114231566473e-06,-1.8988131062208295e-05,-4.543945614923231e-08,-8.798766489449925e-06,-1.9431380141135977e-05,-4.756379268663225e-08,-8.991253690902172e-06,-1.98797115388832e-05,-4.976171872109479e-08,-9.185567501903688e-06,-2.033312381146349e-05,-5.203491167933681e-08,-9.381699592693992e-06,-2.0791615498530173e-05,0.4500000000000001
-3.4147244466529164e-08,-7.682669080275081e-06,-1.6848169843576874e-05,-3.586421922287052e-08,-7.864021463301225e-06,-1.7265986241548892e-05,-3.764511300899636e-08,-8.047250522706236e-06,-1.7688891932704097e-05,-3.949149062055802e-08,-8.23234790367829e-06,-1.8116885554927786e-05,-4.140493564145266e-08,-8.419305255496897e-06,-1.8549965729721633e-05,-4.338705043736504e-08,-8.608114231566473e-06,-1.8988131062208295e-05,-4.543945614923231e-08,-8.798766489449925e-06,-1.9431380141135977e-05,-4.756379268663225e-08,-8.991253690902172e-06,-1.98797115388832e-05,-4.976171872109479e-08,-9.185567501903688e-06,-2.033312381146349e-05,-5.203491167933681e-08,-9.381699592693992e-06,-2.0791615498530173e-05,0.4500000000000001
-3.4147244466529164e-08,-7.682669080275081e-06,-1.6848169843576874e-05,-3.586421922287052e-08,-7.864021463301225e-06,-1.7265986241548892e-05,-3.764511300899636e-08,-8.047250522706236e-06,-1.7688891932704097e-05,-3.949149062055802e-08,-8.23234790367829e-06,-1.8116885554927786e-05,-4.140493564145266e-08,-8.419305255496897e-06,-1.8549965729721633e-05,-4.338705043736504e-08,-8.608114231566473e-06,-1.8988131062208295e-05,-4.543945614923231e-08,-8.798766489449925e-06,-1.9431380141135977e-05,-4.756379268663225e-08,-8.991253690902172e-06,-1.98797115388832e-05,-4.976171872109479e-08,-9.185567501903688e-06,-2.033312381146349e-05,-5.203491167933681e-08,-9.381699592693992e-06,-2.0791615498530173e-05,0.4500000000000001
-3.4147244466529164e-08,-7.682669080275081e-06,-1.6848169843576874e-05,-3.586421922287052e-08,-7.864021463301225e-06,-1.7265986241548892e-05,-3.764511300899636e-08,-8.047250522706236e-06,-1.7688891932704097e-05,-3.949149062055802e-08,-8.23234790367829e-06,-1.8116885554927786e-05,-4.140493564145266e-08,-8.419305255496897e-06,-1.8549965729721633e-05,-4.338705043736504e-08,-8.608114231566473e-06,-1.8988131062208295e-05,-4.543945614923231e-08,-8.798766489449925e-06,-1.9431380141135977e-05,-4.756379268663225e-08,-8.991253690902172e-06,-1.98797115388832e-05,-4.976171872109479e-08,-9.185567501903688e-06,-2.033312381146349e-05,-5.203491167933681e-08,-9.381699592693992e-06,-2.0791615498530173e-05,0.4500000000000001
-3.4147244466529164e-08,-7.682669080275081e-06,-1.6848169843576874e-05,-3.586421922287052e-08,-7.864021463301225e-06,-1.7265986241548892e-05,-3.764511300899636e-08,-8.047250522706236e-06,-1.7688891932704097e-05,-3.949149062055802e-08,-8.23234790367829e-06,-1.8116885554927786e-05,-4.140493564145266e-08,-8.419305255496897e-06,-1.8549965729721633e-05,-4.338705043736504e-08,-8.608114231566473e-06,-1.8988131062208295e-05,-4.543945614923231e-08,-8.798766489449925e-06,-1.9431380141135977e-05,-4.756379268663225e-08,-8.991253690902172e-06,-1.98797115388832e-05,-4.976171872109479e-08,-9.185567501903688e-06,-2.033312381146349e-05,-5.203491167933681e-08,-9.381699592693992e-06,-2.0791615498530173e-05,0.4500000000000001
-3.4147244466529164e-08,-7.682669080275081e-06,-1.6848169843576874e-05,-3.586421922287052e-08,-7.864021463301225e-06,-1.7265986241548892e-05,-3.764511300899636e-08,-8.047250522706236e-06,-1.7688891932704097e-05,-3.949149062055802e-08,-8.23234790367829e-06,-1.8116885554927786e-05,-4.140493564145266e-08,-8.419305255496897e-06,-1.8549965729721633e-05,-4.338705043736504e-08,-8.608114231566473e-06,-1.8988131062208295e-05,-4.543945614923231e-08,-8.798766489449925e-06,-1.9431380141135977e-05,-4.756379268663225e-08,-8.991253690902172e-06,-1.98797115388832e-05,-4.976171872109479e-08,-9.185567501903688e-06,-2.033312381146349e-05,-5.203491167933681e-08,-9.381699592693992e-06,-2.0791615498530173e-05,0.4500000000000001
-3.4147244466529164e-08,-7.682669080275081e-06,-1.6848169843576874e-05,-3.586421922287052e-08,-7.864021463301225e-06,-1.7265986241548892e-05,-3.764511300899636e-08,-8.047250522706236e-06,-1.7688891932704097e-05,-3.949149062055802e-08,-8.23234790367829e-06,-1.8116885554927786e-05,-4.140493564145266e-08,-8.419305255496897e-06,-1.8549965729721633e-05,-4.338705043736504e-08,-8.608114231566473e-06,-1.8988131062208295e-05,-4.543945614923231e-08,-8.798766489449925e-06,-1.9431380141135977e-05,-4.756379268663225e-08,-8.991253690902172e-06,-1.98797115388832e-05,-4.976171872109479e-08,-9.185567501903688e-06,-2.033312381146349e-05,-5.203491167933681e-08,-9.381699592693992e-06,-2.0791615498530173e-05,0.4500000000000001
-3.4147244466529164e-08,-7.682669080275081e-06,-1.6848169843576874e-05,-3.586421922287052e-08,-7.864021463301225e-06,-1.7265986241548892e-05,-3.764511300899636e-08,-8.047250522706236e-06,-1.7688891932704097e-05,-3.949149062055802e-08,-8.23234790367829e-06,-1.8116885554927786e-05,-4.140493564145266e-08,-8.419305255496897e-06,-1.8549965729721633e-05,-4.338705043736504e-08,-8.608114231566473e-06,-1.8988131062208295e-05,-4.543945614923231e-08,-8.798766489449925e-06,-1.9431380141135977e-05,-4.756379268663225e-08,-8.991253690902172e-06,-1.98797115388832e-05,-4.976171872109479e-08,-9.185567501903688e-06,-2.033312381146349e-05,-5.203491167933681e-08,-9.381699592693992e-06,-2.0791615498530173e-05,0.4500000000000001
-3.4147244466529164e-08,-7.682669080275081e-06,-1.6848169843576874e-05,-3.586421922287052e-08,-7.864021463301225e-06,-1.7265986241548892e-05,-3.764511300899636e-08,-8.047250522706236e-06,-1.7688891932704097e-05,-3.949149062055802e-08,-8.23234790367829e-06,-1.8116885554927786e-05,-4.140493564145266e-08,-8.419305255496897e-06,-1.8549965729721633e-05,-4.338705043736504e-08,-8.608114231566473e-06,-1.8988131062208295e-05,-4.543945614923231e-08,-8.798766489449925e-06,-1.9431380141135977e-05,-4.756379268663225e-08,-8.991253690902172e-06,-1.98797115388832e-05,-4.976171872109479e-08,-9.185567501903688e-06,-2.033312381146349e-05,-5.203491167933681e-08,-9.381699592693992e-06,-2.0791615498530173e-05,0.4500000000000001
-3.4147244466529164e-08,-7.682669080275081e-06,-1.6848169843576874e-05,-3.586421922287052e-08,-7.864021463301225e-06,-1.7265986241548892e-05,-3.764511300899636e-08,-8.047250522706236e-06,-1.7688891932704097e-05,-3.949149062055802e-08,-8.23234790367829e-06,-1.8116885554927786e-05,-4.140493564145266e-08,-8.419305255496897e-06,-1.8549965729721633e-05,-4.338705043736504e-08,-8.608114231566473e-06,-1.8988131062208295e-05,-4.543945614923231e-08,-8.798766489449925e-06,-1.9431380141135977e-05,-4.756379268663225e-08,-8.991253690902172e-06,-1.98797115388832e-05,-4.976171872109479e-08,-9.185567501903688e-06,-2.033312381146349e-05,-5.203491167933681e-08,-9.381699592693992e-06,-2.0791615498530173e-05,0.4500000000000001
-3.4147244466529164e-08,-7.682669080275081e-06,-1.6848169843576874e-05,-3.586421922287052e-08,-7.864021463301225e-06,-1.7265986241548892e-05,-3.764511300899636e-08,-8.047250522706236e-06,-1.7688891932704097e-05,-3.949149062055802e-08,-8.23234790367829e-06,-1.8116885554927786e-05,-4.140493564145266e-08,-8.419305255496897e-06,-1.8549965729721633e-05,-4.338705043736504e-08,-8.608114231566473e-06,-1.8988131062208295e-05,-4.543945614923231e-08,-8.798766489449925e-06,-1.9431380141135977e-05,-4.756379268663225e-08,-8.991253690902172e-06,-1.98797115388832e-05,-4.976171872109479e-08,-9.185567501903688e-06,-2.033312381146349e-05,-5.203491167933681e-08,-9.381699592693992e-06,-2.0791615498530173e-05,0.4500000000000001
-3.4147244466529164e-08,-7.682669080275081e-06,-1.6848169843576874e-05,-3.586421922287052e-08,-7.864021463301225e-06,-1.7265986241548892e-05,-3.764511300899636e-08,-8.047250522706236e-06,-1.7688891932704097e-05,-3.949149062055802e-08,-8.23234790367829e-06,-1.8116885554927786e-05,-4.140493564145266e-08,-8.419305255496897e-06,-1.8549965729721633e-05,-4.338705043736504e-08,-8.608114231566473e-06,-1.8988131062208295e-05,-4.543945614923231e-08,-8.798766489449925e-06,-1.9431380141135977e-05,-4.756379268663225e-08,-8.991253690902172e-06,-1.98797115388832e-05,-4.976171872109479e-08,-9.185567501903688e-06,-2.033312381146349e-05,-5.203491167933681e-08,-9.381699592693992e-06,-2.0791615498530173e-05,0.4500000000000001
-3.4147244466529164e-08,-7.682669080275081e-06,-1.6848169843576874e-05,-3.586421922287052e-08,-7.864021463301225e-06,-1.7265986241548892e-05,-3.764511300899636e-08,-8.047250522706236e-06,-1.7688891932704097e-05,-3.949149062055802e-08,-8.23234790367829e-06,-1.8116885554927786e-05,-4.140493564145266e-08,-8.419305255496897e-06,-1.8549965729721633e-05,-4.338705043736504e-08,-8.608114231566473e-06,-1.8988131062208295e-05,-4.543945614923231e-08,-8.798766489449925e-06,-1.9431380141135977e-05,-4.756379268663225e-08,-8.991253690902172e-06,-1.98797115388832e-05,-4.976171872109479e-08,-9.185567501903688e-06,-2.033312381146349e-05,-5.203491167933681e-08,-9.381699592693992e-06,-2.0791615498530173e-05,0.4500000000000001
-3.4147244466529164e-08,-7.682669080275081e-06,-1.6848169843576874e-05,-3.586421922287052e-08,-7.864021463301225e-06,-1.7265986241548892e-05,-3.764511300899636e-08,-8.047250522706236e-06,-1.7688891932704097e-05,-3.949149062055802e-08,-8.23234790367829e-06,-1.8116885554927786e-05,-4.140493564145266e-08,-8.419305255496897e-06,-1.8549965729721633e-05,-4.338705043736504e-08,-8.608114231566473e-06,-1.8988131062208295e-05,-4.543945614923231e-08,-8.798766489449925e-06,-1.9431380141135977e-05,-4.756379268663225e-08,-8.991253690902172e-06,-1.98797115388832e-05,-4.976171872109479e-08,-9.185567501903688e-06,-2.033312381146349e-05,-5.203491167933681e-08,-9.381699592693992e-06,-2.0791615498530173e-05,0.4500000000000001
-3.4147244466529164e-08,-7.682669080275081e-06,-1.6848169843576874e-05,-3.586421922287052e-08,-7.864021463301225e-06,-1.7265986241548892e-05,-3.764511300899636e-08,-8.047250522706236e-06,-1.7688891932704097e-05,-3.949149062055802e-08,-8.23234790367829e-06,-1.8116885554927786e-05,-4.140493564145266e-08,-8.419305255496897e-06,-1.8549965729721633e-05,-4.338705043736504e-08,-8.608114231566473e-06,-1.8988131062208295e-05,-4.543945614923231e-08,-8.798766489449925e-06,-1.9431380141135977e-05,-4.756379268663225e-08,-8.991253690902172e-06,-1.98797115388832e-05,-4.976171872109479e-08,-9.185567501903688e-06,-2.033312381146349e-05,-5.203491167933681e-08,-9.381699592693992e-06,-2.0791615498530173e-05,0.4500000000000001
-3.4147244466529164e-08,-7.682669080275081e-06,-1.6848169843576874e-05,-3.586421922287052e-08,-7.864021463301225e-06,-1.7265986241548892e-05,-3.764511300899636e-08,-8.047250522706236e-06,-1.7688891932704097e-05,-3.949149062055802e-08,-8.23234790367829e-06,-1.8116885554927786e-05,-4.140493564145266e-08,-8.419305255496897e-06,-1.8549965729721633e-05,-4.338705043736504e-08,-8.608114231566473e-06,-1.8988131062208295e-05,-4.543945614923231e-08,-8.798766489449925e-06,-1.9431380141135977e-05,-4.756379268663225e-08,-8.991253690902172e-06,-1.98797115388832e-05,-4.976171872109479e-08,-9.185567501903688e-06,-2.033312381146349e-05,-5.203491167933681e-08,-9.381699592693992e-06,-2.0791615498530173e-05,0.4500000000000001
-3.4147244466529164e-08,-7.682669080275081e-06,-1.6848169843576874e-05,-3.586421922287052e-08,-7.864021463301225e-06,-1.7265986241548892e-05,-3.764511300899636e-08,-8.047250522706236e-06,-1.7688891932704097e-05,-3.949149062055802e-08,-8.23234790367829e-06,-1.8116885554927786e-05,-4.140493564145266e-08,-8.419305255496897e-06,-1.8549965729721633e-05,-4.338705043736504e-08,-8.608114231566473e-06,-1.8988131062208295e-05,-4.543945614923231e-08,-8.798766489449925e-06,-1.9431380141135977e-05,-4.756379268663225e-08,-8.991253690902172e-06,-1.98797115388832e-05,-4.976171872109479e-08,-9.185567501903688e-06,-2.033312381146349e-05,-5.203491167933681e-08,-9.381699592693992e-06,-2.0791615498530173e-05,0.4500000000000001
-3.4147244466529164e-08,-7.682669080275081e-06,-1.6848169843576874e-05,-3.586421922287052e-08,-7.864021463301225e-06,-1.7265986241548892e-05,-3.764511300899636e-08,-8.047250522706236e-06,-1.7688891932704097e-05,-3.949149062055802e-08,-8.23234790367829e-06,-1.8116885554927786e-05,-4.140493564145266e-08,-8.419305255496897e-06,-1.8549965729721633e-05,-4.338705043736504e-08,-8.608114231566473e-06,-1.8988131062208295e-05,-4.543945614923231e-08,-8.798766489449925e-06,-1.9431380141135977e-05,-4.756379268663225e-08,-8.991253690902172e-06,-1.98797115388832e-05,-4.976171872109479e-08,-9.185567501903688e-06,-2.033312381146349e-05,-5.203491167933681e-08,-9.381699592693992e-06,-2.0791615498530173e-05,0.4500000000000001
-3.4147244466529164e-08,-7.682669080275081e-06,-1.6848169843576874e-05,-3.586421922287052e-08,-7.864021463301225e-06,-1.7265986241548892e-05,-3.764511300899636e-08,-8.047250522706236e-06,-1.7688891932704097e-05,-3.949149062055802e-08,-8.23234790367829e-06,-1.8116885554927786e-05,-4.140493564145266e-08,-8.419305255496897e-06,-1.8549965729721633e-05,-4.338705043736504e-08,-8.608114231566473e-06,-1.8988131062208295e-05,-4.543945614923231e-08,-8.798766489449925e-06,-1.9431380141135977e-05,-4.756379268663225e-08,-8.991253690902172e-06,-1.98797115388832e-05,-4.976171872109479e-08,-9.185567501903688e-06,-2.033312381146349e-05,-5.203491167933681e-08,-9.381699592693992e-06,-2.0791615498530173e-05,0.4500000000000001
-3.4147244466529164e-08,-7.682669080275081e-06,-1.6848169843576874e-05,-3.586421922287052e-08,-7.864021463301225e-06,-1.7265986241548892e-05,-3.764511300899636e-08,-8.047250522706236e-06,-1.7688891932704097e-05,-3.949149062055802e-08,-8.23234790367829e-06,-1.8116885554927786e-05,-4.140493564145266e-08,-8.419305255496897e-06,-1.8549965729721633e-05,-4.338705043736504e-08,-8.608114231566473e-06,-1.8988131062208295e-05,-4.543945614923231e-08,-8.798766489449925e-06,-1.9431380141135977e-05,-4.756379268663225e-08,-8.991253690902172e-06,-1.98797115388832e-05,-4.976171872109479e-08,-9.185567501903688e-06,-2.033312381146349e-05,-5.203491167933681e-08,-9.381699592693992e-06,-2.0791615498530173e-05,0.4500000000000001
-3.4147244466529164e-08,-7.682669080275081e-06,-1.6848169843576874e-05,-3.586421922287052e-08,-7.864021463301225e-06,-1.7265986241548892e-05,-3.764511300899636e-08,-8.047250522706236e-06,-1.7688891932704097e-05,-3.949149062055802e-08,-8.23234790367829e-06,-1.8116885554927786e-05,-4.140493564145266e-08,-8.419305255496897e-06,-1.8549965729721633e-05,-4.338705043736504e-08,-8.608114231566473e-06,-1.8988131062208295e-05,-4.543945614923231e-08,-8.798766489449925e-06,-1.9431380141135977e-05,-4.756379268663225e-08,-8.991253690902172e-06,-1.98797115388832e-05,-4.976171872109479e-08,-9.185567501903688e-06,-2.033312381146349e-05,-5.203491167933681e-08,-9.381699592693992e-06,-2.0791615498530173e-05,0.4500000000000001
-3.4147244466529164e-08,-7.682669080275081e-06,-1.6848169843576874e-05,-3.586421922287052e-08,-7.864021463301225e-06,-1.7265986241548892e-05,-3.764511300899636e-08,-8.047250522706236e-06,-1.7688891932704097e-05,-3.949149062055802e-08,-8.23234790367829e-06,-1.8116885554927786e-05,-4.140493564145266e-08,-8.419305255496897e-06,-1.8549965729721633e-05,-4.338705043736504e-08,-8.608114231566473e-06,-1.8988131062208295e-05,-4.543945614923231e-08,-8.798766489449925e-06,-1.9431380141135977e-05,-4.756379268663225e-08,-8.991253690902172e-06,-1.98797115388832e-05,-4.976171872109479e-08,-9.185567501903688e-06,-2.033312381146349e-05,-5.203491167933681e-08,-9.381699592693992e-06,-2.0791615498530173e-05,0.4500000000000001
-3.4147244466529164e-08,-7.682669080275081e-06,-1.6848169843576874e-05,-3.586421922287052e-08,-7.864021463301225e-06,-1.7265986241548892e-05,-3.764511300899636e-08,-8.047250522706236e-06,-1.7688891932704097e-05,-3.949149062055802e-08,-8.23234790367829e-06,-1.8116885554927786e-05,-4.140493564145266e-08,-8.419305255496897e-06,-1.8549965729721633e-05,-4.338705043736504e-08,-8.608114231566473e-06,-1.8988131062208295e-05,-4.543945614923231e-08,-8.798766489449925e-06,-1.9431380141135977e-05,-4.756379268663225e-08,-8.991253690902172e-06,-1.98797115388832e-05,-4.976171872109479e-08,-9.185567501903688e-06,-2.033312381146349e-05,-5.203491167933681e-08,-9.381699592693992e-06,-2.0791615498530173e-05,0.4500000000000001
-3.4147244466529164e-08,-7.682669080275081e-06,-1.6848169843576874e-05,-3.586421922287052e-08,-7.864021463301225e-06,-1.7265986241548892e-05,-3.764511300899636e-08,-8.047250522706236e-06,-1.7688891932704097e-05,-3.949149062055802e-08,-8.23234790367829e-06,-1.8116885554927786e-05,-4.140493564145266e-08,-8.419305255496897e-06,-1.8549965729721633e-05,-4.338705043736504e-08,-8.608114231566473e-06,-1.8988131062208295e-05,-4.543945614923231e-08,-8.798766489449925e-06,-1.9431380141135977e-05,-4.756379268663225e-08,-8.991253690902172e-06,-1.98797115388832e-05,-4.976171872109479e-08,-9.185567501903688e-06,-2.033312381146349e-05,-5.203491167933681e-08,-9.381699592693992e-06,-2.0791615498530173e-05,0.4500000000000001
-3.4147244466529164e-08,-7.682669080275081e-06,-1.6848169843576874e-05,-3.586421922287052e-08,-7.864021463301225e-06,-1.7265986241548892e-05,-3.764511300899636e-08,-8.047250522706236e-06,-1.7688891932704097e-05,-3.949149062055802e-08,-8.23234790367829e-06,-1.8116885554927786e-05,-4.140493564145266e-08,-8.419305255496897e-06,-1.8549965729721633e-05,-4.338705043736504e-08,-8.608114231566473e-06,-1.8988131062208295e-05,-4.543945614923231e-08,-8.798766489449925e-06,-1.9431380141135977e-05,-4.756379268663225e-08,-8.991253690902172e-06,-1.98797115388832e-05,-4.976171872109479e-08,-9.185567501903688e-06,-2.033312381146349e-05,-5.203491167933681e-08,-9.381699592693992e-06,-2.0791615498530173e-05,0.4500000000000001
-3.4147244466529164e-08,-7.682669080275081e-06,-1.6848169843576874e-05,-3.586421922287052e-08,-7.864021463301225e-06,-1.7265986241548892e-05,-3.764511300899636e-08,-8.047250522706236e-06,-1.7688891932704097e-05,-3.949149062055802e-08,-8.23234790367829e-06,-1.8116885554927786e-05,-4.140493564145266e-08,-8.419305255496897e-06,-1.8549965729721633e-05,-4.338705043736504e-08,-8.608114231566473e-06,-1.8988131062208295e-05,-4.543945614923231e-08,-8.798766489449925e-06,-1.9431380141135977e-05,-4.756379268663225e-08,-8.991253690902172e-06,-1.98797115388832e-05,-4.976171872109479e-08,-9.185567501903688e-06,-2.033312381146349e-05,-5.203491167933681e-08,-9.381699592693992e-06,-2.0791615498530173e-05,0.4500000000000001
-3.4147244466529164e-08,-7.682669080275081e-06,-1.6848169843576874e-05,-3.586421922287052e-08,-7.864021463301225e-06,-1.7265986241548892e-05,-3.764511300899636e-08,-8.047250522706236e-06,-1.7688891932704097e-05,-3.949149062055802e-08,-8.23234790367829e-06,-1.8116885554927786e-05,-4.140493564145266e-08,-8.419305255496897e-06,-1.8549965729721633e-05,-4.338705043736504e-08,-8.608114231566473e-06,-1.8988131062208295e-05,-4.543945614923231e-08,-8.798766489449925e-06,-1.9431380141135977e-05,-4.756379268663225e-08,-8.991253690902172e-06,-1.98797115388832e-05,-4.976171872109479e-08,-9.185567501903688e-06,-2.033312381146349e-05,-5.203491167933681e-08,-9.381699592693992e-06,-2.0791615498530173e-05,0.4500000000000001
-3.4147244466529164e-08,-7.682669080275081e-06,-1.6848169843576874e-05,-3.586421922287052e-08,-7.864021463301225e-06,-1.7265986241548892e-05,-3.764511300899636e-08,-8.047250522706236e-06,-1.7688891932704097e-05,-3.949149062055802e-08,-8.23234790367829e-06,-1.8116885554927786e-05,-4.140493564145266e-08,-8.419305255496897e-06,-1.8549965729721633e-05,-4.338705043736504e-08,-8.608114231566473e-06,-1.8988131062208295e-05,-4.543945614923231e-08,-8.798766489449925e-06,-1.9431380141135977e-05,-4.756379268663225e-08,-8.991253690902172e-06,-1.98797115388832e-05,-4.976171872109479e-08,-9.185567501903688e-06,-2.033312381146349e-05,-5.203491167933681e-08,-9.381699592693992e-06,-2.0791615498530173e-05,0.4500000000000001
-3.4147244466529164e-08,-7.682669080275081e-06,-1.6848169843576874e-05,-3.586421922287052e-08,-7.864021463301225e-06,-1.7265986241548892e-05,-3.764511300899636e-08,-8.047250522706236e-06,-1.7688891932704097e-05,-3.949149062055802e-08,-8.23234790367829e-06,-1.8116885554927786e-05,-4.140493564145266e-08,-8.419305255496897e-06,-1.8549965729721633e-05,-4.338705043736504e-08,-8.608114231566473e-06,-1.8988131062208295e-05,-4.543945614923231e-08,-8.798766489449925e-06,-1.9431380141135977e-05,-4.756379268663225e-08,-8.991253690902172e-06,-1.98797115388832e-05,-4.976171872109479e-08,-9.185567501903688e-06,-2.033312381146349e-05,-5.203491167933681e-08,-9.381699592693992e-06,-2.0791615498530173e-05,0.4500000000000001
-3.4147244466529164e-08,-7.682669080275081e-06,-1.6848169843576874e-05,-3.586421922287052e-08,-7.864021463301225e-06,-1.7265986241548892e-05,-3.764511300899636e-08,-8.047250522706236e-06,-1.7688891932704097e-05,-3.949149062055802e-08,-8.23234790367829e-06,-1.8116885554927786e-05,-4.140493564145266e-08,-8.419305255496897e-06,-1.8549965729721633e-05,-4.338705043736504e-08,-8.608114231566473e-06,-1.8988131062208295e-05,-4.543945614923231e-08,-8.798766489449925e-06,-1.9431380141135977e-05,-4.756379268663225e-08,-8.991253690902172e-06,-1.98797115388832e-05,-4.976171872109479e-08,-9.185567501903688e-06,-2.033312381146349e-05,-5.203491167933681e-08,-9.381699592693992e-06,-2.0791615498530173e-05,0.4500000000000001
-3.4147244466529164e-08,-7.682669080275081e-06,-1.6848169843576874e-05,-3.586421922287052e-08,-7.864021463301225e-06,-1.7265986241548892e-05,-3.764511300899636e-08,-8.047250522706236e-06,-1.7688891932704097e-05,-3.949149062055802e-08,-8.23234790367829e-06,-1.8116885554927786e-05,-4.140493564145266e-08,-8.419305255496897e-06,-1.8549965729721633e-05,-4.338705043736504e-08,-8.608114231566473e-06,-1.8988131062208295e-05,-4.543945614923231e-08,-8.798766489449925e-06,-1.9431380141135977e-05,-4.756379268663225e-08,-8.991253690902172e-06,-1.98797115388832e-05,-4.976171872109479e-08,-9.185567501903688e-06,-2.033312381146349e-05,-5.203491167933681e-08,-9.381699592693992e-06,-2.0791615498530173e-05,0.4500000000000001
-3.4147244466529164e-08,-7.682669080275081e-06,-1.6848169843576874e-05,-3.586421922287052e-08,-7.864021463301225e-06,-1.7265986241548892e-05,-3.764511300899636e-08,-8.047250522706236e-06,-1.7688891932704097e-05,-3.949149062055802e-08,-8.23234790367829e-06,-1.8116885554927786e-05,-4.140493564145266e-08,-8.419305255496897e-06,-1.8549965729721633e-05,-4.338705043736504e-08,-8.608114231566473e-06,-1.8988131062208295e-05,-4.543945614923231e-08,-8.798766489449925e-06,-1.9431380141135977e-05,-4.756379268663225e-08,-8.991253690902172e-06,-1.98797115388832e-05,-4.976171872109479e-08,-9.185567501903688e-06,-2.033312381146349e-05,-5.203491167933681e-08,-9.381699592693992e-06,-2.0791615498530173e-05,0.4500000000000001
-3.4147244466529164e-08,-7.682669080275081e-06,-1.6848169843576874e-05,-3.586421922287052e-08,-7.864021463301225e-06,-1.7265986241548892e-05,-3.764511300899636e-08,-8.047250522706236e-06,-1.7688891932704097e-05,-3.949149062055802e-08,-8.23234790367829e-06,-1.8116885554927786e-05,-4.140493564145266e-08,-8.419305255496897e-06,-1.8549965729721633e-05,-4.338705043736504e-08,-8.608114231566473e-06,-1.8988131062208295e-05,-4.543945614923231e-08,-8.798766489449925e-06,-1.9431380141135977e-05,-4.756379268663225e-08,-8.991253690902172e-06,-1.98797115388832e-05,-4.976171872109479e-08,-9.185567501903688e-06,-2.033312381146349e-05,-5.203491167933681e-08,-9.381699592693992e-06,-2.0791615498530173e-05,0.4500000000000001
-3.4147244466529164e-08,-7.682669080275081e-06,-1.6848169843576874e-05,-3.586421922287052e-08,-7.864021463301225e-06,-1.7265986241548892e-05,-3.764511300899636e-08,-8.047250522706236e-06,-1.7688891932704097e-05,-3.949149062055802e-08,-8.23234790367829e-06,-1.8116885554927786e-05,-4.140493564145266e-08,-8.419305255496897e-06,-1.8549965729721633e-05,-4.338705043736504e-08,-8.608114231566473e-06,-1.8988131062208295e-05,-4.543945614923231e-08,-8.798766489449925e-06,-1.9431380141135977e-05,-4.756379268663225e-08,-8.991253690902172e-06,-1.98797115388832e-05,-4.976171872109479e-08,-9.185567501903688e-06,-2.033312381146349e-05,-5.203491167933681e-08,-9.381699592693992e-06,-2.0791615498530173e-05,0.4500000000000001
-3.4147244466529164e-08,-7.682669080275081e-06,-1.6848169843576874e-05,-3.586421922287052e-08,-7.864021463301225e-06,-1.7265986241548892e-05,-3.764511300899636e-08,-8.047250522706236e-06,-1.7688891932704097e-05,-3.949149062055802e-08,-8.23234790367829e-06,-1.8116885554927786e-05,-4.140493564145266e-08,-8.419305255496897e-06,-1.8549965729721633e-05,-4.338705043736504e-08,-8.608114231566473e-06,-1.8988131062208295e-05,-4.543945614923231e-08,-8.798766489449925e-06,-1.9431380141135977e-05,-4.756379268663225e-08,-8.991253690902172e-06,-1.98797115388832e-05,-4.976171872109479e-08,-9.185567501903688e-06,-2.033312381146349e-05,-5.203491167933681e-08,-9.381699592693992e-06,-2.0791615498530173e-05,0.4500000000000001
-3.4147244466529164e-08,-7.682669080275081e-06,-1.6848169843576874e-05,-3.586421922287052e-08,-7.864021463301225e-06,-1.7265986241548892e-05,-3.764511300899636e-08,-8.047250522706236e-06,-1.7688891932704097e-05,-3.949149062055802e-08,-8.23234790367829e-06,-1.8116885554927786e-05,-4.140493564145266e-08,-8.419305255496897e-06,-1.8549965729721633e-05,-4.338705043736504e-08,-8.608114231566473e-06,-1.8988131062208295e-05,-4.543945614923231e-08,-8.798766489449925e-06,-1.9431380141135977e-05,-4.756379268663225e-08,-8.991253690902172e-06,-1.98797115388832e-05,-4.976171872109479e-08,-9.185567501903688e-06,-2.033312381146349e-05,-5.203491167933681e-08,-9.381699592693992e-06,-2.0791615498530173e-05,0.4500000000000001
-3.4147244466529164e-08,-7.682669080275081e-06,-1.6848169843576874e-05,-3.586421922287052e-08,-7.864021463301225e-06,-1.7265986241548892e-05,-3.764511300899636e-08,-8.047250522706236e-06,-1.7688891932704097e-05,-3.949149062055802e-08,-8.23234790367829e-06,-1.8116885554927786e-05,-4.140493564145266e-08,-8.419305255496897e-06,-1.8549965729721633e-05,-4.338705043736504e-08,-8.608114231566473e-06,-1.8988131062208295e-05,-4.543945614923231e-08,-8.798766489449925e-06,-1.9431380141135977e-05,-4.756379268663225e-08,-8.991253690902172e-06,-1.98797115388832e-05,-4.976171872109479e-08,-9.185567501903688e-06,-2.033312381146349e-05,-5.203491167933681e-08,-9.381699592693992e-06,-2.0791615498530173e-05,0.4500000000000001
-3.4147244466529164e-08,-7.682669080275081e-06,-1.6848169843576874e-05,-3.586421922287052e-08,-7.864021463301225e-06,-1.7265986241548892e-05,-3.764511300899636e-08,-8.047250522706236e-06,-1.7688891932704097e-05,-3.949149062055802e-08,-8.23234790367829e-06,-1.8116885554927786e-05,-4.140493564145266e-08,-8.419305255496897e-06,-1.8549965729721633e-05,-4.338705043736504e-08,-8.608114231566473e-06,-1.8988131062208295e-05,-4.543945614923231e-08,-8.798766489449925e-06,-1.9431380141135977e-05,-4.756379268663225e-08,-8.991253690902172e-06,-1.98797115388832e-05,-4.976171872109479e-08,-9.185567501903688e-06,-2.033312381146349e-05,-5.203491167933681e-08,-9.381699592693992e-06,-2.0791615498530173e-05,0.4500000000000001
-3.4147244466529164e-08,-7.682669080275081e-06,-1.6848169843576874e-05,-3.586421922287052e-08,-7.864021463301225e-06,-1.7265986241548892e-05,-3.764511300899636e-08,-8.047250522706236e-06,-1.7688891932704097e-05,-3.949149062055802e-08,-8.23234790367829e-06,-1.8116885554927786e-05,-4.140493564145266e-08,-8.419305255496897e-06,-1.8549965729721633e-05,-4.338705043736504e-08,-8.608114231566473e-06,-1.8988131062208295e-05,-4.543945614923231e-08,-8.798766489449925e-06,-1.9431380141135977e-05,-4.756379268663225e-08,-8.991253690902172e-06,-1.98797115388832e-05,-4.976171872109479e-08,-9.185567501903688e-06,-2.033312381146349e-05,-5.203491167933681e-08,-9.381699592693992e-06,-2.0791615498530173e-05,0.4500000000000001
-3.4147244466529164e-08,-7.682669080275081e-06,-1.6848169843576874e-05,-3.586421922287052e-08,-7.864021463301225e-06,-1.7265986241548892e-05,-3.764511300899636e-08,-8.047250522706236e-06,-1.7688891932704097e-05,-3.949149062055802e-08,-8.23234790367829e-06,-1.8116885554927786e-05,-4.140493564145266e-08,-8.419305255496897e-06,-1.8549965729721633e-05,-4.338705043736504e-08,-8.608114231566473e-06,-1.8988131062208295e-05,-4.543945614923231e-08,-8.798766489449925e-06,-1.9431380141135977e-05,-4.756379268663225e-08,-8.991253690902172e-06,-1.98797115388832e-05,-4.976171872109479e-08,-9.185567501903688e-06,-2.033312381146349e-05,-5.203491167933681e-08,-9.381699592693992e-06,-2.0791615498530173e-05,0.4500000000000001
-3.4147244466529164e-08,-7.682669080275081e-06,-1.6848169843576874e-05,-3.586421922287052e-08,-7.864021463301225e-06,-1.7265986241548892e-05,-3.764511300899636e-08,-8.047250522706236e-06,-1.7688891932704097e-05,-3.949149062055802e-08,-8.23234790367829e-06,-1.8116885554927786e-05,-4.140493564145266e-08,-8.419305255496897e-06,-1.8549965729721633e-05,-4.338705043736504e-08,-8.608114231566473e-06,-1.8988131062208295e-05,-4.543945614923231e-08,-8.798766489449925e-06,-1.9431380141135977e-05,-4.756379268663225e-08,-8.991253690902172e-06,-1.98797115388832e-05,-4.976171872109479e-08,-9.185567501903688e-06,-2.033312381146349e-05,-5.203491167933681e-08,-9.381699592693992e-06,-2.0791615498530173e-05,0.4500000000000001
-3.4147244466529164e-08,-7.682669080275081e-06,-1.6848169843576874e-05,-3.586421922287052e-08,-7.864021463301225e-06,-1.7265986241548892e-05,-3.764511300899636e-08,-8.047250522706236e-06,-1.7688891932704097e-05,-3.949149062055802e-08,-8.23234790367829e-06,-1.8116885554927786e-05,-4.140493564145266e-08,-8.419305255496897e-06,-1.8549965729721633e-05,-4.338705043736504e-08,-8.608114231566473e-06,-1.8988131062208295e-05,-4.543945614923231e-08,-8.798766489449925e-06,-1.9431380141135977e-05,-4.756379268663225e-08,-8.991253690902172e-06,-1.98797115388832e-05,-4.976171872109479e-08,-9.185567501903688e-06,-2.033312381146349e-05,-5.203491167933681e-08,-9.381699592693992e-06,-2.0791615498530173e-05,0.4500000000000001
-3.4147244466529164e-08,-7.682669080275081e-06,-1.6848169843576874e-05,-3.586421922287052e-08,-7.864021463301225e-06,-1.7265986241548892e-05,-3.764511300899636e-08,-8.047250522706236e-06,-1.7688891932704097e-05,-3.949149062055802e-08,-8.23234790367829e-06,-1.8116885554927786e-05,-4.140493564145266e-08,-8.419305255496897e-06,-1.8549965729721633e-05,-4.338705043736504e-08,-8.608114231566473e-06,-1.8988131062208295e-05,-4.543945614923231e-08,-8.798766489449925e-06,-1.9431380141135977e-05,-4.756379268663225e-08,-8.991253690902172e-06,-1.98797115388832e-05,-4.976171872109479e-08,-9.185567501903688e-06,-2.033312381146349e-05,-5.203491167933681e-08,-9.381699592693992e-06,-2.0791615498530173e-05,0.4500000000000001
-3.4147244466529164e-08,-7.682669080275081e-06,-1.6848169843576874e-05,-3.586421922287052e-08,-7.864021463301225e-06,-1.7265986241548892e-05,-3.764511300899636e-08,-8.047250522706236e-06,-1.7688891932704097e-05,-3.949149062055802e-08,-8.23234790367829e-06,-1.8116885554927786e-05,-4.140493564145266e-08,-8.419305255496897e-06,-1.8549965729721633e-05,-4.338705043736504e-08,-8.608114231566473e-06,-1.8988131062208295e-05,-4.543945614923231e-08,-8.798766489449925e-06,-1.9431380141135977e-05,-4.756379268663225e-08,-8.991253690902172e-06,-1.98797115388832e-05,-4.976171872109479e-08,-9.185567501903688e-06,-2.033312381146349e-05,-5.203491167933681e-08,-9.381699592693992e-06,-2.0791615498530173e-05,0.4500000000000001
-3.4147244466529164e-08,-7.682669080275081e-06,-1.6848169843576874e-05,-3.586421922287052e-08,-7.864021463301225e-06,-1.7265986241548892e-05,-3.764511300899636e-08,-8.047250522706236e-06,-1.7688891932704097e-05,-3.949149062055802e-08,-8.23234790367829e-06,-1.8116885554927786e-05,-4.140493564145266e-08,-8.419305255496897e-06,-1.8549965729721633e-05,-4.338705043736504e-08,-8.608114231566473e-06,-1.8988131062208295e-05,-4.543945614923231e-08,-8.798766489449925e-06,-1.9431380141135977e-05,-4.756379268663225e-08,-8.991253690902172e-06,-1.98797115388832e-05,-4.976171872109479e-08,-9.185567501903688e-06,-2.033312381146349e-05,-5.203491167933681e-08,-9.381699592693992e-06,-2.0791615498530173e-05,0.4500000000000001
-3.4147244466529164e-08,-7.682669080275081e-06,-1.6848169843576874e-05,-3.586421922287052e-08,-7.864021463301225e-06,-1.7265986241548892e-05,-3.764511300899636e-08,-8.047250522706236e-06,-1.7688891932704097e-05,-3.949149062055802e-08,-8.23234790367829e-06,-1.8116885554927786e-05,-4.140493564145266e-08,-8.419305255496897e-06,-1.8549965729721633e-05,-4.338705043736504e-08,-8.608114231566473e-06,-1.8988131062208295e-05,-4.543945614923231e-08,-8.798766489449925e-06,-1.9431380141135977e-05,-4.756379268663225e-08,-8.991253690902172e-06,-1.98797115388832e-05,-4.976171872109479e-08,-9.185567501903688e-06,-2.033312381146349e-05,-5.203491167933681e-08,-9.381699592693992e-06,-2.0791615498530173e-05,0.4500000000000001
-3.4147244466529164e-08,-7.682669080275081e-06,-1.6848169843576874e-05,-3.586421922287052e-08,-7.864021463301225e-06,-1.7265986241548892e-05,-3.764511300899636e-08,-8.047250522706236e-06,-1.7688891932704097e-05,-3.949149062055802e-08,-8.23234790367829e-06,-1.8116885554927786e-05,-4.140493564145266e-08,-8.419305255496897e-06,-1.8549965729721633e-05,-4.338705043736504e-08,-8.608114231566473e-06,-1.8988131062208295e-05,-4.543945614923231e-08,-8.798766489449925e-06,-1.9431380141135977e-05,-4.756379268663225e-08,-8.991253690902172e-06,-1.98797115388832e-05,-4.976171872109479e-08,-9.185567501903688e-06,-2.033312381146349e-05,-5.203491167933681e-08,-9.381699592693992e-06,-2.0791615498530173e-05,0.4500000000000001
-3.4147244466529164e-08,-7.682669080275081e-06,-1.6848169843576874e-05,-3.586421922287052e-08,-7.864021463301225e-06,-1.7265986241548892e-05,-3.764511300899636e-08,-8.047250522706236e-06,-1.7688891932704097e-05,-3.949149062055802e-08,-8.23234790367829e-06,-1.8116885554927786e-05,-4.140493564145266e-08,-8.419305255496897e-06,-1.8549965729721633e-05,-4.338705043736504e-08,-8.608114231566473e-06,-1.8988131062208295e-05,-4.543945614923231e-08,-8.798766489449925e-06,-1.9431380141135977e-05,-4.756379268663225e-08,-8.991253690902172e-06,-1.98797115388832e-05,-4.976171872109479e-08,-9.185567501903688e-06,-2.033312381146349e-05,-5.203491167933681e-08,-9.381699592693992e-06,-2.0791615498530173e-05,0.4500000000000001
-3.4147244466529164e-08,-7.682669080275081e-06,-1.6848169843576874e-05,-3.586421922287052e-08,-7.864021463301225e-06,-1.7265986241548892e-05,-3.764511300899636e-08,-8.047250522706236e-06,-1.7688891932704097e-05,-3.949149062055802e-08,-8.23234790367829e-06,-1.8116885554927786e-05,-4.140493564145266e-08,-8.419305255496897e-06,-1.8549965729721633e-05,-4.338705043736504e-08,-8.608114231566473e-06,-1.8988131062208295e-05,-4.543945614923231e-08,-8.798766489449925e-06,-1.9431380141135977e-05,-4.756379268663225e-08,-8.991253690902172e-06,-1.98797115388832e-05,-4.976171872109479e-08,-9.185567501903688e-06,-2.033312381146349e-05,-5.203491167933681e-08,-9.381699592693992e-06,-2.0791615498530173e-05,0.4500000000000001
-3.4147244466529164e-08,-7.682669080275081e-06,-1.6848169843576874e-05,-3.586421922287052e-08,-7.864021463301225e-06,-1.7265986241548892e-05,-3.764511300899636e-08,-8.047250522706236e-06,-1.7688891932704097e-05,-3.949149062055802e-08,-8.23234790367829e-06,-1.8116885554927786e-05,-4.140493564145266e-08,-8.419305255496897e-06,-1.8549965729721633e-05,-4.338705043736504e-08,-8.608114231566473e-06,-1.8988131062208295e-05,-4.543945614923231e-08,-8.798766489449925e-06,-1.9431380141135977e-05,-4.756379268663225e-08,-8.991253690902172e-06,-1.98797115388832e-05,-4.976171872109479e-08,-9.185567501903688e-06,-2.033312381146349e-05,-5.203491167933681e-08,-9.381699592693992e-06,-2.0791615498530173e-05,0.4500000000000001
-3.4147244466529164e-08,-7.682669080275081e-06,-1.6848169843576874e-05,-3.586421922287052e-08,-7.864021463301225e-06,-1.7265986241548892e-05,-3.764511300899636e-08,-8.047250522706236e-06,-1.7688891932704097e-05,-3.949149062055802e-08,-8.23234790367829e-06,-1.8116885554927786e-05,-4.140493564145266e-08,-8.419305255496897e-06,-1.8549965729721633e-05,-4.338705043736504e-08,-8.608114231566473e-06,-1.8988131062208295e-05,-4.543945614923231e-08,-8.798766489449925e-06,-1.9431380141135977e-05,-4.756379268663225e-08,-8.991253690902172e-06,-1.98797115388832e-05,-4.976171872109479e-08,-9.185567501903688e-06,-2.033312381146349e-05,-5.203491167933681e-08,-9.381699592693992e-06,-2.0791615498530173e-05,0.4500000000000001
-3.4147244466529164e-08,-7.682669080275081e-06,-1.6848169843576874e-05,-3.586421922287052e-08,-7.864021463301225e-06,-1.7265986241548892e-05,-3.764511300899636e-08,-8.047250522706236e-06,-1.7688891932704097e-05,-3.949149062055802e-08,-8.23234790367829e-06,-1.8116885554927786e-05,-4.140493564145266e-08,-8.419305255496897e-06,-1.8549965729721633e-05,-4.338705043736504e-08,-8.608114231566473e-06,-1.8988131062208295e-05,-4.543945614923231e-08,-8.798766489449925e-06,-1.9431380141135977e-05,-4.756379268663225e-08,-8.991253690902172e-06,-1.98797115388832e-05,-4.976171872109479e-08,-9.185567501903688e-06,-2.033312381146349e-05,-5.203491167933681e-08,-9.381699592693992e-06,-2.0791615498530173e-05,0.4500000000000001
-3.4147244466529164e-08,-7.682669080275081e-06,-1.6848169843576874e-05,-3.586421922287052e-08,-7.864021463301225e-06,-1.7265986241548892e-05,-3.764511300899636e-08,-8.047250522706236e-06,-1.7688891932704097e-05,-3.949149062055802e-08,-8.23234790367829e-06,-1.8116885554927786e-05,-4.140493564145266e-08,-8.419305255496897e-06,-1.8549965729721633e-05,-4.338705043736504e-08,-8.608114231566473e-06,-1.8988131062208295e-05,-4.543945614923231e-08,-8.798766489449925e-06,-1.9431380141135977e-05,-4.756379268663225e-08,-8.991253690902172e-06,-1.98797115388832e-05,-4.976171872109479e-08,-9.185567501903688e-06,-2.033312381146349e-05,-5.203491167933681e-08,-9.381699592693992e-06,-2.0791615498530173e-05,0.4500000000000001
-3.4147244466529164e-08,-7.682669080275081e-06,-1.6848169843576874e-05,-3.586421922287052e-08,-7.864021463301225e-06,-1.7265986241548892e-05,-3.764511300899636e-08,-8.047250522706236e-06,-1.7688891932704097e-05,-3.949149062055802e-08,-8.23234790367829e-06,-1.8116885554927786e-05,-4.140493564145266e-08,-8.419305255496897e-06,-1.8549965729721633e-05,-4.338705043736504e-08,-8.608114231566473e-06,-1.8988131062208295e-05,-4.543945614923231e-08,-8.798766489449925e-06,-1.9431380141135977e-05,-4.756379268663225e-08,-8.991253690902172e-06,-1.98797115388832e-05,-4.976171872109479e-08,-9.185567501903688e-06,-2.033312381146349e-05,-5.203491167933681e-08,-9.381699592693992e-06,-2.0791615498530173e-05,0.4500000000000001
-3.4147244466529164e-08,-7.682669080275081e-06,-1.6848169843576874e-05,-3.586421922287052e-08,-7.864021463301225e-06,-1.7265986241548892e-05,-3.764511300899636e-08,-8.047250522706236e-06,-1.7688891932704097e-05,-3.949149062055802e-08,-8.23234790367829e-06,-1.8116885554927786e-05,-4.140493564145266e-08,-8.419305255496897e-06,-1.8549965729721633e-05,-4.338705043736504e-08,-8.608114231566473e-06,-1.8988131062208295e-05,-4.543945614923231e-08,-8.798766489449925e-06,-1.9431380141135977e-05,-4.756379268663225e-08,-8.991253690902172e-06,-1.98797115388832e-05,-4.976171872109479e-08,-9.185567501903688e-06,-2.033312381146349e-05,-5.203491167933681e-08,-9.381699592693992e-06,-2.0791615498530173e-05,0.4500000000000001
-3.4147244466529164e-08,-7.682669080275081e-06,-1.6848169843576874e-05,-3.586421922287052e-08,-7.864021463301225e-06,-1.7265986241548892e-05,-3.764511300899636e-08,-8.047250522706236e-06,-1.7688891932704097e-05,-3.949149062055802e-08,-8.23234790367829e-06,-1.8116885554927786e-05,-4.140493564145266e-08,-8.419305255496897e-06,-1.8549965729721633e-05,-4.338705043736504e-08,-8.608114231566473e-06,-1.8988131062208295e-05,-4.543945614923231e-08,-8.798766489449925e-06,-1.9431380141135977e-05,-4.756379268663225e-08,-8.991253690902172e-06,-1.98797115388832e-05,-4.976171872109479e-08,-9.185567501903688e-06,-2.033312381146349e-05,-5.203491167933681e-08,-9.381699592693992e-06,-2.0791615498530173e-05,0.4500000000000001
-3.4147244466529164e-08,-7.682669080275081e-06,-1.6848169843576874e-05,-3.586421922287052e-08,-7.864021463301225e-06,-1.7265986241548892e-05,-3.764511300899636e-08,-8.047250522706236e-06,-1.7688891932704097e-05,-3.949149062055802e-08,-8.23234790367829e-06,-1.8116885554927786e-05,-4.140493564145266e-08,-8.419305255496897e-06,-1.8549965729721633e-05,-4.338705043736504e-08,-8.608114231566473e-06,-1.8988131062208295e-05,-4.543945614923231e-08,-8.798766489449925e-06,-1.9431380141135977e-05,-4.756379268663225e-08,-8.991253690902172e-06,-1.98797115388832e-05,-4.976171872109479e-08,-9.185567501903688e-06,-2.033312381146349e-05,-5.203491167933681e-08,-9.381699592693992e-06,-2.0791615498530173e-05,0.4500000000000001
-3.4147244466529164e-08,-7.682669080275081e-06,-1.6848169843576874e-05,-3.586421922287052e-08,-7.864021463301225e-06,-1.7265986241548892e-05,-3.764511300899636e-08,-8.047250522706236e-06,-1.7688891932704097e-05,-3.949149062055802e-08,-8.23234790367829e-06,-1.8116885554927786e-05,-4.140493564145266e-08,-8.419305255496897e-06,-1.8549965729721633e-05,-4.338705043736504e-08,-8.608114231566473e-06,-1.8988131062208295e-05,-4.543945614923231e-08,-8.798766489449925e-06,-1.9431380141135977e-05,-4.756379268663225e-08,-8.991253690902172e-06,-1.98797115388832e-05,-4.976171872109479e-08,-9.185567501903688e-06,-2.033312381146349e-05,-5.203491167933681e-08,-9.381699592693992e-06,-2.0791615498530173e-05,0.4500000000000001
-3.4147244466529164e-08,-7.682669080275081e-06,-1.6848169843576874e-05,-3.586421922287052e-08,-7.864021463301225e-06,-1.7265986241548892e-05,-3.764511300899636e-08,-8.047250522706236e-06,-1.7688891932704097e-05,-3.949149062055802e-08,-8.23234790367829e-06,-1.8116885554927786e-05,-4.140493564145266e-08,-8.419305255496897e-06,-1.8549965729721633e-05,-4.338705043736504e-08,-8.608114231566473e-06,-1.8988131062208295e-05,-4.543945614923231e-08,-8.798766489449925e-06,-1.9431380141135977e-05,-4.756379268663225e-08,-8.991253690902172e-06,-1.98797115388832e-05,-4.976171872109479e-08,-9.185567501903688e-06,-2.033312381146349e-05,-5.203491167933681e-08,-9.381699592693992e-06,-2.0791615498530173e-05,0.4500000000000001
-3.4147244466529164e-08,-7.682669080275081e-06,-1.6848169843576874e-05,-3.586421922287052e-08,-7.864021463301225e-06,-1.7265986241548892e-05,-3.764511300899636e-08,-8.047250522706236e-06,-1.7688891932704097e-05,-3.949149062055802e-08,-8.23234790367829e-06,-1.8116885554927786e-05,-4.140493564145266e-08,-8.419305255496897e-06,-1.8549965729721633e-05,-4.338705043736504e-08,-8.608114231566473e-06,-1.8988131062208295e-05,-4.543945614923231e-08,-8.798766489449925e-06,-1.9431380141135977e-05,-4.756379268663225e-08,-8.991253690902172e-06,-1.98797115388832e-05,-4.976171872109479e-08,-9.185567501903688e-06,-2.033312381146349e-05,-5.203491167933681e-08,-9.381699592693992e-06,-2.0791615498530173e-05,0.4500000000000001
-3.4147244466529164e-08,-7.682669080275081e-06,-1.6848169843576874e-05,-3.586421922287052e-08,-7.864021463301225e-06,-1.7265986241548892e-05,-3.764511300899636e-08,-8.047250522706236e-06,-1.7688891932704097e-05,-3.949149062055802e-08,-8.23234790367829e-06,-1.8116885554927786e-05,-4.140493564145266e-08,-8.419305255496897e-06,-1.8549965729721633e-05,-4.338705043736504e-08,-8.608114231566473e-06,-1.8988131062208295e-05,-4.543945614923231e-08,-8.798766489449925e-06,-1.9431380141135977e-05,-4.756379268663225e-08,-8.991253690902172e-06,-1.98797115388832e-05,-4.976171872109479e-08,-9.185567501903688e-06,-2.033312381146349e-05,-5.203491167933681e-08,-9.381699592693992e-06,-2.0791615498530173e-05,0.4500000000000001
-3.4147244466529164e-08,-7.682669080275081e-06,-1.6848169843576874e-05,-3.586421922287052e-08,-7.864021463301225e-06,-1.7265986241548892e-05,-3.764511300899636e-08,-8.047250522706236e-06,-1.7688891932704097e-05,-3.949149062055802e-08,-8.23234790367829e-06,-1.8116885554927786e-05,-4.140493564145266e-08,-8.419305255496897e-06,-1.8549965729721633e-05,-4.338705043736504e-08,-8.608114231566473e-06,-1.8988131062208295e-05,-4.543945614923231e-08,-8.798766489449925e-06,-1.9431380141135977e-05,-4.756379268663225e-08,-8.991253690902172e-06,-1.98797115388832e-05,-4.976171872109479e-08,-9.185567501903688e-06,-2.033312381146349e-05,-5.203491167933681e-08,-9.381699592693992e-06,-2.0791615498530173e-05,0.4500000000000001
-3.4147244466529164e-08,-7.682669080275081e-06,-1.6848169843576874e-05,-3.586421922287052e-08,-7.864021463301225e-06,-1.7265986241548892e-05,-3.764511300899636e-08,-8.047250522706236e-06,-1.7688891932704097e-05,-3.949149062055802e-08,-8.23234790367829e-06,-1.8116885554927786e-05,-4.140493564145266e-08,-8.419305255496897e-06,-1.8549965729721633e-05,-4.338705043736504e-08,-8.608114231566473e-06,-1.8988131062208295e-05,-4.543945614923231e-08,-8.798766489449925e-06,-1.9431380141135977e-05,-4.756379268663225e-08,-8.991253690902172e-06,-1.98797115388832e-05,-4.976171872109479e-08,-9.185567501903688e-06,-2.033312381146349e-05,-5.203491167933681e-08,-9.381699592693992e-06,-2.0791615498530173e-05,0.4500000000000001
-3.4147244466529164e-08,-7.682669080275081e-06,-1.6848169843576874e-05,-3.586421922287052e-08,-7.864021463301225e-06,-1.7265986241548892e-05,-3.764511300899636e-08,-8.047250522706236e-06,-1.7688891932704097e-05,-3.949149062055802e-08,-8.23234790367829e-06,-1.8116885554927786e-05,-4.140493564145266e-08,-8.419305255496897e-06,-1.8549965729721633e-05,-4.338705043736504e-08,-8.608114231566473e-06,-1.8988131062208295e-05,-4.543945614923231e-08,-8.798766489449925e-06,-1.9431380141135977e-05,-4.756379268663225e-08,-8.991253690902172e-06,-1.98797115388832e-05,-4.976171872109479e-08,-9.185567501903688e-06,-2.033312381146349e-05,-5.203491167933681e-08,-9.381699592693992e-06,-2.0791615498530173e-05,0.4500000000000001
-3.4147244466529164e-08,-7.682669080275081e-06,-1.6848169843576874e-05,-3.586421922287052e-08,-7.864021463301225e-06,-1.7265986241548892e-05,-3.764511300899636e-08,-8.047250522706236e-06,-1.7688891932704097e-05,-3.949149062055802e-08,-8.23234790367829e-06,-1.8116885554927786e-05,-4.140493564145266e-08,-8.419305255496897e-06,-1.8549965729721633e-05,-4.338705043736504e-08,-8.608114231566473e-06,-1.8988131062208295e-05,-4.543945614923231e-08,-8.798766489449925e-06,-1.9431380141135977e-05,-4.756379268663225e-08,-8.991253690902172e-06,-1.98797115388832e-05,-4.976171872109479e-08,-9.185567501903688e-06,-2.033312381146349e-05,-5.203491167933681e-08,-9.381699592693992e-06,-2.0791615498530173e-05,0.4500000000000001
-3.4147244466529164e-08,-7.682669080275081e-06,-1.6848169843576874e-05,-3.586421922287052e-08,-7.864021463301225e-06,-1.7265986241548892e-05,-3.764511300899636e-08,-8.047250522706236e-06,-1.7688891932704097e-05,-3.949149062055802e-08,-8.23234790367829e-06,-1.8116885554927786e-05,-4.140493564145266e-08,-8.419305255496897e-06,-1.8549965729721633e-05,-4.338705043736504e-08,-8.608114231566473e-06,-1.8988131062208295e-05,-4.543945614923231e-08,-8.798766489449925e-06,-1.9431380141135977e-05,-4.756379268663225e-08,-8.991253690902172e-06,-1.98797115388832e-05,-4.976171872109479e-08,-9.185567501903688e-06,-2.033312381146349e-05,-5.203491167933681e-08,-9.381699592693992e-06,-2.0791615498530173e-05,0.4500000000000001
-3.4147244466529164e-08,-7.682669080275081e-06,-1.6848169843576874e-05,-3.586421922287052e-08,-7.864021463301225e-06,-1.7265986241548892e-05,-3.764511300899636e-08,-8.047250522706236e-06,-1.7688891932704097e-05,-3.949149062055802e-08,-8.23234790367829e-06,-1.8116885554927786e-05,-4.140493564145266e-08,-8.419305255496897e-06,-1.8549965729721633e-05,-4.338705043736504e-08,-8.608114231566473e-06,-1.8988131062208295e-05,-4.543945614923231e-08,-8.798766489449925e-06,-1.9431380141135977e-05,-4.756379268663225e-08,-8.991253690902172e-06,-1.98797115388832e-05,-4.976171872109479e-08,-9.185567501903688e-06,-2.033312381146349e-05,-5.203491167933681e-08,-9.381699592693992e-06,-2.0791615498530173e-05,0.4500000000000001
-3.4147244466529164e-08,-7.682669080275081e-06,-1.6848169843576874e-05,-3.586421922287052e-08,-7.864021463301225e-06,-1.7265986241548892e-05,-3.764511300899636e-08,-8.047250522706236e-06,-1.7688891932704097e-05,-3.949149062055802e-08,-8.23234790367829e-06,-1.8116885554927786e-05,-4.140493564145266e-08,-8.419305255496897e-06,-1.8549965729721633e-05,-4.338705043736504e-08,-8.608114231566473e-06,-1.8988131062208295e-05,-4.543945614923231e-08,-8.798766489449925e-06,-1.9431380141135977e-05,-4.756379268663225e-08,-8.991253690902172e-06,-1.98797115388832e-05,-4.976171872109479e-08,-9.185567501903688e-06,-2.033312381146349e-05,-5.203491167933681e-08,-9.381699592693992e-06,-2.0791615498530173e-05,0.4500000000000001
-3.4147244466529164e-08,-7.682669080275081e-06,-1.6848169843576874e-05,-3.586421922287052e-08,-7.864021463301225e-06,-1.7265986241548892e-05,-3.764511300899636e-08,-8.047250522706236e-06,-1.7688891932704097e-05,-3.949149062055802e-08,-8.23234790367829e-06,-1.8116885554927786e-05,-4.140493564145266e-08,-8.419305255496897e-06,-1.8549965729721633e-05,-4.338705043736504e-08,-8.608114231566473e-06,-1.8988131062208295e-05,-4.543945614923231e-08,-8.798766489449925e-06,-1.9431380141135977e-05,-4.756379268663225e-08,-8.991253690902172e-06,-1.98797115388832e-05,-4.976171872109479e-08,-9.185567501903688e-06,-2.033312381146349e-05,-5.203491167933681e-08,-9.381699592693992e-06,-2.0791615498530173e-05,0.4500000000000001
-3.4147244466529164e-08,-7.682669080275081e-06,-1.6848169843576874e-05,-3.586421922287052e-08,-7.864021463301225e-06,-1.7265986241548892e-05,-3.764511300899636e-08,-8.047250522706236e-06,-1.7688891932704097e-05,-3.949149062055802e-08,-8.23234790367829e-06,-1.8116885554927786e-05,-4.140493564145266e-08,-8.419305255496897e-06,-1.8549965729721633e-05,-4.338705043736504e-08,-8.608114231566473e-06,-1.8988131062208295e-05,-4.543945614923231e-08,-8.798766489449925e-06,-1.9431380141135977e-05,-4.756379268663225e-08,-8.991253690902172e-06,-1.98797115388832e-05,-4.976171872109479e-08,-9.185567501903688e-06,-2.033312381146349e-05,-5.203491167933681e-08,-9.381699592693992e-06,-2.0791615498530173e-05,0.4500000000000001
-3.4147244466529164e-08,-7.682669080275081e-06,-1.6848169843576874e-05,-3.586421922287052e-08,-7.864021463301225e-06,-1.7265986241548892e-05,-3.764511300899636e-08,-8.047250522706236e-06,-1.7688891932704097e-05,-3.949149062055802e-08,-8.23234790367829e-06,-1.8116885554927786e-05,-4.140493564145266e-08,-8.419305255496897e-06,-1.8549965729721633e-05,-4.338705043736504e-08,-8.608114231566473e-06,-1.8988131062208295e-05,-4.543945614923231e-08,-8.798766489449925e-06,-1.9431380141135977e-05,-4.756379268663225e-08,-8.991253690902172e-06,-1.98797115388832e-05,-4.976171872109479e-08,-9.185567501903688e-06,-2.033312381146349e-05,-5.203491167933681e-08,-9.381699592693992e-06,-2.0791615498530173e-05,0.4500000000000001
-3.4147244466529164e-08,-7.682669080275081e-06,-1.6848169843576874e-05,-3.586421922287052e-08,-7.864021463301225e-06,-1.7265986241548892e-05,-3.764511300899636e-08,-8.047250522706236e-06,-1.7688891932704097e-05,-3.949149062055802e-08,-8.23234790367829e-06,-1.8116885554927786e-05,-4.140493564145266e-08,-8.419305255496897e-06,-1.8549965729721633e-05,-4.338705043736504e-08,-8.608114231566473e-06,-1.8988131062208295e-05,-4.543945614923231e-08,-8.798766489449925e-06,-1.9431380141135977e-05,-4.756379268663225e-08,-8.991253690902172e-06,-1.98797115388832e-05,-4.976171872109479e-08,-9.185567501903688e-06,-2.033312381146349e-05,-5.203491167933681e-08,-9.381699592693992e-06,-2.0791615498530173e-05,0.4500000000000001
-3.4147244466529164e-08,-7.682669080275081e-06,-1.6848169843576874e-05,-3.586421922287052e-08,-7.864021463301225e-06,-1.7265986241548892e-05,-3.764511300899636e-08,-8.047250522706236e-06,-1.7688891932704097e-05,-3.949149062055802e-08,-8.23234790367829e-06,-1.8116885554927786e-05,-4.140493564145266e-08,-8.419305255496897e-06,-1.8549965729721633e-05,-4.338705043736504e-08,-8.608114231566473e-06,-1.8988131062208295e-05,-4.543945614923231e-08,-8.798766489449925e-06,-1.9431380141135977e-05,-4.756379268663225e-08,-8.991253690902172e-06,-1.98797115388832e-05,-4.976171872109479e-08,-9.185567501903688e-06,-2.033312381146349e-05,-5.203491167933681e-08,-9.381699592693992e-06,-2.0791615498530173e-05,0.4500000000000001
-3.4147244466529164e-08,-7.682669080275081e-06,-1.6848169843576874e-05,-3.586421922287052e-08,-7.864021463301225e-06,-1.7265986241548892e-05,-3.764511300899636e-08,-8.047250522706236e-06,-1.7688891932704097e-05,-3.949149062055802e-08,-8.23234790367829e-06,-1.8116885554927786e-05,-4.140493564145266e-08,-8.419305255496897e-06,-1.8549965729721633e-05,-4.338705043736504e-08,-8.608114231566473e-06,-1.8988131062208295e-05,-4.543945614923231e-08,-8.798766489449925e-06,-1.9431380141135977e-05,-4.756379268663225e-08,-8.991253690902172e-06,-1.98797115388832e-05,-4.976171872109479e-08,-9.185567501903688e-06,-2.033312381146349e-05,-5.203491167933681e-08,-9.381699592693992e-06,-2.0791615498530173e-05,0.4500000000000001
-3.4147244466529164e-08,-7.682669080275081e-06,-1.6848169843576874e-05,-3.586421922287052e-08,-7.864021463301225e-06,-1.7265986241548892e-05,-3.764511300899636e-08,-8.047250522706236e-06,-1.7688891932704097e-05,-3.949149062055802e-08,-8.23234790367829e-06,-1.8116885554927786e-05,-4.140493564145266e-08,-8.419305255496897e-06,-1.8549965729721633e-05,-4.338705043736504e-08,-8.608114231566473e-06,-1.8988131062208295e-05,-4.543945614923231e-08,-8.798766489449925e-06,-1.9431380141135977e-05,-4.756379268663225e-08,-8.991253690902172e-06,-1.98797115388832e-05,-4.976171872109479e-08,-9.185567501903688e-06,-2.033312381146349e-05,-5.203491167933681e-08,-9.381699592693992e-06,-2.0791615498530173e-05,0.4500000000000001
-3.4147244466529164e-08,-7.682669080275081e-06,-1.6848169843576874e-05,-3.586421922287052e-08,-7.864021463301225e-06,-1.7265986241548892e-05,-3.764511300899636e-08,-8.047250522706236e-06,-1.7688891932704097e-05,-3.949149062055802e-08,-8.23234790367829e-06,-1.8116885554927786e-05,-4.140493564145266e-08,-8.419305255496897e-06,-1.8549965729721633e-05,-4.338705043736504e-08,-8.608114231566473e-06,-1.8988131062208295e-05,-4.543945614923231e-08,-8.798766489449925e-06,-1.9431380141135977e-05,-4.756379268663225e-08,-8.991253690902172e-06,-1.98797115388832e-05,-4.976171872109479e-08,-9.185567501903688e-06,-2.033312381146349e-05,-5.203491167933681e-08,-9.381699592693992e-06,-2.0791615498530173e-05,0.4500000000000001
-3.4147244466529164e-08,-7.682669080275081e-06,-1.6848169843576874e-05,-3.586421922287052e-08,-7.864021463301225e-06,-1.7265986241548892e-05,-3.764511300899636e-08,-8.047250522706236e-06,-1.7688891932704097e-05,-3.949149062055802e-08,-8.23234790367829e-06,-1.8116885554927786e-05,-4.140493564145266e-08,-8.419305255496897e-06,-1.8549965729721633e-05,-4.338705043736504e-08,-8.608114231566473e-06,-1.8988131062208295e-05,-4.543945614923231e-08,-8.798766489449925e-06,-1.9431380141135977e-05,-4.756379268663225e-08,-8.991253690902172e-06,-1.98797115388832e-05,-4.976171872109479e-08,-9.185567501903688e-06,-2.033312381146349e-05,-5.203491167933681e-08,-9.381699592693992e-06,-2.0791615498530173e-05,0.4500000000000001
-3.4147244466529164e-08,-7.682669080275081e-06,-1.6848169843576874e-05,-3.586421922287052e-08,-7.864021463301225e-06,-1.7265986241548892e-05,-3.764511300899636e-08,-8.047250522706236e-06,-1.7688891932704097e-05,-3.949149062055802e-08,-8.23234790367829e-06,-1.8116885554927786e-05,-4.140493564145266e-08,-8.419305255496897e-06,-1.8549965729721633e-05,-4.338705043736504e-08,-8.608114231566473e-06,-1.8988131062208295e-05,-4.543945614923231e-08,-8.798766489449925e-06,-1.9431380141135977e-05,-4.756379268663225e-08,-8.991253690902172e-06,-1.98797115388832e-05,-4.976171872109479e-08,-9.185567501903688e-06,-2.033312381146349e-05,-5.203491167933681e-08,-9.381699592693992e-06,-2.0791615498530173e-05,0.4500000000000001
-3.4147244466529164e-08,-7.682669080275081e-06,-1.6848169843576874e-05,-3.586421922287052e-08,-7.864021463301225e-06,-1.7265986241548892e-05,-3.764511300899636e-08,-8.047250522706236e-06,-1.7688891932704097e-05,-3.949149062055802e-08,-8.23234790367829e-06,-1.8116885554927786e-05,-4.140493564145266e-08,-8.419305255496897e-06,-1.8549965729721633e-05,-4.338705043736504e-08,-8.608114231566473e-06,-1.8988131062208295e-05,-4.543945614923231e-08,-8.798766489449925e-06,-1.9431380141135977e-05,-4.756379268663225e-08,-8.991253690902172e-06,-1.98797115388832e-05,-4.976171872109479e-08,-9.185567501903688e-06,-2.033312381146349e-05,-5.203491167933681e-08,-9.381699592693992e-06,-2.0791615498530173e-05,0.4500000000000001
-3.4147244466529164e-08,-7.682669080275081e-06,-1.6848169843576874e-05,-3.586421922287052e-08,-7.864021463301225e-06,-1.7265986241548892e-05,-3.764511300899636e-08,-8.047250522706236e-06,-1.7688891932704097e-05,-3.949149062055802e-08,-8.23234790367829e-06,-1.8116885554927786e-05,-4.140493564145266e-08,-8.419305255496897e-06,-1.8549965729721633e-05,-4.338705043736504e-08,-8.608114231566473e-06,-1.8988131062208295e-05,-4.543945614923231e-08,-8.798766489449925e-06,-1.9431380141135977e-05,-4.756379268663225e-08,-8.991253690902172e-06,-1.98797115388832e-05,-4.976171872109479e-08,-9.185567501903688e-06,-2.033312381146349e-05,-5.203491167933681e-08,-9.381699592693992e-06,-2.0791615498530173e-05,0.4500000000000001
-3.4147244466529164e-08,-7.682669080275081e-06,-1.6848169843576874e-05,-3.586421922287052e-08,-7.864021463301225e-06,-1.7265986241548892e-05,-3.764511300899636e-08,-8.047250522706236e-06,-1.7688891932704097e-05,-3.949149062055802e-08,-8.23234790367829e-06,-1.8116885554927786e-05,-4.140493564145266e-08,-8.419305255496897e-06,-1.8549965729721633e-05,-4.338705043736504e-08,-8.608114231566473e-06,-1.8988131062208295e-05,-4.543945614923231e-08,-8.798766489449925e-06,-1.9431380141135977e-05,-4.756379268663225e-08,-8.991253690902172e-06,-1.98797115388832e-05,-4.976171872109479e-08,-9.185567501903688e-06,-2.033312381146349e-05,-5.203491167933681e-08,-9.381699592693992e-06,-2.0791615498530173e-05,0.4500000000000001
-3.4147244466529164e-08,-7.682669080275081e-06,-1.6848169843576874e-05,-3.586421922287052e-08,-7.864021463301225e-06,-1.7265986241548892e-05,-3.764511300899636e-08,-8.047250522706236e-06,-1.7688891932704097e-05,-3.949149062055802e-08,-8.23234790367829e-06,-1.8116885554927786e-05,-4.140493564145266e-08,-8.419305255496897e-06,-1.8549965729721633e-05,-4.338705043736504e-08,-8.608114231566473e-06,-1.8988131062208295e-05,-4.543945614923231e-08,-8.798766489449925e-06,-1.9431380141135977e-05,-4.756379268663225e-08,-8.991253690902172e-06,-1.98797115388832e-05,-4.976171872109479e-08,-9.185567501903688e-06,-2.033312381146349e-05,-5.203491167933681e-08,-9.381699592693992e-06,-2.0791615498530173e-05,0.4500000000000001
-3.4147244466529164e-08,-7.682669080275081e-06,-1.6848169843576874e-05,-3.586421922287052e-08,-7.864021463301225e-06,-1.7265986241548892e-05,-3.764511300899636e-08,-8.047250522706236e-06,-1.7688891932704097e-05,-3.949149062055802e-08,-8.23234790367829e-06,-1.8116885554927786e-05,-4.140493564145266e-08,-8.419305255496897e-06,-1.8549965729721633e-05,-4.338705043736504e-08,-8.608114231566473e-06,-1.8988131062208295e-05,-4.543945614923231e-08,-8.798766489449925e-06,-1.9431380141135977e-05,-4.756379268663225e-08,-8.991253690902172e-06,-1.98797115388832e-05,-4.976171872109479e-08,-9.185567501903688e-06,-2.033312381146349e-05,-5.203491167933681e-08,-9.381699592693992e-06,-2.0791615498530173e-05,0.4500000000000001
-3.4147244466529164e-08,-7.682669080275081e-06,-1.6848169843576874e-05,-3.586421922287052e-08,-7.864021463301225e-06,-1.7265986241548892e-05,-3.764511300899636e-08,-8.047250522706236e-06,-1.7688891932704097e-05,-3.949149062055802e-08,-8.23234790367829e-06,-1.8116885554927786e-05,-4.140493564145266e-08,-8.419305255496897e-06,-1.8549965729721633e-05,-4.338705043736504e-08,-8.608114231566473e-06,-1.8988131062208295e-05,-4.543945614923231e-08,-8.798766489449925e-06,-1.9431380141135977e-05,-4.756379268663225e-08,-8.991253690902172e-06,-1.98797115388832e-05,-4.976171872109479e-08,-9.185567501903688e-06,-2.033312381146349e-05,-5.203491167933681e-08,-9.381699592693992e-06,-2.0791615498530173e-05,0.4500000000000001
-3.4147244466529164e-08,-7.682669080275081e-06,-1.6848169843576874e-05,-3.586421922287052e-08,-7.864021463301225e-06,-1.7265986241548892e-05,-3.764511300899636e-08,-8.047250522706236e-06,-1.7688891932704097e-05,-3.949149062055802e-08,-8.23234790367829e-06,-1.8116885554927786e-05,-4.140493564145266e-08,-8.419305255496897e-06,-1.8549965729721633e-05,-4.338705043736504e-08,-8.608114231566473e-06,-1.8988131062208295e-05,-4.543945614923231e-08,-8.798766489449925e-06,-1.9431380141135977e-05,-4.756379268663225e-08,-8.991253690902172e-06,-1.98797115388832e-05,-4.976171872109479e-08,-9.185567501903688e-06,-2.033312381146349e-05,-5.203491167933681e-08,-9.381699592693992e-06,-2.0791615498530173e-05,0.4500000000000001
-3.4147244466529164e-08,-7.682669080275081e-06,-1.6848169843576874e-05,-3.586421922287052e-08,-7.864021463301225e-06,-1.7265986241548892e-05,-3.764511300899636e-08,-8.047250522706236e-06,-1.7688891932704097e-05,-3.949149062055802e-08,-8.23234790367829e-06,-1.8116885554927786e-05,-4.140493564145266e-08,-8.419305255496897e-06,-1.8549965729721633e-05,-4.338705043736504e-08,-8.608114231566473e-06,-1.8988131062208295e-05,-4.543945614923231e-08,-8.798766489449925e-06,-1.9431380141135977e-05,-4.756379268663225e-08,-8.991253690902172e-06,-1.98797115388832e-05,-4.976171872109479e-08,-9.185567501903688e-06,-2.033312381146349e-05,-5.203491167933681e-08,-9.381699592693992e-06,-2.0791615498530173e-05,0.4500000000000001
-3.4147244466529164e-08,-7.682669080275081e-06,-1.6848169843576874e-05,-3.586421922287052e-08,-7.864021463301225e-06,-1.7265986241548892e-05,-3.764511300899636e-08,-8.047250522706236e-06,-1.7688891932704097e-05,-3.949149062055802e-08,-8.23234790367829e-06,-1.8116885554927786e-05,-4.140493564145266e-08,-8.419305255496897e-06,-1.8549965729721633e-05,-4.338705043736504e-08,-8.608114231566473e-06,-1.8988131062208295e-05,-4.543945614923231e-08,-8.798766489449925e-06,-1.9431380141135977e-05,-4.756379268663225e-08,-8.991253690902172e-06,-1.98797115388832e-05,-4.976171872109479e-08,-9.185567501903688e-06,-2.033312381146349e-05,-5.203491167933681e-08,-9.381699592693992e-06,-2.0791615498530173e-05,0.4500000000000001
-3.4147244466529164e-08,-7.682669080275081e-06,-1.6848169843576874e-05,-3.586421922287052e-08,-7.864021463301225e-06,-1.7265986241548892e-05,-3.764511300899636e-08,-8.047250522706236e-06,-1.7688891932704097e-05,-3.949149062055802e-08,-8.23234790367829e-06,-1.8116885554927786e-05,-4.140493564145266e-08,-8.419305255496897e-06,-1.8549965729721633e-05,-4.338705043736504e-08,-8.608114231566473e-06,-1.8988131062208295e-05,-4.543945614923231e-08,-8.798766489449925e-06,-1.9431380141135977e-05,-4.756379268663225e-08,-8.991253690902172e-06,-1.98797115388832e-05,-4.976171872109479e-08,-9.185567501903688e-06,-2.033312381146349e-05,-5.203491167933681e-08,-9.381699592693992e-06,-2.0791615498530173e-05,0.4500000000000001
-3.4147244466529164e-08,-7.682669080275081e-06,-1.6848169843576874e-05,-3.586421922287052e-08,-7.864021463301225e-06,-1.7265986241548892e-05,-3.764511300899636e-08,-8.047250522706236e-06,-1.7688891932704097e-05,-3.949149062055802e-08,-8.23234790367829e-06,-1.8116885554927786e-05,-4.140493564145266e-08,-8.419305255496897e-06,-1.8549965729721633e-05,-4.338705043736504e-08,-8.608114231566473e-06,-1.8988131062208295e-05,-4.543945614923231e-08,-8.798766489449925e-06,-1.9431380141135977e-05,-4.756379268663225e-08,-8.991253690902172e-06,-1.98797115388832e-05,-4.976171872109479e-08,-9.185567501903688e-06,-2.033312381146349e-05,-5.203491167933681e-08,-9.381699592693992e-06,-2.0791615498530173e-05,0.4500000000000001
-3.4147244466529164e-08,-7.682669080275081e-06,-1.6848169843576874e-05,-3.586421922287052e-08,-7.864021463301225e-06,-1.7265986241548892e-05,-3.764511300899636e-08,-8.047250522706236e-06,-1.7688891932704097e-05,-3.949149062055802e-08,-8.23234790367829e-06,-1.8116885554927786e-05,-4.140493564145266e-08,-8.419305255496897e-06,-1.8549965729721633e-05,-4.338705043736504e-08,-8.608114231566473e-06,-1.8988131062208295e-05,-4.543945614923231e-08,-8.798766489449925e-06,-1.9431380141135977e-05,-4.756379268663225e-08,-8.991253690902172e-06,-1.98797115388832e-05,-4.976171872109479e-08,-9.185567501903688e-06,-2.033312381146349e-05,-5.203491167933681e-08,-9.381699592693992e-06,-2.0791615498530173e-05,0.4500000000000001
-3.4147244466529164e-08,-7.682669080275081e-06,-1.6848169843576874e-05,-3.586421922287052e-08,-7.864021463301225e-06,-1.7265986241548892e-05,-3.764511300899636e-08,-8.047250522706236e-06,-1.7688891932704097e-05,-3.949149062055802e-08,-8.23234790367829e-06,-1.8116885554927786e-05,-4.140493564145266e-08,-8.419305255496897e-06,-1.8549965729721633e-05,-4.338705043736504e-08,-8.608114231566473e-06,-1.8988131062208295e-05,-4.543945614923231e-08,-8.798766489449925e-06,-1.9431380141135977e-05,-4.756379268663225e-08,-8.991253690902172e-06,-1.98797115388832e-05,-4.976171872109479e-08,-9.185567501903688e-06,-2.033312381146349e-05,-5.203491167933681e-08,-9.381699592693992e-06,-2.0791615498530173e-05,0.4500000000000001
-3.4147244466529164e-08,-7.682669080275081e-06,-1.6848169843576874e-05,-3.586421922287052e-08,-7.864021463301225e-06,-1.7265986241548892e-05,-3.764511300899636e-08,-8.047250522706236e-06,-1.7688891932704097e-05,-3.949149062055802e-08,-8.23234790367829e-06,-1.8116885554927786e-05,-4.140493564145266e-08,-8.419305255496897e-06,-1.8549965729721633e-05,-4.338705043736504e-08,-8.608114231566473e-06,-1.8988131062208295e-05,-4.543945614923231e-08,-8.798766489449925e-06,-1.9431380141135977e-05,-4.756379268663225e-08,-8.991253690902172e-06,-1.98797115388832e-05,-4.976171872109479e-08,-9.185567501903688e-06,-2.033312381146349e-05,-5.203491167933681e-08,-9.381699592693992e-06,-2.0791615498530173e-05,0.4500000000000001
-3.4147244466529164e-08,-7.682669080275081e-06,-1.6848169843576874e-05,-3.586421922287052e-08,-7.864021463301225e-06,-1.7265986241548892e-05,-3.764511300899636e-08,-8.047250522706236e-06,-1.7688891932704097e-05,-3.949149062055802e-08,-8.23234790367829e-06,-1.8116885554927786e-05,-4.140493564145266e-08,-8.419305255496897e-06,-1.8549965729721633e-05,-4.338705043736504e-08,-8.608114231566473e-06,-1.8988131062208295e-05,-4.543945614923231e-08,-8.798766489449925e-06,-1.9431380141135977e-05,-4.756379268663225e-08,-8.991253690902172e-06,-1.98797115388832e-05,-4.976171872109479e-08,-9.185567501903688e-06,-2.033312381146349e-05,-5.203491167933681e-08,-9.381699592693992e-06,-2.0791615498530173e-05,0.4500000000000001
-3.4147244466529164e-08,-7.682669080275081e-06,-1.6848169843576874e-05,-3.586421922287052e-08,-7.864021463301225e-06,-1.7265986241548892e-05,-3.764511300899636e-08,-8.047250522706236e-06,-1.7688891932704097e-05,-3.949149062055802e-08,-8.23234790367829e-06,-1.8116885554927786e-05,-4.140493564145266e-08,-8.419305255496897e-06,-1.8549965729721633e-05,-4.338705043736504e-08,-8.608114231566473e-06,-1.8988131062208295e-05,-4.543945614923231e-08,-8.798766489449925e-06,-1.9431380141135977e-05,-4.756379268663225e-08,-8.991253690902172e-06,-1.98797115388832e-05,-4.976171872109479e-08,-9.185567501903688e-06,-2.033312381146349e-05,-5.203491167933681e-08,-9.381699592693992e-06,-2.0791615498530173e-05,0.4500000000000001
-3.4147244466529164e-08,-7.682669080275081e-06,-1.6848169843576874e-05,-3.586421922287052e-08,-7.864021463301225e-06,-1.7265986241548892e-05,-3.764511300899636e-08,-8.047250522706236e-06,-1.7688891932704097e-05,-3.949149062055802e-08,-8.23234790367829e-06,-1.8116885554927786e-05,-4.140493564145266e-08,-8.419305255496897e-06,-1.8549965729721633e-05,-4.338705043736504e-08,-8.608114231566473e-06,-1.8988131062208295e-05,-4.543945614923231e-08,-8.798766489449925e-06,-1.9431380141135977e-05,-4.756379268663225e-08,-8.991253690902172e-06,-1.98797115388832e-05,-4.976171872109479e-08,-9.185567501903688e-06,-2.033312381146349e-05,-5.203491167933681e-08,-9.381699592693992e-06,-2.0791615498530173e-05,0.4500000000000001
-3.4147244466529164e-08,-7.682669080275081e-06,-1.6848169843576874e-05,-3.586421922287052e-08,-7.864021463301225e-06,-1.7265986241548892e-05,-3.764511300899636e-08,-8.047250522706236e-06,-1.7688891932704097e-05,-3.949149062055802e-08,-8.23234790367829e-06,-1.8116885554927786e-05,-4.140493564145266e-08,-8.419305255496897e-06,-1.8549965729721633e-05,-4.338705043736504e-08,-8.608114231566473e-06,-1.8988131062208295e-05,-4.543945614923231e-08,-8.798766489449925e-06,-1.9431380141135977e-05,-4.756379268663225e-08,-8.991253690902172e-06,-1.98797115388832e-05,-4.976171872109479e-08,-9.185567501903688e-06,-2.033312381146349e-05,-5.203491167933681e-08,-9.381699592693992e-06,-2.0791615498530173e-05,0.4500000000000001
-3.4147244466529164e-08,-7.682669080275081e-06,-1.6848169843576874e-05,-3.586421922287052e-08,-7.864021463301225e-06,-1.7265986241548892e-05,-3.764511300899636e-08,-8.047250522706236e-06,-1.7688891932704097e-05,-3.949149062055802e-08,-8.23234790367829e-06,-1.8116885554927786e-05,-4.140493564145266e-08,-8.419305255496897e-06,-1.8549965729721633e-05,-4.338705043736504e-08,-8.608114231566473e-06,-1.8988131062208295e-05,-4.543945614923231e-08,-8.798766489449925e-06,-1.9431380141135977e-05,-4.756379268663225e-08,-8.991253690902172e-06,-1.98797115388832e-05,-4.976171872109479e-08,-9.185567501903688e-06,-2.033312381146349e-05,-5.203491167933681e-08,-9.381699592693992e-06,-2.0791615498530173e-05,0.4500000000000001
-3.4147244466529164e-08,-7.682669080275081e-06,-1.6848169843576874e-05,-3.586421922287052e-08,-7.864021463301225e-06,-1.7265986241548892e-05,-3.764511300899636e-08,-8.047250522706236e-06,-1.7688891932704097e-05,-3.949149062055802e-08,-8.23234790367829e-06,-1.8116885554927786e-05,-4.140493564145266e-08,-8.419305255496897e-06,-1.8549965729721633e-05,-4.338705043736504e-08,-8.608114231566473e-06,-1.8988131062208295e-05,-4.543945614923231e-08,-8.798766489449925e-06,-1.9431380141135977e-05,-4.756379268663225e-08,-8.991253690902172e-06,-1.98797115388832e-05,-4.976171872109479e-08,-9.185567501903688e-06,-2.033312381146349e-05,-5.203491167933681e-08,-9.381699592693992e-06,-2.0791615498530173e-05,0.4500000000000001
-3.4147244466529164e-08,-7.682669080275081e-06,-1.6848169843576874e-05,-3.586421922287052e-08,-7.864021463301225e-06,-1.7265986241548892e-05,-3.764511300899636e-08,-8.047250522706236e-06,-1.7688891932704097e-05,-3.949149062055802e-08,-8.23234790367829e-06,-1.8116885554927786e-05,-4.140493564145266e-08,-8.419305255496897e-06,-1.8549965729721633e-05,-4.338705043736504e-08,-8.608114231566473e-06,-1.8988131062208295e-05,-4.543945614923231e-08,-8.798766489449925e-06,-1.9431380141135977e-05,-4.756379268663225e-08,-8.991253690902172e-06,-1.98797115388832e-05,-4.976171872109479e-08,-9.185567501903688e-06,-2.033312381146349e-05,-5.203491167933681e-08,-9.381699592693992e-06,-2.0791615498530173e-05,0.4500000000000001
-3.4147244466529164e-08,-7.682669080275081e-06,-1.6848169843576874e-05,-3.586421922287052e-08,-7.864021463301225e-06,-1.7265986241548892e-05,-3.764511300899636e-08,-8.047250522706236e-06,-1.7688891932704097e-05,-3.949149062055802e-08,-8.23234790367829e-06,-1.8116885554927786e-05,-4.140493564145266e-08,-8.419305255496897e-06,-1.8549965729721633e-05,-4.338705043736504e-08,-8.608114231566473e-06,-1.8988131062208295e-05,-4.543945614923231e-08,-8.798766489449925e-06,-1.9431380141135977e-05,-4.756379268663225e-08,-8.991253690902172e-06,-1.98797115388832e-05,-4.976171872109479e-08,-9.185567501903688e-06,-2.033312381146349e-05,-5.203491167933681e-08,-9.381699592693992e-06,-2.0791615498530173e-05,0.4500000000000001
-3.4147244466529164e-08,-7.682669080275081e-06,-1.6848169843576874e-05,-3.586421922287052e-08,-7.864021463301225e-06,-1.7265986241548892e-05,-3.764511300899636e-08,-8.047250522706236e-06,-1.7688891932704097e-05,-3.949149062055802e-08,-8.23234790367829e-06,-1.8116885554927786e-05,-4.140493564145266e-08,-8.419305255496897e-06,-1.8549965729721633e-05,-4.338705043736504e-08,-8.608114231566473e-06,-1.8988131062208295e-05,-4.543945614923231e-08,-8.798766489449925e-06,-1.9431380141135977e-05,-4.756379268663225e-08,-8.991253690902172e-06,-1.98797115388832e-05,-4.976171872109479e-08,-9.185567501903688e-06,-2.033312381146349e-05,-5.203491167933681e-08,-9.381699592693992e-06,-2.0791615498530173e-05,0.4500000000000001
-3.4147244466529164e-08,-7.682669080275081e-06,-1.6848169843576874e-05,-3.586421922287052e-08,-7.864021463301225e-06,-1.7265986241548892e-05,-3.764511300899636e-08,-8.047250522706236e-06,-1.7688891932704097e-05,-3.949149062055802e-08,-8.23234790367829e-06,-1.8116885554927786e-05,-4.140493564145266e-08,-8.419305255496897e-06,-1.8549965729721633e-05,-4.338705043736504e-08,-8.608114231566473e-06,-1.8988131062208295e-05,-4.543945614923231e-08,-8.798766489449925e-06,-1.9431380141135977e-05,-4.756379268663225e-08,-8.991253690902172e-06,-1.98797115388832e-05,-4.976171872109479e-08,-9.185567501903688e-06,-2.033312381146349e-05,-5.203491167933681e-08,-9.381699592693992e-06,-2.0791615498530173e-05,0.4500000000000001
-3.4147244466529164e-08,-7.682669080275081e-06,-1.6848169843576874e-05,-3.586421922287052e-08,-7.864021463301225e-06,-1.7265986241548892e-05,-3.764511300899636e-08,-8.047250522706236e-06,-1.7688891932704097e-05,-3.949149062055802e-08,-8.23234790367829e-06,-1.8116885554927786e-05,-4.140493564145266e-08,-8.419305255496897e-06,-1.8549965729721633e-05,-4.338705043736504e-08,-8.608114231566473e-06,-1.8988131062208295e-05,-4.543945614923231e-08,-8.798766489449925e-06,-1.9431380141135977e-05,-4.756379268663225e-08,-8.991253690902172e-06,-1.98797115388832e-05,-4.976171872109479e-08,-9.185567501903688e-06,-2.033312381146349e-05,-5.203491167933681e-08,-9.381699592693992e-06,-2.0791615498530173e-05,0.4500000000000001
-3.4147244466529164e-08,-7.682669080275081e-06,-1.6848169843576874e-05,-3.586421922287052e-08,-7.864021463301225e-06,-1.7265986241548892e-05,-3.764511300899636e-08,-8.047250522706236e-06,-1.7688891932704097e-05,-3.949149062055802e-08,-8.23234790367829e-06,-1.8116885554927786e-05,-4.140493564145266e-08,-8.419305255496897e-06,-1.8549965729721633e-05,-4.338705043736504e-08,-8.608114231566473e-06,-1.8988131062208295e-05,-4.543945614923231e-08,-8.798766489449925e-06,-1.9431380141135977e-05,-4.756379268663225e-08,-8.991253690902172e-06,-1.98797115388832e-05,-4.976171872109479e-08,-9.185567501903688e-06,-2.033312381146349e-05,-5.203491167933681e-08,-9.381699592693992e-06,-2.0791615498530173e-05,0.4500000000000001
-3.4147244466529164e-08,-7.682669080275081e-06,-1.6848169843576874e-05,-3.586421922287052e-08,-7.864021463301225e-06,-1.7265986241548892e-05,-3.764511300899636e-08,-8.047250522706236e-06,-1.7688891932704097e-05,-3.949149062055802e-08,-8.23234790367829e-06,-1.8116885554927786e-05,-4.140493564145266e-08,-8.419305255496897e-06,-1.8549965729721633e-05,-4.338705043736504e-08,-8.608114231566473e-06,-1.8988131062208295e-05,-4.543945614923231e-08,-8.798766489449925e-06,-1.9431380141135977e-05,-4.756379268663225e-08,-8.991253690902172e-06,-1.98797115388832e-05,-4.976171872109479e-08,-9.185567501903688e-06,-2.033312381146349e-05,-5.203491167933681e-08,-9.381699592693992e-06,-2.0791615498530173e-05,0.4500000000000001
-3.4147244466529164e-08,-7.682669080275081e-06,-1.6848169843576874e-05,-3.586421922287052e-08,-7.864021463301225e-06,-1.7265986241548892e-05,-3.764511300899636e-08,-8.047250522706236e-06,-1.7688891932704097e-05,-3.949149062055802e-08,-8.23234790367829e-06,-1.8116885554927786e-05,-4.140493564145266e-08,-8.419305255496897e-06,-1.8549965729721633e-05,-4.338705043736504e-08,-8.608114231566473e-06,-1.8988131062208295e-05,-4.543945614923231e-08,-8.798766489449925e-06,-1.9431380141135977e-05,-4.756379268663225e-08,-8.991253690902172e-06,-1.98797115388832e-05,-4.976171872109479e-08,-9.185567501903688e-06,-2.033312381146349e-05,-5.203491167933681e-08,-9.381699592693992e-06,-2.0791615498530173e-05,0.4500000000000001
-3.4147244466529164e-08,-7.682669080275081e-06,-1.6848169843576874e-05,-3.586421922287052e-08,-7.864021463301225e-06,-1.7265986241548892e-05,-3.764511300899636e-08,-8.047250522706236e-06,-1.7688891932704097e-05,-3.949149062055802e-08,-8.23234790367829e-06,-1.8116885554927786e-05,-4.140493564145266e-08,-8.419305255496897e-06,-1.8549965729721633e-05,-4.338705043736504e-08,-8.608114231566473e-06,-1.8988131062208295e-05,-4.543945614923231e-08,-8.798766489449925e-06,-1.9431380141135977e-05,-4.756379268663225e-08,-8.991253690902172e-06,-1.98797115388832e-05,-4.976171872109479e-08,-9.185567501903688e-06,-2.033312381146349e-05,-5.203491167933681e-08,-9.381699592693992e-06,-2.0791615498530173e-05,0.4500000000000001
-3.4147244466529164e-08,-7.682669080275081e-06,-1.6848169843576874e-05,-3.586421922287052e-08,-7.864021463301225e-06,-1.7265986241548892e-05,-3.764511300899636e-08,-8.047250522706236e-06,-1.7688891932704097e-05,-3.949149062055802e-08,-8.23234790367829e-06,-1.8116885554927786e-05,-4.140493564145266e-08,-8.419305255496897e-06,-1.8549965729721633e-05,-4.338705043736504e-08,-8.608114231566473e-06,-1.8988131062208295e-05,-4.543945614923231e-08,-8.798766489449925e-06,-1.9431380141135977e-05,-4.756379268663225e-08,-8.991253690902172e-06,-1.98797115388832e-05,-4.976171872109479e-08,-9.185567501903688e-06,-2.033312381146349e-05,-5.203491167933681e-08,-9.381699592693992e-06,-2.0791615498530173e-05,0.4500000000000001
-3.4147244466529164e-08,-7.682669080275081e-06,-1.6848169843576874e-05,-3.586421922287052e-08,-7.864021463301225e-06,-1.7265986241548892e-05,-3.764511300899636e-08,-8.047250522706236e-06,-1.7688891932704097e-05,-3.949149062055802e-08,-8.23234790367829e-06,-1.8116885554927786e-05,-4.140493564145266e-08,-8.419305255496897e-06,-1.8549965729721633e-05,-4.338705043736504e-08,-8.608114231566473e-06,-1.8988131062208295e-05,-4.543945614923231e-08,-8.798766489449925e-06,-1.9431380141135977e-05,-4.756379268663225e-08,-8.991253690902172e-06,-1.98797115388832e-05,-4.976171872109479e-08,-9.185567501903688e-06,-2.033312381146349e-05,-5.203491167933681e-08,-9.381699592693992e-06,-2.0791615498530173e-05,0.4500000000000001
-3.4147244466529164e-08,-7.682669080275081e-06,-1.6848169843576874e-05,-3.586421922287052e-08,-7.864021463301225e-06,-1.7265986241548892e-05,-3.764511300899636e-08,-8.047250522706236e-06,-1.7688891932704097e-05,-3.949149062055802e-08,-8.23234790367829e-06,-1.8116885554927786e-05,-4.140493564145266e-08,-8.419305255496897e-06,-1.8549965729721633e-05,-4.338705043736504e-08,-8.608114231566473e-06,-1.8988131062208295e-05,-4.543945614923231e-08,-8.798766489449925e-06,-1.9431380141135977e-05,-4.756379268663225e-08,-8.991253690902172e-06,-1.98797115388832e-05,-4.976171872109479e-08,-9.185567501903688e-06,-2.033312381146349e-05,-5.203491167933681e-08,-9.381699592693992e-06,-2.0791615498530173e-05,0.4500000000000001
-3.4147244466529164e-08,-7.682669080275081e-06,-1.6848169843576874e-05,-3.586421922287052e-08,-7.864021463301225e-06,-1.7265986241548892e-05,-3.764511300899636e-08,-8.047250522706236e-06,-1.7688891932704097e-05,-3.949149062055802e-08,-8.23234790367829e-06,-1.8116885554927786e-05,-4.140493564145266e-08,-8.419305255496897e-06,-1.8549965729721633e-05,-4.338705043736504e-08,-8.608114231566473e-06,-1.8988131062208295e-05,-4.543945614923231e-08,-8.798766489449925e-06,-1.9431380141135977e-05,-4.756379268663225e-08,-8.991253690902172e-06,-1.98797115388832e-05,-4.976171872109479e-08,-9.185567501903688e-06,-2.033312381146349e-05,-5.203491167933681e-08,-9.381699592693992e-06,-2.0791615498530173e-05,0.4500000000000001
-3.4147244466529164e-08,-7.682669080275081e-06,-1.6848169843576874e-05,-3.586421922287052e-08,-7.864021463301225e-06,-1.7265986241548892e-05,-3.764511300899636e-08,-8.047250522706236e-06,-1.7688891932704097e-05,-3.949149062055802e-08,-8.23234790367829e-06,-1.8116885554927786e-05,-4.140493564145266e-08,-8.419305255496897e-06,-1.8549965729721633e-05,-4.338705043736504e-08,-8.608114231566473e-06,-1.8988131062208295e-05,-4.543945614923231e-08,-8.798766489449925e-06,-1.9431380141135977e-05,-4.756379268663225e-08,-8.991253690902172e-06,-1.98797115388832e-05,-4.976171872109479e-08,-9.185567501903688e-06,-2.033312381146349e-05,-5.203491167933681e-08,-9.381699592693992e-06,-2.0791615498530173e-05,0.4500000000000001
-3.4147244466529164e-08,-7.682669080275081e-06,-1.6848169843576874e-05,-3.586421922287052e-08,-7.864021463301225e-06,-1.7265986241548892e-05,-3.764511300899636e-08,-8.047250522706236e-06,-1.7688891932704097e-05,-3.949149062055802e-08,-8.23234790367829e-06,-1.8116885554927786e-05,-4.140493564145266e-08,-8.419305255496897e-06,-1.8549965729721633e-05,-4.338705043736504e-08,-8.608114231566473e-06,-1.8988131062208295e-05,-4.543945614923231e-08,-8.798766489449925e-06,-1.9431380141135977e-05,-4.756379268663225e-08,-8.991253690902172e-06,-1.98797115388832e-05,-4.976171872109479e-08,-9.185567501903688e-06,-2.033312381146349e-05,-5.203491167933681e-08,-9.381699592693992e-06,-2.0791615498530173e-05,0.4500000000000001
-3.4147244466529164e-08,-7.682669080275081e-06,-1.6848169843576874e-05,-3.586421922287052e-08,-7.864021463301225e-06,-1.7265986241548892e-05,-3.764511300899636e-08,-8.047250522706236e-06,-1.7688891932704097e-05,-3.949149062055802e-08,-8.23234790367829e-06,-1.8116885554927786e-05,-4.140493564145266e-08,-8.419305255496897e-06,-1.8549965729721633e-05,-4.338705043736504e-08,-8.608114231566473e-06,-1.8988131062208295e-05,-4.543945614923231e-08,-8.798766489449925e-06,-1.9431380141135977e-05,-4.756379268663225e-08,-8.991253690902172e-06,-1.98797115388832e-05,-4.976171872109479e-08,-9.185567501903688e-06,-2.033312381146349e-05,-5.203491167933681e-08,-9.381699592693992e-06,-2.0791615498530173e-05,0.4500000000000001
-3.4147244466529164e-08,-7.682669080275081e-06,-1.6848169843576874e-05,-3.586421922287052e-08,-7.864021463301225e-06,-1.7265986241548892e-05,-3.764511300899636e-08,-8.047250522706236e-06,-1.7688891932704097e-05,-3.949149062055802e-08,-8.23234790367829e-06,-1.8116885554927786e-05,-4.140493564145266e-08,-8.419305255496897e-06,-1.8549965729721633e-05,-4.338705043736504e-08,-8.608114231566473e-06,-1.8988131062208295e-05,-4.543945614923231e-08,-8.798766489449925e-06,-1.9431380141135977e-05,-4.756379268663225e-08,-8.991253690902172e-06,-1.98797115388832e-05,-4.976171872109479e-08,-9.185567501903688e-06,-2.033312381146349e-05,-5.203491167933681e-08,-9.381699592693992e-06,-2.0791615498530173e-05,0.4500000000000001
-3.4147244466529164e-08,-7.682669080275081e-06,-1.6848169843576874e-05,-3.586421922287052e-08,-7.864021463301225e-06,-1.7265986241548892e-05,-3.764511300899636e-08,-8.047250522706236e-06,-1.7688891932704097e-05,-3.949149062055802e-08,-8.23234790367829e-06,-1.8116885554927786e-05,-4.140493564145266e-08,-8.419305255496897e-06,-1.8549965729721633e-05,-4.338705043736504e-08,-8.608114231566473e-06,-1.8988131062208295e-05,-4.543945614923231e-08,-8.798766489449925e-06,-1.9431380141135977e-05,-4.756379268663225e-08,-8.991253690902172e-06,-1.98797115388832e-05,-4.976171872109479e-08,-9.185567501903688e-06,-2.033312381146349e-05,-5.203491167933681e-08,-9.381699592693992e-06,-2.0791615498530173e-05,0.4500000000000001
-3.4147244466529164e-08,-7.682669080275081e-06,-1.6848169843576874e-05,-3.586421922287052e-08,-7.864021463301225e-06,-1.7265986241548892e-05,-3.764511300899636e-08,-8.047250522706236e-06,-1.7688891932704097e-05,-3.949149062055802e-08,-8.23234790367829e-06,-1.8116885554927786e-05,-4.140493564145266e-08,-8.419305255496897e-06,-1.8549965729721633e-05,-4.338705043736504e-08,-8.608114231566473e-06,-1.8988131062208295e-05,-4.543945614923231e-08,-8.798766489449925e-06,-1.9431380141135977e-05,-4.756379268663225e-08,-8.991253690902172e-06,-1.98797115388832e-05,-4.976171872109479e-08,-9.185567501903688e-06,-2.033312381146349e-05,-5.203491167933681e-08,-9.381699592693992e-06,-2.0791615498530173e-05,0.4500000000000001
-3.4147244466529164e-08,-7.682669080275081e-06,-1.6848169843576874e-05,-3.586421922287052e-08,-7.864021463301225e-06,-1.7265986241548892e-05,-3.764511300899636e-08,-8.047250522706236e-06,-1.7688891932704097e-05,-3.949149062055802e-08,-8.23234790367829e-06,-1.8116885554927786e-05,-4.140493564145266e-08,-8.419305255496897e-06,-1.8549965729721633e-05,-4.338705043736504e-08,-8.608114231566473e-06,-1.8988131062208295e-05,-4.543945614923231e-08,-8.798766489449925e-06,-1.9431380141135977e-05,-4.756379268663225e-08,-8.991253690902172e-06,-1.98797115388832e-05,-4.976171872109479e-08,-9.185567501903688e-06,-2.033312381146349e-05,-5.203491167933681e-08,-9.381699592693992e-06,-2.0791615498530173e-05,0.4500000000000001
-3.4147244466529164e-08,-7.682669080275081e-06,-1.6848169843576874e-05,-3.586421922287052e-08,-7.864021463301225e-06,-1.7265986241548892e-05,-3.764511300899636e-08,-8.047250522706236e-06,-1.7688891932704097e-05,-3.949149062055802e-08,-8.23234790367829e-06,-1.8116885554927786e-05,-4.140493564145266e-08,-8.419305255496897e-06,-1.8549965729721633e-05,-4.338705043736504e-08,-8.608114231566473e-06,-1.8988131062208295e-05,-4.543945614923231e-08,-8.798766489449925e-06,-1.9431380141135977e-05,-4.756379268663225e-08,-8.991253690902172e-06,-1.98797115388832e-05,-4.976171872109479e-08,-9.185567501903688e-06,-2.033312381146349e-05,-5.203491167933681e-08,-9.381699592693992e-06,-2.0791615498530173e-05,0.4500000000000001
-3.4147244466529164e-08,-7.682669080275081e-06,-1.6848169843576874e-05,-3.586421922287052e-08,-7.864021463301225e-06,-1.7265986241548892e-05,-3.764511300899636e-08,-8.047250522706236e-06,-1.7688891932704097e-05,-3.949149062055802e-08,-8.23234790367829e-06,-1.8116885554927786e-05,-4.140493564145266e-08,-8.419305255496897e-06,-1.8549965729721633e-05,-4.338705043736504e-08,-8.608114231566473e-06,-1.8988131062208295e-05,-4.543945614923231e-08,-8.798766489449925e-06,-1.9431380141135977e-05,-4.756379268663225e-08,-8.991253690902172e-06,-1.98797115388832e-05,-4.976171872109479e-08,-9.185567501903688e-06,-2.033312381146349e-05,-5.203491167933681e-08,-9.381699592693992e-06,-2.0791615498530173e-05,0.4500000000000001
-3.4147244466529164e-08,-7.682669080275081e-06,-1.6848169843576874e-05,-3.586421922287052e-08,-7.864021463301225e-06,-1.7265986241548892e-05,-3.764511300899636e-08,-8.047250522706236e-06,-1.7688891932704097e-05,-3.949149062055802e-08,-8.23234790367829e-06,-1.8116885554927786e-05,-4.140493564145266e-08,-8.419305255496897e-06,-1.8549965729721633e-05,-4.338705043736504e-08,-8.608114231566473e-06,-1.8988131062208295e-05,-4.543945614923231e-08,-8.798766489449925e-06,-1.9431380141135977e-05,-4.756379268663225e-08,-8.991253690902172e-06,-1.98797115388832e-05,-4.976171872109479e-08,-9.185567501903688e-06,-2.033312381146349e-05,-5.203491167933681e-08,-9.381699592693992e-06,-2.0791615498530173e-05,0.4500000000000001
-3.4147244466529164e-08,-7.682669080275081e-06,-1.6848169843576874e-05,-3.586421922287052e-08,-7.864021463301225e-06,-1.7265986241548892e-05,-3.764511300899636e-08,-8.047250522706236e-06,-1.7688891932704097e-05,-3.949149062055802e-08,-8.23234790367829e-06,-1.8116885554927786e-05,-4.140493564145266e-08,-8.419305255496897e-06,-1.8549965729721633e-05,-4.338705043736504e-08,-8.608114231566473e-06,-1.8988131062208295e-05,-4.543945614923231e-08,-8.798766489449925e-06,-1.9431380141135977e-05,-4.756379268663225e-08,-8.991253690902172e-06,-1.98797115388832e-05,-4.976171872109479e-08,-9.185567501903688e-06,-2.033312381146349e-05,-5.203491167933681e-08,-9.381699592693992e-06,-2.0791615498530173e-05,0.4500000000000001
-3.4147244466529164e-08,-7.682669080275081e-06,-1.6848169843576874e-05,-3.586421922287052e-08,-7.864021463301225e-06,-1.7265986241548892e-05,-3.764511300899636e-08,-8.047250522706236e-06,-1.7688891932704097e-05,-3.949149062055802e-08,-8.23234790367829e-06,-1.8116885554927786e-05,-4.140493564145266e-08,-8.419305255496897e-06,-1.8549965729721633e-05,-4.338705043736504e-08,-8.608114231566473e-06,-1.8988131062208295e-05,-4.543945614923231e-08,-8.798766489449925e-06,-1.9431380141135977e-05,-4.756379268663225e-08,-8.991253690902172e-06,-1.98797115388832e-05,-4.976171872109479e-08,-9.185567501903688e-06,-2.033312381146349e-05,-5.203491167933681e-08,-9.381699592693992e-06,-2.0791615498530173e-05,0.4500000000000001
-3.4147244466529164e-08,-7.682669080275081e-06,-1.6848169843576874e-05,-3.586421922287052e-08,-7.864021463301225e-06,-1.7265986241548892e-05,-3.764511300899636e-08,-8.047250522706236e-06,-1.7688891932704097e-05,-3.949149062055802e-08,-8.23234790367829e-06,-1.8116885554927786e-05,-4.140493564145266e-08,-8.419305255496897e-06,-1.8549965729721633e-05,-4.338705043736504e-08,-8.608114231566473e-06,-1.8988131062208295e-05,-4.543945614923231e-08,-8.798766489449925e-06,-1.9431380141135977e-05,-4.756379268663225e-08,-8.991253690902172e-06,-1.98797115388832e-05,-4.976171872109479e-08,-9.185567501903688e-06,-2.033312381146349e-05,-5.203491167933681e-08,-9.381699592693992e-06,-2.0791615498530173e-05,0.4500000000000001
-3.4147244466529164e-08,-7.682669080275081e-06,-1.6848169843576874e-05,-3.586421922287052e-08,-7.864021463301225e-06,-1.7265986241548892e-05,-3.764511300899636e-08,-8.047250522706236e-06,-1.7688891932704097e-05,-3.949149062055802e-08,-8.23234790367829e-06,-1.8116885554927786e-05,-4.140493564145266e-08,-8.419305255496897e-06,-1.8549965729721633e-05,-4.338705043736504e-08,-8.608114231566473e-06,-1.8988131062208295e-05,-4.543945614923231e-08,-8.798766489449925e-06,-1.9431380141135977e-05,-4.756379268663225e-08,-8.991253690902172e-06,-1.98797115388832e-05,-4.976171872109479e-08,-9.185567501903688e-06,-2.033312381146349e-05,-5.203491167933681e-08,-9.381699592693992e-06,-2.0791615498530173e-05,0.4500000000000001
-3.4147244466529164e-08,-7.682669080275081e-06,-1.6848169843576874e-05,-3.586421922287052e-08,-7.864021463301225e-06,-1.7265986241548892e-05,-3.764511300899636e-08,-8.047250522706236e-06,-1.7688891932704097e-05,-3.949149062055802e-08,-8.23234790367829e-06,-1.8116885554927786e-05,-4.140493564145266e-08,-8.419305255496897e-06,-1.8549965729721633e-05,-4.338705043736504e-08,-8.608114231566473e-06,-1.8988131062208295e-05,-4.543945614923231e-08,-8.798766489449925e-06,-1.9431380141135977e-05,-4.756379268663225e-08,-8.991253690902172e-06,-1.98797115388832e-05,-4.976171872109479e-08,-9.185567501903688e-06,-2.033312381146349e-05,-5.203491167933681e-08,-9.381699592693992e-06,-2.0791615498530173e-05,0.4500000000000001
-3.4147244466529164e-08,-7.682669080275081e-06,-1.6848169843576874e-05,-3.586421922287052e-08,-7.864021463301225e-06,-1.7265986241548892e-05,-3.764511300899636e-08,-8.047250522706236e-06,-1.7688891932704097e-05,-3.949149062055802e-08,-8.23234790367829e-06,-1.8116885554927786e-05,-4.140493564145266e-08,-8.419305255496897e-06,-1.8549965729721633e-05,-4.338705043736504e-08,-8.608114231566473e-06,-1.8988131062208295e-05,-4.543945614923231e-08,-8.798766489449925e-06,-1.9431380141135977e-05,-4.756379268663225e-08,-8.991253690902172e-06,-1.98797115388832e-05,-4.976171872109479e-08,-9.185567501903688e-06,-2.033312381146349e-05,-5.203491167933681e-08,-9.381699592693992e-06,-2.0791615498530173e-05,0.4500000000000001
-3.4147244466529164e-08,-7.682669080275081e-06,-1.6848169843576874e-05,-3.586421922287052e-08,-7.864021463301225e-06,-1.7265986241548892e-05,-3.764511300899636e-08,-8.047250522706236e-06,-1.7688891932704097e-05,-3.949149062055802e-08,-8.23234790367829e-06,-1.8116885554927786e-05,-4.140493564145266e-08,-8.419305255496897e-06,-1.8549965729721633e-05,-4.338705043736504e-08,-8.608114231566473e-06,-1.8988131062208295e-05,-4.543945614923231e-08,-8.798766489449925e-06,-1.9431380141135977e-05,-4.756379268663225e-08,-8.991253690902172e-06,-1.98797115388832e-05,-4.976171872109479e-08,-9.185567501903688e-06,-2.033312381146349e-05,-5.203491167933681e-08,-9.381699592693992e-06,-2.0791615498530173e-05,0.4500000000000001
-3.4147244466529164e-08,-7.682669080275081e-06,-1.6848169843576874e-05,-3.586421922287052e-08,-7.864021463301225e-06,-1.7265986241548892e-05,-3.764511300899636e-08,-8.047250522706236e-06,-1.7688891932704097e-05,-3.949149062055802e-08,-8.23234790367829e-06,-1.8116885554927786e-05,-4.140493564145266e-08,-8.419305255496897e-06,-1.8549965729721633e-05,-4.338705043736504e-08,-8.608114231566473e-06,-1.8988131062208295e-05,-4.543945614923231e-08,-8.798766489449925e-06,-1.9431380141135977e-05,-4.756379268663225e-08,-8.991253690902172e-06,-1.98797115388832e-05,-4.976171872109479e-08,-9.185567501903688e-06,-2.033312381146349e-05,-5.203491167933681e-08,-9.381699592693992e-06,-2.0791615498530173e-05,0.4500000000000001
-3.4147244466529164e-08,-7.682669080275081e-06,-1.6848169843576874e-05,-3.586421922287052e-08,-7.864021463301225e-06,-1.7265986241548892e-05,-3.764511300899636e-08,-8.047250522706236e-06,-1.7688891932704097e-05,-3.949149062055802e-08,-8.23234790367829e-06,-1.8116885554927786e-05,-4.140493564145266e-08,-8.419305255496897e-06,-1.8549965729721633e-05,-4.338705043736504e-08,-8.608114231566473e-06,-1.8988131062208295e-05,-4.543945614923231e-08,-8.798766489449925e-06,-1.9431380141135977e-05,-4.756379268663225e-08,-8.991253690902172e-06,-1.98797115388832e-05,-4.976171872109479e-08,-9.185567501903688e-06,-2.033312381146349e-05,-5.203491167933681e-08,-9.381699592693992e-06,-2.0791615498530173e-05,0.4500000000000001
-3.4147244466529164e-08,-7.682669080275081e-06,-1.6848169843576874e-05,-3.586421922287052e-08,-7.864021463301225e-06,-1.7265986241548892e-05,-3.764511300899636e-08,-8.047250522706236e-06,-1.7688891932704097e-05,-3.949149062055802e-08,-8.23234790367829e-06,-1.8116885554927786e-05,-4.140493564145266e-08,-8.419305255496897e-06,-1.8549965729721633e-05,-4.338705043736504e-08,-8.608114231566473e-06,-1.8988131062208295e-05,-4.543945614923231e-08,-8.798766489449925e-06,-1.9431380141135977e-05,-4.756379268663225e-08,-8.991253690902172e-06,-1.98797115388832e-05,-4.976171872109479e-08,-9.185567501903688e-06,-2.033312381146349e-05,-5.203491167933681e-08,-9.381699592693992e-06,-2.0791615498530173e-05,0.4500000000000001
-3.4147244466529164e-08,-7.682669080275081e-06,-1.6848169843576874e-05,-3.586421922287052e-08,-7.864021463301225e-06,-1.7265986241548892e-05,-3.764511300899636e-08,-8.047250522706236e-06,-1.7688891932704097e-05,-3.949149062055802e-08,-8.23234790367829e-06,-1.8116885554927786e-05,-4.140493564145266e-08,-8.419305255496897e-06,-1.8549965729721633e-05,-4.338705043736504e-08,-8.608114231566473e-06,-1.8988131062208295e-05,-4.543945614923231e-08,-8.798766489449925e-06,-1.9431380141135977e-05,-4.756379268663225e-08,-8.991253690902172e-06,-1.98797115388832e-05,-4.976171872109479e-08,-9.185567501903688e-06,-2.033312381146349e-05,-5.203491167933681e-08,-9.381699592693992e-06,-2.0791615498530173e-05,0.4500000000000001
-3.4147244466529164e-08,-7.682669080275081e-06,-1.6848169843576874e-05,-3.586421922287052e-08,-7.864021463301225e-06,-1.7265986241548892e-05,-3.764511300899636e-08,-8.047250522706236e-06,-1.7688891932704097e-05,-3.949149062055802e-08,-8.23234790367829e-06,-1.8116885554927786e-05,-4.140493564145266e-08,-8.419305255496897e-06,-1.8549965729721633e-05,-4.338705043736504e-08,-8.608114231566473e-06,-1.8988131062208295e-05,-4.543945614923231e-08,-8.798766489449925e-06,-1.9431380141135977e-05,-4.756379268663225e-08,-8.991253690902172e-06,-1.98797115388832e-05,-4.976171872109479e-08,-9.185567501903688e-06,-2.033312381146349e-05,-5.203491167933681e-08,-9.381699592693992e-06,-2.0791615498530173e-05,0.4500000000000001
-3.4147244466529164e-08,-7.682669080275081e-06,-1.6848169843576874e-05,-3.586421922287052e-08,-7.864021463301225e-06,-1.7265986241548892e-05,-3.764511300899636e-08,-8.047250522706236e-06,-1.7688891932704097e-05,-3.949149062055802e-08,-8.23234790367829e-06,-1.8116885554927786e-05,-4.140493564145266e-08,-8.419305255496897e-06,-1.8549965729721633e-05,-4.338705043736504e-08,-8.608114231566473e-06,-1.8988131062208295e-05,-4.543945614923231e-08,-8.798766489449925e-06,-1.9431380141135977e-05,-4.756379268663225e-08,-8.991253690902172e-06,-1.98797115388832e-05,-4.976171872109479e-08,-9.185567501903688e-06,-2.033312381146349e-05,-5.203491167933681e-08,-9.381699592693992e-06,-2.0791615498530173e-05,0.4500000000000001
-3.4147244466529164e-08,-7.682669080275081e-06,-1.6848169843576874e-05,-3.586421922287052e-08,-7.864021463301225e-06,-1.7265986241548892e-05,-3.764511300899636e-08,-8.047250522706236e-06,-1.7688891932704097e-05,-3.949149062055802e-08,-8.23234790367829e-06,-1.8116885554927786e-05,-4.140493564145266e-08,-8.419305255496897e-06,-1.8549965729721633e-05,-4.338705043736504e-08,-8.608114231566473e-06,-1.8988131062208295e-05,-4.543945614923231e-08,-8.798766489449925e-06,-1.9431380141135977e-05,-4.756379268663225e-08,-8.991253690902172e-06,-1.98797115388832e-05,-4.976171872109479e-08,-9.185567501903688e-06,-2.033312381146349e-05,-5.203491167933681e-08,-9.381699592693992e-06,-2.0791615498530173e-05,0.4500000000000001
-3.4147244466529164e-08,-7.682669080275081e-06,-1.6848169843576874e-05,-3.586421922287052e-08,-7.864021463301225e-06,-1.7265986241548892e-05,-3.764511300899636e-08,-8.047250522706236e-06,-1.7688891932704097e-05,-3.949149062055802e-08,-8.23234790367829e-06,-1.8116885554927786e-05,-4.140493564145266e-08,-8.419305255496897e-06,-1.8549965729721633e-05,-4.338705043736504e-08,-8.608114231566473e-06,-1.8988131062208295e-05,-4.543945614923231e-08,-8.798766489449925e-06,-1.9431380141135977e-05,-4.756379268663225e-08,-8.991253690902172e-06,-1.98797115388832e-05,-4.976171872109479e-08,-9.185567501903688e-06,-2.033312381146349e-05,-5.203491167933681e-08,-9.381699592693992e-06,-2.0791615498530173e-05,0.4500000000000001
-3.4147244466529164e-08,-7.682669080275081e-06,-1.6848169843576874e-05,-3.586421922287052e-08,-7.864021463301225e-06,-1.7265986241548892e-05,-3.764511300899636e-08,-8.047250522706236e-06,-1.7688891932704097e-05,-3.949149062055802e-08,-8.23234790367829e-06,-1.8116885554927786e-05,-4.140493564145266e-08,-8.419305255496897e-06,-1.8549965729721633e-05,-4.338705043736504e-08,-8.608114231566473e-06,-1.8988131062208295e-05,-4.543945614923231e-08,-8.798766489449925e-06,-1.9431380141135977e-05,-4.756379268663225e-08,-8.991253690902172e-06,-1.98797115388832e-05,-4.976171872109479e-08,-9.185567501903688e-06,-2.033312381146349e-05,-5.203491167933681e-08,-9.381699592693992e-06,-2.0791615498530173e-05,0.4500000000000001
-3.4147244466529164e-08,-7.682669080275081e-06,-1.6848169843576874e-05,-3.586421922287052e-08,-7.864021463301225e-06,-1.7265986241548892e-05,-3.764511300899636e-08,-8.047250522706236e-06,-1.7688891932704097e-05,-3.949149062055802e-08,-8.23234790367829e-06,-1.8116885554927786e-05,-4.140493564145266e-08,-8.419305255496897e-06,-1.8549965729721633e-05,-4.338705043736504e-08,-8.608114231566473e-06,-1.8988131062208295e-05,-4.543945614923231e-08,-8.798766489449925e-06,-1.9431380141135977e-05,-4.756379268663225e-08,-8.991253690902172e-06,-1.98797115388832e-05,-4.976171872109479e-08,-9.185567501903688e-06,-2.033312381146349e-05,-5.203491167933681e-08,-9.381699592693992e-06,-2.0791615498530173e-05,0.4500000000000001
-3.4147244466529164e-08,-7.682669080275081e-06,-1.6848169843576874e-05,-3.586421922287052e-08,-7.864021463301225e-06,-1.7265986241548892e-05,-3.764511300899636e-08,-8.047250522706236e-06,-1.7688891932704097e-05,-3.949149062055802e-08,-8.23234790367829e-06,-1.8116885554927786e-05,-4.140493564145266e-08,-8.419305255496897e-06,-1.8549965729721633e-05,-4.338705043736504e-08,-8.608114231566473e-06,-1.8988131062208295e-05,-4.543945614923231e-08,-8.798766489449925e-06,-1.9431380141135977e-05,-4.756379268663225e-08,-8.991253690902172e-06,-1.98797115388832e-05,-4.976171872109479e-08,-9.185567501903688e-06,-2.033312381146349e-05,-5.203491167933681e-08,-9.381699592693992e-06,-2.0791615498530173e-05,0.4500000000000001
-3.4147244466529164e-08,-7.682669080275081e-06,-1.6848169843576874e-05,-3.586421922287052e-08,-7.864021463301225e-06,-1.7265986241548892e-05,-3.764511300899636e-08,-8.047250522706236e-06,-1.7688891932704097e-05,-3.949149062055802e-08,-8.23234790367829e-06,-1.8116885554927786e-05,-4.140493564145266e-08,-8.419305255496897e-06,-1.8549965729721633e-05,-4.338705043736504e-08,-8.608114231566473e-06,-1.8988131062208295e-05,-4.543945614923231e-08,-8.798766489449925e-06,-1.9431380141135977e-05,-4.756379268663225e-08,-8.991253690902172e-06,-1.98797115388832e-05,-4.976171872109479e-08,-9.185567501903688e-06,-2.033312381146349e-05,-5.203491167933681e-08,-9.381699592693992e-06,-2.0791615498530173e-05,0.4500000000000001
-3.4147244466529164e-08,-7.682669080275081e-06,-1.6848169843576874e-05,-3.586421922287052e-08,-7.864021463301225e-06,-1.7265986241548892e-05,-3.764511300899636e-08,-8.047250522706236e-06,-1.7688891932704097e-05,-3.949149062055802e-08,-8.23234790367829e-06,-1.8116885554927786e-05,-4.140493564145266e-08,-8.419305255496897e-06,-1.8549965729721633e-05,-4.338705043736504e-08,-8.608114231566473e-06,-1.8988131062208295e-05,-4.543945614923231e-08,-8.798766489449925e-06,-1.9431380141135977e-05,-4.756379268663225e-08,-8.991253690902172e-06,-1.98797115388832e-05,-4.976171872109479e-08,-9.185567501903688e-06,-2.033312381146349e-05,-5.203491167933681e-08,-9.381699592693992e-06,-2.0791615498530173e-05,0.4500000000000001
-3.4147244466529164e-08,-7.682669080275081e-06,-1.6848169843576874e-05,-3.586421922287052e-08,-7.864021463301225e-06,-1.7265986241548892e-05,-3.764511300899636e-08,-8.047250522706236e-06,-1.7688891932704097e-05,-3.949149062055802e-08,-8.23234790367829e-06,-1.8116885554927786e-05,-4.140493564145266e-08,-8.419305255496897e-06,-1.8549965729721633e-05,-4.338705043736504e-08,-8.608114231566473e-06,-1.8988131062208295e-05,-4.543945614923231e-08,-8.798766489449925e-06,-1.9431380141135977e-05,-4.756379268663225e-08,-8.991253690902172e-06,-1.98797115388832e-05,-4.976171872109479e-08,-9.185567501903688e-06,-2.033312381146349e-05,-5.203491167933681e-08,-9.381699592693992e-06,-2.0791615498530173e-05,0.4500000000000001
-3.4147244466529164e-08,-7.682669080275081e-06,-1.6848169843576874e-05,-3.586421922287052e-08,-7.864021463301225e-06,-1.7265986241548892e-05,-3.764511300899636e-08,-8.047250522706236e-06,-1.7688891932704097e-05,-3.949149062055802e-08,-8.23234790367829e-06,-1.8116885554927786e-05,-4.140493564145266e-08,-8.419305255496897e-06,-1.8549965729721633e-05,-4.338705043736504e-08,-8.608114231566473e-06,-1.8988131062208295e-05,-4.543945614923231e-08,-8.798766489449925e-06,-1.9431380141135977e-05,-4.756379268663225e-08,-8.991253690902172e-06,-1.98797115388832e-05,-4.976171872109479e-08,-9.185567501903688e-06,-2.033312381146349e-05,-5.203491167933681e-08,-9.381699592693992e-06,-2.0791615498530173e-05,0.4500000000000001
-3.4147244466529164e-08,-7.682669080275081e-06,-1.6848169843576874e-05,-3.586421922287052e-08,-7.864021463301225e-06,-1.7265986241548892e-05,-3.764511300899636e-08,-8.047250522706236e-06,-1.7688891932704097e-05,-3.949149062055802e-08,-8.23234790367829e-06,-1.8116885554927786e-05,-4.140493564145266e-08,-8.419305255496897e-06,-1.8549965729721633e-05,-4.338705043736504e-08,-8.608114231566473e-06,-1.8988131062208295e-05,-4.543945614923231e-08,-8.798766489449925e-06,-1.9431380141135977e-05,-4.756379268663225e-08,-8.991253690902172e-06,-1.98797115388832e-05,-4.976171872109479e-08,-9.185567501903688e-06,-2.033312381146349e-05,-5.203491167933681e-08,-9.381699592693992e-06,-2.0791615498530173e-05,0.4500000000000001
-3.4147244466529164e-08,-7.682669080275081e-06,-1.6848169843576874e-05,-3.586421922287052e-08,-7.864021463301225e-06,-1.7265986241548892e-05,-3.764511300899636e-08,-8.047250522706236e-06,-1.7688891932704097e-05,-3.949149062055802e-08,-8.23234790367829e-06,-1.8116885554927786e-05,-4.140493564145266e-08,-8.419305255496897e-06,-1.8549965729721633e-05,-4.338705043736504e-08,-8.608114231566473e-06,-1.8988131062208295e-05,-4.543945614923231e-08,-8.798766489449925e-06,-1.9431380141135977e-05,-4.756379268663225e-08,-8.991253690902172e-06,-1.98797115388832e-05,-4.976171872109479e-08,-9.185567501903688e-06,-2.033312381146349e-05,-5.203491167933681e-08,-9.381699592693992e-06,-2.0791615498530173e-05,0.4500000000000001
-3.4147244466529164e-08,-7.682669080275081e-06,-1.6848169843576874e-05,-3.586421922287052e-08,-7.864021463301225e-06,-1.7265986241548892e-05,-3.764511300899636e-08,-8.047250522706236e-06,-1.7688891932704097e-05,-3.949149062055802e-08,-8.23234790367829e-06,-1.8116885554927786e-05,-4.140493564145266e-08,-8.419305255496897e-06,-1.8549965729721633e-05,-4.338705043736504e-08,-8.608114231566473e-06,-1.8988131062208295e-05,-4.543945614923231e-08,-8.798766489449925e-06,-1.9431380141135977e-05,-4.756379268663225e-08,-8.991253690902172e-06,-1.98797115388832e-05,-4.976171872109479e-08,-9.185567501903688e-06,-2.033312381146349e-05,-5.203491167933681e-08,-9.381699592693992e-06,-2.0791615498530173e-05,0.4500000000000001
-3.4147244466529164e-08,-7.682669080275081e-06,-1.6848169843576874e-05,-3.586421922287052e-08,-7.864021463301225e-06,-1.7265986241548892e-05,-3.764511300899636e-08,-8.047250522706236e-06,-1.7688891932704097e-05,-3.949149062055802e-08,-8.23234790367829e-06,-1.8116885554927786e-05,-4.140493564145266e-08,-8.419305255496897e-06,-1.8549965729721633e-05,-4.338705043736504e-08,-8.608114231566473e-06,-1.8988131062208295e-05,-4.543945614923231e-08,-8.798766489449925e-06,-1.9431380141135977e-05,-4.756379268663225e-08,-8.991253690902172e-06,-1.98797115388832e-05,-4.976171872109479e-08,-9.185567501903688e-06,-2.033312381146349e-05,-5.203491167933681e-08,-9.381699592693992e-06,-2.0791615498530173e-05,0.4500000000000001
-3.4147244466529164e-08,-7.682669080275081e-06,-1.6848169843576874e-05,-3.586421922287052e-08,-7.864021463301225e-06,-1.7265986241548892e-05,-3.764511300899636e-08,-8.047250522706236e-06,-1.7688891932704097e-05,-3.949149062055802e-08,-8.23234790367829e-06,-1.8116885554927786e-05,-4.140493564145266e-08,-8.419305255496897e-06,-1.8549965729721633e-05,-4.338705043736504e-08,-8.608114231566473e-06,-1.8988131062208295e-05,-4.543945614923231e-08,-8.798766489449925e-06,-1.9431380141135977e-05,-4.756379268663225e-08,-8.991253690902172e-06,-1.98797115388832e-05,-4.976171872109479e-08,-9.185567501903688e-06,-2.033312381146349e-05,-5.203491167933681e-08,-9.381699592693992e-06,-2.0791615498530173e-05,0.4500000000000001
-3.4147244466529164e-08,-7.682669080275081e-06,-1.6848169843576874e-05,-3.586421922287052e-08,-7.864021463301225e-06,-1.7265986241548892e-05,-3.764511300899636e-08,-8.047250522706236e-06,-1.7688891932704097e-05,-3.949149062055802e-08,-8.23234790367829e-06,-1.8116885554927786e-05,-4.140493564145266e-08,-8.419305255496897e-06,-1.8549965729721633e-05,-4.338705043736504e-08,-8.608114231566473e-06,-1.8988131062208295e-05,-4.543945614923231e-08,-8.798766489449925e-06,-1.9431380141135977e-05,-4.756379268663225e-08,-8.991253690902172e-06,-1.98797115388832e-05,-4.976171872109479e-08,-9.185567501903688e-06,-2.033312381146349e-05,-5.203491167933681e-08,-9.381699592693992e-06,-2.0791615498530173e-05,0.4500000000000001
-3.4147244466529164e-08,-7.682669080275081e-06,-1.6848169843576874e-05,-3.586421922287052e-08,-7.864021463301225e-06,-1.7265986241548892e-05,-3.764511300899636e-08,-8.047250522706236e-06,-1.7688891932704097e-05,-3.949149062055802e-08,-8.23234790367829e-06,-1.8116885554927786e-05,-4.140493564145266e-08,-8.419305255496897e-06,-1.8549965729721633e-05,-4.338705043736504e-08,-8.608114231566473e-06,-1.8988131062208295e-05,-4.543945614923231e-08,-8.798766489449925e-06,-1.9431380141135977e-05,-4.756379268663225e-08,-8.991253690902172e-06,-1.98797115388832e-05,-4.976171872109479e-08,-9.185567501903688e-06,-2.033312381146349e-05,-5.203491167933681e-08,-9.381699592693992e-06,-2.0791615498530173e-05,0.4500000000000001
-3.4147244466529164e-08,-7.682669080275081e-06,-1.6848169843576874e-05,-3.586421922287052e-08,-7.864021463301225e-06,-1.7265986241548892e-05,-3.764511300899636e-08,-8.047250522706236e-06,-1.7688891932704097e-05,-3.949149062055802e-08,-8.23234790367829e-06,-1.8116885554927786e-05,-4.140493564145266e-08,-8.419305255496897e-06,-1.8549965729721633e-05,-4.338705043736504e-08,-8.608114231566473e-06,-1.8988131062208295e-05,-4.543945614923231e-08,-8.798766489449925e-06,-1.9431380141135977e-05,-4.756379268663225e-08,-8.991253690902172e-06,-1.98797115388832e-05,-4.976171872109479e-08,-9.185567501903688e-06,-2.033312381146349e-05,-5.203491167933681e-08,-9.381699592693992e-06,-2.0791615498530173e-05,0.4500000000000001
-3.4147244466529164e-08,-7.682669080275081e-06,-1.6848169843576874e-05,-3.586421922287052e-08,-7.864021463301225e-06,-1.7265986241548892e-05,-3.764511300899636e-08,-8.047250522706236e-06,-1.7688891932704097e-05,-3.949149062055802e-08,-8.23234790367829e-06,-1.8116885554927786e-05,-4.140493564145266e-08,-8.419305255496897e-06,-1.8549965729721633e-05,-4.338705043736504e-08,-8.608114231566473e-06,-1.8988131062208295e-05,-4.543945614923231e-08,-8.798766489449925e-06,-1.9431380141135977e-05,-4.756379268663225e-08,-8.991253690902172e-06,-1.98797115388832e-05,-4.976171872109479e-08,-9.185567501903688e-06,-2.033312381146349e-05,-5.203491167933681e-08,-9.381699592693992e-06,-2.0791615498530173e-05,0.4500000000000001
-3.4147244466529164e-08,-7.682669080275081e-06,-1.6848169843576874e-05,-3.586421922287052e-08,-7.864021463301225e-06,-1.7265986241548892e-05,-3.764511300899636e-08,-8.047250522706236e-06,-1.7688891932704097e-05,-3.949149062055802e-08,-8.23234790367829e-06,-1.8116885554927786e-05,-4.140493564145266e-08,-8.419305255496897e-06,-1.8549965729721633e-05,-4.338705043736504e-08,-8.608114231566473e-06,-1.8988131062208295e-05,-4.543945614923231e-08,-8.798766489449925e-06,-1.9431380141135977e-05,-4.756379268663225e-08,-8.991253690902172e-06,-1.98797115388832e-05,-4.976171872109479e-08,-9.185567501903688e-06,-2.033312381146349e-05,-5.203491167933681e-08,-9.381699592693992e-06,-2.0791615498530173e-05,0.4500000000000001
-3.4147244466529164e-08,-7.682669080275081e-06,-1.6848169843576874e-05,-3.586421922287052e-08,-7.864021463301225e-06,-1.7265986241548892e-05,-3.764511300899636e-08,-8.047250522706236e-06,-1.7688891932704097e-05,-3.949149062055802e-08,-8.23234790367829e-06,-1.8116885554927786e-05,-4.140493564145266e-08,-8.419305255496897e-06,-1.8549965729721633e-05,-4.338705043736504e-08,-8.608114231566473e-06,-1.8988131062208295e-05,-4.543945614923231e-08,-8.798766489449925e-06,-1.9431380141135977e-05,-4.756379268663225e-08,-8.991253690902172e-06,-1.98797115388832e-05,-4.976171872109479e-08,-9.185567501903688e-06,-2.033312381146349e-05,-5.203491167933681e-08,-9.381699592693992e-06,-2.0791615498530173e-05,0.4500000000000001
-3.4147244466529164e-08,-7.682669080275081e-06,-1.6848169843576874e-05,-3.586421922287052e-08,-7.864021463301225e-06,-1.7265986241548892e-05,-3.764511300899636e-08,-8.047250522706236e-06,-1.7688891932704097e-05,-3.949149062055802e-08,-8.23234790367829e-06,-1.8116885554927786e-05,-4.140493564145266e-08,-8.419305255496897e-06,-1.8549965729721633e-05,-4.338705043736504e-08,-8.608114231566473e-06,-1.8988131062208295e-05,-4.543945614923231e-08,-8.798766489449925e-06,-1.9431380141135977e-05,-4.756379268663225e-08,-8.991253690902172e-06,-1.98797115388832e-05,-4.976171872109479e-08,-9.185567501903688e-06,-2.033312381146349e-05,-5.203491167933681e-08,-9.381699592693992e-06,-2.0791615498530173e-05,0.4500000000000001
-3.4147244466529164e-08,-7.682669080275081e-06,-1.6848169843576874e-05,-3.586421922287052e-08,-7.864021463301225e-06,-1.7265986241548892e-05,-3.764511300899636e-08,-8.047250522706236e-06,-1.7688891932704097e-05,-3.949149062055802e-08,-8.23234790367829e-06,-1.8116885554927786e-05,-4.140493564145266e-08,-8.419305255496897e-06,-1.8549965729721633e-05,-4.338705043736504e-08,-8.608114231566473e-06,-1.8988131062208295e-05,-4.543945614923231e-08,-8.798766489449925e-06,-1.9431380141135977e-05,-4.756379268663225e-08,-8.991253690902172e-06,-1.98797115388832e-05,-4.976171872109479e-08,-9.185567501903688e-06,-2.033312381146349e-05,-5.203491167933681e-08,-9.381699592693992e-06,-2.0791615498530173e-05,0.4500000000000001
-3.4147244466529164e-08,-7.682669080275081e-06,-1.6848169843576874e-05,-3.586421922287052e-08,-7.864021463301225e-06,-1.7265986241548892e-05,-3.764511300899636e-08,-8.047250522706236e-06,-1.7688891932704097e-05,-3.949149062055802e-08,-8.23234790367829e-06,-1.8116885554927786e-05,-4.140493564145266e-08,-8.419305255496897e-06,-1.8549965729721633e-05,-4.338705043736504e-08,-8.608114231566473e-06,-1.8988131062208295e-05,-4.543945614923231e-08,-8.798766489449925e-06,-1.9431380141135977e-05,-4.756379268663225e-08,-8.991253690902172e-06,-1.98797115388832e-05,-4.976171872109479e-08,-9.185567501903688e-06,-2.033312381146349e-05,-5.203491167933681e-08,-9.381699592693992e-06,-2.0791615498530173e-05,0.4500000000000001
-3.4147244466529164e-08,-7.682669080275081e-06,-1.6848169843576874e-05,-3.586421922287052e-08,-7.864021463301225e-06,-1.7265986241548892e-05,-3.764511300899636e-08,-8.047250522706236e-06,-1.7688891932704097e-05,-3.949149062055802e-08,-8.23234790367829e-06,-1.8116885554927786e-05,-4.140493564145266e-08,-8.419305255496897e-06,-1.8549965729721633e-05,-4.338705043736504e-08,-8.608114231566473e-06,-1.8988131062208295e-05,-4.543945614923231e-08,-8.798766489449925e-06,-1.9431380141135977e-05,-4.756379268663225e-08,-8.991253690902172e-06,-1.98797115388832e-05,-4.976171872109479e-08,-9.185567501903688e-06,-2.033312381146349e-05,-5.203491167933681e-08,-9.381699592693992e-06,-2.0791615498530173e-05,0.4500000000000001
-3.4147244466529164e-08,-7.682669080275081e-06,-1.6848169843576874e-05,-3.586421922287052e-08,-7.864021463301225e-06,-1.7265986241548892e-05,-3.764511300899636e-08,-8.047250522706236e-06,-1.7688891932704097e-05,-3.949149062055802e-08,-8.23234790367829e-06,-1.8116885554927786e-05,-4.140493564145266e-08,-8.419305255496897e-06,-1.8549965729721633e-05,-4.338705043736504e-08,-8.608114231566473e-06,-1.8988131062208295e-05,-4.543945614923231e-08,-8.798766489449925e-06,-1.9431380141135977e-05,-4.756379268663225e-08,-8.991253690902172e-06,-1.98797115388832e-05,-4.976171872109479e-08,-9.185567501903688e-06,-2.033312381146349e-05,-5.203491167933681e-08,-9.381699592693992e-06,-2.0791615498530173e-05,0.4500000000000001
-3.4147244466529164e-08,-7.682669080275081e-06,-1.6848169843576874e-05,-3.586421922287052e-08,-7.864021463301225e-06,-1.7265986241548892e-05,-3.764511300899636e-08,-8.047250522706236e-06,-1.7688891932704097e-05,-3.949149062055802e-08,-8.23234790367829e-06,-1.8116885554927786e-05,-4.140493564145266e-08,-8.419305255496897e-06,-1.8549965729721633e-05,-4.338705043736504e-08,-8.608114231566473e-06,-1.8988131062208295e-05,-4.543945614923231e-08,-8.798766489449925e-06,-1.9431380141135977e-05,-4.756379268663225e-08,-8.991253690902172e-06,-1.98797115388832e-05,-4.976171872109479e-08,-9.185567501903688e-06,-2.033312381146349e-05,-5.203491167933681e-08,-9.381699592693992e-06,-2.0791615498530173e-05,0.4500000000000001
-3.4147244466529164e-08,-7.682669080275081e-06,-1.6848169843576874e-05,-3.586421922287052e-08,-7.864021463301225e-06,-1.7265986241548892e-05,-3.764511300899636e-08,-8.047250522706236e-06,-1.7688891932704097e-05,-3.949149062055802e-08,-8.23234790367829e-06,-1.8116885554927786e-05,-4.140493564145266e-08,-8.419305255496897e-06,-1.8549965729721633e-05,-4.338705043736504e-08,-8.608114231566473e-06,-1.8988131062208295e-05,-4.543945614923231e-08,-8.798766489449925e-06,-1.9431380141135977e-05,-4.756379268663225e-08,-8.991253690902172e-06,-1.98797115388832e-05,-4.976171872109479e-08,-9.185567501903688e-06,-2.033312381146349e-05,-5.203491167933681e-08,-9.381699592693992e-06,-2.0791615498530173e-05,0.4500000000000001
-3.4147244466529164e-08,-7.682669080275081e-06,-1.6848169843576874e-05,-3.586421922287052e-08,-7.864021463301225e-06,-1.7265986241548892e-05,-3.764511300899636e-08,-8.047250522706236e-06,-1.7688891932704097e-05,-3.949149062055802e-08,-8.23234790367829e-06,-1.8116885554927786e-05,-4.140493564145266e-08,-8.419305255496897e-06,-1.8549965729721633e-05,-4.338705043736504e-08,-8.608114231566473e-06,-1.8988131062208295e-05,-4.543945614923231e-08,-8.798766489449925e-06,-1.9431380141135977e-05,-4.756379268663225e-08,-8.991253690902172e-06,-1.98797115388832e-05,-4.976171872109479e-08,-9.185567501903688e-06,-2.033312381146349e-05,-5.203491167933681e-08,-9.381699592693992e-06,-2.0791615498530173e-05,0.4500000000000001
-3.4147244466529164e-08,-7.682669080275081e-06,-1.6848169843576874e-05,-3.586421922287052e-08,-7.864021463301225e-06,-1.7265986241548892e-05,-3.764511300899636e-08,-8.047250522706236e-06,-1.7688891932704097e-05,-3.949149062055802e-08,-8.23234790367829e-06,-1.8116885554927786e-05,-4.140493564145266e-08,-8.419305255496897e-06,-1.8549965729721633e-05,-4.338705043736504e-08,-8.608114231566473e-06,-1.8988131062208295e-05,-4.543945614923231e-08,-8.798766489449925e-06,-1.9431380141135977e-05,-4.756379268663225e-08,-8.991253690902172e-06,-1.98797115388832e-05,-4.976171872109479e-08,-9.185567501903688e-06,-2.033312381146349e-05,-5.203491167933681e-08,-9.381699592693992e-06,-2.0791615498530173e-05,0.4500000000000001
-3.4147244466529164e-08,-7.682669080275081e-06,-1.6848169843576874e-05,-3.586421922287052e-08,-7.864021463301225e-06,-1.7265986241548892e-05,-3.764511300899636e-08,-8.047250522706236e-06,-1.7688891932704097e-05,-3.949149062055802e-08,-8.23234790367829e-06,-1.8116885554927786e-05,-4.140493564145266e-08,-8.419305255496897e-06,-1.8549965729721633e-05,-4.338705043736504e-08,-8.608114231566473e-06,-1.8988131062208295e-05,-4.543945614923231e-08,-8.798766489449925e-06,-1.9431380141135977e-05,-4.756379268663225e-08,-8.991253690902172e-06,-1.98797115388832e-05,-4.976171872109479e-08,-9.185567501903688e-06,-2.033312381146349e-05,-5.203491167933681e-08,-9.381699592693992e-06,-2.0791615498530173e-05,0.4500000000000001
-3.4147244466529164e-08,-7.682669080275081e-06,-1.6848169843576874e-05,-3.586421922287052e-08,-7.864021463301225e-06,-1.7265986241548892e-05,-3.764511300899636e-08,-8.047250522706236e-06,-1.7688891932704097e-05,-3.949149062055802e-08,-8.23234790367829e-06,-1.8116885554927786e-05,-4.140493564145266e-08,-8.419305255496897e-06,-1.8549965729721633e-05,-4.338705043736504e-08,-8.608114231566473e-06,-1.8988131062208295e-05,-4.543945614923231e-08,-8.798766489449925e-06,-1.9431380141135977e-05,-4.756379268663225e-08,-8.991253690902172e-06,-1.98797115388832e-05,-4.976171872109479e-08,-9.185567501903688e-06,-2.033312381146349e-05,-5.203491167933681e-08,-9.381699592693992e-06,-2.0791615498530173e-05,0.4500000000000001
-3.4147244466529164e-08,-7.682669080275081e-06,-1.6848169843576874e-05,-3.586421922287052e-08,-7.864021463301225e-06,-1.7265986241548892e-05,-3.764511300899636e-08,-8.047250522706236e-06,-1.7688891932704097e-05,-3.949149062055802e-08,-8.23234790367829e-06,-1.8116885554927786e-05,-4.140493564145266e-08,-8.419305255496897e-06,-1.8549965729721633e-05,-4.338705043736504e-08,-8.608114231566473e-06,-1.8988131062208295e-05,-4.543945614923231e-08,-8.798766489449925e-06,-1.9431380141135977e-05,-4.756379268663225e-08,-8.991253690902172e-06,-1.98797115388832e-05,-4.976171872109479e-08,-9.185567501903688e-06,-2.033312381146349e-05,-5.203491167933681e-08,-9.381699592693992e-06,-2.0791615498530173e-05,0.4500000000000001
-3.4147244466529164e-08,-7.682669080275081e-06,-1.6848169843576874e-05,-3.586421922287052e-08,-7.864021463301225e-06,-1.7265986241548892e-05,-3.764511300899636e-08,-8.047250522706236e-06,-1.7688891932704097e-05,-3.949149062055802e-08,-8.23234790367829e-06,-1.8116885554927786e-05,-4.140493564145266e-08,-8.419305255496897e-06,-1.8549965729721633e-05,-4.338705043736504e-08,-8.608114231566473e-06,-1.8988131062208295e-05,-4.543945614923231e-08,-8.798766489449925e-06,-1.9431380141135977e-05,-4.756379268663225e-08,-8.991253690902172e-06,-1.98797115388832e-05,-4.976171872109479e-08,-9.185567501903688e-06,-2.033312381146349e-05,-5.203491167933681e-08,-9.381699592693992e-06,-2.0791615498530173e-05,0.4500000000000001
-3.4147244466529164e-08,-7.682669080275081e-06,-1.6848169843576874e-05,-3.586421922287052e-08,-7.864021463301225e-06,-1.7265986241548892e-05,-3.764511300899636e-08,-8.047250522706236e-06,-1.7688891932704097e-05,-3.949149062055802e-08,-8.23234790367829e-06,-1.8116885554927786e-05,-4.140493564145266e-08,-8.419305255496897e-06,-1.8549965729721633e-05,-4.338705043736504e-08,-8.608114231566473e-06,-1.8988131062208295e-05,-4.543945614923231e-08,-8.798766489449925e-06,-1.9431380141135977e-05,-4.756379268663225e-08,-8.991253690902172e-06,-1.98797115388832e-05,-4.976171872109479e-08,-9.185567501903688e-06,-2.033312381146349e-05,-5.203491167933681e-08,-9.381699592693992e-06,-2.0791615498530173e-05,0.4500000000000001
-3.4147244466529164e-08,-7.682669080275081e-06,-1.6848169843576874e-05,-3.586421922287052e-08,-7.864021463301225e-06,-1.7265986241548892e-05,-3.764511300899636e-08,-8.047250522706236e-06,-1.7688891932704097e-05,-3.949149062055802e-08,-8.23234790367829e-06,-1.8116885554927786e-05,-4.140493564145266e-08,-8.419305255496897e-06,-1.8549965729721633e-05,-4.338705043736504e-08,-8.608114231566473e-06,-1.8988131062208295e-05,-4.543945614923231e-08,-8.798766489449925e-06,-1.9431380141135977e-05,-4.756379268663225e-08,-8.991253690902172e-06,-1.98797115388832e-05,-4.976171872109479e-08,-9.185567501903688e-06,-2.033312381146349e-05,-5.203491167933681e-08,-9.381699592693992e-06,-2.0791615498530173e-05,0.4500000000000001
-3.4147244466529164e-08,-7.682669080275081e-06,-1.6848169843576874e-05,-3.586421922287052e-08,-7.864021463301225e-06,-1.7265986241548892e-05,-3.764511300899636e-08,-8.047250522706236e-06,-1.7688891932704097e-05,-3.949149062055802e-08,-8.23234790367829e-06,-1.8116885554927786e-05,-4.140493564145266e-08,-8.419305255496897e-06,-1.8549965729721633e-05,-4.338705043736504e-08,-8.608114231566473e-06,-1.8988131062208295e-05,-4.543945614923231e-08,-8.798766489449925e-06,-1.9431380141135977e-05,-4.756379268663225e-08,-8.991253690902172e-06,-1.98797115388832e-05,-4.976171872109479e-08,-9.185567501903688e-06,-2.033312381146349e-05,-5.203491167933681e-08,-9.381699592693992e-06,-2.0791615498530173e-05,0.4500000000000001
-3.4147244466529164e-08,-7.682669080275081e-06,-1.6848169843576874e-05,-3.586421922287052e-08,-7.864021463301225e-06,-1.7265986241548892e-05,-3.764511300899636e-08,-8.047250522706236e-06,-1.7688891932704097e-05,-3.949149062055802e-08,-8.23234790367829e-06,-1.8116885554927786e-05,-4.140493564145266e-08,-8.419305255496897e-06,-1.8549965729721633e-05,-4.338705043736504e-08,-8.608114231566473e-06,-1.8988131062208295e-05,-4.543945614923231e-08,-8.798766489449925e-06,-1.9431380141135977e-05,-4.756379268663225e-08,-8.991253690902172e-06,-1.98797115388832e-05,-4.976171872109479e-08,-9.185567501903688e-06,-2.033312381146349e-05,-5.203491167933681e-08,-9.381699592693992e-06,-2.0791615498530173e-05,0.4500000000000001
-3.4147244466529164e-08,-7.682669080275081e-06,-1.6848169843576874e-05,-3.586421922287052e-08,-7.864021463301225e-06,-1.7265986241548892e-05,-3.764511300899636e-08,-8.047250522706236e-06,-1.7688891932704097e-05,-3.949149062055802e-08,-8.23234790367829e-06,-1.8116885554927786e-05,-4.140493564145266e-08,-8.419305255496897e-06,-1.8549965729721633e-05,-4.338705043736504e-08,-8.608114231566473e-06,-1.8988131062208295e-05,-4.543945614923231e-08,-8.798766489449925e-06,-1.9431380141135977e-05,-4.756379268663225e-08,-8.991253690902172e-06,-1.98797115388832e-05,-4.976171872109479e-08,-9.185567501903688e-06,-2.033312381146349e-05,-5.203491167933681e-08,-9.381699592693992e-06,-2.0791615498530173e-05,0.4500000000000001
-3.4147244466529164e-08,-7.682669080275081e-06,-1.6848169843576874e-05,-3.586421922287052e-08,-7.864021463301225e-06,-1.7265986241548892e-05,-3.764511300899636e-08,-8.047250522706236e-06,-1.7688891932704097e-05,-3.949149062055802e-08,-8.23234790367829e-06,-1.8116885554927786e-05,-4.140493564145266e-08,-8.419305255496897e-06,-1.8549965729721633e-05,-4.338705043736504e-08,-8.608114231566473e-06,-1.8988131062208295e-05,-4.543945614923231e-08,-8.798766489449925e-06,-1.9431380141135977e-05,-4.756379268663225e-08,-8.991253690902172e-06,-1.98797115388832e-05,-4.976171872109479e-08,-9.185567501903688e-06,-2.033312381146349e-05,-5.203491167933681e-08,-9.381699592693992e-06,-2.0791615498530173e-05,0.4500000000000001
-3.4147244466529164e-08,-7.682669080275081e-06,-1.6848169843576874e-05,-3.586421922287052e-08,-7.864021463301225e-06,-1.7265986241548892e-05,-3.764511300899636e-08,-8.047250522706236e-06,-1.7688891932704097e-05,-3.949149062055802e-08,-8.23234790367829e-06,-1.8116885554927786e-05,-4.140493564145266e-08,-8.419305255496897e-06,-1.8549965729721633e-05,-4.338705043736504e-08,-8.608114231566473e-06,-1.8988131062208295e-05,-4.543945614923231e-08,-8.798766489449925e-06,-1.9431380141135977e-05,-4.756379268663225e-08,-8.991253690902172e-06,-1.98797115388832e-05,-4.976171872109479e-08,-9.185567501903688e-06,-2.033312381146349e-05,-5.203491167933681e-08,-9.381699592693992e-06,-2.0791615498530173e-05,0.4500000000000001
-3.4147244466529164e-08,-7.682669080275081e-06,-1.6848169843576874e-05,-3.586421922287052e-08,-7.864021463301225e-06,-1.7265986241548892e-05,-3.764511300899636e-08,-8.047250522706236e-06,-1.7688891932704097e-05,-3.949149062055802e-08,-8.23234790367829e-06,-1.8116885554927786e-05,-4.140493564145266e-08,-8.419305255496897e-06,-1.8549965729721633e-05,-4.338705043736504e-08,-8.608114231566473e-06,-1.8988131062208295e-05,-4.543945614923231e-08,-8.798766489449925e-06,-1.9431380141135977e-05,-4.756379268663225e-08,-8.991253690902172e-06,-1.98797115388832e-05,-4.976171872109479e-08,-9.185567501903688e-06,-2.033312381146349e-05,-5.203491167933681e-08,-9.381699592693992e-06,-2.0791615498530173e-05,0.4500000000000001
-3.4147244466529164e-08,-7.682669080275081e-06,-1.6848169843576874e-05,-3.586421922287052e-08,-7.864021463301225e-06,-1.7265986241548892e-05,-3.764511300899636e-08,-8.047250522706236e-06,-1.7688891932704097e-05,-3.949149062055802e-08,-8.23234790367829e-06,-1.8116885554927786e-05,-4.140493564145266e-08,-8.419305255496897e-06,-1.8549965729721633e-05,-4.338705043736504e-08,-8.608114231566473e-06,-1.8988131062208295e-05,-4.543945614923231e-08,-8.798766489449925e-06,-1.9431380141135977e-05,-4.756379268663225e-08,-8.991253690902172e-06,-1.98797115388832e-05,-4.976171872109479e-08,-9.185567501903688e-06,-2.033312381146349e-05,-5.203491167933681e-08,-9.381699592693992e-06,-2.0791615498530173e-05,0.4500000000000001
-3.4147244466529164e-08,-7.682669080275081e-06,-1.6848169843576874e-05,-3.586421922287052e-08,-7.864021463301225e-06,-1.7265986241548892e-05,-3.764511300899636e-08,-8.047250522706236e-06,-1.7688891932704097e-05,-3.949149062055802e-08,-8.23234790367829e-06,-1.8116885554927786e-05,-4.140493564145266e-08,-8.419305255496897e-06,-1.8549965729721633e-05,-4.338705043736504e-08,-8.608114231566473e-06,-1.8988131062208295e-05,-4.543945614923231e-08,-8.798766489449925e-06,-1.9431380141135977e-05,-4.756379268663225e-08,-8.991253690902172e-06,-1.98797115388832e-05,-4.976171872109479e-08,-9.185567501903688e-06,-2.033312381146349e-05,-5.203491167933681e-08,-9.381699592693992e-06,-2.0791615498530173e-05,0.4500000000000001
-3.4147244466529164e-08,-7.682669080275081e-06,-1.6848169843576874e-05,-3.586421922287052e-08,-7.864021463301225e-06,-1.7265986241548892e-05,-3.764511300899636e-08,-8.047250522706236e-06,-1.7688891932704097e-05,-3.949149062055802e-08,-8.23234790367829e-06,-1.8116885554927786e-05,-4.140493564145266e-08,-8.419305255496897e-06,-1.8549965729721633e-05,-4.338705043736504e-08,-8.608114231566473e-06,-1.8988131062208295e-05,-4.543945614923231e-08,-8.798766489449925e-06,-1.9431380141135977e-05,-4.756379268663225e-08,-8.991253690902172e-06,-1.98797115388832e-05,-4.976171872109479e-08,-9.185567501903688e-06,-2.033312381146349e-05,-5.203491167933681e-08,-9.381699592693992e-06,-2.0791615498530173e-05,0.4500000000000001
-3.4147244466529164e-08,-7.682669080275081e-06,-1.6848169843576874e-05,-3.586421922287052e-08,-7.864021463301225e-06,-1.7265986241548892e-05,-3.764511300899636e-08,-8.047250522706236e-06,-1.7688891932704097e-05,-3.949149062055802e-08,-8.23234790367829e-06,-1.8116885554927786e-05,-4.140493564145266e-08,-8.419305255496897e-06,-1.8549965729721633e-05,-4.338705043736504e-08,-8.608114231566473e-06,-1.8988131062208295e-05,-4.543945614923231e-08,-8.798766489449925e-06,-1.9431380141135977e-05,-4.756379268663225e-08,-8.991253690902172e-06,-1.98797115388832e-05,-4.976171872109479e-08,-9.185567501903688e-06,-2.033312381146349e-05,-5.203491167933681e-08,-9.381699592693992e-06,-2.0791615498530173e-05,0.4500000000000001
-3.4147244466529164e-08,-7.682669080275081e-06,-1.6848169843576874e-05,-3.586421922287052e-08,-7.864021463301225e-06,-1.7265986241548892e-05,-3.764511300899636e-08,-8.047250522706236e-06,-1.7688891932704097e-05,-3.949149062055802e-08,-8.23234790367829e-06,-1.8116885554927786e-05,-4.140493564145266e-08,-8.419305255496897e-06,-1.8549965729721633e-05,-4.338705043736504e-08,-8.608114231566473e-06,-1.8988131062208295e-05,-4.543945614923231e-08,-8.798766489449925e-06,-1.9431380141135977e-05,-4.756379268663225e-08,-8.991253690902172e-06,-1.98797115388832e-05,-4.976171872109479e-08,-9.185567501903688e-06,-2.033312381146349e-05,-5.203491167933681e-08,-9.381699592693992e-06,-2.0791615498530173e-05,0.4500000000000001
-3.4147244466529164e-08,-7.682669080275081e-06,-1.6848169843576874e-05,-3.586421922287052e-08,-7.864021463301225e-06,-1.7265986241548892e-05,-3.764511300899636e-08,-8.047250522706236e-06,-1.7688891932704097e-05,-3.949149062055802e-08,-8.23234790367829e-06,-1.8116885554927786e-05,-4.140493564145266e-08,-8.419305255496897e-06,-1.8549965729721633e-05,-4.338705043736504e-08,-8.608114231566473e-06,-1.8988131062208295e-05,-4.543945614923231e-08,-8.798766489449925e-06,-1.9431380141135977e-05,-4.756379268663225e-08,-8.991253690902172e-06,-1.98797115388832e-05,-4.976171872109479e-08,-9.185567501903688e-06,-2.033312381146349e-05,-5.203491167933681e-08,-9.381699592693992e-06,-2.0791615498530173e-05,0.4500000000000001
-3.4147244466529164e-08,-7.682669080275081e-06,-1.6848169843576874e-05,-3.586421922287052e-08,-7.864021463301225e-06,-1.7265986241548892e-05,-3.764511300899636e-08,-8.047250522706236e-06,-1.7688891932704097e-05,-3.949149062055802e-08,-8.23234790367829e-06,-1.8116885554927786e-05,-4.140493564145266e-08,-8.419305255496897e-06,-1.8549965729721633e-05,-4.338705043736504e-08,-8.608114231566473e-06,-1.8988131062208295e-05,-4.543945614923231e-08,-8.798766489449925e-06,-1.9431380141135977e-05,-4.756379268663225e-08,-8.991253690902172e-06,-1.98797115388832e-05,-4.976171872109479e-08,-9.185567501903688e-06,-2.033312381146349e-05,-5.203491167933681e-08,-9.381699592693992e-06,-2.0791615498530173e-05,0.4500000000000001
-3.4147244466529164e-08,-7.682669080275081e-06,-1.6848169843576874e-05,-3.586421922287052e-08,-7.864021463301225e-06,-1.7265986241548892e-05,-3.764511300899636e-08,-8.047250522706236e-06,-1.7688891932704097e-05,-3.949149062055802e-08,-8.23234790367829e-06,-1.8116885554927786e-05,-4.140493564145266e-08,-8.419305255496897e-06,-1.8549965729721633e-05,-4.338705043736504e-08,-8.608114231566473e-06,-1.8988131062208295e-05,-4.543945614923231e-08,-8.798766489449925e-06,-1.9431380141135977e-05,-4.756379268663225e-08,-8.991253690902172e-06,-1.98797115388832e-05,-4.976171872109479e-08,-9.185567501903688e-06,-2.033312381146349e-05,-5.203491167933681e-08,-9.381699592693992e-06,-2.0791615498530173e-05,0.4500000000000001
-3.4147244466529164e-08,-7.682669080275081e-06,-1.6848169843576874e-05,-3.586421922287052e-08,-7.864021463301225e-06,-1.7265986241548892e-05,-3.764511300899636e-08,-8.047250522706236e-06,-1.7688891932704097e-05,-3.949149062055802e-08,-8.23234790367829e-06,-1.8116885554927786e-05,-4.140493564145266e-08,-8.419305255496897e-06,-1.8549965729721633e-05,-4.338705043736504e-08,-8.608114231566473e-06,-1.8988131062208295e-05,-4.543945614923231e-08,-8.798766489449925e-06,-1.9431380141135977e-05,-4.756379268663225e-08,-8.991253690902172e-06,-1.98797115388832e-05,-4.976171872109479e-08,-9.185567501903688e-06,-2.033312381146349e-05,-5.203491167933681e-08,-9.381699592693992e-06,-2.0791615498530173e-05,0.4500000000000001
-3.4147244466529164e-08,-7.682669080275081e-06,-1.6848169843576874e-05,-3.586421922287052e-08,-7.864021463301225e-06,-1.7265986241548892e-05,-3.764511300899636e-08,-8.047250522706236e-06,-1.7688891932704097e-05,-3.949149062055802e-08,-8.23234790367829e-06,-1.8116885554927786e-05,-4.140493564145266e-08,-8.419305255496897e-06,-1.8549965729721633e-05,-4.338705043736504e-08,-8.608114231566473e-06,-1.8988131062208295e-05,-4.543945614923231e-08,-8.798766489449925e-06,-1.9431380141135977e-05,-4.756379268663225e-08,-8.991253690902172e-06,-1.98797115388832e-05,-4.976171872109479e-08,-9.185567501903688e-06,-2.033312381146349e-05,-5.203491167933681e-08,-9.381699592693992e-06,-2.0791615498530173e-05,0.4500000000000001
-3.4147244466529164e-08,-7.682669080275081e-06,-1.6848169843576874e-05,-3.586421922287052e-08,-7.864021463301225e-06,-1.7265986241548892e-05,-3.764511300899636e-08,-8.047250522706236e-06,-1.7688891932704097e-05,-3.949149062055802e-08,-8.23234790367829e-06,-1.8116885554927786e-05,-4.140493564145266e-08,-8.419305255496897e-06,-1.8549965729721633e-05,-4.338705043736504e-08,-8.608114231566473e-06,-1.8988131062208295e-05,-4.543945614923231e-08,-8.798766489449925e-06,-1.9431380141135977e-05,-4.756379268663225e-08,-8.991253690902172e-06,-1.98797115388832e-05,-4.976171872109479e-08,-9.185567501903688e-06,-2.033312381146349e-05,-5.203491167933681e-08,-9.381699592693992e-06,-2.0791615498530173e-05,0.4500000000000001
-3.4147244466529164e-08,-7.682669080275081e-06,-1.6848169843576874e-05,-3.586421922287052e-08,-7.864021463301225e-06,-1.7265986241548892e-05,-3.764511300899636e-08,-8.047250522706236e-06,-1.7688891932704097e-05,-3.949149062055802e-08,-8.23234790367829e-06,-1.8116885554927786e-05,-4.140493564145266e-08,-8.419305255496897e-06,-1.8549965729721633e-05,-4.338705043736504e-08,-8.608114231566473e-06,-1.8988131062208295e-05,-4.543945614923231e-08,-8.798766489449925e-06,-1.9431380141135977e-05,-4.756379268663225e-08,-8.991253690902172e-06,-1.98797115388832e-05,-4.976171872109479e-08,-9.185567501903688e-06,-2.033312381146349e-05,-5.203491167933681e-08,-9.381699592693992e-06,-2.0791615498530173e-05,0.4500000000000001
-3.4147244466529164e-08,-7.682669080275081e-06,-1.6848169843576874e-05,-3.586421922287052e-08,-7.864021463301225e-06,-1.7265986241548892e-05,-3.764511300899636e-08,-8.047250522706236e-06,-1.7688891932704097e-05,-3.949149062055802e-08,-8.23234790367829e-06,-1.8116885554927786e-05,-4.140493564145266e-08,-8.419305255496897e-06,-1.8549965729721633e-05,-4.338705043736504e-08,-8.608114231566473e-06,-1.8988131062208295e-05,-4.543945614923231e-08,-8.798766489449925e-06,-1.9431380141135977e-05,-4.756379268663225e-08,-8.991253690902172e-06,-1.98797115388832e-05,-4.976171872109479e-08,-9.185567501903688e-06,-2.033312381146349e-05,-5.203491167933681e-08,-9.381699592693992e-06,-2.0791615498530173e-05,0.4500000000000001
-3.4147244466529164e-08,-7.682669080275081e-06,-1.6848169843576874e-05,-3.586421922287052e-08,-7.864021463301225e-06,-1.7265986241548892e-05,-3.764511300899636e-08,-8.047250522706236e-06,-1.7688891932704097e-05,-3.949149062055802e-08,-8.23234790367829e-06,-1.8116885554927786e-05,-4.140493564145266e-08,-8.419305255496897e-06,-1.8549965729721633e-05,-4.338705043736504e-08,-8.608114231566473e-06,-1.8988131062208295e-05,-4.543945614923231e-08,-8.798766489449925e-06,-1.9431380141135977e-05,-4.756379268663225e-08,-8.991253690902172e-06,-1.98797115388832e-05,-4.976171872109479e-08,-9.185567501903688e-06,-2.033312381146349e-05,-5.203491167933681e-08,-9.381699592693992e-06,-2.0791615498530173e-05,0.4500000000000001
-3.4147244466529164e-08,-7.682669080275081e-06,-1.6848169843576874e-05,-3.586421922287052e-08,-7.864021463301225e-06,-1.7265986241548892e-05,-3.764511300899636e-08,-8.047250522706236e-06,-1.7688891932704097e-05,-3.949149062055802e-08,-8.23234790367829e-06,-1.8116885554927786e-05,-4.140493564145266e-08,-8.419305255496897e-06,-1.8549965729721633e-05,-4.338705043736504e-08,-8.608114231566473e-06,-1.8988131062208295e-05,-4.543945614923231e-08,-8.798766489449925e-06,-1.9431380141135977e-05,-4.756379268663225e-08,-8.991253690902172e-06,-1.98797115388832e-05,-4.976171872109479e-08,-9.185567501903688e-06,-2.033312381146349e-05,-5.203491167933681e-08,-9.381699592693992e-06,-2.0791615498530173e-05,0.4500000000000001
-3.4147244466529164e-08,-7.682669080275081e-06,-1.6848169843576874e-05,-3.586421922287052e-08,-7.864021463301225e-06,-1.7265986241548892e-05,-3.764511300899636e-08,-8.047250522706236e-06,-1.7688891932704097e-05,-3.949149062055802e-08,-8.23234790367829e-06,-1.8116885554927786e-05,-4.140493564145266e-08,-8.419305255496897e-06,-1.8549965729721633e-05,-4.338705043736504e-08,-8.608114231566473e-06,-1.8988131062208295e-05,-4.543945614923231e-08,-8.798766489449925e-06,-1.9431380141135977e-05,-4.756379268663225e-08,-8.991253690902172e-06,-1.98797115388832e-05,-4.976171872109479e-08,-9.185567501903688e-06,-2.033312381146349e-05,-5.203491167933681e-08,-9.381699592693992e-06,-2.0791615498530173e-05,0.4500000000000001
-3.4147244466529164e-08,-7.682669080275081e-06,-1.6848169843576874e-05,-3.586421922287052e-08,-7.864021463301225e-06,-1.7265986241548892e-05,-3.764511300899636e-08,-8.047250522706236e-06,-1.7688891932704097e-05,-3.949149062055802e-08,-8.23234790367829e-06,-1.8116885554927786e-05,-4.140493564145266e-08,-8.419305255496897e-06,-1.8549965729721633e-05,-4.338705043736504e-08,-8.608114231566473e-06,-1.8988131062208295e-05,-4.543945614923231e-08,-8.798766489449925e-06,-1.9431380141135977e-05,-4.756379268663225e-08,-8.991253690902172e-06,-1.98797115388832e-05,-4.976171872109479e-08,-9.185567501903688e-06,-2.033312381146349e-05,-5.203491167933681e-08,-9.381699592693992e-06,-2.0791615498530173e-05,0.4500000000000001
-3.4147244466529164e-08,-7.682669080275081e-06,-1.6848169843576874e-05,-3.586421922287052e-08,-7.864021463301225e-06,-1.7265986241548892e-05,-3.764511300899636e-08,-8.047250522706236e-06,-1.7688891932704097e-05,-3.949149062055802e-08,-8.23234790367829e-06,-1.8116885554927786e-05,-4.140493564145266e-08,-8.419305255496897e-06,-1.8549965729721633e-05,-4.338705043736504e-08,-8.608114231566473e-06,-1.8988131062208295e-05,-4.543945614923231e-08,-8.798766489449925e-06,-1.9431380141135977e-05,-4.756379268663225e-08,-8.991253690902172e-06,-1.98797115388832e-05,-4.976171872109479e-08,-9.185567501903688e-06,-2.033312381146349e-05,-5.203491167933681e-08,-9.381699592693992e-06,-2.0791615498530173e-05,0.4500000000000001
0.0,0.0,0.0,0.0,0.0,0.0,0.0,0.0,0.0,0.0,0.0,0.0,0.0,0.0,0.0,0.0,0.0,0.0,0.0,0.0,0.0,0.0,0.0,0.0,0.0,0.0,0.0,0.0,0.0,0.0,0.4999999999999999
0.0,0.0,0.0,0.0,0.0,0.0,0.0,0.0,0.0,0.0,0.0,0.0,0.0,0.0,0.0,0.0,0.0,0.0,0.0,0.0,0.0,0.0,0.0,0.0,0.0,0.0,0.0,0.0,0.0,0.0,0.4999999999999999
0.0,0.0,0.0,0.0,0.0,0.0,0.0,0.0,0.0,0.0,0.0,0.0,0.0,0.0,0.0,0.0,0.0,0.0,0.0,0.0,0.0,0.0,0.0,0.0,0.0,0.0,0.0,0.0,0.0,0.0,0.4999999999999999
0.0,0.0,0.0,0.0,0.0,0.0,0.0,0.0,0.0,0.0,0.0,0.0,0.0,0.0,0.0,0.0,0.0,0.0,0.0,0.0,0.0,0.0,0.0,0.0,0.0,0.0,0.0,0.0,0.0,0.0,0.4999999999999999
0.0,0.0,0.0,0.0,0.0,0.0,0.0,0.0,0.0,0.0,0.0,0.0,0.0,0.0,0.0,0.0,0.0,0.0,0.0,0.0,0.0,0.0,0.0,0.0,0.0,0.0,0.0,0.0,0.0,0.0,0.4999999999999999
0.0,0.0,0.0,0.0,0.0,0.0,0.0,0.0,0.0,0.0,0.0,0.0,0.0,0.0,0.0,0.0,0.0,0.0,0.0,0.0,0.0,0.0,0.0,0.0,0.0,0.0,0.0,0.0,0.0,0.0,0.4999999999999999
0.0,0.0,0.0,0.0,0.0,0.0,0.0,0.0,0.0,0.0,0.0,0.0,0.0,0.0,0.0,0.0,0.0,0.0,0.0,0.0,0.0,0.0,0.0,0.0,0.0,0.0,0.0,0.0,0.0,0.0,0.4999999999999999
0.0,0.0,0.0,0.0,0.0,0.0,0.0,0.0,0.0,0.0,0.0,0.0,0.0,0.0,0.0,0.0,0.0,0.0,0.0,0.0,0.0,0.0,0.0,0.0,0.0,0.0,0.0,0.0,0.0,0.0,0.4999999999999999
0.0,0.0,0.0,0.0,0.0,0.0,0.0,0.0,0.0,0.0,0.0,0.0,0.0,0.0,0.0,0.0,0.0,0.0,0.0,0.0,0.0,0.0,0.0,0.0,0.0,0.0,0.0,0.0,0.0,0.0,0.4999999999999999
0.0,0.0,0.0,0.0,0.0,0.0,0.0,0.0,0.0,0.0,0.0,0.0,0.0,0.0,0.0,0.0,0.0,0.0,0.0,0.0,0.0,0.0,0.0,0.0,0.0,0.0,0.0,0.0,0.0,0.0,0.4999999999999999
0.0,0.0,0.0,0.0,0.0,0.0,0.0,0.0,0.0,0.0,0.0,0.0,0.0,0.0,0.0,0.0,0.0,0.0,0.0,0.0,0.0,0.0,0.0,0.0,0.0,0.0,0.0,0.0,0.0,0.0,0.4999999999999999
0.0,0.0,0.0,0.0,0.0,0.0,0.0,0.0,0.0,0.0,0.0,0.0,0.0,0.0,0.0,0.0,0.0,0.0,0.0,0.0,0.0,0.0,0.0,0.0,0.0,0.0,0.0,0.0,0.0,0.0,0.4999999999999999
0.0,0.0,0.0,0.0,0.0,0.0,0.0,0.0,0.0,0.0,0.0,0.0,0.0,0.0,0.0,0.0,0.0,0.0,0.0,0.0,0.0,0.0,0.0,0.0,0.0,0.0,0.0,0.0,0.0,0.0,0.4999999999999999
0.0,0.0,0.0,0.0,0.0,0.0,0.0,0.0,0.0,0.0,0.0,0.0,0.0,0.0,0.0,0.0,0.0,0.0,0.0,0.0,0.0,0.0,0.0,0.0,0.0,0.0,0.0,0.0,0.0,0.0,0.4999999999999999
0.0,0.0,0.0,0.0,0.0,0.0,0.0,0.0,0.0,0.0,0.0,0.0,0.0,0.0,0.0,0.0,0.0,0.0,0.0,0.0,0.0,0.0,0.0,0.0,0.0,0.0,0.0,0.0,0.0,0.0,0.4999999999999999
0.0,0.0,0.0,0.0,0.0,0.0,0.0,0.0,0.0,0.0,0.0,0.0,0.0,0.0,0.0,0.0,0.0,0.0,0.0,0.0,0.0,0.0,0.0,0.0,0.0,0.0,0.0,0.0,0.0,0.0,0.4999999999999999
0.0,0.0,0.0,0.0,0.0,0.0,0.0,0.0,0.0,0.0,0.0,0.0,0.0,0.0,0.0,0.0,0.0,0.0,0.0,0.0,0.0,0.0,0.0,0.0,0.0,0.0,0.0,0.0,0.0,0.0,0.4999999999999999
0.0,0.0,0.0,0.0,0.0,0.0,0.0,0.0,0.0,0.0,0.0,0.0,0.0,0.0,0.0,0.0,0.0,0.0,0.0,0.0,0.0,0.0,0.0,0.0,0.0,0.0,0.0,0.0,0.0,0.0,0.4999999999999999
0.0,0.0,0.0,0.0,0.0,0.0,0.0,0.0,0.0,0.0,0.0,0.0,0.0,0.0,0.0,0.0,0.0,0.0,0.0,0.0,0.0,0.0,0.0,0.0,0.0,0.0,0.0,0.0,0.0,0.0,0.4999999999999999
0.0,0.0,0.0,0.0,0.0,0.0,0.0,0.0,0.0,0.0,0.0,0.0,0.0,0.0,0.0,0.0,0.0,0.0,0.0,0.0,0.0,0.0,0.0,0.0,0.0,0.0,0.0,0.0,0.0,0.0,0.4999999999999999
0.0,0.0,0.0,0.0,0.0,0.0,0.0,0.0,0.0,0.0,0.0,0.0,0.0,0.0,0.0,0.0,0.0,0.0,0.0,0.0,0.0,0.0,0.0,0.0,0.0,0.0,0.0,0.0,0.0,0.0,0.4999999999999999
0.0,0.0,0.0,0.0,0.0,0.0,0.0,0.0,0.0,0.0,0.0,0.0,0.0,0.0,0.0,0.0,0.0,0.0,0.0,0.0,0.0,0.0,0.0,0.0,0.0,0.0,0.0,0.0,0.0,0.0,0.4999999999999999
0.0,0.0,0.0,0.0,0.0,0.0,0.0,0.0,0.0,0.0,0.0,0.0,0.0,0.0,0.0,0.0,0.0,0.0,0.0,0.0,0.0,0.0,0.0,0.0,0.0,0.0,0.0,0.0,0.0,0.0,0.4999999999999999
0.0,0.0,0.0,0.0,0.0,0.0,0.0,0.0,0.0,0.0,0.0,0.0,0.0,0.0,0.0,0.0,0.0,0.0,0.0,0.0,0.0,0.0,0.0,0.0,0.0,0.0,0.0,0.0,0.0,0.0,0.4999999999999999
0.0,0.0,0.0,0.0,0.0,0.0,0.0,0.0,0.0,0.0,0.0,0.0,0.0,0.0,0.0,0.0,0.0,0.0,0.0,0.0,0.0,0.0,0.0,0.0,0.0,0.0,0.0,0.0,0.0,0.0,0.4999999999999999
0.0,0.0,0.0,0.0,0.0,0.0,0.0,0.0,0.0,0.0,0.0,0.0,0.0,0.0,0.0,0.0,0.0,0.0,0.0,0.0,0.0,0.0,0.0,0.0,0.0,0.0,0.0,0.0,0.0,0.0,0.4999999999999999
0.0,0.0,0.0,0.0,0.0,0.0,0.0,0.0,0.0,0.0,0.0,0.0,0.0,0.0,0.0,0.0,0.0,0.0,0.0,0.0,0.0,0.0,0.0,0.0,0.0,0.0,0.0,0.0,0.0,0.0,0.4999999999999999
0.0,0.0,0.0,0.0,0.0,0.0,0.0,0.0,0.0,0.0,0.0,0.0,0.0,0.0,0.0,0.0,0.0,0.0,0.0,0.0,0.0,0.0,0.0,0.0,0.0,0.0,0.0,0.0,0.0,0.0,0.4999999999999999
0.0,0.0,0.0,0.0,0.0,0.0,0.0,0.0,0.0,0.0,0.0,0.0,0.0,0.0,0.0,0.0,0.0,0.0,0.0,0.0,0.0,0.0,0.0,0.0,0.0,0.0,0.0,0.0,0.0,0.0,0.4999999999999999
0.0,0.0,0.0,0.0,0.0,0.0,0.0,0.0,0.0,0.0,0.0,0.0,0.0,0.0,0.0,0.0,0.0,0.0,0.0,0.0,0.0,0.0,0.0,0.0,0.0,0.0,0.0,0.0,0.0,0.0,0.4999999999999999
0.0,0.0,0.0,0.0,0.0,0.0,0.0,0.0,0.0,0.0,0.0,0.0,0.0,0.0,0.0,0.0,0.0,0.0,0.0,0.0,0.0,0.0,0.0,0.0,0.0,0.0,0.0,0.0,0.0,0.0,0.4999999999999999
0.0,0.0,0.0,0.0,0.0,0.0,0.0,0.0,0.0,0.0,0.0,0.0,0.0,0.0,0.0,0.0,0.0,0.0,0.0,0.0,0.0,0.0,0.0,0.0,0.0,0.0,0.0,0.0,0.0,0.0,0.4999999999999999
0.0,0.0,0.0,0.0,0.0,0.0,0.0,0.0,0.0,0.0,0.0,0.0,0.0,0.0,0.0,0.0,0.0,0.0,0.0,0.0,0.0,0.0,0.0,0.0,0.0,0.0,0.0,0.0,0.0,0.0,0.4999999999999999
0.0,0.0,0.0,0.0,0.0,0.0,0.0,0.0,0.0,0.0,0.0,0.0,0.0,0.0,0.0,0.0,0.0,0.0,0.0,0.0,0.0,0.0,0.0,0.0,0.0,0.0,0.0,0.0,0.0,0.0,0.4999999999999999
0.0,0.0,0.0,0.0,0.0,0.0,0.0,0.0,0.0,0.0,0.0,0.0,0.0,0.0,0.0,0.0,0.0,0.0,0.0,0.0,0.0,0.0,0.0,0.0,0.0,0.0,0.0,0.0,0.0,0.0,0.4999999999999999
0.0,0.0,0.0,0.0,0.0,0.0,0.0,0.0,0.0,0.0,0.0,0.0,0.0,0.0,0.0,0.0,0.0,0.0,0.0,0.0,0.0,0.0,0.0,0.0,0.0,0.0,0.0,0.0,0.0,0.0,0.4999999999999999
0.0,0.0,0.0,0.0,0.0,0.0,0.0,0.0,0.0,0.0,0.0,0.0,0.0,0.0,0.0,0.0,0.0,0.0,0.0,0.0,0.0,0.0,0.0,0.0,0.0,0.0,0.0,0.0,0.0,0.0,0.4999999999999999
0.0,0.0,0.0,0.0,0.0,0.0,0.0,0.0,0.0,0.0,0.0,0.0,0.0,0.0,0.0,0.0,0.0,0.0,0.0,0.0,0.0,0.0,0.0,0.0,0.0,0.0,0.0,0.0,0.0,0.0,0.4999999999999999
0.0,0.0,0.0,0.0,0.0,0.0,0.0,0.0,0.0,0.0,0.0,0.0,0.0,0.0,0.0,0.0,0.0,0.0,0.0,0.0,0.0,0.0,0.0,0.0,0.0,0.0,0.0,0.0,0.0,0.0,0.4999999999999999
0.0,0.0,0.0,0.0,0.0,0.0,0.0,0.0,0.0,0.0,0.0,0.0,0.0,0.0,0.0,0.0,0.0,0.0,0.0,0.0,0.0,0.0,0.0,0.0,0.0,0.0,0.0,0.0,0.0,0.0,0.4999999999999999
0.0,0.0,0.0,0.0,0.0,0.0,0.0,0.0,0.0,0.0,0.0,0.0,0.0,0.0,0.0,0.0,0.0,0.0,0.0,0.0,0.0,0.0,0.0,0.0,0.0,0.0,0.0,0.0,0.0,0.0,0.4999999999999999
0.0,0.0,0.0,0.0,0.0,0.0,0.0,0.0,0.0,0.0,0.0,0.0,0.0,0.0,0.0,0.0,0.0,0.0,0.0,0.0,0.0,0.0,0.0,0.0,0.0,0.0,0.0,0.0,0.0,0.0,0.4999999999999999
0.0,0.0,0.0,0.0,0.0,0.0,0.0,0.0,0.0,0.0,0.0,0.0,0.0,0.0,0.0,0.0,0.0,0.0,0.0,0.0,0.0,0.0,0.0,0.0,0.0,0.0,0.0,0.0,0.0,0.0,0.4999999999999999
0.0,0.0,0.0,0.0,0.0,0.0,0.0,0.0,0.0,0.0,0.0,0.0,0.0,0.0,0.0,0.0,0.0,0.0,0.0,0.0,0.0,0.0,0.0,0.0,0.0,0.0,0.0,0.0,0.0,0.0,0.4999999999999999
0.0,0.0,0.0,0.0,0.0,0.0,0.0,0.0,0.0,0.0,0.0,0.0,0.0,0.0,0.0,0.0,0.0,0.0,0.0,0.0,0.0,0.0,0.0,0.0,0.0,0.0,0.0,0.0,0.0,0.0,0.4999999999999999
0.0,0.0,0.0,0.0,0.0,0.0,0.0,0.0,0.0,0.0,0.0,0.0,0.0,0.0,0.0,0.0,0.0,0.0,0.0,0.0,0.0,0.0,0.0,0.0,0.0,0.0,0.0,0.0,0.0,0.0,0.4999999999999999
0.0,0.0,0.0,0.0,0.0,0.0,0.0,0.0,0.0,0.0,0.0,0.0,0.0,0.0,0.0,0.0,0.0,0.0,0.0,0.0,0.0,0.0,0.0,0.0,0.0,0.0,0.0,0.0,0.0,0.0,0.4999999999999999
0.0,0.0,0.0,0.0,0.0,0.0,0.0,0.0,0.0,0.0,0.0,0.0,0.0,0.0,0.0,0.0,0.0,0.0,0.0,0.0,0.0,0.0,0.0,0.0,0.0,0.0,0.0,0.0,0.0,0.0,0.4999999999999999
0.0,0.0,0.0,0.0,0.0,0.0,0.0,0.0,0.0,0.0,0.0,0.0,0.0,0.0,0.0,0.0,0.0,0.0,0.0,0.0,0.0,0.0,0.0,0.0,0.0,0.0,0.0,0.0,0.0,0.0,0.4999999999999999
0.0,0.0,0.0,0.0,0.0,0.0,0.0,0.0,0.0,0.0,0.0,0.0,0.0,0.0,0.0,0.0,0.0,0.0,0.0,0.0,0.0,0.0,0.0,0.0,0.0,0.0,0.0,0.0,0.0,0.0,0.4999999999999999
0.0,0.0,0.0,0.0,0.0,0.0,0.0,0.0,0.0,0.0,0.0,0.0,0.0,0.0,0.0,0.0,0.0,0.0,0.0,0.0,0.0,0.0,0.0,0.0,0.0,0.0,0.0,0.0,0.0,0.0,0.4999999999999999
0.0,0.0,0.0,0.0,0.0,0.0,0.0,0.0,0.0,0.0,0.0,0.0,0.0,0.0,0.0,0.0,0.0,0.0,0.0,0.0,0.0,0.0,0.0,0.0,0.0,0.0,0.0,0.0,0.0,0.0,0.4999999999999999
0.0,0.0,0.0,0.0,0.0,0.0,0.0,0.0,0.0,0.0,0.0,0.0,0.0,0.0,0.0,0.0,0.0,0.0,0.0,0.0,0.0,0.0,0.0,0.0,0.0,0.0,0.0,0.0,0.0,0.0,0.4999999999999999
0.0,0.0,0.0,0.0,0.0,0.0,0.0,0.0,0.0,0.0,0.0,0.0,0.0,0.0,0.0,0.0,0.0,0.0,0.0,0.0,0.0,0.0,0.0,0.0,0.0,0.0,0.0,0.0,0.0,0.0,0.4999999999999999
0.0,0.0,0.0,0.0,0.0,0.0,0.0,0.0,0.0,0.0,0.0,0.0,0.0,0.0,0.0,0.0,0.0,0.0,0.0,0.0,0.0,0.0,0.0,0.0,0.0,0.0,0.0,0.0,0.0,0.0,0.4999999999999999
0.0,0.0,0.0,0.0,0.0,0.0,0.0,0.0,0.0,0.0,0.0,0.0,0.0,0.0,0.0,0.0,0.0,0.0,0.0,0.0,0.0,0.0,0.0,0.0,0.0,0.0,0.0,0.0,0.0,0.0,0.4999999999999999
0.0,0.0,0.0,0.0,0.0,0.0,0.0,0.0,0.0,0.0,0.0,0.0,0.0,0.0,0.0,0.0,0.0,0.0,0.0,0.0,0.0,0.0,0.0,0.0,0.0,0.0,0.0,0.0,0.0,0.0,0.4999999999999999
0.0,0.0,0.0,0.0,0.0,0.0,0.0,0.0,0.0,0.0,0.0,0.0,0.0,0.0,0.0,0.0,0.0,0.0,0.0,0.0,0.0,0.0,0.0,0.0,0.0,0.0,0.0,0.0,0.0,0.0,0.4999999999999999
0.0,0.0,0.0,0.0,0.0,0.0,0.0,0.0,0.0,0.0,0.0,0.0,0.0,0.0,0.0,0.0,0.0,0.0,0.0,0.0,0.0,0.0,0.0,0.0,0.0,0.0,0.0,0.0,0.0,0.0,0.4999999999999999
0.0,0.0,0.0,0.0,0.0,0.0,0.0,0.0,0.0,0.0,0.0,0.0,0.0,0.0,0.0,0.0,0.0,0.0,0.0,0.0,0.0,0.0,0.0,0.0,0.0,0.0,0.0,0.0,0.0,0.0,0.4999999999999999
0.0,0.0,0.0,0.0,0.0,0.0,0.0,0.0,0.0,0.0,0.0,0.0,0.0,0.0,0.0,0.0,0.0,0.0,0.0,0.0,0.0,0.0,0.0,0.0,0.0,0.0,0.0,0.0,0.0,0.0,0.4999999999999999
0.0,0.0,0.0,0.0,0.0,0.0,0.0,0.0,0.0,0.0,0.0,0.0,0.0,0.0,0.0,0.0,0.0,0.0,0.0,0.0,0.0,0.0,0.0,0.0,0.0,0.0,0.0,0.0,0.0,0.0,0.4999999999999999
0.0,0.0,0.0,0.0,0.0,0.0,0.0,0.0,0.0,0.0,0.0,0.0,0.0,0.0,0.0,0.0,0.0,0.0,0.0,0.0,0.0,0.0,0.0,0.0,0.0,0.0,0.0,0.0,0.0,0.0,0.4999999999999999
0.0,0.0,0.0,0.0,0.0,0.0,0.0,0.0,0.0,0.0,0.0,0.0,0.0,0.0,0.0,0.0,0.0,0.0,0.0,0.0,0.0,0.0,0.0,0.0,0.0,0.0,0.0,0.0,0.0,0.0,0.4999999999999999
0.0,0.0,0.0,0.0,0.0,0.0,0.0,0.0,0.0,0.0,0.0,0.0,0.0,0.0,0.0,0.0,0.0,0.0,0.0,0.0,0.0,0.0,0.0,0.0,0.0,0.0,0.0,0.0,0.0,0.0,0.4999999999999999
0.0,0.0,0.0,0.0,0.0,0.0,0.0,0.0,0.0,0.0,0.0,0.0,0.0,0.0,0.0,0.0,0.0,0.0,0.0,0.0,0.0,0.0,0.0,0.0,0.0,0.0,0.0,0.0,0.0,0.0,0.4999999999999999
0.0,0.0,0.0,0.0,0.0,0.0,0.0,0.0,0.0,0.0,0.0,0.0,0.0,0.0,0.0,0.0,0.0,0.0,0.0,0.0,0.0,0.0,0.0,0.0,0.0,0.0,0.0,0.0,0.0,0.0,0.4999999999999999
0.0,0.0,0.0,0.0,0.0,0.0,0.0,0.0,0.0,0.0,0.0,0.0,0.0,0.0,0.0,0.0,0.0,0.0,0.0,0.0,0.0,0.0,0.0,0.0,0.0,0.0,0.0,0.0,0.0,0.0,0.4999999999999999
0.0,0.0,0.0,0.0,0.0,0.0,0.0,0.0,0.0,0.0,0.0,0.0,0.0,0.0,0.0,0.0,0.0,0.0,0.0,0.0,0.0,0.0,0.0,0.0,0.0,0.0,0.0,0.0,0.0,0.0,0.4999999999999999
0.0,0.0,0.0,0.0,0.0,0.0,0.0,0.0,0.0,0.0,0.0,0.0,0.0,0.0,0.0,0.0,0.0,0.0,0.0,0.0,0.0,0.0,0.0,0.0,0.0,0.0,0.0,0.0,0.0,0.0,0.4999999999999999
0.0,0.0,0.0,0.0,0.0,0.0,0.0,0.0,0.0,0.0,0.0,0.0,0.0,0.0,0.0,0.0,0.0,0.0,0.0,0.0,0.0,0.0,0.0,0.0,0.0,0.0,0.0,0.0,0.0,0.0,0.4999999999999999
0.0,0.0,0.0,0.0,0.0,0.0,0.0,0.0,0.0,0.0,0.0,0.0,0.0,0.0,0.0,0.0,0.0,0.0,0.0,0.0,0.0,0.0,0.0,0.0,0.0,0.0,0.0,0.0,0.0,0.0,0.4999999999999999
0.0,0.0,0.0,0.0,0.0,0.0,0.0,0.0,0.0,0.0,0.0,0.0,0.0,0.0,0.0,0.0,0.0,0.0,0.0,0.0,0.0,0.0,0.0,0.0,0.0,0.0,0.0,0.0,0.0,0.0,0.4999999999999999
0.0,0.0,0.0,0.0,0.0,0.0,0.0,0.0,0.0,0.0,0.0,0.0,0.0,0.0,0.0,0.0,0.0,0.0,0.0,0.0,0.0,0.0,0.0,0.0,0.0,0.0,0.0,0.0,0.0,0.0,0.4999999999999999
0.0,0.0,0.0,0.0,0.0,0.0,0.0,0.0,0.0,0.0,0.0,0.0,0.0,0.0,0.0,0.0,0.0,0.0,0.0,0.0,0.0,0.0,0.0,0.0,0.0,0.0,0.0,0.0,0.0,0.0,0.4999999999999999
0.0,0.0,0.0,0.0,0.0,0.0,0.0,0.0,0.0,0.0,0.0,0.0,0.0,0.0,0.0,0.0,0.0,0.0,0.0,0.0,0.0,0.0,0.0,0.0,0.0,0.0,0.0,0.0,0.0,0.0,0.4999999999999999
0.0,0.0,0.0,0.0,0.0,0.0,0.0,0.0,0.0,0.0,0.0,0.0,0.0,0.0,0.0,0.0,0.0,0.0,0.0,0.0,0.0,0.0,0.0,0.0,0.0,0.0,0.0,0.0,0.0,0.0,0.4999999999999999
0.0,0.0,0.0,0.0,0.0,0.0,0.0,0.0,0.0,0.0,0.0,0.0,0.0,0.0,0.0,0.0,0.0,0.0,0.0,0.0,0.0,0.0,0.0,0.0,0.0,0.0,0.0,0.0,0.0,0.0,0.4999999999999999
0.0,0.0,0.0,0.0,0.0,0.0,0.0,0.0,0.0,0.0,0.0,0.0,0.0,0.0,0.0,0.0,0.0,0.0,0.0,0.0,0.0,0.0,0.0,0.0,0.0,0.0,0.0,0.0,0.0,0.0,0.4999999999999999
0.0,0.0,0.0,0.0,0.0,0.0,0.0,0.0,0.0,0.0,0.0,0.0,0.0,0.0,0.0,0.0,0.0,0.0,0.0,0.0,0.0,0.0,0.0,0.0,0.0,0.0,0.0,0.0,0.0,0.0,0.4999999999999999
0.0,0.0,0.0,0.0,0.0,0.0,0.0,0.0,0.0,0.0,0.0,0.0,0.0,0.0,0.0,0.0,0.0,0.0,0.0,0.0,0.0,0.0,0.0,0.0,0.0,0.0,0.0,0.0,0.0,0.0,0.4999999999999999
0.0,0.0,0.0,0.0,0.0,0.0,0.0,0.0,0.0,0.0,0.0,0.0,0.0,0.0,0.0,0.0,0.0,0.0,0.0,0.0,0.0,0.0,0.0,0.0,0.0,0.0,0.0,0.0,0.0,0.0,0.4999999999999999
0.0,0.0,0.0,0.0,0.0,0.0,0.0,0.0,0.0,0.0,0.0,0.0,0.0,0.0,0.0,0.0,0.0,0.0,0.0,0.0,0.0,0.0,0.0,0.0,0.0,0.0,0.0,0.0,0.0,0.0,0.4999999999999999
0.0,0.0,0.0,0.0,0.0,0.0,0.0,0.0,0.0,0.0,0.0,0.0,0.0,0.0,0.0,0.0,0.0,0.0,0.0,0.0,0.0,0.0,0.0,0.0,0.0,0.0,0.0,0.0,0.0,0.0,0.4999999999999999
0.0,0.0,0.0,0.0,0.0,0.0,0.0,0.0,0.0,0.0,0.0,0.0,0.0,0.0,0.0,0.0,0.0,0.0,0.0,0.0,0.0,0.0,0.0,0.0,0.0,0.0,0.0,0.0,0.0,0.0,0.4999999999999999
0.0,0.0,0.0,0.0,0.0,0.0,0.0,0.0,0.0,0.0,0.0,0.0,0.0,0.0,0.0,0.0,0.0,0.0,0.0,0.0,0.0,0.0,0.0,0.0,0.0,0.0,0.0,0.0,0.0,0.0,0.4999999999999999
0.0,0.0,0.0,0.0,0.0,0.0,0.0,0.0,0.0,0.0,0.0,0.0,0.0,0.0,0.0,0.0,0.0,0.0,0.0,0.0,0.0,0.0,0.0,0.0,0.0,0.0,0.0,0.0,0.0,0.0,0.4999999999999999
0.0,0.0,0.0,0.0,0.0,0.0,0.0,0.0,0.0,0.0,0.0,0.0,0.0,0.0,0.0,0.0,0.0,0.0,0.0,0.0,0.0,0.0,0.0,0.0,0.0,0.0,0.0,0.0,0.0,0.0,0.4999999999999999
0.0,0.0,0.0,0.0,0.0,0.0,0.0,0.0,0.0,0.0,0.0,0.0,0.0,0.0,0.0,0.0,0.0,0.0,0.0,0.0,0.0,0.0,0.0,0.0,0.0,0.0,0.0,0.0,0.0,0.0,0.4999999999999999
0.0,0.0,0.0,0.0,0.0,0.0,0.0,0.0,0.0,0.0,0.0,0.0,0.0,0.0,0.0,0.0,0.0,0.0,0.0,0.0,0.0,0.0,0.0,0.0,0.0,0.0,0.0,0.0,0.0,0.0,0.4999999999999999
0.0,0.0,0.0,0.0,0.0,0.0,0.0,0.0,0.0,0.0,0.0,0.0,0.0,0.0,0.0,0.0,0.0,0.0,0.0,0.0,0.0,0.0,0.0,0.0,0.0,0.0,0.0,0.0,0.0,0.0,0.4999999999999999
0.0,0.0,0.0,0.0,0.0,0.0,0.0,0.0,0.0,0.0,0.0,0.0,0.0,0.0,0.0,0.0,0.0,0.0,0.0,0.0,0.0,0.0,0.0,0.0,0.0,0.0,0.0,0.0,0.0,0.0,0.4999999999999999
0.0,0.0,0.0,0.0,0.0,0.0,0.0,0.0,0.0,0.0,0.0,0.0,0.0,0.0,0.0,0.0,0.0,0.0,0.0,0.0,0.0,0.0,0.0,0.0,0.0,0.0,0.0,0.0,0.0,0.0,0.4999999999999999
0.0,0.0,0.0,0.0,0.0,0.0,0.0,0.0,0.0,0.0,0.0,0.0,0.0,0.0,0.0,0.0,0.0,0.0,0.0,0.0,0.0,0.0,0.0,0.0,0.0,0.0,0.0,0.0,0.0,0.0,0.4999999999999999
0.0,0.0,0.0,0.0,0.0,0.0,0.0,0.0,0.0,0.0,0.0,0.0,0.0,0.0,0.0,0.0,0.0,0.0,0.0,0.0,0.0,0.0,0.0,0.0,0.0,0.0,0.0,0.0,0.0,0.0,0.4999999999999999
0.0,0.0,0.0,0.0,0.0,0.0,0.0,0.0,0.0,0.0,0.0,0.0,0.0,0.0,0.0,0.0,0.0,0.0,0.0,0.0,0.0,0.0,0.0,0.0,0.0,0.0,0.0,0.0,0.0,0.0,0.4999999999999999
0.0,0.0,0.0,0.0,0.0,0.0,0.0,0.0,0.0,0.0,0.0,0.0,0.0,0.0,0.0,0.0,0.0,0.0,0.0,0.0,0.0,0.0,0.0,0.0,0.0,0.0,0.0,0.0,0.0,0.0,0.4999999999999999
0.0,0.0,0.0,0.0,0.0,0.0,0.0,0.0,0.0,0.0,0.0,0.0,0.0,0.0,0.0,0.0,0.0,0.0,0.0,0.0,0.0,0.0,0.0,0.0,0.0,0.0,0.0,0.0,0.0,0.0,0.4999999999999999
0.0,0.0,0.0,0.0,0.0,0.0,0.0,0.0,0.0,0.0,0.0,0.0,0.0,0.0,0.0,0.0,0.0,0.0,0.0,0.0,0.0,0.0,0.0,0.0,0.0,0.0,0.0,0.0,0.0,0.0,0.4999999999999999
0.0,0.0,0.0,0.0,0.0,0.0,0.0,0.0,0.0,0.0,0.0,0.0,0.0,0.0,0.0,0.0,0.0,0.0,0.0,0.0,0.0,0.0,0.0,0.0,0.0,0.0,0.0,0.0,0.0,0.0,0.4999999999999999
0.0,0.0,0.0,0.0,0.0,0.0,0.0,0.0,0.0,0.0,0.0,0.0,0.0,0.0,0.0,0.0,0.0,0.0,0.0,0.0,0.0,0.0,0.0,0.0,0.0,0.0,0.0,0.0,0.0,0.0,0.4999999999999999
0.0,0.0,0.0,0.0,0.0,0.0,0.0,0.0,0.0,0.0,0.0,0.0,0.0,0.0,0.0,0.0,0.0,0.0,0.0,0.0,0.0,0.0,0.0,0.0,0.0,0.0,0.0,0.0,0.0,0.0,0.4999999999999999
0.0,0.0,0.0,0.0,0.0,0.0,0.0,0.0,0.0,0.0,0.0,0.0,0.0,0.0,0.0,0.0,0.0,0.0,0.0,0.0,0.0,0.0,0.0,0.0,0.0,0.0,0.0,0.0,0.0,0.0,0.4999999999999999
0.0,0.0,0.0,0.0,0.0,0.0,0.0,0.0,0.0,0.0,0.0,0.0,0.0,0.0,0.0,0.0,0.0,0.0,0.0,0.0,0.0,0.0,0.0,0.0,0.0,0.0,0.0,0.0,0.0,0.0,0.4999999999999999
0.0,0.0,0.0,0.0,0.0,0.0,0.0,0.0,0.0,0.0,0.0,0.0,0.0,0.0,0.0,0.0,0.0,0.0,0.0,0.0,0.0,0.0,0.0,0.0,0.0,0.0,0.0,0.0,0.0,0.0,0.4999999999999999
0.0,0.0,0.0,0.0,0.0,0.0,0.0,0.0,0.0,0.0,0.0,0.0,0.0,0.0,0.0,0.0,0.0,0.0,0.0,0.0,0.0,0.0,0.0,0.0,0.0,0.0,0.0,0.0,0.0,0.0,0.4999999999999999
0.0,0.0,0.0,0.0,0.0,0.0,0.0,0.0,0.0,0.0,0.0,0.0,0.0,0.0,0.0,0.0,0.0,0.0,0.0,0.0,0.0,0.0,0.0,0.0,0.0,0.0,0.0,0.0,0.0,0.0,0.4999999999999999
0.0,0.0,0.0,0.0,0.0,0.0,0.0,0.0,0.0,0.0,0.0,0.0,0.0,0.0,0.0,0.0,0.0,0.0,0.0,0.0,0.0,0.0,0.0,0.0,0.0,0.0,0.0,0.0,0.0,0.0,0.4999999999999999
0.0,0.0,0.0,0.0,0.0,0.0,0.0,0.0,0.0,0.0,0.0,0.0,0.0,0.0,0.0,0.0,0.0,0.0,0.0,0.0,0.0,0.0,0.0,0.0,0.0,0.0,0.0,0.0,0.0,0.0,0.4999999999999999
0.0,0.0,0.0,0.0,0.0,0.0,0.0,0.0,0.0,0.0,0.0,0.0,0.0,0.0,0.0,0.0,0.0,0.0,0.0,0.0,0.0,0.0,0.0,0.0,0.0,0.0,0.0,0.0,0.0,0.0,0.4999999999999999
0.0,0.0,0.0,0.0,0.0,0.0,0.0,0.0,0.0,0.0,0.0,0.0,0.0,0.0,0.0,0.0,0.0,0.0,0.0,0.0,0.0,0.0,0.0,0.0,0.0,0.0,0.0,0.0,0.0,0.0,0.4999999999999999
0.0,0.0,0.0,0.0,0.0,0.0,0.0,0.0,0.0,0.0,0.0,0.0,0.0,0.0,0.0,0.0,0.0,0.0,0.0,0.0,0.0,0.0,0.0,0.0,0.0,0.0,0.0,0.0,0.0,0.0,0.4999999999999999
0.0,0.0,0.0,0.0,0.0,0.0,0.0,0.0,0.0,0.0,0.0,0.0,0.0,0.0,0.0,0.0,0.0,0.0,0.0,0.0,0.0,0.0,0.0,0.0,0.0,0.0,0.0,0.0,0.0,0.0,0.4999999999999999
0.0,0.0,0.0,0.0,0.0,0.0,0.0,0.0,0.0,0.0,0.0,0.0,0.0,0.0,0.0,0.0,0.0,0.0,0.0,0.0,0.0,0.0,0.0,0.0,0.0,0.0,0.0,0.0,0.0,0.0,0.4999999999999999
0.0,0.0,0.0,0.0,0.0,0.0,0.0,0.0,0.0,0.0,0.0,0.0,0.0,0.0,0.0,0.0,0.0,0.0,0.0,0.0,0.0,0.0,0.0,0.0,0.0,0.0,0.0,0.0,0.0,0.0,0.4999999999999999
0.0,0.0,0.0,0.0,0.0,0.0,0.0,0.0,0.0,0.0,0.0,0.0,0.0,0.0,0.0,0.0,0.0,0.0,0.0,0.0,0.0,0.0,0.0,0.0,0.0,0.0,0.0,0.0,0.0,0.0,0.4999999999999999
0.0,0.0,0.0,0.0,0.0,0.0,0.0,0.0,0.0,0.0,0.0,0.0,0.0,0.0,0.0,0.0,0.0,0.0,0.0,0.0,0.0,0.0,0.0,0.0,0.0,0.0,0.0,0.0,0.0,0.0,0.4999999999999999
0.0,0.0,0.0,0.0,0.0,0.0,0.0,0.0,0.0,0.0,0.0,0.0,0.0,0.0,0.0,0.0,0.0,0.0,0.0,0.0,0.0,0.0,0.0,0.0,0.0,0.0,0.0,0.0,0.0,0.0,0.4999999999999999
0.0,0.0,0.0,0.0,0.0,0.0,0.0,0.0,0.0,0.0,0.0,0.0,0.0,0.0,0.0,0.0,0.0,0.0,0.0,0.0,0.0,0.0,0.0,0.0,0.0,0.0,0.0,0.0,0.0,0.0,0.4999999999999999
0.0,0.0,0.0,0.0,0.0,0.0,0.0,0.0,0.0,0.0,0.0,0.0,0.0,0.0,0.0,0.0,0.0,0.0,0.0,0.0,0.0,0.0,0.0,0.0,0.0,0.0,0.0,0.0,0.0,0.0,0.4999999999999999
0.0,0.0,0.0,0.0,0.0,0.0,0.0,0.0,0.0,0.0,0.0,0.0,0.0,0.0,0.0,0.0,0.0,0.0,0.0,0.0,0.0,0.0,0.0,0.0,0.0,0.0,0.0,0.0,0.0,0.0,0.4999999999999999
0.0,0.0,0.0,0.0,0.0,0.0,0.0,0.0,0.0,0.0,0.0,0.0,0.0,0.0,0.0,0.0,0.0,0.0,0.0,0.0,0.0,0.0,0.0,0.0,0.0,0.0,0.0,0.0,0.0,0.0,0.4999999999999999
0.0,0.0,0.0,0.0,0.0,0.0,0.0,0.0,0.0,0.0,0.0,0.0,0.0,0.0,0.0,0.0,0.0,0.0,0.0,0.0,0.0,0.0,0.0,0.0,0.0,0.0,0.0,0.0,0.0,0.0,0.4999999999999999
0.0,0.0,0.0,0.0,0.0,0.0,0.0,0.0,0.0,0.0,0.0,0.0,0.0,0.0,0.0,0.0,0.0,0.0,0.0,0.0,0.0,0.0,0.0,0.0,0.0,0.0,0.0,0.0,0.0,0.0,0.4999999999999999
0.0,0.0,0.0,0.0,0.0,0.0,0.0,0.0,0.0,0.0,0.0,0.0,0.0,0.0,0.0,0.0,0.0,0.0,0.0,0.0,0.0,0.0,0.0,0.0,0.0,0.0,0.0,0.0,0.0,0.0,0.4999999999999999
0.0,0.0,0.0,0.0,0.0,0.0,0.0,0.0,0.0,0.0,0.0,0.0,0.0,0.0,0.0,0.0,0.0,0.0,0.0,0.0,0.0,0.0,0.0,0.0,0.0,0.0,0.0,0.0,0.0,0.0,0.4999999999999999
0.0,0.0,0.0,0.0,0.0,0.0,0.0,0.0,0.0,0.0,0.0,0.0,0.0,0.0,0.0,0.0,0.0,0.0,0.0,0.0,0.0,0.0,0.0,0.0,0.0,0.0,0.0,0.0,0.0,0.0,0.4999999999999999
0.0,0.0,0.0,0.0,0.0,0.0,0.0,0.0,0.0,0.0,0.0,0.0,0.0,0.0,0.0,0.0,0.0,0.0,0.0,0.0,0.0,0.0,0.0,0.0,0.0,0.0,0.0,0.0,0.0,0.0,0.4999999999999999
0.0,0.0,0.0,0.0,0.0,0.0,0.0,0.0,0.0,0.0,0.0,0.0,0.0,0.0,0.0,0.0,0.0,0.0,0.0,0.0,0.0,0.0,0.0,0.0,0.0,0.0,0.0,0.0,0.0,0.0,0.4999999999999999
0.0,0.0,0.0,0.0,0.0,0.0,0.0,0.0,0.0,0.0,0.0,0.0,0.0,0.0,0.0,0.0,0.0,0.0,0.0,0.0,0.0,0.0,0.0,0.0,0.0,0.0,0.0,0.0,0.0,0.0,0.4999999999999999
0.0,0.0,0.0,0.0,0.0,0.0,0.0,0.0,0.0,0.0,0.0,0.0,0.0,0.0,0.0,0.0,0.0,0.0,0.0,0.0,0.0,0.0,0.0,0.0,0.0,0.0,0.0,0.0,0.0,0.0,0.4999999999999999
0.0,0.0,0.0,0.0,0.0,0.0,0.0,0.0,0.0,0.0,0.0,0.0,0.0,0.0,0.0,0.0,0.0,0.0,0.0,0.0,0.0,0.0,0.0,0.0,0.0,0.0,0.0,0.0,0.0,0.0,0.4999999999999999
0.0,0.0,0.0,0.0,0.0,0.0,0.0,0.0,0.0,0.0,0.0,0.0,0.0,0.0,0.0,0.0,0.0,0.0,0.0,0.0,0.0,0.0,0.0,0.0,0.0,0.0,0.0,0.0,0.0,0.0,0.4999999999999999
0.0,0.0,0.0,0.0,0.0,0.0,0.0,0.0,0.0,0.0,0.0,0.0,0.0,0.0,0.0,0.0,0.0,0.0,0.0,0.0,0.0,0.0,0.0,0.0,0.0,0.0,0.0,0.0,0.0,0.0,0.4999999999999999
0.0,0.0,0.0,0.0,0.0,0.0,0.0,0.0,0.0,0.0,0.0,0.0,0.0,0.0,0.0,0.0,0.0,0.0,0.0,0.0,0.0,0.0,0.0,0.0,0.0,0.0,0.0,0.0,0.0,0.0,0.4999999999999999
0.0,0.0,0.0,0.0,0.0,0.0,0.0,0.0,0.0,0.0,0.0,0.0,0.0,0.0,0.0,0.0,0.0,0.0,0.0,0.0,0.0,0.0,0.0,0.0,0.0,0.0,0.0,0.0,0.0,0.0,0.4999999999999999
0.0,0.0,0.0,0.0,0.0,0.0,0.0,0.0,0.0,0.0,0.0,0.0,0.0,0.0,0.0,0.0,0.0,0.0,0.0,0.0,0.0,0.0,0.0,0.0,0.0,0.0,0.0,0.0,0.0,0.0,0.4999999999999999
0.0,0.0,0.0,0.0,0.0,0.0,0.0,0.0,0.0,0.0,0.0,0.0,0.0,0.0,0.0,0.0,0.0,0.0,0.0,0.0,0.0,0.0,0.0,0.0,0.0,0.0,0.0,0.0,0.0,0.0,0.4999999999999999
0.0,0.0,0.0,0.0,0.0,0.0,0.0,0.0,0.0,0.0,0.0,0.0,0.0,0.0,0.0,0.0,0.0,0.0,0.0,0.0,0.0,0.0,0.0,0.0,0.0,0.0,0.0,0.0,0.0,0.0,0.4999999999999999
0.0,0.0,0.0,0.0,0.0,0.0,0.0,0.0,0.0,0.0,0.0,0.0,0.0,0.0,0.0,0.0,0.0,0.0,0.0,0.0,0.0,0.0,0.0,0.0,0.0,0.0,0.0,0.0,0.0,0.0,0.4999999999999999
0.0,0.0,0.0,0.0,0.0,0.0,0.0,0.0,0.0,0.0,0.0,0.0,0.0,0.0,0.0,0.0,0.0,0.0,0.0,0.0,0.0,0.0,0.0,0.0,0.0,0.0,0.0,0.0,0.0,0.0,0.4999999999999999
0.0,0.0,0.0,0.0,0.0,0.0,0.0,0.0,0.0,0.0,0.0,0.0,0.0,0.0,0.0,0.0,0.0,0.0,0.0,0.0,0.0,0.0,0.0,0.0,0.0,0.0,0.0,0.0,0.0,0.0,0.4999999999999999
0.0,0.0,0.0,0.0,0.0,0.0,0.0,0.0,0.0,0.0,0.0,0.0,0.0,0.0,0.0,0.0,0.0,0.0,0.0,0.0,0.0,0.0,0.0,0.0,0.0,0.0,0.0,0.0,0.0,0.0,0.4999999999999999
0.0,0.0,0.0,0.0,0.0,0.0,0.0,0.0,0.0,0.0,0.0,0.0,0.0,0.0,0.0,0.0,0.0,0.0,0.0,0.0,0.0,0.0,0.0,0.0,0.0,0.0,0.0,0.0,0.0,0.0,0.4999999999999999
0.0,0.0,0.0,0.0,0.0,0.0,0.0,0.0,0.0,0.0,0.0,0.0,0.0,0.0,0.0,0.0,0.0,0.0,0.0,0.0,0.0,0.0,0.0,0.0,0.0,0.0,0.0,0.0,0.0,0.0,0.4999999999999999
0.0,0.0,0.0,0.0,0.0,0.0,0.0,0.0,0.0,0.0,0.0,0.0,0.0,0.0,0.0,0.0,0.0,0.0,0.0,0.0,0.0,0.0,0.0,0.0,0.0,0.0,0.0,0.0,0.0,0.0,0.4999999999999999
0.0,0.0,0.0,0.0,0.0,0.0,0.0,0.0,0.0,0.0,0.0,0.0,0.0,0.0,0.0,0.0,0.0,0.0,0.0,0.0,0.0,0.0,0.0,0.0,0.0,0.0,0.0,0.0,0.0,0.0,0.4999999999999999
0.0,0.0,0.0,0.0,0.0,0.0,0.0,0.0,0.0,0.0,0.0,0.0,0.0,0.0,0.0,0.0,0.0,0.0,0.0,0.0,0.0,0.0,0.0,0.0,0.0,0.0,0.0,0.0,0.0,0.0,0.4999999999999999
0.0,0.0,0.0,0.0,0.0,0.0,0.0,0.0,0.0,0.0,0.0,0.0,0.0,0.0,0.0,0.0,0.0,0.0,0.0,0.0,0.0,0.0,0.0,0.0,0.0,0.0,0.0,0.0,0.0,0.0,0.4999999999999999
0.0,0.0,0.0,0.0,0.0,0.0,0.0,0.0,0.0,0.0,0.0,0.0,0.0,0.0,0.0,0.0,0.0,0.0,0.0,0.0,0.0,0.0,0.0,0.0,0.0,0.0,0.0,0.0,0.0,0.0,0.4999999999999999
0.0,0.0,0.0,0.0,0.0,0.0,0.0,0.0,0.0,0.0,0.0,0.0,0.0,0.0,0.0,0.0,0.0,0.0,0.0,0.0,0.0,0.0,0.0,0.0,0.0,0.0,0.0,0.0,0.0,0.0,0.4999999999999999
0.0,0.0,0.0,0.0,0.0,0.0,0.0,0.0,0.0,0.0,0.0,0.0,0.0,0.0,0.0,0.0,0.0,0.0,0.0,0.0,0.0,0.0,0.0,0.0,0.0,0.0,0.0,0.0,0.0,0.0,0.4999999999999999
0.0,0.0,0.0,0.0,0.0,0.0,0.0,0.0,0.0,0.0,0.0,0.0,0.0,0.0,0.0,0.0,0.0,0.0,0.0,0.0,0.0,0.0,0.0,0.0,0.0,0.0,0.0,0.0,0.0,0.0,0.4999999999999999
0.0,0.0,0.0,0.0,0.0,0.0,0.0,0.0,0.0,0.0,0.0,0.0,0.0,0.0,0.0,0.0,0.0,0.0,0.0,0.0,0.0,0.0,0.0,0.0,0.0,0.0,0.0,0.0,0.0,0.0,0.4999999999999999
0.0,0.0,0.0,0.0,0.0,0.0,0.0,0.0,0.0,0.0,0.0,0.0,0.0,0.0,0.0,0.0,0.0,0.0,0.0,0.0,0.0,0.0,0.0,0.0,0.0,0.0,0.0,0.0,0.0,0.0,0.4999999999999999
0.0,0.0,0.0,0.0,0.0,0.0,0.0,0.0,0.0,0.0,0.0,0.0,0.0,0.0,0.0,0.0,0.0,0.0,0.0,0.0,0.0,0.0,0.0,0.0,0.0,0.0,0.0,0.0,0.0,0.0,0.4999999999999999
0.0,0.0,0.0,0.0,0.0,0.0,0.0,0.0,0.0,0.0,0.0,0.0,0.0,0.0,0.0,0.0,0.0,0.0,0.0,0.0,0.0,0.0,0.0,0.0,0.0,0.0,0.0,0.0,0.0,0.0,0.4999999999999999
0.0,0.0,0.0,0.0,0.0,0.0,0.0,0.0,0.0,0.0,0.0,0.0,0.0,0.0,0.0,0.0,0.0,0.0,0.0,0.0,0.0,0.0,0.0,0.0,0.0,0.0,0.0,0.0,0.0,0.0,0.4999999999999999
0.0,0.0,0.0,0.0,0.0,0.0,0.0,0.0,0.0,0.0,0.0,0.0,0.0,0.0,0.0,0.0,0.0,0.0,0.0,0.0,0.0,0.0,0.0,0.0,0.0,0.0,0.0,0.0,0.0,0.0,0.4999999999999999
0.0,0.0,0.0,0.0,0.0,0.0,0.0,0.0,0.0,0.0,0.0,0.0,0.0,0.0,0.0,0.0,0.0,0.0,0.0,0.0,0.0,0.0,0.0,0.0,0.0,0.0,0.0,0.0,0.0,0.0,0.4999999999999999
0.0,0.0,0.0,0.0,0.0,0.0,0.0,0.0,0.0,0.0,0.0,0.0,0.0,0.0,0.0,0.0,0.0,0.0,0.0,0.0,0.0,0.0,0.0,0.0,0.0,0.0,0.0,0.0,0.0,0.0,0.4999999999999999
0.0,0.0,0.0,0.0,0.0,0.0,0.0,0.0,0.0,0.0,0.0,0.0,0.0,0.0,0.0,0.0,0.0,0.0,0.0,0.0,0.0,0.0,0.0,0.0,0.0,0.0,0.0,0.0,0.0,0.0,0.4999999999999999
0.0,0.0,0.0,0.0,0.0,0.0,0.0,0.0,0.0,0.0,0.0,0.0,0.0,0.0,0.0,0.0,0.0,0.0,0.0,0.0,0.0,0.0,0.0,0.0,0.0,0.0,0.0,0.0,0.0,0.0,0.4999999999999999
0.0,0.0,0.0,0.0,0.0,0.0,0.0,0.0,0.0,0.0,0.0,0.0,0.0,0.0,0.0,0.0,0.0,0.0,0.0,0.0,0.0,0.0,0.0,0.0,0.0,0.0,0.0,0.0,0.0,0.0,0.4999999999999999
0.0,0.0,0.0,0.0,0.0,0.0,0.0,0.0,0.0,0.0,0.0,0.0,0.0,0.0,0.0,0.0,0.0,0.0,0.0,0.0,0.0,0.0,0.0,0.0,0.0,0.0,0.0,0.0,0.0,0.0,0.4999999999999999
0.0,0.0,0.0,0.0,0.0,0.0,0.0,0.0,0.0,0.0,0.0,0.0,0.0,0.0,0.0,0.0,0.0,0.0,0.0,0.0,0.0,0.0,0.0,0.0,0.0,0.0,0.0,0.0,0.0,0.0,0.4999999999999999
0.0,0.0,0.0,0.0,0.0,0.0,0.0,0.0,0.0,0.0,0.0,0.0,0.0,0.0,0.0,0.0,0.0,0.0,0.0,0.0,0.0,0.0,0.0,0.0,0.0,0.0,0.0,0.0,0.0,0.0,0.4999999999999999
0.0,0.0,0.0,0.0,0.0,0.0,0.0,0.0,0.0,0.0,0.0,0.0,0.0,0.0,0.0,0.0,0.0,0.0,0.0,0.0,0.0,0.0,0.0,0.0,0.0,0.0,0.0,0.0,0.0,0.0,0.4999999999999999
0.0,0.0,0.0,0.0,0.0,0.0,0.0,0.0,0.0,0.0,0.0,0.0,0.0,0.0,0.0,0.0,0.0,0.0,0.0,0.0,0.0,0.0,0.0,0.0,0.0,0.0,0.0,0.0,0.0,0.0,0.4999999999999999
0.0,0.0,0.0,0.0,0.0,0.0,0.0,0.0,0.0,0.0,0.0,0.0,0.0,0.0,0.0,0.0,0.0,0.0,0.0,0.0,0.0,0.0,0.0,0.0,0.0,0.0,0.0,0.0,0.0,0.0,0.4999999999999999
0.0,0.0,0.0,0.0,0.0,0.0,0.0,0.0,0.0,0.0,0.0,0.0,0.0,0.0,0.0,0.0,0.0,0.0,0.0,0.0,0.0,0.0,0.0,0.0,0.0,0.0,0.0,0.0,0.0,0.0,0.4999999999999999
0.0,0.0,0.0,0.0,0.0,0.0,0.0,0.0,0.0,0.0,0.0,0.0,0.0,0.0,0.0,0.0,0.0,0.0,0.0,0.0,0.0,0.0,0.0,0.0,0.0,0.0,0.0,0.0,0.0,0.0,0.4999999999999999
0.0,0.0,0.0,0.0,0.0,0.0,0.0,0.0,0.0,0.0,0.0,0.0,0.0,0.0,0.0,0.0,0.0,0.0,0.0,0.0,0.0,0.0,0.0,0.0,0.0,0.0,0.0,0.0,0.0,0.0,0.4999999999999999
0.0,0.0,0.0,0.0,0.0,0.0,0.0,0.0,0.0,0.0,0.0,0.0,0.0,0.0,0.0,0.0,0.0,0.0,0.0,0.0,0.0,0.0,0.0,0.0,0.0,0.0,0.0,0.0,0.0,0.0,0.4999999999999999
0.0,0.0,0.0,0.0,0.0,0.0,0.0,0.0,0.0,0.0,0.0,0.0,0.0,0.0,0.0,0.0,0.0,0.0,0.0,0.0,0.0,0.0,0.0,0.0,0.0,0.0,0.0,0.0,0.0,0.0,0.4999999999999999
0.0,0.0,0.0,0.0,0.0,0.0,0.0,0.0,0.0,0.0,0.0,0.0,0.0,0.0,0.0,0.0,0.0,0.0,0.0,0.0,0.0,0.0,0.0,0.0,0.0,0.0,0.0,0.0,0.0,0.0,0.4999999999999999
0.0,0.0,0.0,0.0,0.0,0.0,0.0,0.0,0.0,0.0,0.0,0.0,0.0,0.0,0.0,0.0,0.0,0.0,0.0,0.0,0.0,0.0,0.0,0.0,0.0,0.0,0.0,0.0,0.0,0.0,0.4999999999999999
0.0,0.0,0.0,0.0,0.0,0.0,0.0,0.0,0.0,0.0,0.0,0.0,0.0,0.0,0.0,0.0,0.0,0.0,0.0,0.0,0.0,0.0,0.0,0.0,0.0,0.0,0.0,0.0,0.0,0.0,0.4999999999999999
0.0,0.0,0.0,0.0,0.0,0.0,0.0,0.0,0.0,0.0,0.0,0.0,0.0,0.0,0.0,0.0,0.0,0.0,0.0,0.0,0.0,0.0,0.0,0.0,0.0,0.0,0.0,0.0,0.0,0.0,0.4999999999999999
0.0,0.0,0.0,0.0,0.0,0.0,0.0,0.0,0.0,0.0,0.0,0.0,0.0,0.0,0.0,0.0,0.0,0.0,0.0,0.0,0.0,0.0,0.0,0.0,0.0,0.0,0.0,0.0,0.0,0.0,0.4999999999999999
0.0,0.0,0.0,0.0,0.0,0.0,0.0,0.0,0.0,0.0,0.0,0.0,0.0,0.0,0.0,0.0,0.0,0.0,0.0,0.0,0.0,0.0,0.0,0.0,0.0,0.0,0.0,0.0,0.0,0.0,0.4999999999999999
0.0,0.0,0.0,0.0,0.0,0.0,0.0,0.0,0.0,0.0,0.0,0.0,0.0,0.0,0.0,0.0,0.0,0.0,0.0,0.0,0.0,0.0,0.0,0.0,0.0,0.0,0.0,0.0,0.0,0.0,0.4999999999999999
0.0,0.0,0.0,0.0,0.0,0.0,0.0,0.0,0.0,0.0,0.0,0.0,0.0,0.0,0.0,0.0,0.0,0.0,0.0,0.0,0.0,0.0,0.0,0.0,0.0,0.0,0.0,0.0,0.0,0.0,0.4999999999999999
0.0,0.0,0.0,0.0,0.0,0.0,0.0,0.0,0.0,0.0,0.0,0.0,0.0,0.0,0.0,0.0,0.0,0.0,0.0,0.0,0.0,0.0,0.0,0.0,0.0,0.0,0.0,0.0,0.0,0.0,0.4999999999999999
0.0,0.0,0.0,0.0,0.0,0.0,0.0,0.0,0.0,0.0,0.0,0.0,0.0,0.0,0.0,0.0,0.0,0.0,0.0,0.0,0.0,0.0,0.0,0.0,0.0,0.0,0.0,0.0,0.0,0.0,0.4999999999999999
0.0,0.0,0.0,0.0,0.0,0.0,0.0,0.0,0.0,0.0,0.0,0.0,0.0,0.0,0.0,0.0,0.0,0.0,0.0,0.0,0.0,0.0,0.0,0.0,0.0,0.0,0.0,0.0,0.0,0.0,0.4999999999999999
0.0,0.0,0.0,0.0,0.0,0.0,0.0,0.0,0.0,0.0,0.0,0.0,0.0,0.0,0.0,0.0,0.0,0.0,0.0,0.0,0.0,0.0,0.0,0.0,0.0,0.0,0.0,0.0,0.0,0.0,0.4999999999999999
0.0,0.0,0.0,0.0,0.0,0.0,0.0,0.0,0.0,0.0,0.0,0.0,0.0,0.0,0.0,0.0,0.0,0.0,0.0,0.0,0.0,0.0,0.0,0.0,0.0,0.0,0.0,0.0,0.0,0.0,0.4999999999999999
0.0,0.0,0.0,0.0,0.0,0.0,0.0,0.0,0.0,0.0,0.0,0.0,0.0,0.0,0.0,0.0,0.0,0.0,0.0,0.0,0.0,0.0,0.0,0.0,0.0,0.0,0.0,0.0,0.0,0.0,0.4999999999999999
0.0,0.0,0.0,0.0,0.0,0.0,0.0,0.0,0.0,0.0,0.0,0.0,0.0,0.0,0.0,0.0,0.0,0.0,0.0,0.0,0.0,0.0,0.0,0.0,0.0,0.0,0.0,0.0,0.0,0.0,0.4999999999999999
0.0,0.0,0.0,0.0,0.0,0.0,0.0,0.0,0.0,0.0,0.0,0.0,0.0,0.0,0.0,0.0,0.0,0.0,0.0,0.0,0.0,0.0,0.0,0.0,0.0,0.0,0.0,0.0,0.0,0.0,0.4999999999999999
0.0,0.0,0.0,0.0,0.0,0.0,0.0,0.0,0.0,0.0,0.0,0.0,0.0,0.0,0.0,0.0,0.0,0.0,0.0,0.0,0.0,0.0,0.0,0.0,0.0,0.0,0.0,0.0,0.0,0.0,0.4999999999999999
0.0,0.0,0.0,0.0,0.0,0.0,0.0,0.0,0.0,0.0,0.0,0.0,0.0,0.0,0.0,0.0,0.0,0.0,0.0,0.0,0.0,0.0,0.0,0.0,0.0,0.0,0.0,0.0,0.0,0.0,0.4999999999999999
0.0,0.0,0.0,0.0,0.0,0.0,0.0,0.0,0.0,0.0,0.0,0.0,0.0,0.0,0.0,0.0,0.0,0.0,0.0,0.0,0.0,0.0,0.0,0.0,0.0,0.0,0.0,0.0,0.0,0.0,0.4999999999999999
0.0,0.0,0.0,0.0,0.0,0.0,0.0,0.0,0.0,0.0,0.0,0.0,0.0,0.0,0.0,0.0,0.0,0.0,0.0,0.0,0.0,0.0,0.0,0.0,0.0,0.0,0.0,0.0,0.0,0.0,0.4999999999999999
0.0,0.0,0.0,0.0,0.0,0.0,0.0,0.0,0.0,0.0,0.0,0.0,0.0,0.0,0.0,0.0,0.0,0.0,0.0,0.0,0.0,0.0,0.0,0.0,0.0,0.0,0.0,0.0,0.0,0.0,0.4999999999999999
0.0,0.0,0.0,0.0,0.0,0.0,0.0,0.0,0.0,0.0,0.0,0.0,0.0,0.0,0.0,0.0,0.0,0.0,0.0,0.0,0.0,0.0,0.0,0.0,0.0,0.0,0.0,0.0,0.0,0.0,0.4999999999999999
0.0,0.0,0.0,0.0,0.0,0.0,0.0,0.0,0.0,0.0,0.0,0.0,0.0,0.0,0.0,0.0,0.0,0.0,0.0,0.0,0.0,0.0,0.0,0.0,0.0,0.0,0.0,0.0,0.0,0.0,0.4999999999999999
0.0,0.0,0.0,0.0,0.0,0.0,0.0,0.0,0.0,0.0,0.0,0.0,0.0,0.0,0.0,0.0,0.0,0.0,0.0,0.0,0.0,0.0,0.0,0.0,0.0,0.0,0.0,0.0,0.0,0.0,0.4999999999999999
0.0,0.0,0.0,0.0,0.0,0.0,0.0,0.0,0.0,0.0,0.0,0.0,0.0,0.0,0.0,0.0,0.0,0.0,0.0,0.0,0.0,0.0,0.0,0.0,0.0,0.0,0.0,0.0,0.0,0.0,0.4999999999999999
0.0,0.0,0.0,0.0,0.0,0.0,0.0,0.0,0.0,0.0,0.0,0.0,0.0,0.0,0.0,0.0,0.0,0.0,0.0,0.0,0.0,0.0,0.0,0.0,0.0,0.0,0.0,0.0,0.0,0.0,0.4999999999999999
0.0,0.0,0.0,0.0,0.0,0.0,0.0,0.0,0.0,0.0,0.0,0.0,0.0,0.0,0.0,0.0,0.0,0.0,0.0,0.0,0.0,0.0,0.0,0.0,0.0,0.0,0.0,0.0,0.0,0.0,0.4999999999999999
0.0,0.0,0.0,0.0,0.0,0.0,0.0,0.0,0.0,0.0,0.0,0.0,0.0,0.0,0.0,0.0,0.0,0.0,0.0,0.0,0.0,0.0,0.0,0.0,0.0,0.0,0.0,0.0,0.0,0.0,0.4999999999999999
0.0,0.0,0.0,0.0,0.0,0.0,0.0,0.0,0.0,0.0,0.0,0.0,0.0,0.0,0.0,0.0,0.0,0.0,0.0,0.0,0.0,0.0,0.0,0.0,0.0,0.0,0.0,0.0,0.0,0.0,0.4999999999999999
0.0,0.0,0.0,0.0,0.0,0.0,0.0,0.0,0.0,0.0,0.0,0.0,0.0,0.0,0.0,0.0,0.0,0.0,0.0,0.0,0.0,0.0,0.0,0.0,0.0,0.0,0.0,0.0,0.0,0.0,0.4999999999999999
0.0,0.0,0.0,0.0,0.0,0.0,0.0,0.0,0.0,0.0,0.0,0.0,0.0,0.0,0.0,0.0,0.0,0.0,0.0,0.0,0.0,0.0,0.0,0.0,0.0,0.0,0.0,0.0,0.0,0.0,0.4999999999999999
0.0,0.0,0.0,0.0,0.0,0.0,0.0,0.0,0.0,0.0,0.0,0.0,0.0,0.0,0.0,0.0,0.0,0.0,0.0,0.0,0.0,0.0,0.0,0.0,0.0,0.0,0.0,0.0,0.0,0.0,0.4999999999999999
0.0,0.0,0.0,0.0,0.0,0.0,0.0,0.0,0.0,0.0,0.0,0.0,0.0,0.0,0.0,0.0,0.0,0.0,0.0,0.0,0.0,0.0,0.0,0.0,0.0,0.0,0.0,0.0,0.0,0.0,0.4999999999999999
0.0,0.0,0.0,0.0,0.0,0.0,0.0,0.0,0.0,0.0,0.0,0.0,0.0,0.0,0.0,0.0,0.0,0.0,0.0,0.0,0.0,0.0,0.0,0.0,0.0,0.0,0.0,0.0,0.0,0.0,0.4999999999999999
0.0,0.0,0.0,0.0,0.0,0.0,0.0,0.0,0.0,0.0,0.0,0.0,0.0,0.0,0.0,0.0,0.0,0.0,0.0,0.0,0.0,0.0,0.0,0.0,0.0,0.0,0.0,0.0,0.0,0.0,0.4999999999999999
0.0,0.0,0.0,0.0,0.0,0.0,0.0,0.0,0.0,0.0,0.0,0.0,0.0,0.0,0.0,0.0,0.0,0.0,0.0,0.0,0.0,0.0,0.0,0.0,0.0,0.0,0.0,0.0,0.0,0.0,0.4999999999999999
0.0,0.0,0.0,0.0,0.0,0.0,0.0,0.0,0.0,0.0,0.0,0.0,0.0,0.0,0.0,0.0,0.0,0.0,0.0,0.0,0.0,0.0,0.0,0.0,0.0,0.0,0.0,0.0,0.0,0.0,0.4999999999999999
0.0,0.0,0.0,0.0,0.0,0.0,0.0,0.0,0.0,0.0,0.0,0.0,0.0,0.0,0.0,0.0,0.0,0.0,0.0,0.0,0.0,0.0,0.0,0.0,0.0,0.0,0.0,0.0,0.0,0.0,0.4999999999999999
0.0,0.0,0.0,0.0,0.0,0.0,0.0,0.0,0.0,0.0,0.0,0.0,0.0,0.0,0.0,0.0,0.0,0.0,0.0,0.0,0.0,0.0,0.0,0.0,0.0,0.0,0.0,0.0,0.0,0.0,0.4999999999999999
0.0,0.0,0.0,0.0,0.0,0.0,0.0,0.0,0.0,0.0,0.0,0.0,0.0,0.0,0.0,0.0,0.0,0.0,0.0,0.0,0.0,0.0,0.0,0.0,0.0,0.0,0.0,0.0,0.0,0.0,0.4999999999999999
0.0,0.0,0.0,0.0,0.0,0.0,0.0,0.0,0.0,0.0,0.0,0.0,0.0,0.0,0.0,0.0,0.0,0.0,0.0,0.0,0.0,0.0,0.0,0.0,0.0,0.0,0.0,0.0,0.0,0.0,0.4999999999999999
0.0,0.0,0.0,0.0,0.0,0.0,0.0,0.0,0.0,0.0,0.0,0.0,0.0,0.0,0.0,0.0,0.0,0.0,0.0,0.0,0.0,0.0,0.0,0.0,0.0,0.0,0.0,0.0,0.0,0.0,0.4999999999999999
0.0,0.0,0.0,0.0,0.0,0.0,0.0,0.0,0.0,0.0,0.0,0.0,0.0,0.0,0.0,0.0,0.0,0.0,0.0,0.0,0.0,0.0,0.0,0.0,0.0,0.0,0.0,0.0,0.0,0.0,0.4999999999999999
0.0,0.0,0.0,0.0,0.0,0.0,0.0,0.0,0.0,0.0,0.0,0.0,0.0,0.0,0.0,0.0,0.0,0.0,0.0,0.0,0.0,0.0,0.0,0.0,0.0,0.0,0.0,0.0,0.0,0.0,0.4999999999999999
0.0,0.0,0.0,0.0,0.0,0.0,0.0,0.0,0.0,0.0,0.0,0.0,0.0,0.0,0.0,0.0,0.0,0.0,0.0,0.0,0.0,0.0,0.0,0.0,0.0,0.0,0.0,0.0,0.0,0.0,0.4999999999999999
0.0,0.0,0.0,0.0,0.0,0.0,0.0,0.0,0.0,0.0,0.0,0.0,0.0,0.0,0.0,0.0,0.0,0.0,0.0,0.0,0.0,0.0,0.0,0.0,0.0,0.0,0.0,0.0,0.0,0.0,0.4999999999999999
0.0,0.0,0.0,0.0,0.0,0.0,0.0,0.0,0.0,0.0,0.0,0.0,0.0,0.0,0.0,0.0,0.0,0.0,0.0,0.0,0.0,0.0,0.0,0.0,0.0,0.0,0.0,0.0,0.0,0.0,0.4999999999999999
0.0,0.0,0.0,0.0,0.0,0.0,0.0,0.0,0.0,0.0,0.0,0.0,0.0,0.0,0.0,0.0,0.0,0.0,0.0,0.0,0.0,0.0,0.0,0.0,0.0,0.0,0.0,0.0,0.0,0.0,0.4999999999999999
0.0,0.0,0.0,0.0,0.0,0.0,0.0,0.0,0.0,0.0,0.0,0.0,0.0,0.0,0.0,0.0,0.0,0.0,0.0,0.0,0.0,0.0,0.0,0.0,0.0,0.0,0.0,0.0,0.0,0.0,0.4999999999999999
0.0,0.0,0.0,0.0,0.0,0.0,0.0,0.0,0.0,0.0,0.0,0.0,0.0,0.0,0.0,0.0,0.0,0.0,0.0,0.0,0.0,0.0,0.0,0.0,0.0,0.0,0.0,0.0,0.0,0.0,0.4999999999999999
0.0,0.0,0.0,0.0,0.0,0.0,0.0,0.0,0.0,0.0,0.0,0.0,0.0,0.0,0.0,0.0,0.0,0.0,0.0,0.0,0.0,0.0,0.0,0.0,0.0,0.0,0.0,0.0,0.0,0.0,0.4999999999999999
0.0,0.0,0.0,0.0,0.0,0.0,0.0,0.0,0.0,0.0,0.0,0.0,0.0,0.0,0.0,0.0,0.0,0.0,0.0,0.0,0.0,0.0,0.0,0.0,0.0,0.0,0.0,0.0,0.0,0.0,0.4999999999999999
0.0,0.0,0.0,0.0,0.0,0.0,0.0,0.0,0.0,0.0,0.0,0.0,0.0,0.0,0.0,0.0,0.0,0.0,0.0,0.0,0.0,0.0,0.0,0.0,0.0,0.0,0.0,0.0,0.0,0.0,0.4999999999999999
0.0,0.0,0.0,0.0,0.0,0.0,0.0,0.0,0.0,0.0,0.0,0.0,0.0,0.0,0.0,0.0,0.0,0.0,0.0,0.0,0.0,0.0,0.0,0.0,0.0,0.0,0.0,0.0,0.0,0.0,0.4999999999999999
0.0,0.0,0.0,0.0,0.0,0.0,0.0,0.0,0.0,0.0,0.0,0.0,0.0,0.0,0.0,0.0,0.0,0.0,0.0,0.0,0.0,0.0,0.0,0.0,0.0,0.0,0.0,0.0,0.0,0.0,0.4999999999999999
0.0,0.0,0.0,0.0,0.0,0.0,0.0,0.0,0.0,0.0,0.0,0.0,0.0,0.0,0.0,0.0,0.0,0.0,0.0,0.0,0.0,0.0,0.0,0.0,0.0,0.0,0.0,0.0,0.0,0.0,0.4999999999999999
0.0,0.0,0.0,0.0,0.0,0.0,0.0,0.0,0.0,0.0,0.0,0.0,0.0,0.0,0.0,0.0,0.0,0.0,0.0,0.0,0.0,0.0,0.0,0.0,0.0,0.0,0.0,0.0,0.0,0.0,0.4999999999999999
0.0,0.0,0.0,0.0,0.0,0.0,0.0,0.0,0.0,0.0,0.0,0.0,0.0,0.0,0.0,0.0,0.0,0.0,0.0,0.0,0.0,0.0,0.0,0.0,0.0,0.0,0.0,0.0,0.0,0.0,0.4999999999999999
0.0,0.0,0.0,0.0,0.0,0.0,0.0,0.0,0.0,0.0,0.0,0.0,0.0,0.0,0.0,0.0,0.0,0.0,0.0,0.0,0.0,0.0,0.0,0.0,0.0,0.0,0.0,0.0,0.0,0.0,0.4999999999999999
0.0,0.0,0.0,0.0,0.0,0.0,0.0,0.0,0.0,0.0,0.0,0.0,0.0,0.0,0.0,0.0,0.0,0.0,0.0,0.0,0.0,0.0,0.0,0.0,0.0,0.0,0.0,0.0,0.0,0.0,0.4999999999999999
0.0,0.0,0.0,0.0,0.0,0.0,0.0,0.0,0.0,0.0,0.0,0.0,0.0,0.0,0.0,0.0,0.0,0.0,0.0,0.0,0.0,0.0,0.0,0.0,0.0,0.0,0.0,0.0,0.0,0.0,0.4999999999999999
0.0,0.0,0.0,0.0,0.0,0.0,0.0,0.0,0.0,0.0,0.0,0.0,0.0,0.0,0.0,0.0,0.0,0.0,0.0,0.0,0.0,0.0,0.0,0.0,0.0,0.0,0.0,0.0,0.0,0.0,0.4999999999999999
0.0,0.0,0.0,0.0,0.0,0.0,0.0,0.0,0.0,0.0,0.0,0.0,0.0,0.0,0.0,0.0,0.0,0.0,0.0,0.0,0.0,0.0,0.0,0.0,0.0,0.0,0.0,0.0,0.0,0.0,0.4999999999999999
0.0,0.0,0.0,0.0,0.0,0.0,0.0,0.0,0.0,0.0,0.0,0.0,0.0,0.0,0.0,0.0,0.0,0.0,0.0,0.0,0.0,0.0,0.0,0.0,0.0,0.0,0.0,0.0,0.0,0.0,0.4999999999999999
0.0,0.0,0.0,0.0,0.0,0.0,0.0,0.0,0.0,0.0,0.0,0.0,0.0,0.0,0.0,0.0,0.0,0.0,0.0,0.0,0.0,0.0,0.0,0.0,0.0,0.0,0.0,0.0,0.0,0.0,0.4999999999999999
0.0,0.0,0.0,0.0,0.0,0.0,0.0,0.0,0.0,0.0,0.0,0.0,0.0,0.0,0.0,0.0,0.0,0.0,0.0,0.0,0.0,0.0,0.0,0.0,0.0,0.0,0.0,0.0,0.0,0.0,0.4999999999999999
0.0,0.0,0.0,0.0,0.0,0.0,0.0,0.0,0.0,0.0,0.0,0.0,0.0,0.0,0.0,0.0,0.0,0.0,0.0,0.0,0.0,0.0,0.0,0.0,0.0,0.0,0.0,0.0,0.0,0.0,0.4999999999999999
0.0,0.0,0.0,0.0,0.0,0.0,0.0,0.0,0.0,0.0,0.0,0.0,0.0,0.0,0.0,0.0,0.0,0.0,0.0,0.0,0.0,0.0,0.0,0.0,0.0,0.0,0.0,0.0,0.0,0.0,0.4999999999999999
0.0,0.0,0.0,0.0,0.0,0.0,0.0,0.0,0.0,0.0,0.0,0.0,0.0,0.0,0.0,0.0,0.0,0.0,0.0,0.0,0.0,0.0,0.0,0.0,0.0,0.0,0.0,0.0,0.0,0.0,0.4999999999999999
0.0,0.0,0.0,0.0,0.0,0.0,0.0,0.0,0.0,0.0,0.0,0.0,0.0,0.0,0.0,0.0,0.0,0.0,0.0,0.0,0.0,0.0,0.0,0.0,0.0,0.0,0.0,0.0,0.0,0.0,0.4999999999999999
0.0,0.0,0.0,0.0,0.0,0.0,0.0,0.0,0.0,0.0,0.0,0.0,0.0,0.0,0.0,0.0,0.0,0.0,0.0,0.0,0.0,0.0,0.0,0.0,0.0,0.0,0.0,0.0,0.0,0.0,0.4999999999999999
0.0,0.0,0.0,0.0,0.0,0.0,0.0,0.0,0.0,0.0,0.0,0.0,0.0,0.0,0.0,0.0,0.0,0.0,0.0,0.0,0.0,0.0,0.0,0.0,0.0,0.0,0.0,0.0,0.0,0.0,0.4999999999999999
0.0,0.0,0.0,0.0,0.0,0.0,0.0,0.0,0.0,0.0,0.0,0.0,0.0,0.0,0.0,0.0,0.0,0.0,0.0,0.0,0.0,0.0,0.0,0.0,0.0,0.0,0.0,0.0,0.0,0.0,0.4999999999999999
0.0,0.0,0.0,0.0,0.0,0.0,0.0,0.0,0.0,0.0,0.0,0.0,0.0,0.0,0.0,0.0,0.0,0.0,0.0,0.0,0.0,0.0,0.0,0.0,0.0,0.0,0.0,0.0,0.0,0.0,0.4999999999999999
0.0,0.0,0.0,0.0,0.0,0.0,0.0,0.0,0.0,0.0,0.0,0.0,0.0,0.0,0.0,0.0,0.0,0.0,0.0,0.0,0.0,0.0,0.0,0.0,0.0,0.0,0.0,0.0,0.0,0.0,0.4999999999999999
0.0,0.0,0.0,0.0,0.0,0.0,0.0,0.0,0.0,0.0,0.0,0.0,0.0,0.0,0.0,0.0,0.0,0.0,0.0,0.0,0.0,0.0,0.0,0.0,0.0,0.0,0.0,0.0,0.0,0.0,0.4999999999999999
0.0,0.0,0.0,0.0,0.0,0.0,0.0,0.0,0.0,0.0,0.0,0.0,0.0,0.0,0.0,0.0,0.0,0.0,0.0,0.0,0.0,0.0,0.0,0.0,0.0,0.0,0.0,0.0,0.0,0.0,0.4999999999999999
0.0,0.0,0.0,0.0,0.0,0.0,0.0,0.0,0.0,0.0,0.0,0.0,0.0,0.0,0.0,0.0,0.0,0.0,0.0,0.0,0.0,0.0,0.0,0.0,0.0,0.0,0.0,0.0,0.0,0.0,0.4999999999999999
0.0,0.0,0.0,0.0,0.0,0.0,0.0,0.0,0.0,0.0,0.0,0.0,0.0,0.0,0.0,0.0,0.0,0.0,0.0,0.0,0.0,0.0,0.0,0.0,0.0,0.0,0.0,0.0,0.0,0.0,0.4999999999999999
0.0,0.0,0.0,0.0,0.0,0.0,0.0,0.0,0.0,0.0,0.0,0.0,0.0,0.0,0.0,0.0,0.0,0.0,0.0,0.0,0.0,0.0,0.0,0.0,0.0,0.0,0.0,0.0,0.0,0.0,0.4999999999999999
0.0,0.0,0.0,0.0,0.0,0.0,0.0,0.0,0.0,0.0,0.0,0.0,0.0,0.0,0.0,0.0,0.0,0.0,0.0,0.0,0.0,0.0,0.0,0.0,0.0,0.0,0.0,0.0,0.0,0.0,0.4999999999999999
0.0,0.0,0.0,0.0,0.0,0.0,0.0,0.0,0.0,0.0,0.0,0.0,0.0,0.0,0.0,0.0,0.0,0.0,0.0,0.0,0.0,0.0,0.0,0.0,0.0,0.0,0.0,0.0,0.0,0.0,0.4999999999999999
0.0,0.0,0.0,0.0,0.0,0.0,0.0,0.0,0.0,0.0,0.0,0.0,0.0,0.0,0.0,0.0,0.0,0.0,0.0,0.0,0.0,0.0,0.0,0.0,0.0,0.0,0.0,0.0,0.0,0.0,0.4999999999999999
0.0,0.0,0.0,0.0,0.0,0.0,0.0,0.0,0.0,0.0,0.0,0.0,0.0,0.0,0.0,0.0,0.0,0.0,0.0,0.0,0.0,0.0,0.0,0.0,0.0,0.0,0.0,0.0,0.0,0.0,0.4999999999999999
0.0,0.0,0.0,0.0,0.0,0.0,0.0,0.0,0.0,0.0,0.0,0.0,0.0,0.0,0.0,0.0,0.0,0.0,0.0,0.0,0.0,0.0,0.0,0.0,0.0,0.0,0.0,0.0,0.0,0.0,0.4999999999999999
0.0,0.0,0.0,0.0,0.0,0.0,0.0,0.0,0.0,0.0,0.0,0.0,0.0,0.0,0.0,0.0,0.0,0.0,0.0,0.0,0.0,0.0,0.0,0.0,0.0,0.0,0.0,0.0,0.0,0.0,0.4999999999999999
0.0,0.0,0.0,0.0,0.0,0.0,0.0,0.0,0.0,0.0,0.0,0.0,0.0,0.0,0.0,0.0,0.0,0.0,0.0,0.0,0.0,0.0,0.0,0.0,0.0,0.0,0.0,0.0,0.0,0.0,0.4999999999999999
0.0,0.0,0.0,0.0,0.0,0.0,0.0,0.0,0.0,0.0,0.0,0.0,0.0,0.0,0.0,0.0,0.0,0.0,0.0,0.0,0.0,0.0,0.0,0.0,0.0,0.0,0.0,0.0,0.0,0.0,0.4999999999999999
0.0,0.0,0.0,0.0,0.0,0.0,0.0,0.0,0.0,0.0,0.0,0.0,0.0,0.0,0.0,0.0,0.0,0.0,0.0,0.0,0.0,0.0,0.0,0.0,0.0,0.0,0.0,0.0,0.0,0.0,0.4999999999999999
0.0,0.0,0.0,0.0,0.0,0.0,0.0,0.0,0.0,0.0,0.0,0.0,0.0,0.0,0.0,0.0,0.0,0.0,0.0,0.0,0.0,0.0,0.0,0.0,0.0,0.0,0.0,0.0,0.0,0.0,0.4999999999999999
0.0,0.0,0.0,0.0,0.0,0.0,0.0,0.0,0.0,0.0,0.0,0.0,0.0,0.0,0.0,0.0,0.0,0.0,0.0,0.0,0.0,0.0,0.0,0.0,0.0,0.0,0.0,0.0,0.0,0.0,0.4999999999999999
0.0,0.0,0.0,0.0,0.0,0.0,0.0,0.0,0.0,0.0,0.0,0.0,0.0,0.0,0.0,0.0,0.0,0.0,0.0,0.0,0.0,0.0,0.0,0.0,0.0,0.0,0.0,0.0,0.0,0.0,0.4999999999999999
0.0,0.0,0.0,0.0,0.0,0.0,0.0,0.0,0.0,0.0,0.0,0.0,0.0,0.0,0.0,0.0,0.0,0.0,0.0,0.0,0.0,0.0,0.0,0.0,0.0,0.0,0.0,0.0,0.0,0.0,0.4999999999999999
0.0,0.0,0.0,0.0,0.0,0.0,0.0,0.0,0.0,0.0,0.0,0.0,0.0,0.0,0.0,0.0,0.0,0.0,0.0,0.0,0.0,0.0,0.0,0.0,0.0,0.0,0.0,0.0,0.0,0.0,0.4999999999999999
0.0,0.0,0.0,0.0,0.0,0.0,0.0,0.0,0.0,0.0,0.0,0.0,0.0,0.0,0.0,0.0,0.0,0.0,0.0,0.0,0.0,0.0,0.0,0.0,0.0,0.0,0.0,0.0,0.0,0.0,0.4999999999999999
0.0,0.0,0.0,0.0,0.0,0.0,0.0,0.0,0.0,0.0,0.0,0.0,0.0,0.0,0.0,0.0,0.0,0.0,0.0,0.0,0.0,0.0,0.0,0.0,0.0,0.0,0.0,0.0,0.0,0.0,0.4999999999999999
0.0,0.0,0.0,0.0,0.0,0.0,0.0,0.0,0.0,0.0,0.0,0.0,0.0,0.0,0.0,0.0,0.0,0.0,0.0,0.0,0.0,0.0,0.0,0.0,0.0,0.0,0.0,0.0,0.0,0.0,0.4999999999999999
0.0,0.0,0.0,0.0,0.0,0.0,0.0,0.0,0.0,0.0,0.0,0.0,0.0,0.0,0.0,0.0,0.0,0.0,0.0,0.0,0.0,0.0,0.0,0.0,0.0,0.0,0.0,0.0,0.0,0.0,0.4999999999999999
0.0,0.0,0.0,0.0,0.0,0.0,0.0,0.0,0.0,0.0,0.0,0.0,0.0,0.0,0.0,0.0,0.0,0.0,0.0,0.0,0.0,0.0,0.0,0.0,0.0,0.0,0.0,0.0,0.0,0.0,0.4999999999999999
0.0,0.0,0.0,0.0,0.0,0.0,0.0,0.0,0.0,0.0,0.0,0.0,0.0,0.0,0.0,0.0,0.0,0.0,0.0,0.0,0.0,0.0,0.0,0.0,0.0,0.0,0.0,0.0,0.0,0.0,0.4999999999999999
0.0,0.0,0.0,0.0,0.0,0.0,0.0,0.0,0.0,0.0,0.0,0.0,0.0,0.0,0.0,0.0,0.0,0.0,0.0,0.0,0.0,0.0,0.0,0.0,0.0,0.0,0.0,0.0,0.0,0.0,0.4999999999999999
0.0,0.0,0.0,0.0,0.0,0.0,0.0,0.0,0.0,0.0,0.0,0.0,0.0,0.0,0.0,0.0,0.0,0.0,0.0,0.0,0.0,0.0,0.0,0.0,0.0,0.0,0.0,0.0,0.0,0.0,0.4999999999999999
0.0,0.0,0.0,0.0,0.0,0.0,0.0,0.0,0.0,0.0,0.0,0.0,0.0,0.0,0.0,0.0,0.0,0.0,0.0,0.0,0.0,0.0,0.0,0.0,0.0,0.0,0.0,0.0,0.0,0.0,0.4999999999999999
0.0,0.0,0.0,0.0,0.0,0.0,0.0,0.0,0.0,0.0,0.0,0.0,0.0,0.0,0.0,0.0,0.0,0.0,0.0,0.0,0.0,0.0,0.0,0.0,0.0,0.0,0.0,0.0,0.0,0.0,0.4999999999999999
0.0,0.0,0.0,0.0,0.0,0.0,0.0,0.0,0.0,0.0,0.0,0.0,0.0,0.0,0.0,0.0,0.0,0.0,0.0,0.0,0.0,0.0,0.0,0.0,0.0,0.0,0.0,0.0,0.0,0.0,0.4999999999999999
0.0,0.0,0.0,0.0,0.0,0.0,0.0,0.0,0.0,0.0,0.0,0.0,0.0,0.0,0.0,0.0,0.0,0.0,0.0,0.0,0.0,0.0,0.0,0.0,0.0,0.0,0.0,0.0,0.0,0.0,0.4999999999999999
0.0,0.0,0.0,0.0,0.0,0.0,0.0,0.0,0.0,0.0,0.0,0.0,0.0,0.0,0.0,0.0,0.0,0.0,0.0,0.0,0.0,0.0,0.0,0.0,0.0,0.0,0.0,0.0,0.0,0.0,0.4999999999999999
0.0,0.0,0.0,0.0,0.0,0.0,0.0,0.0,0.0,0.0,0.0,0.0,0.0,0.0,0.0,0.0,0.0,0.0,0.0,0.0,0.0,0.0,0.0,0.0,0.0,0.0,0.0,0.0,0.0,0.0,0.4999999999999999
0.0,0.0,0.0,0.0,0.0,0.0,0.0,0.0,0.0,0.0,0.0,0.0,0.0,0.0,0.0,0.0,0.0,0.0,0.0,0.0,0.0,0.0,0.0,0.0,0.0,0.0,0.0,0.0,0.0,0.0,0.4999999999999999
0.0,0.0,0.0,0.0,0.0,0.0,0.0,0.0,0.0,0.0,0.0,0.0,0.0,0.0,0.0,0.0,0.0,0.0,0.0,0.0,0.0,0.0,0.0,0.0,0.0,0.0,0.0,0.0,0.0,0.0,0.4999999999999999
0.0,0.0,0.0,0.0,0.0,0.0,0.0,0.0,0.0,0.0,0.0,0.0,0.0,0.0,0.0,0.0,0.0,0.0,0.0,0.0,0.0,0.0,0.0,0.0,0.0,0.0,0.0,0.0,0.0,0.0,0.4999999999999999
0.0,0.0,0.0,0.0,0.0,0.0,0.0,0.0,0.0,0.0,0.0,0.0,0.0,0.0,0.0,0.0,0.0,0.0,0.0,0.0,0.0,0.0,0.0,0.0,0.0,0.0,0.0,0.0,0.0,0.0,0.4999999999999999
0.0,0.0,0.0,0.0,0.0,0.0,0.0,0.0,0.0,0.0,0.0,0.0,0.0,0.0,0.0,0.0,0.0,0.0,0.0,0.0,0.0,0.0,0.0,0.0,0.0,0.0,0.0,0.0,0.0,0.0,0.4999999999999999
0.0,0.0,0.0,0.0,0.0,0.0,0.0,0.0,0.0,0.0,0.0,0.0,0.0,0.0,0.0,0.0,0.0,0.0,0.0,0.0,0.0,0.0,0.0,0.0,0.0,0.0,0.0,0.0,0.0,0.0,0.4999999999999999
0.0,0.0,0.0,0.0,0.0,0.0,0.0,0.0,0.0,0.0,0.0,0.0,0.0,0.0,0.0,0.0,0.0,0.0,0.0,0.0,0.0,0.0,0.0,0.0,0.0,0.0,0.0,0.0,0.0,0.0,0.4999999999999999
0.0,0.0,0.0,0.0,0.0,0.0,0.0,0.0,0.0,0.0,0.0,0.0,0.0,0.0,0.0,0.0,0.0,0.0,0.0,0.0,0.0,0.0,0.0,0.0,0.0,0.0,0.0,0.0,0.0,0.0,0.4999999999999999
0.0,0.0,0.0,0.0,0.0,0.0,0.0,0.0,0.0,0.0,0.0,0.0,0.0,0.0,0.0,0.0,0.0,0.0,0.0,0.0,0.0,0.0,0.0,0.0,0.0,0.0,0.0,0.0,0.0,0.0,0.4999999999999999
0.0,0.0,0.0,0.0,0.0,0.0,0.0,0.0,0.0,0.0,0.0,0.0,0.0,0.0,0.0,0.0,0.0,0.0,0.0,0.0,0.0,0.0,0.0,0.0,0.0,0.0,0.0,0.0,0.0,0.0,0.4999999999999999
0.0,0.0,0.0,0.0,0.0,0.0,0.0,0.0,0.0,0.0,0.0,0.0,0.0,0.0,0.0,0.0,0.0,0.0,0.0,0.0,0.0,0.0,0.0,0.0,0.0,0.0,0.0,0.0,0.0,0.0,0.4999999999999999
0.0,0.0,0.0,0.0,0.0,0.0,0.0,0.0,0.0,0.0,0.0,0.0,0.0,0.0,0.0,0.0,0.0,0.0,0.0,0.0,0.0,0.0,0.0,0.0,0.0,0.0,0.0,0.0,0.0,0.0,0.4999999999999999
0.0,0.0,0.0,0.0,0.0,0.0,0.0,0.0,0.0,0.0,0.0,0.0,0.0,0.0,0.0,0.0,0.0,0.0,0.0,0.0,0.0,0.0,0.0,0.0,0.0,0.0,0.0,0.0,0.0,0.0,0.4999999999999999
0.0,0.0,0.0,0.0,0.0,0.0,0.0,0.0,0.0,0.0,0.0,0.0,0.0,0.0,0.0,0.0,0.0,0.0,0.0,0.0,0.0,0.0,0.0,0.0,0.0,0.0,0.0,0.0,0.0,0.0,0.4999999999999999
0.0,0.0,0.0,0.0,0.0,0.0,0.0,0.0,0.0,0.0,0.0,0.0,0.0,0.0,0.0,0.0,0.0,0.0,0.0,0.0,0.0,0.0,0.0,0.0,0.0,0.0,0.0,0.0,0.0,0.0,0.4999999999999999
0.0,0.0,0.0,0.0,0.0,0.0,0.0,0.0,0.0,0.0,0.0,0.0,0.0,0.0,0.0,0.0,0.0,0.0,0.0,0.0,0.0,0.0,0.0,0.0,0.0,0.0,0.0,0.0,0.0,0.0,0.4999999999999999
0.0,0.0,0.0,0.0,0.0,0.0,0.0,0.0,0.0,0.0,0.0,0.0,0.0,0.0,0.0,0.0,0.0,0.0,0.0,0.0,0.0,0.0,0.0,0.0,0.0,0.0,0.0,0.0,0.0,0.0,0.4999999999999999
0.0,0.0,0.0,0.0,0.0,0.0,0.0,0.0,0.0,0.0,0.0,0.0,0.0,0.0,0.0,0.0,0.0,0.0,0.0,0.0,0.0,0.0,0.0,0.0,0.0,0.0,0.0,0.0,0.0,0.0,0.4999999999999999
0.0,0.0,0.0,0.0,0.0,0.0,0.0,0.0,0.0,0.0,0.0,0.0,0.0,0.0,0.0,0.0,0.0,0.0,0.0,0.0,0.0,0.0,0.0,0.0,0.0,0.0,0.0,0.0,0.0,0.0,0.4999999999999999
0.0,0.0,0.0,0.0,0.0,0.0,0.0,0.0,0.0,0.0,0.0,0.0,0.0,0.0,0.0,0.0,0.0,0.0,0.0,0.0,0.0,0.0,0.0,0.0,0.0,0.0,0.0,0.0,0.0,0.0,0.4999999999999999
0.0,0.0,0.0,0.0,0.0,0.0,0.0,0.0,0.0,0.0,0.0,0.0,0.0,0.0,0.0,0.0,0.0,0.0,0.0,0.0,0.0,0.0,0.0,0.0,0.0,0.0,0.0,0.0,0.0,0.0,0.4999999999999999
0.0,0.0,0.0,0.0,0.0,0.0,0.0,0.0,0.0,0.0,0.0,0.0,0.0,0.0,0.0,0.0,0.0,0.0,0.0,0.0,0.0,0.0,0.0,0.0,0.0,0.0,0.0,0.0,0.0,0.0,0.4999999999999999
0.0,0.0,0.0,0.0,0.0,0.0,0.0,0.0,0.0,0.0,0.0,0.0,0.0,0.0,0.0,0.0,0.0,0.0,0.0,0.0,0.0,0.0,0.0,0.0,0.0,0.0,0.0,0.0,0.0,0.0,0.4999999999999999
0.0,0.0,0.0,0.0,0.0,0.0,0.0,0.0,0.0,0.0,0.0,0.0,0.0,0.0,0.0,0.0,0.0,0.0,0.0,0.0,0.0,0.0,0.0,0.0,0.0,0.0,0.0,0.0,0.0,0.0,0.4999999999999999
0.0,0.0,0.0,0.0,0.0,0.0,0.0,0.0,0.0,0.0,0.0,0.0,0.0,0.0,0.0,0.0,0.0,0.0,0.0,0.0,0.0,0.0,0.0,0.0,0.0,0.0,0.0,0.0,0.0,0.0,0.4999999999999999
0.0,0.0,0.0,0.0,0.0,0.0,0.0,0.0,0.0,0.0,0.0,0.0,0.0,0.0,0.0,0.0,0.0,0.0,0.0,0.0,0.0,0.0,0.0,0.0,0.0,0.0,0.0,0.0,0.0,0.0,0.4999999999999999
0.0,0.0,0.0,0.0,0.0,0.0,0.0,0.0,0.0,0.0,0.0,0.0,0.0,0.0,0.0,0.0,0.0,0.0,0.0,0.0,0.0,0.0,0.0,0.0,0.0,0.0,0.0,0.0,0.0,0.0,0.4999999999999999
0.0,0.0,0.0,0.0,0.0,0.0,0.0,0.0,0.0,0.0,0.0,0.0,0.0,0.0,0.0,0.0,0.0,0.0,0.0,0.0,0.0,0.0,0.0,0.0,0.0,0.0,0.0,0.0,0.0,0.0,0.4999999999999999
0.0,0.0,0.0,0.0,0.0,0.0,0.0,0.0,0.0,0.0,0.0,0.0,0.0,0.0,0.0,0.0,0.0,0.0,0.0,0.0,0.0,0.0,0.0,0.0,0.0,0.0,0.0,0.0,0.0,0.0,0.4999999999999999
0.0,0.0,0.0,0.0,0.0,0.0,0.0,0.0,0.0,0.0,0.0,0.0,0.0,0.0,0.0,0.0,0.0,0.0,0.0,0.0,0.0,0.0,0.0,0.0,0.0,0.0,0.0,0.0,0.0,0.0,0.4999999999999999
0.0,0.0,0.0,0.0,0.0,0.0,0.0,0.0,0.0,0.0,0.0,0.0,0.0,0.0,0.0,0.0,0.0,0.0,0.0,0.0,0.0,0.0,0.0,0.0,0.0,0.0,0.0,0.0,0.0,0.0,0.4999999999999999
0.0,0.0,0.0,0.0,0.0,0.0,0.0,0.0,0.0,0.0,0.0,0.0,0.0,0.0,0.0,0.0,0.0,0.0,0.0,0.0,0.0,0.0,0.0,0.0,0.0,0.0,0.0,0.0,0.0,0.0,0.4999999999999999
0.0,0.0,0.0,0.0,0.0,0.0,0.0,0.0,0.0,0.0,0.0,0.0,0.0,0.0,0.0,0.0,0.0,0.0,0.0,0.0,0.0,0.0,0.0,0.0,0.0,0.0,0.0,0.0,0.0,0.0,0.4999999999999999
0.0,0.0,0.0,0.0,0.0,0.0,0.0,0.0,0.0,0.0,0.0,0.0,0.0,0.0,0.0,0.0,0.0,0.0,0.0,0.0,0.0,0.0,0.0,0.0,0.0,0.0,0.0,0.0,0.0,0.0,0.4999999999999999
0.0,0.0,0.0,0.0,0.0,0.0,0.0,0.0,0.0,0.0,0.0,0.0,0.0,0.0,0.0,0.0,0.0,0.0,0.0,0.0,0.0,0.0,0.0,0.0,0.0,0.0,0.0,0.0,0.0,0.0,0.4999999999999999
0.0,0.0,0.0,0.0,0.0,0.0,0.0,0.0,0.0,0.0,0.0,0.0,0.0,0.0,0.0,0.0,0.0,0.0,0.0,0.0,0.0,0.0,0.0,0.0,0.0,0.0,0.0,0.0,0.0,0.0,0.4999999999999999
0.0,0.0,0.0,0.0,0.0,0.0,0.0,0.0,0.0,0.0,0.0,0.0,0.0,0.0,0.0,0.0,0.0,0.0,0.0,0.0,0.0,0.0,0.0,0.0,0.0,0.0,0.0,0.0,0.0,0.0,0.4999999999999999
0.0,0.0,0.0,0.0,0.0,0.0,0.0,0.0,0.0,0.0,0.0,0.0,0.0,0.0,0.0,0.0,0.0,0.0,0.0,0.0,0.0,0.0,0.0,0.0,0.0,0.0,0.0,0.0,0.0,0.0,0.4999999999999999
0.0,0.0,0.0,0.0,0.0,0.0,0.0,0.0,0.0,0.0,0.0,0.0,0.0,0.0,0.0,0.0,0.0,0.0,0.0,0.0,0.0,0.0,0.0,0.0,0.0,0.0,0.0,0.0,0.0,0.0,0.4999999999999999
0.0,0.0,0.0,0.0,0.0,0.0,0.0,0.0,0.0,0.0,0.0,0.0,0.0,0.0,0.0,0.0,0.0,0.0,0.0,0.0,0.0,0.0,0.0,0.0,0.0,0.0,0.0,0.0,0.0,0.0,0.4999999999999999
0.0,0.0,0.0,0.0,0.0,0.0,0.0,0.0,0.0,0.0,0.0,0.0,0.0,0.0,0.0,0.0,0.0,0.0,0.0,0.0,0.0,0.0,0.0,0.0,0.0,0.0,0.0,0.0,0.0,0.0,0.4999999999999999
0.0,0.0,0.0,0.0,0.0,0.0,0.0,0.0,0.0,0.0,0.0,0.0,0.0,0.0,0.0,0.0,0.0,0.0,0.0,0.0,0.0,0.0,0.0,0.0,0.0,0.0,0.0,0.0,0.0,0.0,0.4999999999999999
0.0,0.0,0.0,0.0,0.0,0.0,0.0,0.0,0.0,0.0,0.0,0.0,0.0,0.0,0.0,0.0,0.0,0.0,0.0,0.0,0.0,0.0,0.0,0.0,0.0,0.0,0.0,0.0,0.0,0.0,0.4999999999999999
0.0,0.0,0.0,0.0,0.0,0.0,0.0,0.0,0.0,0.0,0.0,0.0,0.0,0.0,0.0,0.0,0.0,0.0,0.0,0.0,0.0,0.0,0.0,0.0,0.0,0.0,0.0,0.0,0.0,0.0,0.4999999999999999
0.0,0.0,0.0,0.0,0.0,0.0,0.0,0.0,0.0,0.0,0.0,0.0,0.0,0.0,0.0,0.0,0.0,0.0,0.0,0.0,0.0,0.0,0.0,0.0,0.0,0.0,0.0,0.0,0.0,0.0,0.4999999999999999
0.0,0.0,0.0,0.0,0.0,0.0,0.0,0.0,0.0,0.0,0.0,0.0,0.0,0.0,0.0,0.0,0.0,0.0,0.0,0.0,0.0,0.0,0.0,0.0,0.0,0.0,0.0,0.0,0.0,0.0,0.4999999999999999
0.0,0.0,0.0,0.0,0.0,0.0,0.0,0.0,0.0,0.0,0.0,0.0,0.0,0.0,0.0,0.0,0.0,0.0,0.0,0.0,0.0,0.0,0.0,0.0,0.0,0.0,0.0,0.0,0.0,0.0,0.4999999999999999
0.0,0.0,0.0,0.0,0.0,0.0,0.0,0.0,0.0,0.0,0.0,0.0,0.0,0.0,0.0,0.0,0.0,0.0,0.0,0.0,0.0,0.0,0.0,0.0,0.0,0.0,0.0,0.0,0.0,0.0,0.4999999999999999
0.0,0.0,0.0,0.0,0.0,0.0,0.0,0.0,0.0,0.0,0.0,0.0,0.0,0.0,0.0,0.0,0.0,0.0,0.0,0.0,0.0,0.0,0.0,0.0,0.0,0.0,0.0,0.0,0.0,0.0,0.4999999999999999
0.0,0.0,0.0,0.0,0.0,0.0,0.0,0.0,0.0,0.0,0.0,0.0,0.0,0.0,0.0,0.0,0.0,0.0,0.0,0.0,0.0,0.0,0.0,0.0,0.0,0.0,0.0,0.0,0.0,0.0,0.4999999999999999
0.0,0.0,0.0,0.0,0.0,0.0,0.0,0.0,0.0,0.0,0.0,0.0,0.0,0.0,0.0,0.0,0.0,0.0,0.0,0.0,0.0,0.0,0.0,0.0,0.0,0.0,0.0,0.0,0.0,0.0,0.4999999999999999
0.0,0.0,0.0,0.0,0.0,0.0,0.0,0.0,0.0,0.0,0.0,0.0,0.0,0.0,0.0,0.0,0.0,0.0,0.0,0.0,0.0,0.0,0.0,0.0,0.0,0.0,0.0,0.0,0.0,0.0,0.4999999999999999
0.0,0.0,0.0,0.0,0.0,0.0,0.0,0.0,0.0,0.0,0.0,0.0,0.0,0.0,0.0,0.0,0.0,0.0,0.0,0.0,0.0,0.0,0.0,0.0,0.0,0.0,0.0,0.0,0.0,0.0,0.4999999999999999
0.0,0.0,0.0,0.0,0.0,0.0,0.0,0.0,0.0,0.0,0.0,0.0,0.0,0.0,0.0,0.0,0.0,0.0,0.0,0.0,0.0,0.0,0.0,0.0,0.0,0.0,0.0,0.0,0.0,0.0,0.4999999999999999
0.0,0.0,0.0,0.0,0.0,0.0,0.0,0.0,0.0,0.0,0.0,0.0,0.0,0.0,0.0,0.0,0.0,0.0,0.0,0.0,0.0,0.0,0.0,0.0,0.0,0.0,0.0,0.0,0.0,0.0,0.4999999999999999
0.0,0.0,0.0,0.0,0.0,0.0,0.0,0.0,0.0,0.0,0.0,0.0,0.0,0.0,0.0,0.0,0.0,0.0,0.0,0.0,0.0,0.0,0.0,0.0,0.0,0.0,0.0,0.0,0.0,0.0,0.4999999999999999
0.0,0.0,0.0,0.0,0.0,0.0,0.0,0.0,0.0,0.0,0.0,0.0,0.0,0.0,0.0,0.0,0.0,0.0,0.0,0.0,0.0,0.0,0.0,0.0,0.0,0.0,0.0,0.0,0.0,0.0,0.4999999999999999
0.0,0.0,0.0,0.0,0.0,0.0,0.0,0.0,0.0,0.0,0.0,0.0,0.0,0.0,0.0,0.0,0.0,0.0,0.0,0.0,0.0,0.0,0.0,0.0,0.0,0.0,0.0,0.0,0.0,0.0,0.4999999999999999
0.0,0.0,0.0,0.0,0.0,0.0,0.0,0.0,0.0,0.0,0.0,0.0,0.0,0.0,0.0,0.0,0.0,0.0,0.0,0.0,0.0,0.0,0.0,0.0,0.0,0.0,0.0,0.0,0.0,0.0,0.4999999999999999
0.0,0.0,0.0,0.0,0.0,0.0,0.0,0.0,0.0,0.0,0.0,0.0,0.0,0.0,0.0,0.0,0.0,0.0,0.0,0.0,0.0,0.0,0.0,0.0,0.0,0.0,0.0,0.0,0.0,0.0,0.4999999999999999
0.0,0.0,0.0,0.0,0.0,0.0,0.0,0.0,0.0,0.0,0.0,0.0,0.0,0.0,0.0,0.0,0.0,0.0,0.0,0.0,0.0,0.0,0.0,0.0,0.0,0.0,0.0,0.0,0.0,0.0,0.4999999999999999
0.0,0.0,0.0,0.0,0.0,0.0,0.0,0.0,0.0,0.0,0.0,0.0,0.0,0.0,0.0,0.0,0.0,0.0,0.0,0.0,0.0,0.0,0.0,0.0,0.0,0.0,0.0,0.0,0.0,0.0,0.4999999999999999
0.0,0.0,0.0,0.0,0.0,0.0,0.0,0.0,0.0,0.0,0.0,0.0,0.0,0.0,0.0,0.0,0.0,0.0,0.0,0.0,0.0,0.0,0.0,0.0,0.0,0.0,0.0,0.0,0.0,0.0,0.4999999999999999
0.0,0.0,0.0,0.0,0.0,0.0,0.0,0.0,0.0,0.0,0.0,0.0,0.0,0.0,0.0,0.0,0.0,0.0,0.0,0.0,0.0,0.0,0.0,0.0,0.0,0.0,0.0,0.0,0.0,0.0,0.4999999999999999
0.0,0.0,0.0,0.0,0.0,0.0,0.0,0.0,0.0,0.0,0.0,0.0,0.0,0.0,0.0,0.0,0.0,0.0,0.0,0.0,0.0,0.0,0.0,0.0,0.0,0.0,0.0,0.0,0.0,0.0,0.4999999999999999
0.0,0.0,0.0,0.0,0.0,0.0,0.0,0.0,0.0,0.0,0.0,0.0,0.0,0.0,0.0,0.0,0.0,0.0,0.0,0.0,0.0,0.0,0.0,0.0,0.0,0.0,0.0,0.0,0.0,0.0,0.4999999999999999
0.0,0.0,0.0,0.0,0.0,0.0,0.0,0.0,0.0,0.0,0.0,0.0,0.0,0.0,0.0,0.0,0.0,0.0,0.0,0.0,0.0,0.0,0.0,0.0,0.0,0.0,0.0,0.0,0.0,0.0,0.4999999999999999
0.0,0.0,0.0,0.0,0.0,0.0,0.0,0.0,0.0,0.0,0.0,0.0,0.0,0.0,0.0,0.0,0.0,0.0,0.0,0.0,0.0,0.0,0.0,0.0,0.0,0.0,0.0,0.0,0.0,0.0,0.4999999999999999
0.0,0.0,0.0,0.0,0.0,0.0,0.0,0.0,0.0,0.0,0.0,0.0,0.0,0.0,0.0,0.0,0.0,0.0,0.0,0.0,0.0,0.0,0.0,0.0,0.0,0.0,0.0,0.0,0.0,0.0,0.4999999999999999
0.0,0.0,0.0,0.0,0.0,0.0,0.0,0.0,0.0,0.0,0.0,0.0,0.0,0.0,0.0,0.0,0.0,0.0,0.0,0.0,0.0,0.0,0.0,0.0,0.0,0.0,0.0,0.0,0.0,0.0,0.4999999999999999
0.0,0.0,0.0,0.0,0.0,0.0,0.0,0.0,0.0,0.0,0.0,0.0,0.0,0.0,0.0,0.0,0.0,0.0,0.0,0.0,0.0,0.0,0.0,0.0,0.0,0.0,0.0,0.0,0.0,0.0,0.4999999999999999
0.0,0.0,0.0,0.0,0.0,0.0,0.0,0.0,0.0,0.0,0.0,0.0,0.0,0.0,0.0,0.0,0.0,0.0,0.0,0.0,0.0,0.0,0.0,0.0,0.0,0.0,0.0,0.0,0.0,0.0,0.4999999999999999
0.0,0.0,0.0,0.0,0.0,0.0,0.0,0.0,0.0,0.0,0.0,0.0,0.0,0.0,0.0,0.0,0.0,0.0,0.0,0.0,0.0,0.0,0.0,0.0,0.0,0.0,0.0,0.0,0.0,0.0,0.4999999999999999
0.0,0.0,0.0,0.0,0.0,0.0,0.0,0.0,0.0,0.0,0.0,0.0,0.0,0.0,0.0,0.0,0.0,0.0,0.0,0.0,0.0,0.0,0.0,0.0,0.0,0.0,0.0,0.0,0.0,0.0,0.4999999999999999
0.0,0.0,0.0,0.0,0.0,0.0,0.0,0.0,0.0,0.0,0.0,0.0,0.0,0.0,0.0,0.0,0.0,0.0,0.0,0.0,0.0,0.0,0.0,0.0,0.0,0.0,0.0,0.0,0.0,0.0,0.4999999999999999
0.0,0.0,0.0,0.0,0.0,0.0,0.0,0.0,0.0,0.0,0.0,0.0,0.0,0.0,0.0,0.0,0.0,0.0,0.0,0.0,0.0,0.0,0.0,0.0,0.0,0.0,0.0,0.0,0.0,0.0,0.4999999999999999
0.0,0.0,0.0,0.0,0.0,0.0,0.0,0.0,0.0,0.0,0.0,0.0,0.0,0.0,0.0,0.0,0.0,0.0,0.0,0.0,0.0,0.0,0.0,0.0,0.0,0.0,0.0,0.0,0.0,0.0,0.4999999999999999
0.0,0.0,0.0,0.0,0.0,0.0,0.0,0.0,0.0,0.0,0.0,0.0,0.0,0.0,0.0,0.0,0.0,0.0,0.0,0.0,0.0,0.0,0.0,0.0,0.0,0.0,0.0,0.0,0.0,0.0,0.4999999999999999
0.0,0.0,0.0,0.0,0.0,0.0,0.0,0.0,0.0,0.0,0.0,0.0,0.0,0.0,0.0,0.0,0.0,0.0,0.0,0.0,0.0,0.0,0.0,0.0,0.0,0.0,0.0,0.0,0.0,0.0,0.4999999999999999
0.0,0.0,0.0,0.0,0.0,0.0,0.0,0.0,0.0,0.0,0.0,0.0,0.0,0.0,0.0,0.0,0.0,0.0,0.0,0.0,0.0,0.0,0.0,0.0,0.0,0.0,0.0,0.0,0.0,0.0,0.4999999999999999
0.0,0.0,0.0,0.0,0.0,0.0,0.0,0.0,0.0,0.0,0.0,0.0,0.0,0.0,0.0,0.0,0.0,0.0,0.0,0.0,0.0,0.0,0.0,0.0,0.0,0.0,0.0,0.0,0.0,0.0,0.4999999999999999
0.0,0.0,0.0,0.0,0.0,0.0,0.0,0.0,0.0,0.0,0.0,0.0,0.0,0.0,0.0,0.0,0.0,0.0,0.0,0.0,0.0,0.0,0.0,0.0,0.0,0.0,0.0,0.0,0.0,0.0,0.4999999999999999
0.0,0.0,0.0,0.0,0.0,0.0,0.0,0.0,0.0,0.0,0.0,0.0,0.0,0.0,0.0,0.0,0.0,0.0,0.0,0.0,0.0,0.0,0.0,0.0,0.0,0.0,0.0,0.0,0.0,0.0,0.4999999999999999
0.0,0.0,0.0,0.0,0.0,0.0,0.0,0.0,0.0,0.0,0.0,0.0,0.0,0.0,0.0,0.0,0.0,0.0,0.0,0.0,0.0,0.0,0.0,0.0,0.0,0.0,0.0,0.0,0.0,0.0,0.4999999999999999
0.0,0.0,0.0,0.0,0.0,0.0,0.0,0.0,0.0,0.0,0.0,0.0,0.0,0.0,0.0,0.0,0.0,0.0,0.0,0.0,0.0,0.0,0.0,0.0,0.0,0.0,0.0,0.0,0.0,0.0,0.4999999999999999
0.0,0.0,0.0,0.0,0.0,0.0,0.0,0.0,0.0,0.0,0.0,0.0,0.0,0.0,0.0,0.0,0.0,0.0,0.0,0.0,0.0,0.0,0.0,0.0,0.0,0.0,0.0,0.0,0.0,0.0,0.4999999999999999
0.0,0.0,0.0,0.0,0.0,0.0,0.0,0.0,0.0,0.0,0.0,0.0,0.0,0.0,0.0,0.0,0.0,0.0,0.0,0.0,0.0,0.0,0.0,0.0,0.0,0.0,0.0,0.0,0.0,0.0,0.4999999999999999
0.0,0.0,0.0,0.0,0.0,0.0,0.0,0.0,0.0,0.0,0.0,0.0,0.0,0.0,0.0,0.0,0.0,0.0,0.0,0.0,0.0,0.0,0.0,0.0,0.0,0.0,0.0,0.0,0.0,0.0,0.4999999999999999
0.0,0.0,0.0,0.0,0.0,0.0,0.0,0.0,0.0,0.0,0.0,0.0,0.0,0.0,0.0,0.0,0.0,0.0,0.0,0.0,0.0,0.0,0.0,0.0,0.0,0.0,0.0,0.0,0.0,0.0,0.4999999999999999
0.0,0.0,0.0,0.0,0.0,0.0,0.0,0.0,0.0,0.0,0.0,0.0,0.0,0.0,0.0,0.0,0.0,0.0,0.0,0.0,0.0,0.0,0.0,0.0,0.0,0.0,0.0,0.0,0.0,0.0,0.4999999999999999
0.0,0.0,0.0,0.0,0.0,0.0,0.0,0.0,0.0,0.0,0.0,0.0,0.0,0.0,0.0,0.0,0.0,0.0,0.0,0.0,0.0,0.0,0.0,0.0,0.0,0.0,0.0,0.0,0.0,0.0,0.4999999999999999
0.0,0.0,0.0,0.0,0.0,0.0,0.0,0.0,0.0,0.0,0.0,0.0,0.0,0.0,0.0,0.0,0.0,0.0,0.0,0.0,0.0,0.0,0.0,0.0,0.0,0.0,0.0,0.0,0.0,0.0,0.4999999999999999
0.0,0.0,0.0,0.0,0.0,0.0,0.0,0.0,0.0,0.0,0.0,0.0,0.0,0.0,0.0,0.0,0.0,0.0,0.0,0.0,0.0,0.0,0.0,0.0,0.0,0.0,0.0,0.0,0.0,0.0,0.4999999999999999
0.0,0.0,0.0,0.0,0.0,0.0,0.0,0.0,0.0,0.0,0.0,0.0,0.0,0.0,0.0,0.0,0.0,0.0,0.0,0.0,0.0,0.0,0.0,0.0,0.0,0.0,0.0,0.0,0.0,0.0,0.4999999999999999
0.0,0.0,0.0,0.0,0.0,0.0,0.0,0.0,0.0,0.0,0.0,0.0,0.0,0.0,0.0,0.0,0.0,0.0,0.0,0.0,0.0,0.0,0.0,0.0,0.0,0.0,0.0,0.0,0.0,0.0,0.4999999999999999
0.0,0.0,0.0,0.0,0.0,0.0,0.0,0.0,0.0,0.0,0.0,0.0,0.0,0.0,0.0,0.0,0.0,0.0,0.0,0.0,0.0,0.0,0.0,0.0,0.0,0.0,0.0,0.0,0.0,0.0,0.4999999999999999
0.0,0.0,0.0,0.0,0.0,0.0,0.0,0.0,0.0,0.0,0.0,0.0,0.0,0.0,0.0,0.0,0.0,0.0,0.0,0.0,0.0,0.0,0.0,0.0,0.0,0.0,0.0,0.0,0.0,0.0,0.4999999999999999
0.0,0.0,0.0,0.0,0.0,0.0,0.0,0.0,0.0,0.0,0.0,0.0,0.0,0.0,0.0,0.0,0.0,0.0,0.0,0.0,0.0,0.0,0.0,0.0,0.0,0.0,0.0,0.0,0.0,0.0,0.4999999999999999
0.0,0.0,0.0,0.0,0.0,0.0,0.0,0.0,0.0,0.0,0.0,0.0,0.0,0.0,0.0,0.0,0.0,0.0,0.0,0.0,0.0,0.0,0.0,0.0,0.0,0.0,0.0,0.0,0.0,0.0,0.4999999999999999
0.0,0.0,0.0,0.0,0.0,0.0,0.0,0.0,0.0,0.0,0.0,0.0,0.0,0.0,0.0,0.0,0.0,0.0,0.0,0.0,0.0,0.0,0.0,0.0,0.0,0.0,0.0,0.0,0.0,0.0,0.4999999999999999
0.0,0.0,0.0,0.0,0.0,0.0,0.0,0.0,0.0,0.0,0.0,0.0,0.0,0.0,0.0,0.0,0.0,0.0,0.0,0.0,0.0,0.0,0.0,0.0,0.0,0.0,0.0,0.0,0.0,0.0,0.4999999999999999
0.0,0.0,0.0,0.0,0.0,0.0,0.0,0.0,0.0,0.0,0.0,0.0,0.0,0.0,0.0,0.0,0.0,0.0,0.0,0.0,0.0,0.0,0.0,0.0,0.0,0.0,0.0,0.0,0.0,0.0,0.4999999999999999
0.0,0.0,0.0,0.0,0.0,0.0,0.0,0.0,0.0,0.0,0.0,0.0,0.0,0.0,0.0,0.0,0.0,0.0,0.0,0.0,0.0,0.0,0.0,0.0,0.0,0.0,0.0,0.0,0.0,0.0,0.4999999999999999
0.0,0.0,0.0,0.0,0.0,0.0,0.0,0.0,0.0,0.0,0.0,0.0,0.0,0.0,0.0,0.0,0.0,0.0,0.0,0.0,0.0,0.0,0.0,0.0,0.0,0.0,0.0,0.0,0.0,0.0,0.4999999999999999
0.0,0.0,0.0,0.0,0.0,0.0,0.0,0.0,0.0,0.0,0.0,0.0,0.0,0.0,0.0,0.0,0.0,0.0,0.0,0.0,0.0,0.0,0.0,0.0,0.0,0.0,0.0,0.0,0.0,0.0,0.4999999999999999
0.0,0.0,0.0,0.0,0.0,0.0,0.0,0.0,0.0,0.0,0.0,0.0,0.0,0.0,0.0,0.0,0.0,0.0,0.0,0.0,0.0,0.0,0.0,0.0,0.0,0.0,0.0,0.0,0.0,0.0,0.4999999999999999
0.0,0.0,0.0,0.0,0.0,0.0,0.0,0.0,0.0,0.0,0.0,0.0,0.0,0.0,0.0,0.0,0.0,0.0,0.0,0.0,0.0,0.0,0.0,0.0,0.0,0.0,0.0,0.0,0.0,0.0,0.4999999999999999
0.0,0.0,0.0,0.0,0.0,0.0,0.0,0.0,0.0,0.0,0.0,0.0,0.0,0.0,0.0,0.0,0.0,0.0,0.0,0.0,0.0,0.0,0.0,0.0,0.0,0.0,0.0,0.0,0.0,0.0,0.4999999999999999
0.0,0.0,0.0,0.0,0.0,0.0,0.0,0.0,0.0,0.0,0.0,0.0,0.0,0.0,0.0,0.0,0.0,0.0,0.0,0.0,0.0,0.0,0.0,0.0,0.0,0.0,0.0,0.0,0.0,0.0,0.4999999999999999
0.0,0.0,0.0,0.0,0.0,0.0,0.0,0.0,0.0,0.0,0.0,0.0,0.0,0.0,0.0,0.0,0.0,0.0,0.0,0.0,0.0,0.0,0.0,0.0,0.0,0.0,0.0,0.0,0.0,0.0,0.4999999999999999
0.0,0.0,0.0,0.0,0.0,0.0,0.0,0.0,0.0,0.0,0.0,0.0,0.0,0.0,0.0,0.0,0.0,0.0,0.0,0.0,0.0,0.0,0.0,0.0,0.0,0.0,0.0,0.0,0.0,0.0,0.4999999999999999
0.0,0.0,0.0,0.0,0.0,0.0,0.0,0.0,0.0,0.0,0.0,0.0,0.0,0.0,0.0,0.0,0.0,0.0,0.0,0.0,0.0,0.0,0.0,0.0,0.0,0.0,0.0,0.0,0.0,0.0,0.4999999999999999
0.0,0.0,0.0,0.0,0.0,0.0,0.0,0.0,0.0,0.0,0.0,0.0,0.0,0.0,0.0,0.0,0.0,0.0,0.0,0.0,0.0,0.0,0.0,0.0,0.0,0.0,0.0,0.0,0.0,0.0,0.4999999999999999
0.0,0.0,0.0,0.0,0.0,0.0,0.0,0.0,0.0,0.0,0.0,0.0,0.0,0.0,0.0,0.0,0.0,0.0,0.0,0.0,0.0,0.0,0.0,0.0,0.0,0.0,0.0,0.0,0.0,0.0,0.4999999999999999
0.0,0.0,0.0,0.0,0.0,0.0,0.0,0.0,0.0,0.0,0.0,0.0,0.0,0.0,0.0,0.0,0.0,0.0,0.0,0.0,0.0,0.0,0.0,0.0,0.0,0.0,0.0,0.0,0.0,0.0,0.4999999999999999
0.0,0.0,0.0,0.0,0.0,0.0,0.0,0.0,0.0,0.0,0.0,0.0,0.0,0.0,0.0,0.0,0.0,0.0,0.0,0.0,0.0,0.0,0.0,0.0,0.0,0.0,0.0,0.0,0.0,0.0,0.4999999999999999
0.0,0.0,0.0,0.0,0.0,0.0,0.0,0.0,0.0,0.0,0.0,0.0,0.0,0.0,0.0,0.0,0.0,0.0,0.0,0.0,0.0,0.0,0.0,0.0,0.0,0.0,0.0,0.0,0.0,0.0,0.4999999999999999
0.0,0.0,0.0,0.0,0.0,0.0,0.0,0.0,0.0,0.0,0.0,0.0,0.0,0.0,0.0,0.0,0.0,0.0,0.0,0.0,0.0,0.0,0.0,0.0,0.0,0.0,0.0,0.0,0.0,0.0,0.4999999999999999
0.0,0.0,0.0,0.0,0.0,0.0,0.0,0.0,0.0,0.0,0.0,0.0,0.0,0.0,0.0,0.0,0.0,0.0,0.0,0.0,0.0,0.0,0.0,0.0,0.0,0.0,0.0,0.0,0.0,0.0,0.4999999999999999
0.0,0.0,0.0,0.0,0.0,0.0,0.0,0.0,0.0,0.0,0.0,0.0,0.0,0.0,0.0,0.0,0.0,0.0,0.0,0.0,0.0,0.0,0.0,0.0,0.0,0.0,0.0,0.0,0.0,0.0,0.4999999999999999
0.0,0.0,0.0,0.0,0.0,0.0,0.0,0.0,0.0,0.0,0.0,0.0,0.0,0.0,0.0,0.0,0.0,0.0,0.0,0.0,0.0,0.0,0.0,0.0,0.0,0.0,0.0,0.0,0.0,0.0,0.4999999999999999
0.0,0.0,0.0,0.0,0.0,0.0,0.0,0.0,0.0,0.0,0.0,0.0,0.0,0.0,0.0,0.0,0.0,0.0,0.0,0.0,0.0,0.0,0.0,0.0,0.0,0.0,0.0,0.0,0.0,0.0,0.4999999999999999
0.0,0.0,0.0,0.0,0.0,0.0,0.0,0.0,0.0,0.0,0.0,0.0,0.0,0.0,0.0,0.0,0.0,0.0,0.0,0.0,0.0,0.0,0.0,0.0,0.0,0.0,0.0,0.0,0.0,0.0,0.4999999999999999
0.0,0.0,0.0,0.0,0.0,0.0,0.0,0.0,0.0,0.0,0.0,0.0,0.0,0.0,0.0,0.0,0.0,0.0,0.0,0.0,0.0,0.0,0.0,0.0,0.0,0.0,0.0,0.0,0.0,0.0,0.4999999999999999
0.0,0.0,0.0,0.0,0.0,0.0,0.0,0.0,0.0,0.0,0.0,0.0,0.0,0.0,0.0,0.0,0.0,0.0,0.0,0.0,0.0,0.0,0.0,0.0,0.0,0.0,0.0,0.0,0.0,0.0,0.4999999999999999
0.0,0.0,0.0,0.0,0.0,0.0,0.0,0.0,0.0,0.0,0.0,0.0,0.0,0.0,0.0,0.0,0.0,0.0,0.0,0.0,0.0,0.0,0.0,0.0,0.0,0.0,0.0,0.0,0.0,0.0,0.4999999999999999
0.0,0.0,0.0,0.0,0.0,0.0,0.0,0.0,0.0,0.0,0.0,0.0,0.0,0.0,0.0,0.0,0.0,0.0,0.0,0.0,0.0,0.0,0.0,0.0,0.0,0.0,0.0,0.0,0.0,0.0,0.4999999999999999
0.0,0.0,0.0,0.0,0.0,0.0,0.0,0.0,0.0,0.0,0.0,0.0,0.0,0.0,0.0,0.0,0.0,0.0,0.0,0.0,0.0,0.0,0.0,0.0,0.0,0.0,0.0,0.0,0.0,0.0,0.4999999999999999
0.0,0.0,0.0,0.0,0.0,0.0,0.0,0.0,0.0,0.0,0.0,0.0,0.0,0.0,0.0,0.0,0.0,0.0,0.0,0.0,0.0,0.0,0.0,0.0,0.0,0.0,0.0,0.0,0.0,0.0,0.4999999999999999
0.0,0.0,0.0,0.0,0.0,0.0,0.0,0.0,0.0,0.0,0.0,0.0,0.0,0.0,0.0,0.0,0.0,0.0,0.0,0.0,0.0,0.0,0.0,0.0,0.0,0.0,0.0,0.0,0.0,0.0,0.4999999999999999
0.0,0.0,0.0,0.0,0.0,0.0,0.0,0.0,0.0,0.0,0.0,0.0,0.0,0.0,0.0,0.0,0.0,0.0,0.0,0.0,0.0,0.0,0.0,0.0,0.0,0.0,0.0,0.0,0.0,0.0,0.4999999999999999
0.0,0.0,0.0,0.0,0.0,0.0,0.0,0.0,0.0,0.0,0.0,0.0,0.0,0.0,0.0,0.0,0.0,0.0,0.0,0.0,0.0,0.0,0.0,0.0,0.0,0.0,0.0,0.0,0.0,0.0,0.4999999999999999
0.0,0.0,0.0,0.0,0.0,0.0,0.0,0.0,0.0,0.0,0.0,0.0,0.0,0.0,0.0,0.0,0.0,0.0,0.0,0.0,0.0,0.0,0.0,0.0,0.0,0.0,0.0,0.0,0.0,0.0,0.4999999999999999
0.0,0.0,0.0,0.0,0.0,0.0,0.0,0.0,0.0,0.0,0.0,0.0,0.0,0.0,0.0,0.0,0.0,0.0,0.0,0.0,0.0,0.0,0.0,0.0,0.0,0.0,0.0,0.0,0.0,0.0,0.4999999999999999
0.0,0.0,0.0,0.0,0.0,0.0,0.0,0.0,0.0,0.0,0.0,0.0,0.0,0.0,0.0,0.0,0.0,0.0,0.0,0.0,0.0,0.0,0.0,0.0,0.0,0.0,0.0,0.0,0.0,0.0,0.4999999999999999
0.0,0.0,0.0,0.0,0.0,0.0,0.0,0.0,0.0,0.0,0.0,0.0,0.0,0.0,0.0,0.0,0.0,0.0,0.0,0.0,0.0,0.0,0.0,0.0,0.0,0.0,0.0,0.0,0.0,0.0,0.4999999999999999
0.0,0.0,0.0,0.0,0.0,0.0,0.0,0.0,0.0,0.0,0.0,0.0,0.0,0.0,0.0,0.0,0.0,0.0,0.0,0.0,0.0,0.0,0.0,0.0,0.0,0.0,0.0,0.0,0.0,0.0,0.4999999999999999
0.0,0.0,0.0,0.0,0.0,0.0,0.0,0.0,0.0,0.0,0.0,0.0,0.0,0.0,0.0,0.0,0.0,0.0,0.0,0.0,0.0,0.0,0.0,0.0,0.0,0.0,0.0,0.0,0.0,0.0,0.4999999999999999
0.0,0.0,0.0,0.0,0.0,0.0,0.0,0.0,0.0,0.0,0.0,0.0,0.0,0.0,0.0,0.0,0.0,0.0,0.0,0.0,0.0,0.0,0.0,0.0,0.0,0.0,0.0,0.0,0.0,0.0,0.4999999999999999
0.0,0.0,0.0,0.0,0.0,0.0,0.0,0.0,0.0,0.0,0.0,0.0,0.0,0.0,0.0,0.0,0.0,0.0,0.0,0.0,0.0,0.0,0.0,0.0,0.0,0.0,0.0,0.0,0.0,0.0,0.4999999999999999
0.0,0.0,0.0,0.0,0.0,0.0,0.0,0.0,0.0,0.0,0.0,0.0,0.0,0.0,0.0,0.0,0.0,0.0,0.0,0.0,0.0,0.0,0.0,0.0,0.0,0.0,0.0,0.0,0.0,0.0,0.4999999999999999
0.0,0.0,0.0,0.0,0.0,0.0,0.0,0.0,0.0,0.0,0.0,0.0,0.0,0.0,0.0,0.0,0.0,0.0,0.0,0.0,0.0,0.0,0.0,0.0,0.0,0.0,0.0,0.0,0.0,0.0,0.4999999999999999
0.0,0.0,0.0,0.0,0.0,0.0,0.0,0.0,0.0,0.0,0.0,0.0,0.0,0.0,0.0,0.0,0.0,0.0,0.0,0.0,0.0,0.0,0.0,0.0,0.0,0.0,0.0,0.0,0.0,0.0,0.4999999999999999
0.0,0.0,0.0,0.0,0.0,0.0,0.0,0.0,0.0,0.0,0.0,0.0,0.0,0.0,0.0,0.0,0.0,0.0,0.0,0.0,0.0,0.0,0.0,0.0,0.0,0.0,0.0,0.0,0.0,0.0,0.4999999999999999
0.0,0.0,0.0,0.0,0.0,0.0,0.0,0.0,0.0,0.0,0.0,0.0,0.0,0.0,0.0,0.0,0.0,0.0,0.0,0.0,0.0,0.0,0.0,0.0,0.0,0.0,0.0,0.0,0.0,0.0,0.4999999999999999
0.0,0.0,0.0,0.0,0.0,0.0,0.0,0.0,0.0,0.0,0.0,0.0,0.0,0.0,0.0,0.0,0.0,0.0,0.0,0.0,0.0,0.0,0.0,0.0,0.0,0.0,0.0,0.0,0.0,0.0,0.4999999999999999
0.0,0.0,0.0,0.0,0.0,0.0,0.0,0.0,0.0,0.0,0.0,0.0,0.0,0.0,0.0,0.0,0.0,0.0,0.0,0.0,0.0,0.0,0.0,0.0,0.0,0.0,0.0,0.0,0.0,0.0,0.4999999999999999
0.0,0.0,0.0,0.0,0.0,0.0,0.0,0.0,0.0,0.0,0.0,0.0,0.0,0.0,0.0,0.0,0.0,0.0,0.0,0.0,0.0,0.0,0.0,0.0,0.0,0.0,0.0,0.0,0.0,0.0,0.4999999999999999
0.0,0.0,0.0,0.0,0.0,0.0,0.0,0.0,0.0,0.0,0.0,0.0,0.0,0.0,0.0,0.0,0.0,0.0,0.0,0.0,0.0,0.0,0.0,0.0,0.0,0.0,0.0,0.0,0.0,0.0,0.4999999999999999
0.0,0.0,0.0,0.0,0.0,0.0,0.0,0.0,0.0,0.0,0.0,0.0,0.0,0.0,0.0,0.0,0.0,0.0,0.0,0.0,0.0,0.0,0.0,0.0,0.0,0.0,0.0,0.0,0.0,0.0,0.4999999999999999
0.0,0.0,0.0,0.0,0.0,0.0,0.0,0.0,0.0,0.0,0.0,0.0,0.0,0.0,0.0,0.0,0.0,0.0,0.0,0.0,0.0,0.0,0.0,0.0,0.0,0.0,0.0,0.0,0.0,0.0,0.4999999999999999
0.0,0.0,0.0,0.0,0.0,0.0,0.0,0.0,0.0,0.0,0.0,0.0,0.0,0.0,0.0,0.0,0.0,0.0,0.0,0.0,0.0,0.0,0.0,0.0,0.0,0.0,0.0,0.0,0.0,0.0,0.4999999999999999
0.0,0.0,0.0,0.0,0.0,0.0,0.0,0.0,0.0,0.0,0.0,0.0,0.0,0.0,0.0,0.0,0.0,0.0,0.0,0.0,0.0,0.0,0.0,0.0,0.0,0.0,0.0,0.0,0.0,0.0,0.4999999999999999
0.0,0.0,0.0,0.0,0.0,0.0,0.0,0.0,0.0,0.0,0.0,0.0,0.0,0.0,0.0,0.0,0.0,0.0,0.0,0.0,0.0,0.0,0.0,0.0,0.0,0.0,0.0,0.0,0.0,0.0,0.4999999999999999
0.0,0.0,0.0,0.0,0.0,0.0,0.0,0.0,0.0,0.0,0.0,0.0,0.0,0.0,0.0,0.0,0.0,0.0,0.0,0.0,0.0,0.0,0.0,0.0,0.0,0.0,0.0,0.0,0.0,0.0,0.4999999999999999
0.0,0.0,0.0,0.0,0.0,0.0,0.0,0.0,0.0,0.0,0.0,0.0,0.0,0.0,0.0,0.0,0.0,0.0,0.0,0.0,0.0,0.0,0.0,0.0,0.0,0.0,0.0,0.0,0.0,0.0,0.4999999999999999
0.0,0.0,0.0,0.0,0.0,0.0,0.0,0.0,0.0,0.0,0.0,0.0,0.0,0.0,0.0,0.0,0.0,0.0,0.0,0.0,0.0,0.0,0.0,0.0,0.0,0.0,0.0,0.0,0.0,0.0,0.4999999999999999
0.0,0.0,0.0,0.0,0.0,0.0,0.0,0.0,0.0,0.0,0.0,0.0,0.0,0.0,0.0,0.0,0.0,0.0,0.0,0.0,0.0,0.0,0.0,0.0,0.0,0.0,0.0,0.0,0.0,0.0,0.4999999999999999
0.0,0.0,0.0,0.0,0.0,0.0,0.0,0.0,0.0,0.0,0.0,0.0,0.0,0.0,0.0,0.0,0.0,0.0,0.0,0.0,0.0,0.0,0.0,0.0,0.0,0.0,0.0,0.0,0.0,0.0,0.4999999999999999
0.0,0.0,0.0,0.0,0.0,0.0,0.0,0.0,0.0,0.0,0.0,0.0,0.0,0.0,0.0,0.0,0.0,0.0,0.0,0.0,0.0,0.0,0.0,0.0,0.0,0.0,0.0,0.0,0.0,0.0,0.4999999999999999
0.0,0.0,0.0,0.0,0.0,0.0,0.0,0.0,0.0,0.0,0.0,0.0,0.0,0.0,0.0,0.0,0.0,0.0,0.0,0.0,0.0,0.0,0.0,0.0,0.0,0.0,0.0,0.0,0.0,0.0,0.4999999999999999
0.0,0.0,0.0,0.0,0.0,0.0,0.0,0.0,0.0,0.0,0.0,0.0,0.0,0.0,0.0,0.0,0.0,0.0,0.0,0.0,0.0,0.0,0.0,0.0,0.0,0.0,0.0,0.0,0.0,0.0,0.4999999999999999
0.0,0.0,0.0,0.0,0.0,0.0,0.0,0.0,0.0,0.0,0.0,0.0,0.0,0.0,0.0,0.0,0.0,0.0,0.0,0.0,0.0,0.0,0.0,0.0,0.0,0.0,0.0,0.0,0.0,0.0,0.4999999999999999
0.0,0.0,0.0,0.0,0.0,0.0,0.0,0.0,0.0,0.0,0.0,0.0,0.0,0.0,0.0,0.0,0.0,0.0,0.0,0.0,0.0,0.0,0.0,0.0,0.0,0.0,0.0,0.0,0.0,0.0,0.4999999999999999
0.0,0.0,0.0,0.0,0.0,0.0,0.0,0.0,0.0,0.0,0.0,0.0,0.0,0.0,0.0,0.0,0.0,0.0,0.0,0.0,0.0,0.0,0.0,0.0,0.0,0.0,0.0,0.0,0.0,0.0,0.4999999999999999
0.0,0.0,0.0,0.0,0.0,0.0,0.0,0.0,0.0,0.0,0.0,0.0,0.0,0.0,0.0,0.0,0.0,0.0,0.0,0.0,0.0,0.0,0.0,0.0,0.0,0.0,0.0,0.0,0.0,0.0,0.4999999999999999
0.0,0.0,0.0,0.0,0.0,0.0,0.0,0.0,0.0,0.0,0.0,0.0,0.0,0.0,0.0,0.0,0.0,0.0,0.0,0.0,0.0,0.0,0.0,0.0,0.0,0.0,0.0,0.0,0.0,0.0,0.4999999999999999
0.0,0.0,0.0,0.0,0.0,0.0,0.0,0.0,0.0,0.0,0.0,0.0,0.0,0.0,0.0,0.0,0.0,0.0,0.0,0.0,0.0,0.0,0.0,0.0,0.0,0.0,0.0,0.0,0.0,0.0,0.4999999999999999
0.0,0.0,0.0,0.0,0.0,0.0,0.0,0.0,0.0,0.0,0.0,0.0,0.0,0.0,0.0,0.0,0.0,0.0,0.0,0.0,0.0,0.0,0.0,0.0,0.0,0.0,0.0,0.0,0.0,0.0,0.4999999999999999
0.0,0.0,0.0,0.0,0.0,0.0,0.0,0.0,0.0,0.0,0.0,0.0,0.0,0.0,0.0,0.0,0.0,0.0,0.0,0.0,0.0,0.0,0.0,0.0,0.0,0.0,0.0,0.0,0.0,0.0,0.4999999999999999
0.0,0.0,0.0,0.0,0.0,0.0,0.0,0.0,0.0,0.0,0.0,0.0,0.0,0.0,0.0,0.0,0.0,0.0,0.0,0.0,0.0,0.0,0.0,0.0,0.0,0.0,0.0,0.0,0.0,0.0,0.4999999999999999
0.0,0.0,0.0,0.0,0.0,0.0,0.0,0.0,0.0,0.0,0.0,0.0,0.0,0.0,0.0,0.0,0.0,0.0,0.0,0.0,0.0,0.0,0.0,0.0,0.0,0.0,0.0,0.0,0.0,0.0,0.4999999999999999
0.0,0.0,0.0,0.0,0.0,0.0,0.0,0.0,0.0,0.0,0.0,0.0,0.0,0.0,0.0,0.0,0.0,0.0,0.0,0.0,0.0,0.0,0.0,0.0,0.0,0.0,0.0,0.0,0.0,0.0,0.4999999999999999
0.0,0.0,0.0,0.0,0.0,0.0,0.0,0.0,0.0,0.0,0.0,0.0,0.0,0.0,0.0,0.0,0.0,0.0,0.0,0.0,0.0,0.0,0.0,0.0,0.0,0.0,0.0,0.0,0.0,0.0,0.4999999999999999
0.0,0.0,0.0,0.0,0.0,0.0,0.0,0.0,0.0,0.0,0.0,0.0,0.0,0.0,0.0,0.0,0.0,0.0,0.0,0.0,0.0,0.0,0.0,0.0,0.0,0.0,0.0,0.0,0.0,0.0,0.4999999999999999
0.0,0.0,0.0,0.0,0.0,0.0,0.0,0.0,0.0,0.0,0.0,0.0,0.0,0.0,0.0,0.0,0.0,0.0,0.0,0.0,0.0,0.0,0.0,0.0,0.0,0.0,0.0,0.0,0.0,0.0,0.4999999999999999
0.0,0.0,0.0,0.0,0.0,0.0,0.0,0.0,0.0,0.0,0.0,0.0,0.0,0.0,0.0,0.0,0.0,0.0,0.0,0.0,0.0,0.0,0.0,0.0,0.0,0.0,0.0,0.0,0.0,0.0,0.4999999999999999
0.0,0.0,0.0,0.0,0.0,0.0,0.0,0.0,0.0,0.0,0.0,0.0,0.0,0.0,0.0,0.0,0.0,0.0,0.0,0.0,0.0,0.0,0.0,0.0,0.0,0.0,0.0,0.0,0.0,0.0,0.4999999999999999
0.0,0.0,0.0,0.0,0.0,0.0,0.0,0.0,0.0,0.0,0.0,0.0,0.0,0.0,0.0,0.0,0.0,0.0,0.0,0.0,0.0,0.0,0.0,0.0,0.0,0.0,0.0,0.0,0.0,0.0,0.4999999999999999
0.0,0.0,0.0,0.0,0.0,0.0,0.0,0.0,0.0,0.0,0.0,0.0,0.0,0.0,0.0,0.0,0.0,0.0,0.0,0.0,0.0,0.0,0.0,0.0,0.0,0.0,0.0,0.0,0.0,0.0,0.4999999999999999
0.0,0.0,0.0,0.0,0.0,0.0,0.0,0.0,0.0,0.0,0.0,0.0,0.0,0.0,0.0,0.0,0.0,0.0,0.0,0.0,0.0,0.0,0.0,0.0,0.0,0.0,0.0,0.0,0.0,0.0,0.4999999999999999
0.0,0.0,0.0,0.0,0.0,0.0,0.0,0.0,0.0,0.0,0.0,0.0,0.0,0.0,0.0,0.0,0.0,0.0,0.0,0.0,0.0,0.0,0.0,0.0,0.0,0.0,0.0,0.0,0.0,0.0,0.4999999999999999
0.0,0.0,0.0,0.0,0.0,0.0,0.0,0.0,0.0,0.0,0.0,0.0,0.0,0.0,0.0,0.0,0.0,0.0,0.0,0.0,0.0,0.0,0.0,0.0,0.0,0.0,0.0,0.0,0.0,0.0,0.4999999999999999
0.0,0.0,0.0,0.0,0.0,0.0,0.0,0.0,0.0,0.0,0.0,0.0,0.0,0.0,0.0,0.0,0.0,0.0,0.0,0.0,0.0,0.0,0.0,0.0,0.0,0.0,0.0,0.0,0.0,0.0,0.4999999999999999
0.0,0.0,0.0,0.0,0.0,0.0,0.0,0.0,0.0,0.0,0.0,0.0,0.0,0.0,0.0,0.0,0.0,0.0,0.0,0.0,0.0,0.0,0.0,0.0,0.0,0.0,0.0,0.0,0.0,0.0,0.4999999999999999
0.0,0.0,0.0,0.0,0.0,0.0,0.0,0.0,0.0,0.0,0.0,0.0,0.0,0.0,0.0,0.0,0.0,0.0,0.0,0.0,0.0,0.0,0.0,0.0,0.0,0.0,0.0,0.0,0.0,0.0,0.4999999999999999
0.0,0.0,0.0,0.0,0.0,0.0,0.0,0.0,0.0,0.0,0.0,0.0,0.0,0.0,0.0,0.0,0.0,0.0,0.0,0.0,0.0,0.0,0.0,0.0,0.0,0.0,0.0,0.0,0.0,0.0,0.4999999999999999
0.0,0.0,0.0,0.0,0.0,0.0,0.0,0.0,0.0,0.0,0.0,0.0,0.0,0.0,0.0,0.0,0.0,0.0,0.0,0.0,0.0,0.0,0.0,0.0,0.0,0.0,0.0,0.0,0.0,0.0,0.4999999999999999
0.0,0.0,0.0,0.0,0.0,0.0,0.0,0.0,0.0,0.0,0.0,0.0,0.0,0.0,0.0,0.0,0.0,0.0,0.0,0.0,0.0,0.0,0.0,0.0,0.0,0.0,0.0,0.0,0.0,0.0,0.4999999999999999
0.0,0.0,0.0,0.0,0.0,0.0,0.0,0.0,0.0,0.0,0.0,0.0,0.0,0.0,0.0,0.0,0.0,0.0,0.0,0.0,0.0,0.0,0.0,0.0,0.0,0.0,0.0,0.0,0.0,0.0,0.4999999999999999
0.0,0.0,0.0,0.0,0.0,0.0,0.0,0.0,0.0,0.0,0.0,0.0,0.0,0.0,0.0,0.0,0.0,0.0,0.0,0.0,0.0,0.0,0.0,0.0,0.0,0.0,0.0,0.0,0.0,0.0,0.4999999999999999
0.0,0.0,0.0,0.0,0.0,0.0,0.0,0.0,0.0,0.0,0.0,0.0,0.0,0.0,0.0,0.0,0.0,0.0,0.0,0.0,0.0,0.0,0.0,0.0,0.0,0.0,0.0,0.0,0.0,0.0,0.4999999999999999
0.0,0.0,0.0,0.0,0.0,0.0,0.0,0.0,0.0,0.0,0.0,0.0,0.0,0.0,0.0,0.0,0.0,0.0,0.0,0.0,0.0,0.0,0.0,0.0,0.0,0.0,0.0,0.0,0.0,0.0,0.4999999999999999
0.0,0.0,0.0,0.0,0.0,0.0,0.0,0.0,0.0,0.0,0.0,0.0,0.0,0.0,0.0,0.0,0.0,0.0,0.0,0.0,0.0,0.0,0.0,0.0,0.0,0.0,0.0,0.0,0.0,0.0,0.4999999999999999
0.0,0.0,0.0,0.0,0.0,0.0,0.0,0.0,0.0,0.0,0.0,0.0,0.0,0.0,0.0,0.0,0.0,0.0,0.0,0.0,0.0,0.0,0.0,0.0,0.0,0.0,0.0,0.0,0.0,0.0,0.4999999999999999
0.0,0.0,0.0,0.0,0.0,0.0,0.0,0.0,0.0,0.0,0.0,0.0,0.0,0.0,0.0,0.0,0.0,0.0,0.0,0.0,0.0,0.0,0.0,0.0,0.0,0.0,0.0,0.0,0.0,0.0,0.4999999999999999
0.0,0.0,0.0,0.0,0.0,0.0,0.0,0.0,0.0,0.0,0.0,0.0,0.0,0.0,0.0,0.0,0.0,0.0,0.0,0.0,0.0,0.0,0.0,0.0,0.0,0.0,0.0,0.0,0.0,0.0,0.4999999999999999
0.0,0.0,0.0,0.0,0.0,0.0,0.0,0.0,0.0,0.0,0.0,0.0,0.0,0.0,0.0,0.0,0.0,0.0,0.0,0.0,0.0,0.0,0.0,0.0,0.0,0.0,0.0,0.0,0.0,0.0,0.4999999999999999
0.0,0.0,0.0,0.0,0.0,0.0,0.0,0.0,0.0,0.0,0.0,0.0,0.0,0.0,0.0,0.0,0.0,0.0,0.0,0.0,0.0,0.0,0.0,0.0,0.0,0.0,0.0,0.0,0.0,0.0,0.4999999999999999
0.0,0.0,0.0,0.0,0.0,0.0,0.0,0.0,0.0,0.0,0.0,0.0,0.0,0.0,0.0,0.0,0.0,0.0,0.0,0.0,0.0,0.0,0.0,0.0,0.0,0.0,0.0,0.0,0.0,0.0,0.4999999999999999
0.0,0.0,0.0,0.0,0.0,0.0,0.0,0.0,0.0,0.0,0.0,0.0,0.0,0.0,0.0,0.0,0.0,0.0,0.0,0.0,0.0,0.0,0.0,0.0,0.0,0.0,0.0,0.0,0.0,0.0,0.4999999999999999
0.0,0.0,0.0,0.0,0.0,0.0,0.0,0.0,0.0,0.0,0.0,0.0,0.0,0.0,0.0,0.0,0.0,0.0,0.0,0.0,0.0,0.0,0.0,0.0,0.0,0.0,0.0,0.0,0.0,0.0,0.4999999999999999
0.0,0.0,0.0,0.0,0.0,0.0,0.0,0.0,0.0,0.0,0.0,0.0,0.0,0.0,0.0,0.0,0.0,0.0,0.0,0.0,0.0,0.0,0.0,0.0,0.0,0.0,0.0,0.0,0.0,0.0,0.4999999999999999
0.0,0.0,0.0,0.0,0.0,0.0,0.0,0.0,0.0,0.0,0.0,0.0,0.0,0.0,0.0,0.0,0.0,0.0,0.0,0.0,0.0,0.0,0.0,0.0,0.0,0.0,0.0,0.0,0.0,0.0,0.4999999999999999
0.0,0.0,0.0,0.0,0.0,0.0,0.0,0.0,0.0,0.0,0.0,0.0,0.0,0.0,0.0,0.0,0.0,0.0,0.0,0.0,0.0,0.0,0.0,0.0,0.0,0.0,0.0,0.0,0.0,0.0,0.4999999999999999
0.0,0.0,0.0,0.0,0.0,0.0,0.0,0.0,0.0,0.0,0.0,0.0,0.0,0.0,0.0,0.0,0.0,0.0,0.0,0.0,0.0,0.0,0.0,0.0,0.0,0.0,0.0,0.0,0.0,0.0,0.4999999999999999
0.0,0.0,0.0,0.0,0.0,0.0,0.0,0.0,0.0,0.0,0.0,0.0,0.0,0.0,0.0,0.0,0.0,0.0,0.0,0.0,0.0,0.0,0.0,0.0,0.0,0.0,0.0,0.0,0.0,0.0,0.4999999999999999
0.0,0.0,0.0,0.0,0.0,0.0,0.0,0.0,0.0,0.0,0.0,0.0,0.0,0.0,0.0,0.0,0.0,0.0,0.0,0.0,0.0,0.0,0.0,0.0,0.0,0.0,0.0,0.0,0.0,0.0,0.4999999999999999
0.0,0.0,0.0,0.0,0.0,0.0,0.0,0.0,0.0,0.0,0.0,0.0,0.0,0.0,0.0,0.0,0.0,0.0,0.0,0.0,0.0,0.0,0.0,0.0,0.0,0.0,0.0,0.0,0.0,0.0,0.4999999999999999
0.0,0.0,0.0,0.0,0.0,0.0,0.0,0.0,0.0,0.0,0.0,0.0,0.0,0.0,0.0,0.0,0.0,0.0,0.0,0.0,0.0,0.0,0.0,0.0,0.0,0.0,0.0,0.0,0.0,0.0,0.4999999999999999
0.0,0.0,0.0,0.0,0.0,0.0,0.0,0.0,0.0,0.0,0.0,0.0,0.0,0.0,0.0,0.0,0.0,0.0,0.0,0.0,0.0,0.0,0.0,0.0,0.0,0.0,0.0,0.0,0.0,0.0,0.4999999999999999
0.0,0.0,0.0,0.0,0.0,0.0,0.0,0.0,0.0,0.0,0.0,0.0,0.0,0.0,0.0,0.0,0.0,0.0,0.0,0.0,0.0,0.0,0.0,0.0,0.0,0.0,0.0,0.0,0.0,0.0,0.4999999999999999
0.0,0.0,0.0,0.0,0.0,0.0,0.0,0.0,0.0,0.0,0.0,0.0,0.0,0.0,0.0,0.0,0.0,0.0,0.0,0.0,0.0,0.0,0.0,0.0,0.0,0.0,0.0,0.0,0.0,0.0,0.4999999999999999
0.0,0.0,0.0,0.0,0.0,0.0,0.0,0.0,0.0,0.0,0.0,0.0,0.0,0.0,0.0,0.0,0.0,0.0,0.0,0.0,0.0,0.0,0.0,0.0,0.0,0.0,0.0,0.0,0.0,0.0,0.4999999999999999
0.0,0.0,0.0,0.0,0.0,0.0,0.0,0.0,0.0,0.0,0.0,0.0,0.0,0.0,0.0,0.0,0.0,0.0,0.0,0.0,0.0,0.0,0.0,0.0,0.0,0.0,0.0,0.0,0.0,0.0,0.4999999999999999
0.0,0.0,0.0,0.0,0.0,0.0,0.0,0.0,0.0,0.0,0.0,0.0,0.0,0.0,0.0,0.0,0.0,0.0,0.0,0.0,0.0,0.0,0.0,0.0,0.0,0.0,0.0,0.0,0.0,0.0,0.4999999999999999
0.0,0.0,0.0,0.0,0.0,0.0,0.0,0.0,0.0,0.0,0.0,0.0,0.0,0.0,0.0,0.0,0.0,0.0,0.0,0.0,0.0,0.0,0.0,0.0,0.0,0.0,0.0,0.0,0.0,0.0,0.4999999999999999
3.415803260172995e-08,7.685096254858029e-06,1.685349266156903e-05,3.587554979934039e-08,7.866505931501243e-06,1.727144105795701e-05,3.7657006220400646e-08,8.049792877372882e-06,1.769448035527563e-05,3.9503967154910236e-08,8.23494873502038e-06,1.8122609190976778e-05,4.141801668704955e-08,8.421965151083765e-06,1.8555826186123504e-05,4.340075768871954e-08,8.610833776329294e-06,1.8994129945394626e-05,4.5453811813004385e-08,8.801546265682991e-06,1.9437519057089323e-05,4.75788194875577e-08,8.994094278264224e-06,1.988599209313185e-05,4.9777439907911826e-08,9.188469477419242e-06,2.033954760907627e-05,5.205135103071063e-08,9.38466353075466e-06,2.079818414411126e-05,0.5499999999999998
3.415803260172995e-08,7.685096254858029e-06,1.685349266156903e-05,3.587554979934039e-08,7.866505931501243e-06,1.727144105795701e-05,3.7657006220400646e-08,8.049792877372882e-06,1.769448035527563e-05,3.9503967154910236e-08,8.23494873502038e-06,1.8122609190976778e-05,4.141801668704955e-08,8.421965151083765e-06,1.8555826186123504e-05,4.340075768871954e-08,8.610833776329294e-06,1.8994129945394626e-05,4.5453811813004385e-08,8.801546265682991e-06,1.9437519057089323e-05,4.75788194875577e-08,8.994094278264224e-06,1.988599209313185e-05,4.9777439907911826e-08,9.188469477419242e-06,2.033954760907627e-05,5.205135103071063e-08,9.38466353075466e-06,2.079818414411126e-05,0.5499999999999998
3.415803260172995e-08,7.685096254858029e-06,1.685349266156903e-05,3.587554979934039e-08,7.866505931501243e-06,1.727144105795701e-05,3.7657006220400646e-08,8.049792877372882e-06,1.769448035527563e-05,3.9503967154910236e-08,8.23494873502038e-06,1.8122609190976778e-05,4.141801668704955e-08,8.421965151083765e-06,1.8555826186123504e-05,4.340075768871954e-08,8.610833776329294e-06,1.8994129945394626e-05,4.5453811813004385e-08,8.801546265682991e-06,1.9437519057089323e-05,4.75788194875577e-08,8.994094278264224e-06,1.988599209313185e-05,4.9777439907911826e-08,9.188469477419242e-06,2.033954760907627e-05,5.205135103071063e-08,9.38466353075466e-06,2.079818414411126e-05,0.5499999999999998
3.415803260172995e-08,7.685096254858029e-06,1.685349266156903e-05,3.587554979934039e-08,7.866505931501243e-06,1.727144105795701e-05,3.7657006220400646e-08,8.049792877372882e-06,1.769448035527563e-05,3.9503967154910236e-08,8.23494873502038e-06,1.8122609190976778e-05,4.141801668704955e-08,8.421965151083765e-06,1.8555826186123504e-05,4.340075768871954e-08,8.610833776329294e-06,1.8994129945394626e-05,4.5453811813004385e-08,8.801546265682991e-06,1.9437519057089323e-05,4.75788194875577e-08,8.994094278264224e-06,1.988599209313185e-05,4.9777439907911826e-08,9.188469477419242e-06,2.033954760907627e-05,5.205135103071063e-08,9.38466353075466e-06,2.079818414411126e-05,0.5499999999999998
3.415803260172995e-08,7.685096254858029e-06,1.685349266156903e-05,3.587554979934039e-08,7.866505931501243e-06,1.727144105795701e-05,3.7657006220400646e-08,8.049792877372882e-06,1.769448035527563e-05,3.9503967154910236e-08,8.23494873502038e-06,1.8122609190976778e-05,4.141801668704955e-08,8.421965151083765e-06,1.8555826186123504e-05,4.340075768871954e-08,8.610833776329294e-06,1.8994129945394626e-05,4.5453811813004385e-08,8.801546265682991e-06,1.9437519057089323e-05,4.75788194875577e-08,8.994094278264224e-06,1.988599209313185e-05,4.9777439907911826e-08,9.188469477419242e-06,2.033954760907627e-05,5.205135103071063e-08,9.38466353075466e-06,2.079818414411126e-05,0.5499999999999998
3.415803260172995e-08,7.685096254858029e-06,1.685349266156903e-05,3.587554979934039e-08,7.866505931501243e-06,1.727144105795701e-05,3.7657006220400646e-08,8.049792877372882e-06,1.769448035527563e-05,3.9503967154910236e-08,8.23494873502038e-06,1.8122609190976778e-05,4.141801668704955e-08,8.421965151083765e-06,1.8555826186123504e-05,4.340075768871954e-08,8.610833776329294e-06,1.8994129945394626e-05,4.5453811813004385e-08,8.801546265682991e-06,1.9437519057089323e-05,4.75788194875577e-08,8.994094278264224e-06,1.988599209313185e-05,4.9777439907911826e-08,9.188469477419242e-06,2.033954760907627e-05,5.205135103071063e-08,9.38466353075466e-06,2.079818414411126e-05,0.5499999999999998
3.415803260172995e-08,7.685096254858029e-06,1.685349266156903e-05,3.587554979934039e-08,7.866505931501243e-06,1.727144105795701e-05,3.7657006220400646e-08,8.049792877372882e-06,1.769448035527563e-05,3.9503967154910236e-08,8.23494873502038e-06,1.8122609190976778e-05,4.141801668704955e-08,8.421965151083765e-06,1.8555826186123504e-05,4.340075768871954e-08,8.610833776329294e-06,1.8994129945394626e-05,4.5453811813004385e-08,8.801546265682991e-06,1.9437519057089323e-05,4.75788194875577e-08,8.994094278264224e-06,1.988599209313185e-05,4.9777439907911826e-08,9.188469477419242e-06,2.033954760907627e-05,5.205135103071063e-08,9.38466353075466e-06,2.079818414411126e-05,0.5499999999999998
3.415803260172995e-08,7.685096254858029e-06,1.685349266156903e-05,3.587554979934039e-08,7.866505931501243e-06,1.727144105795701e-05,3.7657006220400646e-08,8.049792877372882e-06,1.769448035527563e-05,3.9503967154910236e-08,8.23494873502038e-06,1.8122609190976778e-05,4.141801668704955e-08,8.421965151083765e-06,1.8555826186123504e-05,4.340075768871954e-08,8.610833776329294e-06,1.8994129945394626e-05,4.5453811813004385e-08,8.801546265682991e-06,1.9437519057089323e-05,4.75788194875577e-08,8.994094278264224e-06,1.988599209313185e-05,4.9777439907911826e-08,9.188469477419242e-06,2.033954760907627e-05,5.205135103071063e-08,9.38466353075466e-06,2.079818414411126e-05,0.5499999999999998
3.415803260172995e-08,7.685096254858029e-06,1.685349266156903e-05,3.587554979934039e-08,7.866505931501243e-06,1.727144105795701e-05,3.7657006220400646e-08,8.049792877372882e-06,1.769448035527563e-05,3.9503967154910236e-08,8.23494873502038e-06,1.8122609190976778e-05,4.141801668704955e-08,8.421965151083765e-06,1.8555826186123504e-05,4.340075768871954e-08,8.610833776329294e-06,1.8994129945394626e-05,4.5453811813004385e-08,8.801546265682991e-06,1.9437519057089323e-05,4.75788194875577e-08,8.994094278264224e-06,1.988599209313185e-05,4.9777439907911826e-08,9.188469477419242e-06,2.033954760907627e-05,5.205135103071063e-08,9.38466353075466e-06,2.079818414411126e-05,0.5499999999999998
3.415803260172995e-08,7.685096254858029e-06,1.685349266156903e-05,3.587554979934039e-08,7.866505931501243e-06,1.727144105795701e-05,3.7657006220400646e-08,8.049792877372882e-06,1.769448035527563e-05,3.9503967154910236e-08,8.23494873502038e-06,1.8122609190976778e-05,4.141801668704955e-08,8.421965151083765e-06,1.8555826186123504e-05,4.340075768871954e-08,8.610833776329294e-06,1.8994129945394626e-05,4.5453811813004385e-08,8.801546265682991e-06,1.9437519057089323e-05,4.75788194875577e-08,8.994094278264224e-06,1.988599209313185e-05,4.9777439907911826e-08,9.188469477419242e-06,2.033954760907627e-05,5.205135103071063e-08,9.38466353075466e-06,2.079818414411126e-05,0.5499999999999998
3.415803260172995e-08,7.685096254858029e-06,1.685349266156903e-05,3.587554979934039e-08,7.866505931501243e-06,1.727144105795701e-05,3.7657006220400646e-08,8.049792877372882e-06,1.769448035527563e-05,3.9503967154910236e-08,8.23494873502038e-06,1.8122609190976778e-05,4.141801668704955e-08,8.421965151083765e-06,1.8555826186123504e-05,4.340075768871954e-08,8.610833776329294e-06,1.8994129945394626e-05,4.5453811813004385e-08,8.801546265682991e-06,1.9437519057089323e-05,4.75788194875577e-08,8.994094278264224e-06,1.988599209313185e-05,4.9777439907911826e-08,9.188469477419242e-06,2.033954760907627e-05,5.205135103071063e-08,9.38466353075466e-06,2.079818414411126e-05,0.5499999999999998
3.415803260172995e-08,7.685096254858029e-06,1.685349266156903e-05,3.587554979934039e-08,7.866505931501243e-06,1.727144105795701e-05,3.7657006220400646e-08,8.049792877372882e-06,1.769448035527563e-05,3.9503967154910236e-08,8.23494873502038e-06,1.8122609190976778e-05,4.141801668704955e-08,8.421965151083765e-06,1.8555826186123504e-05,4.340075768871954e-08,8.610833776329294e-06,1.8994129945394626e-05,4.5453811813004385e-08,8.801546265682991e-06,1.9437519057089323e-05,4.75788194875577e-08,8.994094278264224e-06,1.988599209313185e-05,4.9777439907911826e-08,9.188469477419242e-06,2.033954760907627e-05,5.205135103071063e-08,9.38466353075466e-06,2.079818414411126e-05,0.5499999999999998
3.415803260172995e-08,7.685096254858029e-06,1.685349266156903e-05,3.587554979934039e-08,7.866505931501243e-06,1.727144105795701e-05,3.7657006220400646e-08,8.049792877372882e-06,1.769448035527563e-05,3.9503967154910236e-08,8.23494873502038e-06,1.8122609190976778e-05,4.141801668704955e-08,8.421965151083765e-06,1.8555826186123504e-05,4.340075768871954e-08,8.610833776329294e-06,1.8994129945394626e-05,4.5453811813004385e-08,8.801546265682991e-06,1.9437519057089323e-05,4.75788194875577e-08,8.994094278264224e-06,1.988599209313185e-05,4.9777439907911826e-08,9.188469477419242e-06,2.033954760907627e-05,5.205135103071063e-08,9.38466353075466e-06,2.079818414411126e-05,0.5499999999999998
3.415803260172995e-08,7.685096254858029e-06,1.685349266156903e-05,3.587554979934039e-08,7.866505931501243e-06,1.727144105795701e-05,3.7657006220400646e-08,8.049792877372882e-06,1.769448035527563e-05,3.9503967154910236e-08,8.23494873502038e-06,1.8122609190976778e-05,4.141801668704955e-08,8.421965151083765e-06,1.8555826186123504e-05,4.340075768871954e-08,8.610833776329294e-06,1.8994129945394626e-05,4.5453811813004385e-08,8.801546265682991e-06,1.9437519057089323e-05,4.75788194875577e-08,8.994094278264224e-06,1.988599209313185e-05,4.9777439907911826e-08,9.188469477419242e-06,2.033954760907627e-05,5.205135103071063e-08,9.38466353075466e-06,2.079818414411126e-05,0.5499999999999998
3.415803260172995e-08,7.685096254858029e-06,1.685349266156903e-05,3.587554979934039e-08,7.866505931501243e-06,1.727144105795701e-05,3.7657006220400646e-08,8.049792877372882e-06,1.769448035527563e-05,3.9503967154910236e-08,8.23494873502038e-06,1.8122609190976778e-05,4.141801668704955e-08,8.421965151083765e-06,1.8555826186123504e-05,4.340075768871954e-08,8.610833776329294e-06,1.8994129945394626e-05,4.5453811813004385e-08,8.801546265682991e-06,1.9437519057089323e-05,4.75788194875577e-08,8.994094278264224e-06,1.988599209313185e-05,4.9777439907911826e-08,9.188469477419242e-06,2.033954760907627e-05,5.205135103071063e-08,9.38466353075466e-06,2.079818414411126e-05,0.5499999999999998
3.415803260172995e-08,7.685096254858029e-06,1.685349266156903e-05,3.587554979934039e-08,7.866505931501243e-06,1.727144105795701e-05,3.7657006220400646e-08,8.049792877372882e-06,1.769448035527563e-05,3.9503967154910236e-08,8.23494873502038e-06,1.8122609190976778e-05,4.141801668704955e-08,8.421965151083765e-06,1.8555826186123504e-05,4.340075768871954e-08,8.610833776329294e-06,1.8994129945394626e-05,4.5453811813004385e-08,8.801546265682991e-06,1.9437519057089323e-05,4.75788194875577e-08,8.994094278264224e-06,1.988599209313185e-05,4.9777439907911826e-08,9.188469477419242e-06,2.033954760907627e-05,5.205135103071063e-08,9.38466353075466e-06,2.079818414411126e-05,0.5499999999999998
3.415803260172995e-08,7.685096254858029e-06,1.685349266156903e-05,3.587554979934039e-08,7.866505931501243e-06,1.727144105795701e-05,3.7657006220400646e-08,8.049792877372882e-06,1.769448035527563e-05,3.9503967154910236e-08,8.23494873502038e-06,1.8122609190976778e-05,4.141801668704955e-08,8.421965151083765e-06,1.8555826186123504e-05,4.340075768871954e-08,8.610833776329294e-06,1.8994129945394626e-05,4.5453811813004385e-08,8.801546265682991e-06,1.9437519057089323e-05,4.75788194875577e-08,8.994094278264224e-06,1.988599209313185e-05,4.9777439907911826e-08,9.188469477419242e-06,2.033954760907627e-05,5.205135103071063e-08,9.38466353075466e-06,2.079818414411126e-05,0.5499999999999998
3.415803260172995e-08,7.685096254858029e-06,1.685349266156903e-05,3.587554979934039e-08,7.866505931501243e-06,1.727144105795701e-05,3.7657006220400646e-08,8.049792877372882e-06,1.769448035527563e-05,3.9503967154910236e-08,8.23494873502038e-06,1.8122609190976778e-05,4.141801668704955e-08,8.421965151083765e-06,1.8555826186123504e-05,4.340075768871954e-08,8.610833776329294e-06,1.8994129945394626e-05,4.5453811813004385e-08,8.801546265682991e-06,1.9437519057089323e-05,4.75788194875577e-08,8.994094278264224e-06,1.988599209313185e-05,4.9777439907911826e-08,9.188469477419242e-06,2.033954760907627e-05,5.205135103071063e-08,9.38466353075466e-06,2.079818414411126e-05,0.5499999999999998
3.415803260172995e-08,7.685096254858029e-06,1.685349266156903e-05,3.587554979934039e-08,7.866505931501243e-06,1.727144105795701e-05,3.7657006220400646e-08,8.049792877372882e-06,1.769448035527563e-05,3.9503967154910236e-08,8.23494873502038e-06,1.8122609190976778e-05,4.141801668704955e-08,8.421965151083765e-06,1.8555826186123504e-05,4.340075768871954e-08,8.610833776329294e-06,1.8994129945394626e-05,4.5453811813004385e-08,8.801546265682991e-06,1.9437519057089323e-05,4.75788194875577e-08,8.994094278264224e-06,1.988599209313185e-05,4.9777439907911826e-08,9.188469477419242e-06,2.033954760907627e-05,5.205135103071063e-08,9.38466353075466e-06,2.079818414411126e-05,0.5499999999999998
3.415803260172995e-08,7.685096254858029e-06,1.685349266156903e-05,3.587554979934039e-08,7.866505931501243e-06,1.727144105795701e-05,3.7657006220400646e-08,8.049792877372882e-06,1.769448035527563e-05,3.9503967154910236e-08,8.23494873502038e-06,1.8122609190976778e-05,4.141801668704955e-08,8.421965151083765e-06,1.8555826186123504e-05,4.340075768871954e-08,8.610833776329294e-06,1.8994129945394626e-05,4.5453811813004385e-08,8.801546265682991e-06,1.9437519057089323e-05,4.75788194875577e-08,8.994094278264224e-06,1.988599209313185e-05,4.9777439907911826e-08,9.188469477419242e-06,2.033954760907627e-05,5.205135103071063e-08,9.38466353075466e-06,2.079818414411126e-05,0.5499999999999998
3.415803260172995e-08,7.685096254858029e-06,1.685349266156903e-05,3.587554979934039e-08,7.866505931501243e-06,1.727144105795701e-05,3.7657006220400646e-08,8.049792877372882e-06,1.769448035527563e-05,3.9503967154910236e-08,8.23494873502038e-06,1.8122609190976778e-05,4.141801668704955e-08,8.421965151083765e-06,1.8555826186123504e-05,4.340075768871954e-08,8.610833776329294e-06,1.8994129945394626e-05,4.5453811813004385e-08,8.801546265682991e-06,1.9437519057089323e-05,4.75788194875577e-08,8.994094278264224e-06,1.988599209313185e-05,4.9777439907911826e-08,9.188469477419242e-06,2.033954760907627e-05,5.205135103071063e-08,9.38466353075466e-06,2.079818414411126e-05,0.5499999999999998
3.415803260172995e-08,7.685096254858029e-06,1.685349266156903e-05,3.587554979934039e-08,7.866505931501243e-06,1.727144105795701e-05,3.7657006220400646e-08,8.049792877372882e-06,1.769448035527563e-05,3.9503967154910236e-08,8.23494873502038e-06,1.8122609190976778e-05,4.141801668704955e-08,8.421965151083765e-06,1.8555826186123504e-05,4.340075768871954e-08,8.610833776329294e-06,1.8994129945394626e-05,4.5453811813004385e-08,8.801546265682991e-06,1.9437519057089323e-05,4.75788194875577e-08,8.994094278264224e-06,1.988599209313185e-05,4.9777439907911826e-08,9.188469477419242e-06,2.033954760907627e-05,5.205135103071063e-08,9.38466353075466e-06,2.079818414411126e-05,0.5499999999999998
3.415803260172995e-08,7.685096254858029e-06,1.685349266156903e-05,3.587554979934039e-08,7.866505931501243e-06,1.727144105795701e-05,3.7657006220400646e-08,8.049792877372882e-06,1.769448035527563e-05,3.9503967154910236e-08,8.23494873502038e-06,1.8122609190976778e-05,4.141801668704955e-08,8.421965151083765e-06,1.8555826186123504e-05,4.340075768871954e-08,8.610833776329294e-06,1.8994129945394626e-05,4.5453811813004385e-08,8.801546265682991e-06,1.9437519057089323e-05,4.75788194875577e-08,8.994094278264224e-06,1.988599209313185e-05,4.9777439907911826e-08,9.188469477419242e-06,2.033954760907627e-05,5.205135103071063e-08,9.38466353075466e-06,2.079818414411126e-05,0.5499999999999998
3.415803260172995e-08,7.685096254858029e-06,1.685349266156903e-05,3.587554979934039e-08,7.866505931501243e-06,1.727144105795701e-05,3.7657006220400646e-08,8.049792877372882e-06,1.769448035527563e-05,3.9503967154910236e-08,8.23494873502038e-06,1.8122609190976778e-05,4.141801668704955e-08,8.421965151083765e-06,1.8555826186123504e-05,4.340075768871954e-08,8.610833776329294e-06,1.8994129945394626e-05,4.5453811813004385e-08,8.801546265682991e-06,1.9437519057089323e-05,4.75788194875577e-08,8.994094278264224e-06,1.988599209313185e-05,4.9777439907911826e-08,9.188469477419242e-06,2.033954760907627e-05,5.205135103071063e-08,9.38466353075466e-06,2.079818414411126e-05,0.5499999999999998
3.415803260172995e-08,7.685096254858029e-06,1.685349266156903e-05,3.587554979934039e-08,7.866505931501243e-06,1.727144105795701e-05,3.7657006220400646e-08,8.049792877372882e-06,1.769448035527563e-05,3.9503967154910236e-08,8.23494873502038e-06,1.8122609190976778e-05,4.141801668704955e-08,8.421965151083765e-06,1.8555826186123504e-05,4.340075768871954e-08,8.610833776329294e-06,1.8994129945394626e-05,4.5453811813004385e-08,8.801546265682991e-06,1.9437519057089323e-05,4.75788194875577e-08,8.994094278264224e-06,1.988599209313185e-05,4.9777439907911826e-08,9.188469477419242e-06,2.033954760907627e-05,5.205135103071063e-08,9.38466353075466e-06,2.079818414411126e-05,0.5499999999999998
3.415803260172995e-08,7.685096254858029e-06,1.685349266156903e-05,3.587554979934039e-08,7.866505931501243e-06,1.727144105795701e-05,3.7657006220400646e-08,8.049792877372882e-06,1.769448035527563e-05,3.9503967154910236e-08,8.23494873502038e-06,1.8122609190976778e-05,4.141801668704955e-08,8.421965151083765e-06,1.8555826186123504e-05,4.340075768871954e-08,8.610833776329294e-06,1.8994129945394626e-05,4.5453811813004385e-08,8.801546265682991e-06,1.9437519057089323e-05,4.75788194875577e-08,8.994094278264224e-06,1.988599209313185e-05,4.9777439907911826e-08,9.188469477419242e-06,2.033954760907627e-05,5.205135103071063e-08,9.38466353075466e-06,2.079818414411126e-05,0.5499999999999998
3.415803260172995e-08,7.685096254858029e-06,1.685349266156903e-05,3.587554979934039e-08,7.866505931501243e-06,1.727144105795701e-05,3.7657006220400646e-08,8.049792877372882e-06,1.769448035527563e-05,3.9503967154910236e-08,8.23494873502038e-06,1.8122609190976778e-05,4.141801668704955e-08,8.421965151083765e-06,1.8555826186123504e-05,4.340075768871954e-08,8.610833776329294e-06,1.8994129945394626e-05,4.5453811813004385e-08,8.801546265682991e-06,1.9437519057089323e-05,4.75788194875577e-08,8.994094278264224e-06,1.988599209313185e-05,4.9777439907911826e-08,9.188469477419242e-06,2.033954760907627e-05,5.205135103071063e-08,9.38466353075466e-06,2.079818414411126e-05,0.5499999999999998
3.415803260172995e-08,7.685096254858029e-06,1.685349266156903e-05,3.587554979934039e-08,7.866505931501243e-06,1.727144105795701e-05,3.7657006220400646e-08,8.049792877372882e-06,1.769448035527563e-05,3.9503967154910236e-08,8.23494873502038e-06,1.8122609190976778e-05,4.141801668704955e-08,8.421965151083765e-06,1.8555826186123504e-05,4.340075768871954e-08,8.610833776329294e-06,1.8994129945394626e-05,4.5453811813004385e-08,8.801546265682991e-06,1.9437519057089323e-05,4.75788194875577e-08,8.994094278264224e-06,1.988599209313185e-05,4.9777439907911826e-08,9.188469477419242e-06,2.033954760907627e-05,5.205135103071063e-08,9.38466353075466e-06,2.079818414411126e-05,0.5499999999999998
3.415803260172995e-08,7.685096254858029e-06,1.685349266156903e-05,3.587554979934039e-08,7.866505931501243e-06,1.727144105795701e-05,3.7657006220400646e-08,8.049792877372882e-06,1.769448035527563e-05,3.9503967154910236e-08,8.23494873502038e-06,1.8122609190976778e-05,4.141801668704955e-08,8.421965151083765e-06,1.8555826186123504e-05,4.340075768871954e-08,8.610833776329294e-06,1.8994129945394626e-05,4.5453811813004385e-08,8.801546265682991e-06,1.9437519057089323e-05,4.75788194875577e-08,8.994094278264224e-06,1.988599209313185e-05,4.9777439907911826e-08,9.188469477419242e-06,2.033954760907627e-05,5.205135103071063e-08,9.38466353075466e-06,2.079818414411126e-05,0.5499999999999998
3.415803260172995e-08,7.685096254858029e-06,1.685349266156903e-05,3.587554979934039e-08,7.866505931501243e-06,1.727144105795701e-05,3.7657006220400646e-08,8.049792877372882e-06,1.769448035527563e-05,3.9503967154910236e-08,8.23494873502038e-06,1.8122609190976778e-05,4.141801668704955e-08,8.421965151083765e-06,1.8555826186123504e-05,4.340075768871954e-08,8.610833776329294e-06,1.8994129945394626e-05,4.5453811813004385e-08,8.801546265682991e-06,1.9437519057089323e-05,4.75788194875577e-08,8.994094278264224e-06,1.988599209313185e-05,4.9777439907911826e-08,9.188469477419242e-06,2.033954760907627e-05,5.205135103071063e-08,9.38466353075466e-06,2.079818414411126e-05,0.5499999999999998
3.415803260172995e-08,7.685096254858029e-06,1.685349266156903e-05,3.587554979934039e-08,7.866505931501243e-06,1.727144105795701e-05,3.7657006220400646e-08,8.049792877372882e-06,1.769448035527563e-05,3.9503967154910236e-08,8.23494873502038e-06,1.8122609190976778e-05,4.141801668704955e-08,8.421965151083765e-06,1.8555826186123504e-05,4.340075768871954e-08,8.610833776329294e-06,1.8994129945394626e-05,4.5453811813004385e-08,8.801546265682991e-06,1.9437519057089323e-05,4.75788194875577e-08,8.994094278264224e-06,1.988599209313185e-05,4.9777439907911826e-08,9.188469477419242e-06,2.033954760907627e-05,5.205135103071063e-08,9.38466353075466e-06,2.079818414411126e-05,0.5499999999999998
3.415803260172995e-08,7.685096254858029e-06,1.685349266156903e-05,3.587554979934039e-08,7.866505931501243e-06,1.727144105795701e-05,3.7657006220400646e-08,8.049792877372882e-06,1.769448035527563e-05,3.9503967154910236e-08,8.23494873502038e-06,1.8122609190976778e-05,4.141801668704955e-08,8.421965151083765e-06,1.8555826186123504e-05,4.340075768871954e-08,8.610833776329294e-06,1.8994129945394626e-05,4.5453811813004385e-08,8.801546265682991e-06,1.9437519057089323e-05,4.75788194875577e-08,8.994094278264224e-06,1.988599209313185e-05,4.9777439907911826e-08,9.188469477419242e-06,2.033954760907627e-05,5.205135103071063e-08,9.38466353075466e-06,2.079818414411126e-05,0.5499999999999998
3.415803260172995e-08,7.685096254858029e-06,1.685349266156903e-05,3.587554979934039e-08,7.866505931501243e-06,1.727144105795701e-05,3.7657006220400646e-08,8.049792877372882e-06,1.769448035527563e-05,3.9503967154910236e-08,8.23494873502038e-06,1.8122609190976778e-05,4.141801668704955e-08,8.421965151083765e-06,1.8555826186123504e-05,4.340075768871954e-08,8.610833776329294e-06,1.8994129945394626e-05,4.5453811813004385e-08,8.801546265682991e-06,1.9437519057089323e-05,4.75788194875577e-08,8.994094278264224e-06,1.988599209313185e-05,4.9777439907911826e-08,9.188469477419242e-06,2.033954760907627e-05,5.205135103071063e-08,9.38466353075466e-06,2.079818414411126e-05,0.5499999999999998
3.415803260172995e-08,7.685096254858029e-06,1.685349266156903e-05,3.587554979934039e-08,7.866505931501243e-06,1.727144105795701e-05,3.7657006220400646e-08,8.049792877372882e-06,1.769448035527563e-05,3.9503967154910236e-08,8.23494873502038e-06,1.8122609190976778e-05,4.141801668704955e-08,8.421965151083765e-06,1.8555826186123504e-05,4.340075768871954e-08,8.610833776329294e-06,1.8994129945394626e-05,4.5453811813004385e-08,8.801546265682991e-06,1.9437519057089323e-05,4.75788194875577e-08,8.994094278264224e-06,1.988599209313185e-05,4.9777439907911826e-08,9.188469477419242e-06,2.033954760907627e-05,5.205135103071063e-08,9.38466353075466e-06,2.079818414411126e-05,0.5499999999999998
3.415803260172995e-08,7.685096254858029e-06,1.685349266156903e-05,3.587554979934039e-08,7.866505931501243e-06,1.727144105795701e-05,3.7657006220400646e-08,8.049792877372882e-06,1.769448035527563e-05,3.9503967154910236e-08,8.23494873502038e-06,1.8122609190976778e-05,4.141801668704955e-08,8.421965151083765e-06,1.8555826186123504e-05,4.340075768871954e-08,8.610833776329294e-06,1.8994129945394626e-05,4.5453811813004385e-08,8.801546265682991e-06,1.9437519057089323e-05,4.75788194875577e-08,8.994094278264224e-06,1.988599209313185e-05,4.9777439907911826e-08,9.188469477419242e-06,2.033954760907627e-05,5.205135103071063e-08,9.38466353075466e-06,2.079818414411126e-05,0.5499999999999998
3.415803260172995e-08,7.685096254858029e-06,1.685349266156903e-05,3.587554979934039e-08,7.866505931501243e-06,1.727144105795701e-05,3.7657006220400646e-08,8.049792877372882e-06,1.769448035527563e-05,3.9503967154910236e-08,8.23494873502038e-06,1.8122609190976778e-05,4.141801668704955e-08,8.421965151083765e-06,1.8555826186123504e-05,4.340075768871954e-08,8.610833776329294e-06,1.8994129945394626e-05,4.5453811813004385e-08,8.801546265682991e-06,1.9437519057089323e-05,4.75788194875577e-08,8.994094278264224e-06,1.988599209313185e-05,4.9777439907911826e-08,9.188469477419242e-06,2.033954760907627e-05,5.205135103071063e-08,9.38466353075466e-06,2.079818414411126e-05,0.5499999999999998
3.415803260172995e-08,7.685096254858029e-06,1.685349266156903e-05,3.587554979934039e-08,7.866505931501243e-06,1.727144105795701e-05,3.7657006220400646e-08,8.049792877372882e-06,1.769448035527563e-05,3.9503967154910236e-08,8.23494873502038e-06,1.8122609190976778e-05,4.141801668704955e-08,8.421965151083765e-06,1.8555826186123504e-05,4.340075768871954e-08,8.610833776329294e-06,1.8994129945394626e-05,4.5453811813004385e-08,8.801546265682991e-06,1.9437519057089323e-05,4.75788194875577e-08,8.994094278264224e-06,1.988599209313185e-05,4.9777439907911826e-08,9.188469477419242e-06,2.033954760907627e-05,5.205135103071063e-08,9.38466353075466e-06,2.079818414411126e-05,0.5499999999999998
3.415803260172995e-08,7.685096254858029e-06,1.685349266156903e-05,3.587554979934039e-08,7.866505931501243e-06,1.727144105795701e-05,3.7657006220400646e-08,8.049792877372882e-06,1.769448035527563e-05,3.9503967154910236e-08,8.23494873502038e-06,1.8122609190976778e-05,4.141801668704955e-08,8.421965151083765e-06,1.8555826186123504e-05,4.340075768871954e-08,8.610833776329294e-06,1.8994129945394626e-05,4.5453811813004385e-08,8.801546265682991e-06,1.9437519057089323e-05,4.75788194875577e-08,8.994094278264224e-06,1.988599209313185e-05,4.9777439907911826e-08,9.188469477419242e-06,2.033954760907627e-05,5.205135103071063e-08,9.38466353075466e-06,2.079818414411126e-05,0.5499999999999998
3.415803260172995e-08,7.685096254858029e-06,1.685349266156903e-05,3.587554979934039e-08,7.866505931501243e-06,1.727144105795701e-05,3.7657006220400646e-08,8.049792877372882e-06,1.769448035527563e-05,3.9503967154910236e-08,8.23494873502038e-06,1.8122609190976778e-05,4.141801668704955e-08,8.421965151083765e-06,1.8555826186123504e-05,4.340075768871954e-08,8.610833776329294e-06,1.8994129945394626e-05,4.5453811813004385e-08,8.801546265682991e-06,1.9437519057089323e-05,4.75788194875577e-08,8.994094278264224e-06,1.988599209313185e-05,4.9777439907911826e-08,9.188469477419242e-06,2.033954760907627e-05,5.205135103071063e-08,9.38466353075466e-06,2.079818414411126e-05,0.5499999999999998
3.415803260172995e-08,7.685096254858029e-06,1.685349266156903e-05,3.587554979934039e-08,7.866505931501243e-06,1.727144105795701e-05,3.7657006220400646e-08,8.049792877372882e-06,1.769448035527563e-05,3.9503967154910236e-08,8.23494873502038e-06,1.8122609190976778e-05,4.141801668704955e-08,8.421965151083765e-06,1.8555826186123504e-05,4.340075768871954e-08,8.610833776329294e-06,1.8994129945394626e-05,4.5453811813004385e-08,8.801546265682991e-06,1.9437519057089323e-05,4.75788194875577e-08,8.994094278264224e-06,1.988599209313185e-05,4.9777439907911826e-08,9.188469477419242e-06,2.033954760907627e-05,5.205135103071063e-08,9.38466353075466e-06,2.079818414411126e-05,0.5499999999999998
3.415803260172995e-08,7.685096254858029e-06,1.685349266156903e-05,3.587554979934039e-08,7.866505931501243e-06,1.727144105795701e-05,3.7657006220400646e-08,8.049792877372882e-06,1.769448035527563e-05,3.9503967154910236e-08,8.23494873502038e-06,1.8122609190976778e-05,4.141801668704955e-08,8.421965151083765e-06,1.8555826186123504e-05,4.340075768871954e-08,8.610833776329294e-06,1.8994129945394626e-05,4.5453811813004385e-08,8.801546265682991e-06,1.9437519057089323e-05,4.75788194875577e-08,8.994094278264224e-06,1.988599209313185e-05,4.9777439907911826e-08,9.188469477419242e-06,2.033954760907627e-05,5.205135103071063e-08,9.38466353075466e-06,2.079818414411126e-05,0.5499999999999998
3.415803260172995e-08,7.685096254858029e-06,1.685349266156903e-05,3.587554979934039e-08,7.866505931501243e-06,1.727144105795701e-05,3.7657006220400646e-08,8.049792877372882e-06,1.769448035527563e-05,3.9503967154910236e-08,8.23494873502038e-06,1.8122609190976778e-05,4.141801668704955e-08,8.421965151083765e-06,1.8555826186123504e-05,4.340075768871954e-08,8.610833776329294e-06,1.8994129945394626e-05,4.5453811813004385e-08,8.801546265682991e-06,1.9437519057089323e-05,4.75788194875577e-08,8.994094278264224e-06,1.988599209313185e-05,4.9777439907911826e-08,9.188469477419242e-06,2.033954760907627e-05,5.205135103071063e-08,9.38466353075466e-06,2.079818414411126e-05,0.5499999999999998
3.415803260172995e-08,7.685096254858029e-06,1.685349266156903e-05,3.587554979934039e-08,7.866505931501243e-06,1.727144105795701e-05,3.7657006220400646e-08,8.049792877372882e-06,1.769448035527563e-05,3.9503967154910236e-08,8.23494873502038e-06,1.8122609190976778e-05,4.141801668704955e-08,8.421965151083765e-06,1.8555826186123504e-05,4.340075768871954e-08,8.610833776329294e-06,1.8994129945394626e-05,4.5453811813004385e-08,8.801546265682991e-06,1.9437519057089323e-05,4.75788194875577e-08,8.994094278264224e-06,1.988599209313185e-05,4.9777439907911826e-08,9.188469477419242e-06,2.033954760907627e-05,5.205135103071063e-08,9.38466353075466e-06,2.079818414411126e-05,0.5499999999999998
3.415803260172995e-08,7.685096254858029e-06,1.685349266156903e-05,3.587554979934039e-08,7.866505931501243e-06,1.727144105795701e-05,3.7657006220400646e-08,8.049792877372882e-06,1.769448035527563e-05,3.9503967154910236e-08,8.23494873502038e-06,1.8122609190976778e-05,4.141801668704955e-08,8.421965151083765e-06,1.8555826186123504e-05,4.340075768871954e-08,8.610833776329294e-06,1.8994129945394626e-05,4.5453811813004385e-08,8.801546265682991e-06,1.9437519057089323e-05,4.75788194875577e-08,8.994094278264224e-06,1.988599209313185e-05,4.9777439907911826e-08,9.188469477419242e-06,2.033954760907627e-05,5.205135103071063e-08,9.38466353075466e-06,2.079818414411126e-05,0.5499999999999998
3.415803260172995e-08,7.685096254858029e-06,1.685349266156903e-05,3.587554979934039e-08,7.866505931501243e-06,1.727144105795701e-05,3.7657006220400646e-08,8.049792877372882e-06,1.769448035527563e-05,3.9503967154910236e-08,8.23494873502038e-06,1.8122609190976778e-05,4.141801668704955e-08,8.421965151083765e-06,1.8555826186123504e-05,4.340075768871954e-08,8.610833776329294e-06,1.8994129945394626e-05,4.5453811813004385e-08,8.801546265682991e-06,1.9437519057089323e-05,4.75788194875577e-08,8.994094278264224e-06,1.988599209313185e-05,4.9777439907911826e-08,9.188469477419242e-06,2.033954760907627e-05,5.205135103071063e-08,9.38466353075466e-06,2.079818414411126e-05,0.5499999999999998
3.415803260172995e-08,7.685096254858029e-06,1.685349266156903e-05,3.587554979934039e-08,7.866505931501243e-06,1.727144105795701e-05,3.7657006220400646e-08,8.049792877372882e-06,1.769448035527563e-05,3.9503967154910236e-08,8.23494873502038e-06,1.8122609190976778e-05,4.141801668704955e-08,8.421965151083765e-06,1.8555826186123504e-05,4.340075768871954e-08,8.610833776329294e-06,1.8994129945394626e-05,4.5453811813004385e-08,8.801546265682991e-06,1.9437519057089323e-05,4.75788194875577e-08,8.994094278264224e-06,1.988599209313185e-05,4.9777439907911826e-08,9.188469477419242e-06,2.033954760907627e-05,5.205135103071063e-08,9.38466353075466e-06,2.079818414411126e-05,0.5499999999999998
3.415803260172995e-08,7.685096254858029e-06,1.685349266156903e-05,3.587554979934039e-08,7.866505931501243e-06,1.727144105795701e-05,3.7657006220400646e-08,8.049792877372882e-06,1.769448035527563e-05,3.9503967154910236e-08,8.23494873502038e-06,1.8122609190976778e-05,4.141801668704955e-08,8.421965151083765e-06,1.8555826186123504e-05,4.340075768871954e-08,8.610833776329294e-06,1.8994129945394626e-05,4.5453811813004385e-08,8.801546265682991e-06,1.9437519057089323e-05,4.75788194875577e-08,8.994094278264224e-06,1.988599209313185e-05,4.9777439907911826e-08,9.188469477419242e-06,2.033954760907627e-05,5.205135103071063e-08,9.38466353075466e-06,2.079818414411126e-05,0.5499999999999998
3.415803260172995e-08,7.685096254858029e-06,1.685349266156903e-05,3.587554979934039e-08,7.866505931501243e-06,1.727144105795701e-05,3.7657006220400646e-08,8.049792877372882e-06,1.769448035527563e-05,3.9503967154910236e-08,8.23494873502038e-06,1.8122609190976778e-05,4.141801668704955e-08,8.421965151083765e-06,1.8555826186123504e-05,4.340075768871954e-08,8.610833776329294e-06,1.8994129945394626e-05,4.5453811813004385e-08,8.801546265682991e-06,1.9437519057089323e-05,4.75788194875577e-08,8.994094278264224e-06,1.988599209313185e-05,4.9777439907911826e-08,9.188469477419242e-06,2.033954760907627e-05,5.205135103071063e-08,9.38466353075466e-06,2.079818414411126e-05,0.5499999999999998
3.415803260172995e-08,7.685096254858029e-06,1.685349266156903e-05,3.587554979934039e-08,7.866505931501243e-06,1.727144105795701e-05,3.7657006220400646e-08,8.049792877372882e-06,1.769448035527563e-05,3.9503967154910236e-08,8.23494873502038e-06,1.8122609190976778e-05,4.141801668704955e-08,8.421965151083765e-06,1.8555826186123504e-05,4.340075768871954e-08,8.610833776329294e-06,1.8994129945394626e-05,4.5453811813004385e-08,8.801546265682991e-06,1.9437519057089323e-05,4.75788194875577e-08,8.994094278264224e-06,1.988599209313185e-05,4.9777439907911826e-08,9.188469477419242e-06,2.033954760907627e-05,5.205135103071063e-08,9.38466353075466e-06,2.079818414411126e-05,0.5499999999999998
3.415803260172995e-08,7.685096254858029e-06,1.685349266156903e-05,3.587554979934039e-08,7.866505931501243e-06,1.727144105795701e-05,3.7657006220400646e-08,8.049792877372882e-06,1.769448035527563e-05,3.9503967154910236e-08,8.23494873502038e-06,1.8122609190976778e-05,4.141801668704955e-08,8.421965151083765e-06,1.8555826186123504e-05,4.340075768871954e-08,8.610833776329294e-06,1.8994129945394626e-05,4.5453811813004385e-08,8.801546265682991e-06,1.9437519057089323e-05,4.75788194875577e-08,8.994094278264224e-06,1.988599209313185e-05,4.9777439907911826e-08,9.188469477419242e-06,2.033954760907627e-05,5.205135103071063e-08,9.38466353075466e-06,2.079818414411126e-05,0.5499999999999998
3.415803260172995e-08,7.685096254858029e-06,1.685349266156903e-05,3.587554979934039e-08,7.866505931501243e-06,1.727144105795701e-05,3.7657006220400646e-08,8.049792877372882e-06,1.769448035527563e-05,3.9503967154910236e-08,8.23494873502038e-06,1.8122609190976778e-05,4.141801668704955e-08,8.421965151083765e-06,1.8555826186123504e-05,4.340075768871954e-08,8.610833776329294e-06,1.8994129945394626e-05,4.5453811813004385e-08,8.801546265682991e-06,1.9437519057089323e-05,4.75788194875577e-08,8.994094278264224e-06,1.988599209313185e-05,4.9777439907911826e-08,9.188469477419242e-06,2.033954760907627e-05,5.205135103071063e-08,9.38466353075466e-06,2.079818414411126e-05,0.5499999999999998
3.415803260172995e-08,7.685096254858029e-06,1.685349266156903e-05,3.587554979934039e-08,7.866505931501243e-06,1.727144105795701e-05,3.7657006220400646e-08,8.049792877372882e-06,1.769448035527563e-05,3.9503967154910236e-08,8.23494873502038e-06,1.8122609190976778e-05,4.141801668704955e-08,8.421965151083765e-06,1.8555826186123504e-05,4.340075768871954e-08,8.610833776329294e-06,1.8994129945394626e-05,4.5453811813004385e-08,8.801546265682991e-06,1.9437519057089323e-05,4.75788194875577e-08,8.994094278264224e-06,1.988599209313185e-05,4.9777439907911826e-08,9.188469477419242e-06,2.033954760907627e-05,5.205135103071063e-08,9.38466353075466e-06,2.079818414411126e-05,0.5499999999999998
3.415803260172995e-08,7.685096254858029e-06,1.685349266156903e-05,3.587554979934039e-08,7.866505931501243e-06,1.727144105795701e-05,3.7657006220400646e-08,8.049792877372882e-06,1.769448035527563e-05,3.9503967154910236e-08,8.23494873502038e-06,1.8122609190976778e-05,4.141801668704955e-08,8.421965151083765e-06,1.8555826186123504e-05,4.340075768871954e-08,8.610833776329294e-06,1.8994129945394626e-05,4.5453811813004385e-08,8.801546265682991e-06,1.9437519057089323e-05,4.75788194875577e-08,8.994094278264224e-06,1.988599209313185e-05,4.9777439907911826e-08,9.188469477419242e-06,2.033954760907627e-05,5.205135103071063e-08,9.38466353075466e-06,2.079818414411126e-05,0.5499999999999998
3.415803260172995e-08,7.685096254858029e-06,1.685349266156903e-05,3.587554979934039e-08,7.866505931501243e-06,1.727144105795701e-05,3.7657006220400646e-08,8.049792877372882e-06,1.769448035527563e-05,3.9503967154910236e-08,8.23494873502038e-06,1.8122609190976778e-05,4.141801668704955e-08,8.421965151083765e-06,1.8555826186123504e-05,4.340075768871954e-08,8.610833776329294e-06,1.8994129945394626e-05,4.5453811813004385e-08,8.801546265682991e-06,1.9437519057089323e-05,4.75788194875577e-08,8.994094278264224e-06,1.988599209313185e-05,4.9777439907911826e-08,9.188469477419242e-06,2.033954760907627e-05,5.205135103071063e-08,9.38466353075466e-06,2.079818414411126e-05,0.5499999999999998
3.415803260172995e-08,7.685096254858029e-06,1.685349266156903e-05,3.587554979934039e-08,7.866505931501243e-06,1.727144105795701e-05,3.7657006220400646e-08,8.049792877372882e-06,1.769448035527563e-05,3.9503967154910236e-08,8.23494873502038e-06,1.8122609190976778e-05,4.141801668704955e-08,8.421965151083765e-06,1.8555826186123504e-05,4.340075768871954e-08,8.610833776329294e-06,1.8994129945394626e-05,4.5453811813004385e-08,8.801546265682991e-06,1.9437519057089323e-05,4.75788194875577e-08,8.994094278264224e-06,1.988599209313185e-05,4.9777439907911826e-08,9.188469477419242e-06,2.033954760907627e-05,5.205135103071063e-08,9.38466353075466e-06,2.079818414411126e-05,0.5499999999999998
3.415803260172995e-08,7.685096254858029e-06,1.685349266156903e-05,3.587554979934039e-08,7.866505931501243e-06,1.727144105795701e-05,3.7657006220400646e-08,8.049792877372882e-06,1.769448035527563e-05,3.9503967154910236e-08,8.23494873502038e-06,1.8122609190976778e-05,4.141801668704955e-08,8.421965151083765e-06,1.8555826186123504e-05,4.340075768871954e-08,8.610833776329294e-06,1.8994129945394626e-05,4.5453811813004385e-08,8.801546265682991e-06,1.9437519057089323e-05,4.75788194875577e-08,8.994094278264224e-06,1.988599209313185e-05,4.9777439907911826e-08,9.188469477419242e-06,2.033954760907627e-05,5.205135103071063e-08,9.38466353075466e-06,2.079818414411126e-05,0.5499999999999998
3.415803260172995e-08,7.685096254858029e-06,1.685349266156903e-05,3.587554979934039e-08,7.866505931501243e-06,1.727144105795701e-05,3.7657006220400646e-08,8.049792877372882e-06,1.769448035527563e-05,3.9503967154910236e-08,8.23494873502038e-06,1.8122609190976778e-05,4.141801668704955e-08,8.421965151083765e-06,1.8555826186123504e-05,4.340075768871954e-08,8.610833776329294e-06,1.8994129945394626e-05,4.5453811813004385e-08,8.801546265682991e-06,1.9437519057089323e-05,4.75788194875577e-08,8.994094278264224e-06,1.988599209313185e-05,4.9777439907911826e-08,9.188469477419242e-06,2.033954760907627e-05,5.205135103071063e-08,9.38466353075466e-06,2.079818414411126e-05,0.5499999999999998
3.415803260172995e-08,7.685096254858029e-06,1.685349266156903e-05,3.587554979934039e-08,7.866505931501243e-06,1.727144105795701e-05,3.7657006220400646e-08,8.049792877372882e-06,1.769448035527563e-05,3.9503967154910236e-08,8.23494873502038e-06,1.8122609190976778e-05,4.141801668704955e-08,8.421965151083765e-06,1.8555826186123504e-05,4.340075768871954e-08,8.610833776329294e-06,1.8994129945394626e-05,4.5453811813004385e-08,8.801546265682991e-06,1.9437519057089323e-05,4.75788194875577e-08,8.994094278264224e-06,1.988599209313185e-05,4.9777439907911826e-08,9.188469477419242e-06,2.033954760907627e-05,5.205135103071063e-08,9.38466353075466e-06,2.079818414411126e-05,0.5499999999999998
3.415803260172995e-08,7.685096254858029e-06,1.685349266156903e-05,3.587554979934039e-08,7.866505931501243e-06,1.727144105795701e-05,3.7657006220400646e-08,8.049792877372882e-06,1.769448035527563e-05,3.9503967154910236e-08,8.23494873502038e-06,1.8122609190976778e-05,4.141801668704955e-08,8.421965151083765e-06,1.8555826186123504e-05,4.340075768871954e-08,8.610833776329294e-06,1.8994129945394626e-05,4.5453811813004385e-08,8.801546265682991e-06,1.9437519057089323e-05,4.75788194875577e-08,8.994094278264224e-06,1.988599209313185e-05,4.9777439907911826e-08,9.188469477419242e-06,2.033954760907627e-05,5.205135103071063e-08,9.38466353075466e-06,2.079818414411126e-05,0.5499999999999998
3.415803260172995e-08,7.685096254858029e-06,1.685349266156903e-05,3.587554979934039e-08,7.866505931501243e-06,1.727144105795701e-05,3.7657006220400646e-08,8.049792877372882e-06,1.769448035527563e-05,3.9503967154910236e-08,8.23494873502038e-06,1.8122609190976778e-05,4.141801668704955e-08,8.421965151083765e-06,1.8555826186123504e-05,4.340075768871954e-08,8.610833776329294e-06,1.8994129945394626e-05,4.5453811813004385e-08,8.801546265682991e-06,1.9437519057089323e-05,4.75788194875577e-08,8.994094278264224e-06,1.988599209313185e-05,4.9777439907911826e-08,9.188469477419242e-06,2.033954760907627e-05,5.205135103071063e-08,9.38466353075466e-06,2.079818414411126e-05,0.5499999999999998
3.415803260172995e-08,7.685096254858029e-06,1.685349266156903e-05,3.587554979934039e-08,7.866505931501243e-06,1.727144105795701e-05,3.7657006220400646e-08,8.049792877372882e-06,1.769448035527563e-05,3.9503967154910236e-08,8.23494873502038e-06,1.8122609190976778e-05,4.141801668704955e-08,8.421965151083765e-06,1.8555826186123504e-05,4.340075768871954e-08,8.610833776329294e-06,1.8994129945394626e-05,4.5453811813004385e-08,8.801546265682991e-06,1.9437519057089323e-05,4.75788194875577e-08,8.994094278264224e-06,1.988599209313185e-05,4.9777439907911826e-08,9.188469477419242e-06,2.033954760907627e-05,5.205135103071063e-08,9.38466353075466e-06,2.079818414411126e-05,0.5499999999999998
3.415803260172995e-08,7.685096254858029e-06,1.685349266156903e-05,3.587554979934039e-08,7.866505931501243e-06,1.727144105795701e-05,3.7657006220400646e-08,8.049792877372882e-06,1.769448035527563e-05,3.9503967154910236e-08,8.23494873502038e-06,1.8122609190976778e-05,4.141801668704955e-08,8.421965151083765e-06,1.8555826186123504e-05,4.340075768871954e-08,8.610833776329294e-06,1.8994129945394626e-05,4.5453811813004385e-08,8.801546265682991e-06,1.9437519057089323e-05,4.75788194875577e-08,8.994094278264224e-06,1.988599209313185e-05,4.9777439907911826e-08,9.188469477419242e-06,2.033954760907627e-05,5.205135103071063e-08,9.38466353075466e-06,2.079818414411126e-05,0.5499999999999998
3.415803260172995e-08,7.685096254858029e-06,1.685349266156903e-05,3.587554979934039e-08,7.866505931501243e-06,1.727144105795701e-05,3.7657006220400646e-08,8.049792877372882e-06,1.769448035527563e-05,3.9503967154910236e-08,8.23494873502038e-06,1.8122609190976778e-05,4.141801668704955e-08,8.421965151083765e-06,1.8555826186123504e-05,4.340075768871954e-08,8.610833776329294e-06,1.8994129945394626e-05,4.5453811813004385e-08,8.801546265682991e-06,1.9437519057089323e-05,4.75788194875577e-08,8.994094278264224e-06,1.988599209313185e-05,4.9777439907911826e-08,9.188469477419242e-06,2.033954760907627e-05,5.205135103071063e-08,9.38466353075466e-06,2.079818414411126e-05,0.5499999999999998
3.415803260172995e-08,7.685096254858029e-06,1.685349266156903e-05,3.587554979934039e-08,7.866505931501243e-06,1.727144105795701e-05,3.7657006220400646e-08,8.049792877372882e-06,1.769448035527563e-05,3.9503967154910236e-08,8.23494873502038e-06,1.8122609190976778e-05,4.141801668704955e-08,8.421965151083765e-06,1.8555826186123504e-05,4.340075768871954e-08,8.610833776329294e-06,1.8994129945394626e-05,4.5453811813004385e-08,8.801546265682991e-06,1.9437519057089323e-05,4.75788194875577e-08,8.994094278264224e-06,1.988599209313185e-05,4.9777439907911826e-08,9.188469477419242e-06,2.033954760907627e-05,5.205135103071063e-08,9.38466353075466e-06,2.079818414411126e-05,0.5499999999999998
3.415803260172995e-08,7.685096254858029e-06,1.685349266156903e-05,3.587554979934039e-08,7.866505931501243e-06,1.727144105795701e-05,3.7657006220400646e-08,8.049792877372882e-06,1.769448035527563e-05,3.9503967154910236e-08,8.23494873502038e-06,1.8122609190976778e-05,4.141801668704955e-08,8.421965151083765e-06,1.8555826186123504e-05,4.340075768871954e-08,8.610833776329294e-06,1.8994129945394626e-05,4.5453811813004385e-08,8.801546265682991e-06,1.9437519057089323e-05,4.75788194875577e-08,8.994094278264224e-06,1.988599209313185e-05,4.9777439907911826e-08,9.188469477419242e-06,2.033954760907627e-05,5.205135103071063e-08,9.38466353075466e-06,2.079818414411126e-05,0.5499999999999998
3.415803260172995e-08,7.685096254858029e-06,1.685349266156903e-05,3.587554979934039e-08,7.866505931501243e-06,1.727144105795701e-05,3.7657006220400646e-08,8.049792877372882e-06,1.769448035527563e-05,3.9503967154910236e-08,8.23494873502038e-06,1.8122609190976778e-05,4.141801668704955e-08,8.421965151083765e-06,1.8555826186123504e-05,4.340075768871954e-08,8.610833776329294e-06,1.8994129945394626e-05,4.5453811813004385e-08,8.801546265682991e-06,1.9437519057089323e-05,4.75788194875577e-08,8.994094278264224e-06,1.988599209313185e-05,4.9777439907911826e-08,9.188469477419242e-06,2.033954760907627e-05,5.205135103071063e-08,9.38466353075466e-06,2.079818414411126e-05,0.5499999999999998
3.415803260172995e-08,7.685096254858029e-06,1.685349266156903e-05,3.587554979934039e-08,7.866505931501243e-06,1.727144105795701e-05,3.7657006220400646e-08,8.049792877372882e-06,1.769448035527563e-05,3.9503967154910236e-08,8.23494873502038e-06,1.8122609190976778e-05,4.141801668704955e-08,8.421965151083765e-06,1.8555826186123504e-05,4.340075768871954e-08,8.610833776329294e-06,1.8994129945394626e-05,4.5453811813004385e-08,8.801546265682991e-06,1.9437519057089323e-05,4.75788194875577e-08,8.994094278264224e-06,1.988599209313185e-05,4.9777439907911826e-08,9.188469477419242e-06,2.033954760907627e-05,5.205135103071063e-08,9.38466353075466e-06,2.079818414411126e-05,0.5499999999999998
3.415803260172995e-08,7.685096254858029e-06,1.685349266156903e-05,3.587554979934039e-08,7.866505931501243e-06,1.727144105795701e-05,3.7657006220400646e-08,8.049792877372882e-06,1.769448035527563e-05,3.9503967154910236e-08,8.23494873502038e-06,1.8122609190976778e-05,4.141801668704955e-08,8.421965151083765e-06,1.8555826186123504e-05,4.340075768871954e-08,8.610833776329294e-06,1.8994129945394626e-05,4.5453811813004385e-08,8.801546265682991e-06,1.9437519057089323e-05,4.75788194875577e-08,8.994094278264224e-06,1.988599209313185e-05,4.9777439907911826e-08,9.188469477419242e-06,2.033954760907627e-05,5.205135103071063e-08,9.38466353075466e-06,2.079818414411126e-05,0.5499999999999998
3.415803260172995e-08,7.685096254858029e-06,1.685349266156903e-05,3.587554979934039e-08,7.866505931501243e-06,1.727144105795701e-05,3.7657006220400646e-08,8.049792877372882e-06,1.769448035527563e-05,3.9503967154910236e-08,8.23494873502038e-06,1.8122609190976778e-05,4.141801668704955e-08,8.421965151083765e-06,1.8555826186123504e-05,4.340075768871954e-08,8.610833776329294e-06,1.8994129945394626e-05,4.5453811813004385e-08,8.801546265682991e-06,1.9437519057089323e-05,4.75788194875577e-08,8.994094278264224e-06,1.988599209313185e-05,4.9777439907911826e-08,9.188469477419242e-06,2.033954760907627e-05,5.205135103071063e-08,9.38466353075466e-06,2.079818414411126e-05,0.5499999999999998
3.415803260172995e-08,7.685096254858029e-06,1.685349266156903e-05,3.587554979934039e-08,7.866505931501243e-06,1.727144105795701e-05,3.7657006220400646e-08,8.049792877372882e-06,1.769448035527563e-05,3.9503967154910236e-08,8.23494873502038e-06,1.8122609190976778e-05,4.141801668704955e-08,8.421965151083765e-06,1.8555826186123504e-05,4.340075768871954e-08,8.610833776329294e-06,1.8994129945394626e-05,4.5453811813004385e-08,8.801546265682991e-06,1.9437519057089323e-05,4.75788194875577e-08,8.994094278264224e-06,1.988599209313185e-05,4.9777439907911826e-08,9.188469477419242e-06,2.033954760907627e-05,5.205135103071063e-08,9.38466353075466e-06,2.079818414411126e-05,0.5499999999999998
3.415803260172995e-08,7.685096254858029e-06,1.685349266156903e-05,3.587554979934039e-08,7.866505931501243e-06,1.727144105795701e-05,3.7657006220400646e-08,8.049792877372882e-06,1.769448035527563e-05,3.9503967154910236e-08,8.23494873502038e-06,1.8122609190976778e-05,4.141801668704955e-08,8.421965151083765e-06,1.8555826186123504e-05,4.340075768871954e-08,8.610833776329294e-06,1.8994129945394626e-05,4.5453811813004385e-08,8.801546265682991e-06,1.9437519057089323e-05,4.75788194875577e-08,8.994094278264224e-06,1.988599209313185e-05,4.9777439907911826e-08,9.188469477419242e-06,2.033954760907627e-05,5.205135103071063e-08,9.38466353075466e-06,2.079818414411126e-05,0.5499999999999998
3.415803260172995e-08,7.685096254858029e-06,1.685349266156903e-05,3.587554979934039e-08,7.866505931501243e-06,1.727144105795701e-05,3.7657006220400646e-08,8.049792877372882e-06,1.769448035527563e-05,3.9503967154910236e-08,8.23494873502038e-06,1.8122609190976778e-05,4.141801668704955e-08,8.421965151083765e-06,1.8555826186123504e-05,4.340075768871954e-08,8.610833776329294e-06,1.8994129945394626e-05,4.5453811813004385e-08,8.801546265682991e-06,1.9437519057089323e-05,4.75788194875577e-08,8.994094278264224e-06,1.988599209313185e-05,4.9777439907911826e-08,9.188469477419242e-06,2.033954760907627e-05,5.205135103071063e-08,9.38466353075466e-06,2.079818414411126e-05,0.5499999999999998
3.415803260172995e-08,7.685096254858029e-06,1.685349266156903e-05,3.587554979934039e-08,7.866505931501243e-06,1.727144105795701e-05,3.7657006220400646e-08,8.049792877372882e-06,1.769448035527563e-05,3.9503967154910236e-08,8.23494873502038e-06,1.8122609190976778e-05,4.141801668704955e-08,8.421965151083765e-06,1.8555826186123504e-05,4.340075768871954e-08,8.610833776329294e-06,1.8994129945394626e-05,4.5453811813004385e-08,8.801546265682991e-06,1.9437519057089323e-05,4.75788194875577e-08,8.994094278264224e-06,1.988599209313185e-05,4.9777439907911826e-08,9.188469477419242e-06,2.033954760907627e-05,5.205135103071063e-08,9.38466353075466e-06,2.079818414411126e-05,0.5499999999999998
3.415803260172995e-08,7.685096254858029e-06,1.685349266156903e-05,3.587554979934039e-08,7.866505931501243e-06,1.727144105795701e-05,3.7657006220400646e-08,8.049792877372882e-06,1.769448035527563e-05,3.9503967154910236e-08,8.23494873502038e-06,1.8122609190976778e-05,4.141801668704955e-08,8.421965151083765e-06,1.8555826186123504e-05,4.340075768871954e-08,8.610833776329294e-06,1.8994129945394626e-05,4.5453811813004385e-08,8.801546265682991e-06,1.9437519057089323e-05,4.75788194875577e-08,8.994094278264224e-06,1.988599209313185e-05,4.9777439907911826e-08,9.188469477419242e-06,2.033954760907627e-05,5.205135103071063e-08,9.38466353075466e-06,2.079818414411126e-05,0.5499999999999998
3.415803260172995e-08,7.685096254858029e-06,1.685349266156903e-05,3.587554979934039e-08,7.866505931501243e-06,1.727144105795701e-05,3.7657006220400646e-08,8.049792877372882e-06,1.769448035527563e-05,3.9503967154910236e-08,8.23494873502038e-06,1.8122609190976778e-05,4.141801668704955e-08,8.421965151083765e-06,1.8555826186123504e-05,4.340075768871954e-08,8.610833776329294e-06,1.8994129945394626e-05,4.5453811813004385e-08,8.801546265682991e-06,1.9437519057089323e-05,4.75788194875577e-08,8.994094278264224e-06,1.988599209313185e-05,4.9777439907911826e-08,9.188469477419242e-06,2.033954760907627e-05,5.205135103071063e-08,9.38466353075466e-06,2.079818414411126e-05,0.5499999999999998
3.415803260172995e-08,7.685096254858029e-06,1.685349266156903e-05,3.587554979934039e-08,7.866505931501243e-06,1.727144105795701e-05,3.7657006220400646e-08,8.049792877372882e-06,1.769448035527563e-05,3.9503967154910236e-08,8.23494873502038e-06,1.8122609190976778e-05,4.141801668704955e-08,8.421965151083765e-06,1.8555826186123504e-05,4.340075768871954e-08,8.610833776329294e-06,1.8994129945394626e-05,4.5453811813004385e-08,8.801546265682991e-06,1.9437519057089323e-05,4.75788194875577e-08,8.994094278264224e-06,1.988599209313185e-05,4.9777439907911826e-08,9.188469477419242e-06,2.033954760907627e-05,5.205135103071063e-08,9.38466353075466e-06,2.079818414411126e-05,0.5499999999999998
3.415803260172995e-08,7.685096254858029e-06,1.685349266156903e-05,3.587554979934039e-08,7.866505931501243e-06,1.727144105795701e-05,3.7657006220400646e-08,8.049792877372882e-06,1.769448035527563e-05,3.9503967154910236e-08,8.23494873502038e-06,1.8122609190976778e-05,4.141801668704955e-08,8.421965151083765e-06,1.8555826186123504e-05,4.340075768871954e-08,8.610833776329294e-06,1.8994129945394626e-05,4.5453811813004385e-08,8.801546265682991e-06,1.9437519057089323e-05,4.75788194875577e-08,8.994094278264224e-06,1.988599209313185e-05,4.9777439907911826e-08,9.188469477419242e-06,2.033954760907627e-05,5.205135103071063e-08,9.38466353075466e-06,2.079818414411126e-05,0.5499999999999998
3.415803260172995e-08,7.685096254858029e-06,1.685349266156903e-05,3.587554979934039e-08,7.866505931501243e-06,1.727144105795701e-05,3.7657006220400646e-08,8.049792877372882e-06,1.769448035527563e-05,3.9503967154910236e-08,8.23494873502038e-06,1.8122609190976778e-05,4.141801668704955e-08,8.421965151083765e-06,1.8555826186123504e-05,4.340075768871954e-08,8.610833776329294e-06,1.8994129945394626e-05,4.5453811813004385e-08,8.801546265682991e-06,1.9437519057089323e-05,4.75788194875577e-08,8.994094278264224e-06,1.988599209313185e-05,4.9777439907911826e-08,9.188469477419242e-06,2.033954760907627e-05,5.205135103071063e-08,9.38466353075466e-06,2.079818414411126e-05,0.5499999999999998
3.415803260172995e-08,7.685096254858029e-06,1.685349266156903e-05,3.587554979934039e-08,7.866505931501243e-06,1.727144105795701e-05,3.7657006220400646e-08,8.049792877372882e-06,1.769448035527563e-05,3.9503967154910236e-08,8.23494873502038e-06,1.8122609190976778e-05,4.141801668704955e-08,8.421965151083765e-06,1.8555826186123504e-05,4.340075768871954e-08,8.610833776329294e-06,1.8994129945394626e-05,4.5453811813004385e-08,8.801546265682991e-06,1.9437519057089323e-05,4.75788194875577e-08,8.994094278264224e-06,1.988599209313185e-05,4.9777439907911826e-08,9.188469477419242e-06,2.033954760907627e-05,5.205135103071063e-08,9.38466353075466e-06,2.079818414411126e-05,0.5499999999999998
3.415803260172995e-08,7.685096254858029e-06,1.685349266156903e-05,3.587554979934039e-08,7.866505931501243e-06,1.727144105795701e-05,3.7657006220400646e-08,8.049792877372882e-06,1.769448035527563e-05,3.9503967154910236e-08,8.23494873502038e-06,1.8122609190976778e-05,4.141801668704955e-08,8.421965151083765e-06,1.8555826186123504e-05,4.340075768871954e-08,8.610833776329294e-06,1.8994129945394626e-05,4.5453811813004385e-08,8.801546265682991e-06,1.9437519057089323e-05,4.75788194875577e-08,8.994094278264224e-06,1.988599209313185e-05,4.9777439907911826e-08,9.188469477419242e-06,2.033954760907627e-05,5.205135103071063e-08,9.38466353075466e-06,2.079818414411126e-05,0.5499999999999998
3.415803260172995e-08,7.685096254858029e-06,1.685349266156903e-05,3.587554979934039e-08,7.866505931501243e-06,1.727144105795701e-05,3.7657006220400646e-08,8.049792877372882e-06,1.769448035527563e-05,3.9503967154910236e-08,8.23494873502038e-06,1.8122609190976778e-05,4.141801668704955e-08,8.421965151083765e-06,1.8555826186123504e-05,4.340075768871954e-08,8.610833776329294e-06,1.8994129945394626e-05,4.5453811813004385e-08,8.801546265682991e-06,1.9437519057089323e-05,4.75788194875577e-08,8.994094278264224e-06,1.988599209313185e-05,4.9777439907911826e-08,9.188469477419242e-06,2.033954760907627e-05,5.205135103071063e-08,9.38466353075466e-06,2.079818414411126e-05,0.5499999999999998
3.415803260172995e-08,7.685096254858029e-06,1.685349266156903e-05,3.587554979934039e-08,7.866505931501243e-06,1.727144105795701e-05,3.7657006220400646e-08,8.049792877372882e-06,1.769448035527563e-05,3.9503967154910236e-08,8.23494873502038e-06,1.8122609190976778e-05,4.141801668704955e-08,8.421965151083765e-06,1.8555826186123504e-05,4.340075768871954e-08,8.610833776329294e-06,1.8994129945394626e-05,4.5453811813004385e-08,8.801546265682991e-06,1.9437519057089323e-05,4.75788194875577e-08,8.994094278264224e-06,1.988599209313185e-05,4.9777439907911826e-08,9.188469477419242e-06,2.033954760907627e-05,5.205135103071063e-08,9.38466353075466e-06,2.079818414411126e-05,0.5499999999999998
3.415803260172995e-08,7.685096254858029e-06,1.685349266156903e-05,3.587554979934039e-08,7.866505931501243e-06,1.727144105795701e-05,3.7657006220400646e-08,8.049792877372882e-06,1.769448035527563e-05,3.9503967154910236e-08,8.23494873502038e-06,1.8122609190976778e-05,4.141801668704955e-08,8.421965151083765e-06,1.8555826186123504e-05,4.340075768871954e-08,8.610833776329294e-06,1.8994129945394626e-05,4.5453811813004385e-08,8.801546265682991e-06,1.9437519057089323e-05,4.75788194875577e-08,8.994094278264224e-06,1.988599209313185e-05,4.9777439907911826e-08,9.188469477419242e-06,2.033954760907627e-05,5.205135103071063e-08,9.38466353075466e-06,2.079818414411126e-05,0.5499999999999998
3.415803260172995e-08,7.685096254858029e-06,1.685349266156903e-05,3.587554979934039e-08,7.866505931501243e-06,1.727144105795701e-05,3.7657006220400646e-08,8.049792877372882e-06,1.769448035527563e-05,3.9503967154910236e-08,8.23494873502038e-06,1.8122609190976778e-05,4.141801668704955e-08,8.421965151083765e-06,1.8555826186123504e-05,4.340075768871954e-08,8.610833776329294e-06,1.8994129945394626e-05,4.5453811813004385e-08,8.801546265682991e-06,1.9437519057089323e-05,4.75788194875577e-08,8.994094278264224e-06,1.988599209313185e-05,4.9777439907911826e-08,9.188469477419242e-06,2.033954760907627e-05,5.205135103071063e-08,9.38466353075466e-06,2.079818414411126e-05,0.5499999999999998
3.415803260172995e-08,7.685096254858029e-06,1.685349266156903e-05,3.587554979934039e-08,7.866505931501243e-06,1.727144105795701e-05,3.7657006220400646e-08,8.049792877372882e-06,1.769448035527563e-05,3.9503967154910236e-08,8.23494873502038e-06,1.8122609190976778e-05,4.141801668704955e-08,8.421965151083765e-06,1.8555826186123504e-05,4.340075768871954e-08,8.610833776329294e-06,1.8994129945394626e-05,4.5453811813004385e-08,8.801546265682991e-06,1.9437519057089323e-05,4.75788194875577e-08,8.994094278264224e-06,1.988599209313185e-05,4.9777439907911826e-08,9.188469477419242e-06,2.033954760907627e-05,5.205135103071063e-08,9.38466353075466e-06,2.079818414411126e-05,0.5499999999999998
3.415803260172995e-08,7.685096254858029e-06,1.685349266156903e-05,3.587554979934039e-08,7.866505931501243e-06,1.727144105795701e-05,3.7657006220400646e-08,8.049792877372882e-06,1.769448035527563e-05,3.9503967154910236e-08,8.23494873502038e-06,1.8122609190976778e-05,4.141801668704955e-08,8.421965151083765e-06,1.8555826186123504e-05,4.340075768871954e-08,8.610833776329294e-06,1.8994129945394626e-05,4.5453811813004385e-08,8.801546265682991e-06,1.9437519057089323e-05,4.75788194875577e-08,8.994094278264224e-06,1.988599209313185e-05,4.9777439907911826e-08,9.188469477419242e-06,2.033954760907627e-05,5.205135103071063e-08,9.38466353075466e-06,2.079818414411126e-05,0.5499999999999998
3.415803260172995e-08,7.685096254858029e-06,1.685349266156903e-05,3.587554979934039e-08,7.866505931501243e-06,1.727144105795701e-05,3.7657006220400646e-08,8.049792877372882e-06,1.769448035527563e-05,3.9503967154910236e-08,8.23494873502038e-06,1.8122609190976778e-05,4.141801668704955e-08,8.421965151083765e-06,1.8555826186123504e-05,4.340075768871954e-08,8.610833776329294e-06,1.8994129945394626e-05,4.5453811813004385e-08,8.801546265682991e-06,1.9437519057089323e-05,4.75788194875577e-08,8.994094278264224e-06,1.988599209313185e-05,4.9777439907911826e-08,9.188469477419242e-06,2.033954760907627e-05,5.205135103071063e-08,9.38466353075466e-06,2.079818414411126e-05,0.5499999999999998
3.415803260172995e-08,7.685096254858029e-06,1.685349266156903e-05,3.587554979934039e-08,7.866505931501243e-06,1.727144105795701e-05,3.7657006220400646e-08,8.049792877372882e-06,1.769448035527563e-05,3.9503967154910236e-08,8.23494873502038e-06,1.8122609190976778e-05,4.141801668704955e-08,8.421965151083765e-06,1.8555826186123504e-05,4.340075768871954e-08,8.610833776329294e-06,1.8994129945394626e-05,4.5453811813004385e-08,8.801546265682991e-06,1.9437519057089323e-05,4.75788194875577e-08,8.994094278264224e-06,1.988599209313185e-05,4.9777439907911826e-08,9.188469477419242e-06,2.033954760907627e-05,5.205135103071063e-08,9.38466353075466e-06,2.079818414411126e-05,0.5499999999999998
3.415803260172995e-08,7.685096254858029e-06,1.685349266156903e-05,3.587554979934039e-08,7.866505931501243e-06,1.727144105795701e-05,3.7657006220400646e-08,8.049792877372882e-06,1.769448035527563e-05,3.9503967154910236e-08,8.23494873502038e-06,1.8122609190976778e-05,4.141801668704955e-08,8.421965151083765e-06,1.8555826186123504e-05,4.340075768871954e-08,8.610833776329294e-06,1.8994129945394626e-05,4.5453811813004385e-08,8.801546265682991e-06,1.9437519057089323e-05,4.75788194875577e-08,8.994094278264224e-06,1.988599209313185e-05,4.9777439907911826e-08,9.188469477419242e-06,2.033954760907627e-05,5.205135103071063e-08,9.38466353075466e-06,2.079818414411126e-05,0.5499999999999998
3.415803260172995e-08,7.685096254858029e-06,1.685349266156903e-05,3.587554979934039e-08,7.866505931501243e-06,1.727144105795701e-05,3.7657006220400646e-08,8.049792877372882e-06,1.769448035527563e-05,3.9503967154910236e-08,8.23494873502038e-06,1.8122609190976778e-05,4.141801668704955e-08,8.421965151083765e-06,1.8555826186123504e-05,4.340075768871954e-08,8.610833776329294e-06,1.8994129945394626e-05,4.5453811813004385e-08,8.801546265682991e-06,1.9437519057089323e-05,4.75788194875577e-08,8.994094278264224e-06,1.988599209313185e-05,4.9777439907911826e-08,9.188469477419242e-06,2.033954760907627e-05,5.205135103071063e-08,9.38466353075466e-06,2.079818414411126e-05,0.5499999999999998
3.415803260172995e-08,7.685096254858029e-06,1.685349266156903e-05,3.587554979934039e-08,7.866505931501243e-06,1.727144105795701e-05,3.7657006220400646e-08,8.049792877372882e-06,1.769448035527563e-05,3.9503967154910236e-08,8.23494873502038e-06,1.8122609190976778e-05,4.141801668704955e-08,8.421965151083765e-06,1.8555826186123504e-05,4.340075768871954e-08,8.610833776329294e-06,1.8994129945394626e-05,4.5453811813004385e-08,8.801546265682991e-06,1.9437519057089323e-05,4.75788194875577e-08,8.994094278264224e-06,1.988599209313185e-05,4.9777439907911826e-08,9.188469477419242e-06,2.033954760907627e-05,5.205135103071063e-08,9.38466353075466e-06,2.079818414411126e-05,0.5499999999999998
3.415803260172995e-08,7.685096254858029e-06,1.685349266156903e-05,3.587554979934039e-08,7.866505931501243e-06,1.727144105795701e-05,3.7657006220400646e-08,8.049792877372882e-06,1.769448035527563e-05,3.9503967154910236e-08,8.23494873502038e-06,1.8122609190976778e-05,4.141801668704955e-08,8.421965151083765e-06,1.8555826186123504e-05,4.340075768871954e-08,8.610833776329294e-06,1.8994129945394626e-05,4.5453811813004385e-08,8.801546265682991e-06,1.9437519057089323e-05,4.75788194875577e-08,8.994094278264224e-06,1.988599209313185e-05,4.9777439907911826e-08,9.188469477419242e-06,2.033954760907627e-05,5.205135103071063e-08,9.38466353075466e-06,2.079818414411126e-05,0.5499999999999998
3.415803260172995e-08,7.685096254858029e-06,1.685349266156903e-05,3.587554979934039e-08,7.866505931501243e-06,1.727144105795701e-05,3.7657006220400646e-08,8.049792877372882e-06,1.769448035527563e-05,3.9503967154910236e-08,8.23494873502038e-06,1.8122609190976778e-05,4.141801668704955e-08,8.421965151083765e-06,1.8555826186123504e-05,4.340075768871954e-08,8.610833776329294e-06,1.8994129945394626e-05,4.5453811813004385e-08,8.801546265682991e-06,1.9437519057089323e-05,4.75788194875577e-08,8.994094278264224e-06,1.988599209313185e-05,4.9777439907911826e-08,9.188469477419242e-06,2.033954760907627e-05,5.205135103071063e-08,9.38466353075466e-06,2.079818414411126e-05,0.5499999999999998
3.415803260172995e-08,7.685096254858029e-06,1.685349266156903e-05,3.587554979934039e-08,7.866505931501243e-06,1.727144105795701e-05,3.7657006220400646e-08,8.049792877372882e-06,1.769448035527563e-05,3.9503967154910236e-08,8.23494873502038e-06,1.8122609190976778e-05,4.141801668704955e-08,8.421965151083765e-06,1.8555826186123504e-05,4.340075768871954e-08,8.610833776329294e-06,1.8994129945394626e-05,4.5453811813004385e-08,8.801546265682991e-06,1.9437519057089323e-05,4.75788194875577e-08,8.994094278264224e-06,1.988599209313185e-05,4.9777439907911826e-08,9.188469477419242e-06,2.033954760907627e-05,5.205135103071063e-08,9.38466353075466e-06,2.079818414411126e-05,0.5499999999999998
3.415803260172995e-08,7.685096254858029e-06,1.685349266156903e-05,3.587554979934039e-08,7.866505931501243e-06,1.727144105795701e-05,3.7657006220400646e-08,8.049792877372882e-06,1.769448035527563e-05,3.9503967154910236e-08,8.23494873502038e-06,1.8122609190976778e-05,4.141801668704955e-08,8.421965151083765e-06,1.8555826186123504e-05,4.340075768871954e-08,8.610833776329294e-06,1.8994129945394626e-05,4.5453811813004385e-08,8.801546265682991e-06,1.9437519057089323e-05,4.75788194875577e-08,8.994094278264224e-06,1.988599209313185e-05,4.9777439907911826e-08,9.188469477419242e-06,2.033954760907627e-05,5.205135103071063e-08,9.38466353075466e-06,2.079818414411126e-05,0.5499999999999998
3.415803260172995e-08,7.685096254858029e-06,1.685349266156903e-05,3.587554979934039e-08,7.866505931501243e-06,1.727144105795701e-05,3.7657006220400646e-08,8.049792877372882e-06,1.769448035527563e-05,3.9503967154910236e-08,8.23494873502038e-06,1.8122609190976778e-05,4.141801668704955e-08,8.421965151083765e-06,1.8555826186123504e-05,4.340075768871954e-08,8.610833776329294e-06,1.8994129945394626e-05,4.5453811813004385e-08,8.801546265682991e-06,1.9437519057089323e-05,4.75788194875577e-08,8.994094278264224e-06,1.988599209313185e-05,4.9777439907911826e-08,9.188469477419242e-06,2.033954760907627e-05,5.205135103071063e-08,9.38466353075466e-06,2.079818414411126e-05,0.5499999999999998
3.415803260172995e-08,7.685096254858029e-06,1.685349266156903e-05,3.587554979934039e-08,7.866505931501243e-06,1.727144105795701e-05,3.7657006220400646e-08,8.049792877372882e-06,1.769448035527563e-05,3.9503967154910236e-08,8.23494873502038e-06,1.8122609190976778e-05,4.141801668704955e-08,8.421965151083765e-06,1.8555826186123504e-05,4.340075768871954e-08,8.610833776329294e-06,1.8994129945394626e-05,4.5453811813004385e-08,8.801546265682991e-06,1.9437519057089323e-05,4.75788194875577e-08,8.994094278264224e-06,1.988599209313185e-05,4.9777439907911826e-08,9.188469477419242e-06,2.033954760907627e-05,5.205135103071063e-08,9.38466353075466e-06,2.079818414411126e-05,0.5499999999999998
3.415803260172995e-08,7.685096254858029e-06,1.685349266156903e-05,3.587554979934039e-08,7.866505931501243e-06,1.727144105795701e-05,3.7657006220400646e-08,8.049792877372882e-06,1.769448035527563e-05,3.9503967154910236e-08,8.23494873502038e-06,1.8122609190976778e-05,4.141801668704955e-08,8.421965151083765e-06,1.8555826186123504e-05,4.340075768871954e-08,8.610833776329294e-06,1.8994129945394626e-05,4.5453811813004385e-08,8.801546265682991e-06,1.9437519057089323e-05,4.75788194875577e-08,8.994094278264224e-06,1.988599209313185e-05,4.9777439907911826e-08,9.188469477419242e-06,2.033954760907627e-05,5.205135103071063e-08,9.38466353075466e-06,2.079818414411126e-05,0.5499999999999998
3.415803260172995e-08,7.685096254858029e-06,1.685349266156903e-05,3.587554979934039e-08,7.866505931501243e-06,1.727144105795701e-05,3.7657006220400646e-08,8.049792877372882e-06,1.769448035527563e-05,3.9503967154910236e-08,8.23494873502038e-06,1.8122609190976778e-05,4.141801668704955e-08,8.421965151083765e-06,1.8555826186123504e-05,4.340075768871954e-08,8.610833776329294e-06,1.8994129945394626e-05,4.5453811813004385e-08,8.801546265682991e-06,1.9437519057089323e-05,4.75788194875577e-08,8.994094278264224e-06,1.988599209313185e-05,4.9777439907911826e-08,9.188469477419242e-06,2.033954760907627e-05,5.205135103071063e-08,9.38466353075466e-06,2.079818414411126e-05,0.5499999999999998
3.415803260172995e-08,7.685096254858029e-06,1.685349266156903e-05,3.587554979934039e-08,7.866505931501243e-06,1.727144105795701e-05,3.7657006220400646e-08,8.049792877372882e-06,1.769448035527563e-05,3.9503967154910236e-08,8.23494873502038e-06,1.8122609190976778e-05,4.141801668704955e-08,8.421965151083765e-06,1.8555826186123504e-05,4.340075768871954e-08,8.610833776329294e-06,1.8994129945394626e-05,4.5453811813004385e-08,8.801546265682991e-06,1.9437519057089323e-05,4.75788194875577e-08,8.994094278264224e-06,1.988599209313185e-05,4.9777439907911826e-08,9.188469477419242e-06,2.033954760907627e-05,5.205135103071063e-08,9.38466353075466e-06,2.079818414411126e-05,0.5499999999999998
3.415803260172995e-08,7.685096254858029e-06,1.685349266156903e-05,3.587554979934039e-08,7.866505931501243e-06,1.727144105795701e-05,3.7657006220400646e-08,8.049792877372882e-06,1.769448035527563e-05,3.9503967154910236e-08,8.23494873502038e-06,1.8122609190976778e-05,4.141801668704955e-08,8.421965151083765e-06,1.8555826186123504e-05,4.340075768871954e-08,8.610833776329294e-06,1.8994129945394626e-05,4.5453811813004385e-08,8.801546265682991e-06,1.9437519057089323e-05,4.75788194875577e-08,8.994094278264224e-06,1.988599209313185e-05,4.9777439907911826e-08,9.188469477419242e-06,2.033954760907627e-05,5.205135103071063e-08,9.38466353075466e-06,2.079818414411126e-05,0.5499999999999998
3.415803260172995e-08,7.685096254858029e-06,1.685349266156903e-05,3.587554979934039e-08,7.866505931501243e-06,1.727144105795701e-05,3.7657006220400646e-08,8.049792877372882e-06,1.769448035527563e-05,3.9503967154910236e-08,8.23494873502038e-06,1.8122609190976778e-05,4.141801668704955e-08,8.421965151083765e-06,1.8555826186123504e-05,4.340075768871954e-08,8.610833776329294e-06,1.8994129945394626e-05,4.5453811813004385e-08,8.801546265682991e-06,1.9437519057089323e-05,4.75788194875577e-08,8.994094278264224e-06,1.988599209313185e-05,4.9777439907911826e-08,9.188469477419242e-06,2.033954760907627e-05,5.205135103071063e-08,9.38466353075466e-06,2.079818414411126e-05,0.5499999999999998
3.415803260172995e-08,7.685096254858029e-06,1.685349266156903e-05,3.587554979934039e-08,7.866505931501243e-06,1.727144105795701e-05,3.7657006220400646e-08,8.049792877372882e-06,1.769448035527563e-05,3.9503967154910236e-08,8.23494873502038e-06,1.8122609190976778e-05,4.141801668704955e-08,8.421965151083765e-06,1.8555826186123504e-05,4.340075768871954e-08,8.610833776329294e-06,1.8994129945394626e-05,4.5453811813004385e-08,8.801546265682991e-06,1.9437519057089323e-05,4.75788194875577e-08,8.994094278264224e-06,1.988599209313185e-05,4.9777439907911826e-08,9.188469477419242e-06,2.033954760907627e-05,5.205135103071063e-08,9.38466353075466e-06,2.079818414411126e-05,0.5499999999999998
3.415803260172995e-08,7.685096254858029e-06,1.685349266156903e-05,3.587554979934039e-08,7.866505931501243e-06,1.727144105795701e-05,3.7657006220400646e-08,8.049792877372882e-06,1.769448035527563e-05,3.9503967154910236e-08,8.23494873502038e-06,1.8122609190976778e-05,4.141801668704955e-08,8.421965151083765e-06,1.8555826186123504e-05,4.340075768871954e-08,8.610833776329294e-06,1.8994129945394626e-05,4.5453811813004385e-08,8.801546265682991e-06,1.9437519057089323e-05,4.75788194875577e-08,8.994094278264224e-06,1.988599209313185e-05,4.9777439907911826e-08,9.188469477419242e-06,2.033954760907627e-05,5.205135103071063e-08,9.38466353075466e-06,2.079818414411126e-05,0.5499999999999998
3.415803260172995e-08,7.685096254858029e-06,1.685349266156903e-05,3.587554979934039e-08,7.866505931501243e-06,1.727144105795701e-05,3.7657006220400646e-08,8.049792877372882e-06,1.769448035527563e-05,3.9503967154910236e-08,8.23494873502038e-06,1.8122609190976778e-05,4.141801668704955e-08,8.421965151083765e-06,1.8555826186123504e-05,4.340075768871954e-08,8.610833776329294e-06,1.8994129945394626e-05,4.5453811813004385e-08,8.801546265682991e-06,1.9437519057089323e-05,4.75788194875577e-08,8.994094278264224e-06,1.988599209313185e-05,4.9777439907911826e-08,9.188469477419242e-06,2.033954760907627e-05,5.205135103071063e-08,9.38466353075466e-06,2.079818414411126e-05,0.5499999999999998
3.415803260172995e-08,7.685096254858029e-06,1.685349266156903e-05,3.587554979934039e-08,7.866505931501243e-06,1.727144105795701e-05,3.7657006220400646e-08,8.049792877372882e-06,1.769448035527563e-05,3.9503967154910236e-08,8.23494873502038e-06,1.8122609190976778e-05,4.141801668704955e-08,8.421965151083765e-06,1.8555826186123504e-05,4.340075768871954e-08,8.610833776329294e-06,1.8994129945394626e-05,4.5453811813004385e-08,8.801546265682991e-06,1.9437519057089323e-05,4.75788194875577e-08,8.994094278264224e-06,1.988599209313185e-05,4.9777439907911826e-08,9.188469477419242e-06,2.033954760907627e-05,5.205135103071063e-08,9.38466353075466e-06,2.079818414411126e-05,0.5499999999999998
3.415803260172995e-08,7.685096254858029e-06,1.685349266156903e-05,3.587554979934039e-08,7.866505931501243e-06,1.727144105795701e-05,3.7657006220400646e-08,8.049792877372882e-06,1.769448035527563e-05,3.9503967154910236e-08,8.23494873502038e-06,1.8122609190976778e-05,4.141801668704955e-08,8.421965151083765e-06,1.8555826186123504e-05,4.340075768871954e-08,8.610833776329294e-06,1.8994129945394626e-05,4.5453811813004385e-08,8.801546265682991e-06,1.9437519057089323e-05,4.75788194875577e-08,8.994094278264224e-06,1.988599209313185e-05,4.9777439907911826e-08,9.188469477419242e-06,2.033954760907627e-05,5.205135103071063e-08,9.38466353075466e-06,2.079818414411126e-05,0.5499999999999998
3.415803260172995e-08,7.685096254858029e-06,1.685349266156903e-05,3.587554979934039e-08,7.866505931501243e-06,1.727144105795701e-05,3.7657006220400646e-08,8.049792877372882e-06,1.769448035527563e-05,3.9503967154910236e-08,8.23494873502038e-06,1.8122609190976778e-05,4.141801668704955e-08,8.421965151083765e-06,1.8555826186123504e-05,4.340075768871954e-08,8.610833776329294e-06,1.8994129945394626e-05,4.5453811813004385e-08,8.801546265682991e-06,1.9437519057089323e-05,4.75788194875577e-08,8.994094278264224e-06,1.988599209313185e-05,4.9777439907911826e-08,9.188469477419242e-06,2.033954760907627e-05,5.205135103071063e-08,9.38466353075466e-06,2.079818414411126e-05,0.5499999999999998
3.415803260172995e-08,7.685096254858029e-06,1.685349266156903e-05,3.587554979934039e-08,7.866505931501243e-06,1.727144105795701e-05,3.7657006220400646e-08,8.049792877372882e-06,1.769448035527563e-05,3.9503967154910236e-08,8.23494873502038e-06,1.8122609190976778e-05,4.141801668704955e-08,8.421965151083765e-06,1.8555826186123504e-05,4.340075768871954e-08,8.610833776329294e-06,1.8994129945394626e-05,4.5453811813004385e-08,8.801546265682991e-06,1.9437519057089323e-05,4.75788194875577e-08,8.994094278264224e-06,1.988599209313185e-05,4.9777439907911826e-08,9.188469477419242e-06,2.033954760907627e-05,5.205135103071063e-08,9.38466353075466e-06,2.079818414411126e-05,0.5499999999999998
3.415803260172995e-08,7.685096254858029e-06,1.685349266156903e-05,3.587554979934039e-08,7.866505931501243e-06,1.727144105795701e-05,3.7657006220400646e-08,8.049792877372882e-06,1.769448035527563e-05,3.9503967154910236e-08,8.23494873502038e-06,1.8122609190976778e-05,4.141801668704955e-08,8.421965151083765e-06,1.8555826186123504e-05,4.340075768871954e-08,8.610833776329294e-06,1.8994129945394626e-05,4.5453811813004385e-08,8.801546265682991e-06,1.9437519057089323e-05,4.75788194875577e-08,8.994094278264224e-06,1.988599209313185e-05,4.9777439907911826e-08,9.188469477419242e-06,2.033954760907627e-05,5.205135103071063e-08,9.38466353075466e-06,2.079818414411126e-05,0.5499999999999998
3.415803260172995e-08,7.685096254858029e-06,1.685349266156903e-05,3.587554979934039e-08,7.866505931501243e-06,1.727144105795701e-05,3.7657006220400646e-08,8.049792877372882e-06,1.769448035527563e-05,3.9503967154910236e-08,8.23494873502038e-06,1.8122609190976778e-05,4.141801668704955e-08,8.421965151083765e-06,1.8555826186123504e-05,4.340075768871954e-08,8.610833776329294e-06,1.8994129945394626e-05,4.5453811813004385e-08,8.801546265682991e-06,1.9437519057089323e-05,4.75788194875577e-08,8.994094278264224e-06,1.988599209313185e-05,4.9777439907911826e-08,9.188469477419242e-06,2.033954760907627e-05,5.205135103071063e-08,9.38466353075466e-06,2.079818414411126e-05,0.5499999999999998
3.415803260172995e-08,7.685096254858029e-06,1.685349266156903e-05,3.587554979934039e-08,7.866505931501243e-06,1.727144105795701e-05,3.7657006220400646e-08,8.049792877372882e-06,1.769448035527563e-05,3.9503967154910236e-08,8.23494873502038e-06,1.8122609190976778e-05,4.141801668704955e-08,8.421965151083765e-06,1.8555826186123504e-05,4.340075768871954e-08,8.610833776329294e-06,1.8994129945394626e-05,4.5453811813004385e-08,8.801546265682991e-06,1.9437519057089323e-05,4.75788194875577e-08,8.994094278264224e-06,1.988599209313185e-05,4.9777439907911826e-08,9.188469477419242e-06,2.033954760907627e-05,5.205135103071063e-08,9.38466353075466e-06,2.079818414411126e-05,0.5499999999999998
3.415803260172995e-08,7.685096254858029e-06,1.685349266156903e-05,3.587554979934039e-08,7.866505931501243e-06,1.727144105795701e-05,3.7657006220400646e-08,8.049792877372882e-06,1.769448035527563e-05,3.9503967154910236e-08,8.23494873502038e-06,1.8122609190976778e-05,4.141801668704955e-08,8.421965151083765e-06,1.8555826186123504e-05,4.340075768871954e-08,8.610833776329294e-06,1.8994129945394626e-05,4.5453811813004385e-08,8.801546265682991e-06,1.9437519057089323e-05,4.75788194875577e-08,8.994094278264224e-06,1.988599209313185e-05,4.9777439907911826e-08,9.188469477419242e-06,2.033954760907627e-05,5.205135103071063e-08,9.38466353075466e-06,2.079818414411126e-05,0.5499999999999998
3.415803260172995e-08,7.685096254858029e-06,1.685349266156903e-05,3.587554979934039e-08,7.866505931501243e-06,1.727144105795701e-05,3.7657006220400646e-08,8.049792877372882e-06,1.769448035527563e-05,3.9503967154910236e-08,8.23494873502038e-06,1.8122609190976778e-05,4.141801668704955e-08,8.421965151083765e-06,1.8555826186123504e-05,4.340075768871954e-08,8.610833776329294e-06,1.8994129945394626e-05,4.5453811813004385e-08,8.801546265682991e-06,1.9437519057089323e-05,4.75788194875577e-08,8.994094278264224e-06,1.988599209313185e-05,4.9777439907911826e-08,9.188469477419242e-06,2.033954760907627e-05,5.205135103071063e-08,9.38466353075466e-06,2.079818414411126e-05,0.5499999999999998
3.415803260172995e-08,7.685096254858029e-06,1.685349266156903e-05,3.587554979934039e-08,7.866505931501243e-06,1.727144105795701e-05,3.7657006220400646e-08,8.049792877372882e-06,1.769448035527563e-05,3.9503967154910236e-08,8.23494873502038e-06,1.8122609190976778e-05,4.141801668704955e-08,8.421965151083765e-06,1.8555826186123504e-05,4.340075768871954e-08,8.610833776329294e-06,1.8994129945394626e-05,4.5453811813004385e-08,8.801546265682991e-06,1.9437519057089323e-05,4.75788194875577e-08,8.994094278264224e-06,1.988599209313185e-05,4.9777439907911826e-08,9.188469477419242e-06,2.033954760907627e-05,5.205135103071063e-08,9.38466353075466e-06,2.079818414411126e-05,0.5499999999999998
3.415803260172995e-08,7.685096254858029e-06,1.685349266156903e-05,3.587554979934039e-08,7.866505931501243e-06,1.727144105795701e-05,3.7657006220400646e-08,8.049792877372882e-06,1.769448035527563e-05,3.9503967154910236e-08,8.23494873502038e-06,1.8122609190976778e-05,4.141801668704955e-08,8.421965151083765e-06,1.8555826186123504e-05,4.340075768871954e-08,8.610833776329294e-06,1.8994129945394626e-05,4.5453811813004385e-08,8.801546265682991e-06,1.9437519057089323e-05,4.75788194875577e-08,8.994094278264224e-06,1.988599209313185e-05,4.9777439907911826e-08,9.188469477419242e-06,2.033954760907627e-05,5.205135103071063e-08,9.38466353075466e-06,2.079818414411126e-05,0.5499999999999998
3.415803260172995e-08,7.685096254858029e-06,1.685349266156903e-05,3.587554979934039e-08,7.866505931501243e-06,1.727144105795701e-05,3.7657006220400646e-08,8.049792877372882e-06,1.769448035527563e-05,3.9503967154910236e-08,8.23494873502038e-06,1.8122609190976778e-05,4.141801668704955e-08,8.421965151083765e-06,1.8555826186123504e-05,4.340075768871954e-08,8.610833776329294e-06,1.8994129945394626e-05,4.5453811813004385e-08,8.801546265682991e-06,1.9437519057089323e-05,4.75788194875577e-08,8.994094278264224e-06,1.988599209313185e-05,4.9777439907911826e-08,9.188469477419242e-06,2.033954760907627e-05,5.205135103071063e-08,9.38466353075466e-06,2.079818414411126e-05,0.5499999999999998
3.415803260172995e-08,7.685096254858029e-06,1.685349266156903e-05,3.587554979934039e-08,7.866505931501243e-06,1.727144105795701e-05,3.7657006220400646e-08,8.049792877372882e-06,1.769448035527563e-05,3.9503967154910236e-08,8.23494873502038e-06,1.8122609190976778e-05,4.141801668704955e-08,8.421965151083765e-06,1.8555826186123504e-05,4.340075768871954e-08,8.610833776329294e-06,1.8994129945394626e-05,4.5453811813004385e-08,8.801546265682991e-06,1.9437519057089323e-05,4.75788194875577e-08,8.994094278264224e-06,1.988599209313185e-05,4.9777439907911826e-08,9.188469477419242e-06,2.033954760907627e-05,5.205135103071063e-08,9.38466353075466e-06,2.079818414411126e-05,0.5499999999999998
3.415803260172995e-08,7.685096254858029e-06,1.685349266156903e-05,3.587554979934039e-08,7.866505931501243e-06,1.727144105795701e-05,3.7657006220400646e-08,8.049792877372882e-06,1.769448035527563e-05,3.9503967154910236e-08,8.23494873502038e-06,1.8122609190976778e-05,4.141801668704955e-08,8.421965151083765e-06,1.8555826186123504e-05,4.340075768871954e-08,8.610833776329294e-06,1.8994129945394626e-05,4.5453811813004385e-08,8.801546265682991e-06,1.9437519057089323e-05,4.75788194875577e-08,8.994094278264224e-06,1.988599209313185e-05,4.9777439907911826e-08,9.188469477419242e-06,2.033954760907627e-05,5.205135103071063e-08,9.38466353075466e-06,2.079818414411126e-05,0.5499999999999998
3.415803260172995e-08,7.685096254858029e-06,1.685349266156903e-05,3.587554979934039e-08,7.866505931501243e-06,1.727144105795701e-05,3.7657006220400646e-08,8.049792877372882e-06,1.769448035527563e-05,3.9503967154910236e-08,8.23494873502038e-06,1.8122609190976778e-05,4.141801668704955e-08,8.421965151083765e-06,1.8555826186123504e-05,4.340075768871954e-08,8.610833776329294e-06,1.8994129945394626e-05,4.5453811813004385e-08,8.801546265682991e-06,1.9437519057089323e-05,4.75788194875577e-08,8.994094278264224e-06,1.988599209313185e-05,4.9777439907911826e-08,9.188469477419242e-06,2.033954760907627e-05,5.205135103071063e-08,9.38466353075466e-06,2.079818414411126e-05,0.5499999999999998
3.415803260172995e-08,7.685096254858029e-06,1.685349266156903e-05,3.587554979934039e-08,7.866505931501243e-06,1.727144105795701e-05,3.7657006220400646e-08,8.049792877372882e-06,1.769448035527563e-05,3.9503967154910236e-08,8.23494873502038e-06,1.8122609190976778e-05,4.141801668704955e-08,8.421965151083765e-06,1.8555826186123504e-05,4.340075768871954e-08,8.610833776329294e-06,1.8994129945394626e-05,4.5453811813004385e-08,8.801546265682991e-06,1.9437519057089323e-05,4.75788194875577e-08,8.994094278264224e-06,1.988599209313185e-05,4.9777439907911826e-08,9.188469477419242e-06,2.033954760907627e-05,5.205135103071063e-08,9.38466353075466e-06,2.079818414411126e-05,0.5499999999999998
3.415803260172995e-08,7.685096254858029e-06,1.685349266156903e-05,3.587554979934039e-08,7.866505931501243e-06,1.727144105795701e-05,3.7657006220400646e-08,8.049792877372882e-06,1.769448035527563e-05,3.9503967154910236e-08,8.23494873502038e-06,1.8122609190976778e-05,4.141801668704955e-08,8.421965151083765e-06,1.8555826186123504e-05,4.340075768871954e-08,8.610833776329294e-06,1.8994129945394626e-05,4.5453811813004385e-08,8.801546265682991e-06,1.9437519057089323e-05,4.75788194875577e-08,8.994094278264224e-06,1.988599209313185e-05,4.9777439907911826e-08,9.188469477419242e-06,2.033954760907627e-05,5.205135103071063e-08,9.38466353075466e-06,2.079818414411126e-05,0.5499999999999998
3.415803260172995e-08,7.685096254858029e-06,1.685349266156903e-05,3.587554979934039e-08,7.866505931501243e-06,1.727144105795701e-05,3.7657006220400646e-08,8.049792877372882e-06,1.769448035527563e-05,3.9503967154910236e-08,8.23494873502038e-06,1.8122609190976778e-05,4.141801668704955e-08,8.421965151083765e-06,1.8555826186123504e-05,4.340075768871954e-08,8.610833776329294e-06,1.8994129945394626e-05,4.5453811813004385e-08,8.801546265682991e-06,1.9437519057089323e-05,4.75788194875577e-08,8.994094278264224e-06,1.988599209313185e-05,4.9777439907911826e-08,9.188469477419242e-06,2.033954760907627e-05,5.205135103071063e-08,9.38466353075466e-06,2.079818414411126e-05,0.5499999999999998
3.415803260172995e-08,7.685096254858029e-06,1.685349266156903e-05,3.587554979934039e-08,7.866505931501243e-06,1.727144105795701e-05,3.7657006220400646e-08,8.049792877372882e-06,1.769448035527563e-05,3.9503967154910236e-08,8.23494873502038e-06,1.8122609190976778e-05,4.141801668704955e-08,8.421965151083765e-06,1.8555826186123504e-05,4.340075768871954e-08,8.610833776329294e-06,1.8994129945394626e-05,4.5453811813004385e-08,8.801546265682991e-06,1.9437519057089323e-05,4.75788194875577e-08,8.994094278264224e-06,1.988599209313185e-05,4.9777439907911826e-08,9.188469477419242e-06,2.033954760907627e-05,5.205135103071063e-08,9.38466353075466e-06,2.079818414411126e-05,0.5499999999999998
3.415803260172995e-08,7.685096254858029e-06,1.685349266156903e-05,3.587554979934039e-08,7.866505931501243e-06,1.727144105795701e-05,3.7657006220400646e-08,8.049792877372882e-06,1.769448035527563e-05,3.9503967154910236e-08,8.23494873502038e-06,1.8122609190976778e-05,4.141801668704955e-08,8.421965151083765e-06,1.8555826186123504e-05,4.340075768871954e-08,8.610833776329294e-06,1.8994129945394626e-05,4.5453811813004385e-08,8.801546265682991e-06,1.9437519057089323e-05,4.75788194875577e-08,8.994094278264224e-06,1.988599209313185e-05,4.9777439907911826e-08,9.188469477419242e-06,2.033954760907627e-05,5.205135103071063e-08,9.38466353075466e-06,2.079818414411126e-05,0.5499999999999998
3.415803260172995e-08,7.685096254858029e-06,1.685349266156903e-05,3.587554979934039e-08,7.866505931501243e-06,1.727144105795701e-05,3.7657006220400646e-08,8.049792877372882e-06,1.769448035527563e-05,3.9503967154910236e-08,8.23494873502038e-06,1.8122609190976778e-05,4.141801668704955e-08,8.421965151083765e-06,1.8555826186123504e-05,4.340075768871954e-08,8.610833776329294e-06,1.8994129945394626e-05,4.5453811813004385e-08,8.801546265682991e-06,1.9437519057089323e-05,4.75788194875577e-08,8.994094278264224e-06,1.988599209313185e-05,4.9777439907911826e-08,9.188469477419242e-06,2.033954760907627e-05,5.205135103071063e-08,9.38466353075466e-06,2.079818414411126e-05,0.5499999999999998
3.415803260172995e-08,7.685096254858029e-06,1.685349266156903e-05,3.587554979934039e-08,7.866505931501243e-06,1.727144105795701e-05,3.7657006220400646e-08,8.049792877372882e-06,1.769448035527563e-05,3.9503967154910236e-08,8.23494873502038e-06,1.8122609190976778e-05,4.141801668704955e-08,8.421965151083765e-06,1.8555826186123504e-05,4.340075768871954e-08,8.610833776329294e-06,1.8994129945394626e-05,4.5453811813004385e-08,8.801546265682991e-06,1.9437519057089323e-05,4.75788194875577e-08,8.994094278264224e-06,1.988599209313185e-05,4.9777439907911826e-08,9.188469477419242e-06,2.033954760907627e-05,5.205135103071063e-08,9.38466353075466e-06,2.079818414411126e-05,0.5499999999999998
3.415803260172995e-08,7.685096254858029e-06,1.685349266156903e-05,3.587554979934039e-08,7.866505931501243e-06,1.727144105795701e-05,3.7657006220400646e-08,8.049792877372882e-06,1.769448035527563e-05,3.9503967154910236e-08,8.23494873502038e-06,1.8122609190976778e-05,4.141801668704955e-08,8.421965151083765e-06,1.8555826186123504e-05,4.340075768871954e-08,8.610833776329294e-06,1.8994129945394626e-05,4.5453811813004385e-08,8.801546265682991e-06,1.9437519057089323e-05,4.75788194875577e-08,8.994094278264224e-06,1.988599209313185e-05,4.9777439907911826e-08,9.188469477419242e-06,2.033954760907627e-05,5.205135103071063e-08,9.38466353075466e-06,2.079818414411126e-05,0.5499999999999998
3.415803260172995e-08,7.685096254858029e-06,1.685349266156903e-05,3.587554979934039e-08,7.866505931501243e-06,1.727144105795701e-05,3.7657006220400646e-08,8.049792877372882e-06,1.769448035527563e-05,3.9503967154910236e-08,8.23494873502038e-06,1.8122609190976778e-05,4.141801668704955e-08,8.421965151083765e-06,1.8555826186123504e-05,4.340075768871954e-08,8.610833776329294e-06,1.8994129945394626e-05,4.5453811813004385e-08,8.801546265682991e-06,1.9437519057089323e-05,4.75788194875577e-08,8.994094278264224e-06,1.988599209313185e-05,4.9777439907911826e-08,9.188469477419242e-06,2.033954760907627e-05,5.205135103071063e-08,9.38466353075466e-06,2.079818414411126e-05,0.5499999999999998
3.415803260172995e-08,7.685096254858029e-06,1.685349266156903e-05,3.587554979934039e-08,7.866505931501243e-06,1.727144105795701e-05,3.7657006220400646e-08,8.049792877372882e-06,1.769448035527563e-05,3.9503967154910236e-08,8.23494873502038e-06,1.8122609190976778e-05,4.141801668704955e-08,8.421965151083765e-06,1.8555826186123504e-05,4.340075768871954e-08,8.610833776329294e-06,1.8994129945394626e-05,4.5453811813004385e-08,8.801546265682991e-06,1.9437519057089323e-05,4.75788194875577e-08,8.994094278264224e-06,1.988599209313185e-05,4.9777439907911826e-08,9.188469477419242e-06,2.033954760907627e-05,5.205135103071063e-08,9.38466353075466e-06,2.079818414411126e-05,0.5499999999999998
3.415803260172995e-08,7.685096254858029e-06,1.685349266156903e-05,3.587554979934039e-08,7.866505931501243e-06,1.727144105795701e-05,3.7657006220400646e-08,8.049792877372882e-06,1.769448035527563e-05,3.9503967154910236e-08,8.23494873502038e-06,1.8122609190976778e-05,4.141801668704955e-08,8.421965151083765e-06,1.8555826186123504e-05,4.340075768871954e-08,8.610833776329294e-06,1.8994129945394626e-05,4.5453811813004385e-08,8.801546265682991e-06,1.9437519057089323e-05,4.75788194875577e-08,8.994094278264224e-06,1.988599209313185e-05,4.9777439907911826e-08,9.188469477419242e-06,2.033954760907627e-05,5.205135103071063e-08,9.38466353075466e-06,2.079818414411126e-05,0.5499999999999998
3.415803260172995e-08,7.685096254858029e-06,1.685349266156903e-05,3.587554979934039e-08,7.866505931501243e-06,1.727144105795701e-05,3.7657006220400646e-08,8.049792877372882e-06,1.769448035527563e-05,3.9503967154910236e-08,8.23494873502038e-06,1.8122609190976778e-05,4.141801668704955e-08,8.421965151083765e-06,1.8555826186123504e-05,4.340075768871954e-08,8.610833776329294e-06,1.8994129945394626e-05,4.5453811813004385e-08,8.801546265682991e-06,1.9437519057089323e-05,4.75788194875577e-08,8.994094278264224e-06,1.988599209313185e-05,4.9777439907911826e-08,9.188469477419242e-06,2.033954760907627e-05,5.205135103071063e-08,9.38466353075466e-06,2.079818414411126e-05,0.5499999999999998
3.415803260172995e-08,7.685096254858029e-06,1.685349266156903e-05,3.587554979934039e-08,7.866505931501243e-06,1.727144105795701e-05,3.7657006220400646e-08,8.049792877372882e-06,1.769448035527563e-05,3.9503967154910236e-08,8.23494873502038e-06,1.8122609190976778e-05,4.141801668704955e-08,8.421965151083765e-06,1.8555826186123504e-05,4.340075768871954e-08,8.610833776329294e-06,1.8994129945394626e-05,4.5453811813004385e-08,8.801546265682991e-06,1.9437519057089323e-05,4.75788194875577e-08,8.994094278264224e-06,1.988599209313185e-05,4.9777439907911826e-08,9.188469477419242e-06,2.033954760907627e-05,5.205135103071063e-08,9.38466353075466e-06,2.079818414411126e-05,0.5499999999999998
3.415803260172995e-08,7.685096254858029e-06,1.685349266156903e-05,3.587554979934039e-08,7.866505931501243e-06,1.727144105795701e-05,3.7657006220400646e-08,8.049792877372882e-06,1.769448035527563e-05,3.9503967154910236e-08,8.23494873502038e-06,1.8122609190976778e-05,4.141801668704955e-08,8.421965151083765e-06,1.8555826186123504e-05,4.340075768871954e-08,8.610833776329294e-06,1.8994129945394626e-05,4.5453811813004385e-08,8.801546265682991e-06,1.9437519057089323e-05,4.75788194875577e-08,8.994094278264224e-06,1.988599209313185e-05,4.9777439907911826e-08,9.188469477419242e-06,2.033954760907627e-05,5.205135103071063e-08,9.38466353075466e-06,2.079818414411126e-05,0.5499999999999998
3.415803260172995e-08,7.685096254858029e-06,1.685349266156903e-05,3.587554979934039e-08,7.866505931501243e-06,1.727144105795701e-05,3.7657006220400646e-08,8.049792877372882e-06,1.769448035527563e-05,3.9503967154910236e-08,8.23494873502038e-06,1.8122609190976778e-05,4.141801668704955e-08,8.421965151083765e-06,1.8555826186123504e-05,4.340075768871954e-08,8.610833776329294e-06,1.8994129945394626e-05,4.5453811813004385e-08,8.801546265682991e-06,1.9437519057089323e-05,4.75788194875577e-08,8.994094278264224e-06,1.988599209313185e-05,4.9777439907911826e-08,9.188469477419242e-06,2.033954760907627e-05,5.205135103071063e-08,9.38466353075466e-06,2.079818414411126e-05,0.5499999999999998
3.415803260172995e-08,7.685096254858029e-06,1.685349266156903e-05,3.587554979934039e-08,7.866505931501243e-06,1.727144105795701e-05,3.7657006220400646e-08,8.049792877372882e-06,1.769448035527563e-05,3.9503967154910236e-08,8.23494873502038e-06,1.8122609190976778e-05,4.141801668704955e-08,8.421965151083765e-06,1.8555826186123504e-05,4.340075768871954e-08,8.610833776329294e-06,1.8994129945394626e-05,4.5453811813004385e-08,8.801546265682991e-06,1.9437519057089323e-05,4.75788194875577e-08,8.994094278264224e-06,1.988599209313185e-05,4.9777439907911826e-08,9.188469477419242e-06,2.033954760907627e-05,5.205135103071063e-08,9.38466353075466e-06,2.079818414411126e-05,0.5499999999999998
3.415803260172995e-08,7.685096254858029e-06,1.685349266156903e-05,3.587554979934039e-08,7.866505931501243e-06,1.727144105795701e-05,3.7657006220400646e-08,8.049792877372882e-06,1.769448035527563e-05,3.9503967154910236e-08,8.23494873502038e-06,1.8122609190976778e-05,4.141801668704955e-08,8.421965151083765e-06,1.8555826186123504e-05,4.340075768871954e-08,8.610833776329294e-06,1.8994129945394626e-05,4.5453811813004385e-08,8.801546265682991e-06,1.9437519057089323e-05,4.75788194875577e-08,8.994094278264224e-06,1.988599209313185e-05,4.9777439907911826e-08,9.188469477419242e-06,2.033954760907627e-05,5.205135103071063e-08,9.38466353075466e-06,2.079818414411126e-05,0.5499999999999998
3.415803260172995e-08,7.685096254858029e-06,1.685349266156903e-05,3.587554979934039e-08,7.866505931501243e-06,1.727144105795701e-05,3.7657006220400646e-08,8.049792877372882e-06,1.769448035527563e-05,3.9503967154910236e-08,8.23494873502038e-06,1.8122609190976778e-05,4.141801668704955e-08,8.421965151083765e-06,1.8555826186123504e-05,4.340075768871954e-08,8.610833776329294e-06,1.8994129945394626e-05,4.5453811813004385e-08,8.801546265682991e-06,1.9437519057089323e-05,4.75788194875577e-08,8.994094278264224e-06,1.988599209313185e-05,4.9777439907911826e-08,9.188469477419242e-06,2.033954760907627e-05,5.205135103071063e-08,9.38466353075466e-06,2.079818414411126e-05,0.5499999999999998
3.415803260172995e-08,7.685096254858029e-06,1.685349266156903e-05,3.587554979934039e-08,7.866505931501243e-06,1.727144105795701e-05,3.7657006220400646e-08,8.049792877372882e-06,1.769448035527563e-05,3.9503967154910236e-08,8.23494873502038e-06,1.8122609190976778e-05,4.141801668704955e-08,8.421965151083765e-06,1.8555826186123504e-05,4.340075768871954e-08,8.610833776329294e-06,1.8994129945394626e-05,4.5453811813004385e-08,8.801546265682991e-06,1.9437519057089323e-05,4.75788194875577e-08,8.994094278264224e-06,1.988599209313185e-05,4.9777439907911826e-08,9.188469477419242e-06,2.033954760907627e-05,5.205135103071063e-08,9.38466353075466e-06,2.079818414411126e-05,0.5499999999999998
3.415803260172995e-08,7.685096254858029e-06,1.685349266156903e-05,3.587554979934039e-08,7.866505931501243e-06,1.727144105795701e-05,3.7657006220400646e-08,8.049792877372882e-06,1.769448035527563e-05,3.9503967154910236e-08,8.23494873502038e-06,1.8122609190976778e-05,4.141801668704955e-08,8.421965151083765e-06,1.8555826186123504e-05,4.340075768871954e-08,8.610833776329294e-06,1.8994129945394626e-05,4.5453811813004385e-08,8.801546265682991e-06,1.9437519057089323e-05,4.75788194875577e-08,8.994094278264224e-06,1.988599209313185e-05,4.9777439907911826e-08,9.188469477419242e-06,2.033954760907627e-05,5.205135103071063e-08,9.38466353075466e-06,2.079818414411126e-05,0.5499999999999998
3.415803260172995e-08,7.685096254858029e-06,1.685349266156903e-05,3.587554979934039e-08,7.866505931501243e-06,1.727144105795701e-05,3.7657006220400646e-08,8.049792877372882e-06,1.769448035527563e-05,3.9503967154910236e-08,8.23494873502038e-06,1.8122609190976778e-05,4.141801668704955e-08,8.421965151083765e-06,1.8555826186123504e-05,4.340075768871954e-08,8.610833776329294e-06,1.8994129945394626e-05,4.5453811813004385e-08,8.801546265682991e-06,1.9437519057089323e-05,4.75788194875577e-08,8.994094278264224e-06,1.988599209313185e-05,4.9777439907911826e-08,9.188469477419242e-06,2.033954760907627e-05,5.205135103071063e-08,9.38466353075466e-06,2.079818414411126e-05,0.5499999999999998
3.415803260172995e-08,7.685096254858029e-06,1.685349266156903e-05,3.587554979934039e-08,7.866505931501243e-06,1.727144105795701e-05,3.7657006220400646e-08,8.049792877372882e-06,1.769448035527563e-05,3.9503967154910236e-08,8.23494873502038e-06,1.8122609190976778e-05,4.141801668704955e-08,8.421965151083765e-06,1.8555826186123504e-05,4.340075768871954e-08,8.610833776329294e-06,1.8994129945394626e-05,4.5453811813004385e-08,8.801546265682991e-06,1.9437519057089323e-05,4.75788194875577e-08,8.994094278264224e-06,1.988599209313185e-05,4.9777439907911826e-08,9.188469477419242e-06,2.033954760907627e-05,5.205135103071063e-08,9.38466353075466e-06,2.079818414411126e-05,0.5499999999999998
3.415803260172995e-08,7.685096254858029e-06,1.685349266156903e-05,3.587554979934039e-08,7.866505931501243e-06,1.727144105795701e-05,3.7657006220400646e-08,8.049792877372882e-06,1.769448035527563e-05,3.9503967154910236e-08,8.23494873502038e-06,1.8122609190976778e-05,4.141801668704955e-08,8.421965151083765e-06,1.8555826186123504e-05,4.340075768871954e-08,8.610833776329294e-06,1.8994129945394626e-05,4.5453811813004385e-08,8.801546265682991e-06,1.9437519057089323e-05,4.75788194875577e-08,8.994094278264224e-06,1.988599209313185e-05,4.9777439907911826e-08,9.188469477419242e-06,2.033954760907627e-05,5.205135103071063e-08,9.38466353075466e-06,2.079818414411126e-05,0.5499999999999998
3.415803260172995e-08,7.685096254858029e-06,1.685349266156903e-05,3.587554979934039e-08,7.866505931501243e-06,1.727144105795701e-05,3.7657006220400646e-08,8.049792877372882e-06,1.769448035527563e-05,3.9503967154910236e-08,8.23494873502038e-06,1.8122609190976778e-05,4.141801668704955e-08,8.421965151083765e-06,1.8555826186123504e-05,4.340075768871954e-08,8.610833776329294e-06,1.8994129945394626e-05,4.5453811813004385e-08,8.801546265682991e-06,1.9437519057089323e-05,4.75788194875577e-08,8.994094278264224e-06,1.988599209313185e-05,4.9777439907911826e-08,9.188469477419242e-06,2.033954760907627e-05,5.205135103071063e-08,9.38466353075466e-06,2.079818414411126e-05,0.5499999999999998
3.415803260172995e-08,7.685096254858029e-06,1.685349266156903e-05,3.587554979934039e-08,7.866505931501243e-06,1.727144105795701e-05,3.7657006220400646e-08,8.049792877372882e-06,1.769448035527563e-05,3.9503967154910236e-08,8.23494873502038e-06,1.8122609190976778e-05,4.141801668704955e-08,8.421965151083765e-06,1.8555826186123504e-05,4.340075768871954e-08,8.610833776329294e-06,1.8994129945394626e-05,4.5453811813004385e-08,8.801546265682991e-06,1.9437519057089323e-05,4.75788194875577e-08,8.994094278264224e-06,1.988599209313185e-05,4.9777439907911826e-08,9.188469477419242e-06,2.033954760907627e-05,5.205135103071063e-08,9.38466353075466e-06,2.079818414411126e-05,0.5499999999999998
3.415803260172995e-08,7.685096254858029e-06,1.685349266156903e-05,3.587554979934039e-08,7.866505931501243e-06,1.727144105795701e-05,3.7657006220400646e-08,8.049792877372882e-06,1.769448035527563e-05,3.9503967154910236e-08,8.23494873502038e-06,1.8122609190976778e-05,4.141801668704955e-08,8.421965151083765e-06,1.8555826186123504e-05,4.340075768871954e-08,8.610833776329294e-06,1.8994129945394626e-05,4.5453811813004385e-08,8.801546265682991e-06,1.9437519057089323e-05,4.75788194875577e-08,8.994094278264224e-06,1.988599209313185e-05,4.9777439907911826e-08,9.188469477419242e-06,2.033954760907627e-05,5.205135103071063e-08,9.38466353075466e-06,2.079818414411126e-05,0.5499999999999998
3.415803260172995e-08,7.685096254858029e-06,1.685349266156903e-05,3.587554979934039e-08,7.866505931501243e-06,1.727144105795701e-05,3.7657006220400646e-08,8.049792877372882e-06,1.769448035527563e-05,3.9503967154910236e-08,8.23494873502038e-06,1.8122609190976778e-05,4.141801668704955e-08,8.421965151083765e-06,1.8555826186123504e-05,4.340075768871954e-08,8.610833776329294e-06,1.8994129945394626e-05,4.5453811813004385e-08,8.801546265682991e-06,1.9437519057089323e-05,4.75788194875577e-08,8.994094278264224e-06,1.988599209313185e-05,4.9777439907911826e-08,9.188469477419242e-06,2.033954760907627e-05,5.205135103071063e-08,9.38466353075466e-06,2.079818414411126e-05,0.5499999999999998
3.415803260172995e-08,7.685096254858029e-06,1.685349266156903e-05,3.587554979934039e-08,7.866505931501243e-06,1.727144105795701e-05,3.7657006220400646e-08,8.049792877372882e-06,1.769448035527563e-05,3.9503967154910236e-08,8.23494873502038e-06,1.8122609190976778e-05,4.141801668704955e-08,8.421965151083765e-06,1.8555826186123504e-05,4.340075768871954e-08,8.610833776329294e-06,1.8994129945394626e-05,4.5453811813004385e-08,8.801546265682991e-06,1.9437519057089323e-05,4.75788194875577e-08,8.994094278264224e-06,1.988599209313185e-05,4.9777439907911826e-08,9.188469477419242e-06,2.033954760907627e-05,5.205135103071063e-08,9.38466353075466e-06,2.079818414411126e-05,0.5499999999999998
3.415803260172995e-08,7.685096254858029e-06,1.685349266156903e-05,3.587554979934039e-08,7.866505931501243e-06,1.727144105795701e-05,3.7657006220400646e-08,8.049792877372882e-06,1.769448035527563e-05,3.9503967154910236e-08,8.23494873502038e-06,1.8122609190976778e-05,4.141801668704955e-08,8.421965151083765e-06,1.8555826186123504e-05,4.340075768871954e-08,8.610833776329294e-06,1.8994129945394626e-05,4.5453811813004385e-08,8.801546265682991e-06,1.9437519057089323e-05,4.75788194875577e-08,8.994094278264224e-06,1.988599209313185e-05,4.9777439907911826e-08,9.188469477419242e-06,2.033954760907627e-05,5.205135103071063e-08,9.38466353075466e-06,2.079818414411126e-05,0.5499999999999998
3.415803260172995e-08,7.685096254858029e-06,1.685349266156903e-05,3.587554979934039e-08,7.866505931501243e-06,1.727144105795701e-05,3.7657006220400646e-08,8.049792877372882e-06,1.769448035527563e-05,3.9503967154910236e-08,8.23494873502038e-06,1.8122609190976778e-05,4.141801668704955e-08,8.421965151083765e-06,1.8555826186123504e-05,4.340075768871954e-08,8.610833776329294e-06,1.8994129945394626e-05,4.5453811813004385e-08,8.801546265682991e-06,1.9437519057089323e-05,4.75788194875577e-08,8.994094278264224e-06,1.988599209313185e-05,4.9777439907911826e-08,9.188469477419242e-06,2.033954760907627e-05,5.205135103071063e-08,9.38466353075466e-06,2.079818414411126e-05,0.5499999999999998
3.415803260172995e-08,7.685096254858029e-06,1.685349266156903e-05,3.587554979934039e-08,7.866505931501243e-06,1.727144105795701e-05,3.7657006220400646e-08,8.049792877372882e-06,1.769448035527563e-05,3.9503967154910236e-08,8.23494873502038e-06,1.8122609190976778e-05,4.141801668704955e-08,8.421965151083765e-06,1.8555826186123504e-05,4.340075768871954e-08,8.610833776329294e-06,1.8994129945394626e-05,4.5453811813004385e-08,8.801546265682991e-06,1.9437519057089323e-05,4.75788194875577e-08,8.994094278264224e-06,1.988599209313185e-05,4.9777439907911826e-08,9.188469477419242e-06,2.033954760907627e-05,5.205135103071063e-08,9.38466353075466e-06,2.079818414411126e-05,0.5499999999999998
3.415803260172995e-08,7.685096254858029e-06,1.685349266156903e-05,3.587554979934039e-08,7.866505931501243e-06,1.727144105795701e-05,3.7657006220400646e-08,8.049792877372882e-06,1.769448035527563e-05,3.9503967154910236e-08,8.23494873502038e-06,1.8122609190976778e-05,4.141801668704955e-08,8.421965151083765e-06,1.8555826186123504e-05,4.340075768871954e-08,8.610833776329294e-06,1.8994129945394626e-05,4.5453811813004385e-08,8.801546265682991e-06,1.9437519057089323e-05,4.75788194875577e-08,8.994094278264224e-06,1.988599209313185e-05,4.9777439907911826e-08,9.188469477419242e-06,2.033954760907627e-05,5.205135103071063e-08,9.38466353075466e-06,2.079818414411126e-05,0.5499999999999998
3.415803260172995e-08,7.685096254858029e-06,1.685349266156903e-05,3.587554979934039e-08,7.866505931501243e-06,1.727144105795701e-05,3.7657006220400646e-08,8.049792877372882e-06,1.769448035527563e-05,3.9503967154910236e-08,8.23494873502038e-06,1.8122609190976778e-05,4.141801668704955e-08,8.421965151083765e-06,1.8555826186123504e-05,4.340075768871954e-08,8.610833776329294e-06,1.8994129945394626e-05,4.5453811813004385e-08,8.801546265682991e-06,1.9437519057089323e-05,4.75788194875577e-08,8.994094278264224e-06,1.988599209313185e-05,4.9777439907911826e-08,9.188469477419242e-06,2.033954760907627e-05,5.205135103071063e-08,9.38466353075466e-06,2.079818414411126e-05,0.5499999999999998
3.415803260172995e-08,7.685096254858029e-06,1.685349266156903e-05,3.587554979934039e-08,7.866505931501243e-06,1.727144105795701e-05,3.7657006220400646e-08,8.049792877372882e-06,1.769448035527563e-05,3.9503967154910236e-08,8.23494873502038e-06,1.8122609190976778e-05,4.141801668704955e-08,8.421965151083765e-06,1.8555826186123504e-05,4.340075768871954e-08,8.610833776329294e-06,1.8994129945394626e-05,4.5453811813004385e-08,8.801546265682991e-06,1.9437519057089323e-05,4.75788194875577e-08,8.994094278264224e-06,1.988599209313185e-05,4.9777439907911826e-08,9.188469477419242e-06,2.033954760907627e-05,5.205135103071063e-08,9.38466353075466e-06,2.079818414411126e-05,0.5499999999999998
3.415803260172995e-08,7.685096254858029e-06,1.685349266156903e-05,3.587554979934039e-08,7.866505931501243e-06,1.727144105795701e-05,3.7657006220400646e-08,8.049792877372882e-06,1.769448035527563e-05,3.9503967154910236e-08,8.23494873502038e-06,1.8122609190976778e-05,4.141801668704955e-08,8.421965151083765e-06,1.8555826186123504e-05,4.340075768871954e-08,8.610833776329294e-06,1.8994129945394626e-05,4.5453811813004385e-08,8.801546265682991e-06,1.9437519057089323e-05,4.75788194875577e-08,8.994094278264224e-06,1.988599209313185e-05,4.9777439907911826e-08,9.188469477419242e-06,2.033954760907627e-05,5.205135103071063e-08,9.38466353075466e-06,2.079818414411126e-05,0.5499999999999998
3.415803260172995e-08,7.685096254858029e-06,1.685349266156903e-05,3.587554979934039e-08,7.866505931501243e-06,1.727144105795701e-05,3.7657006220400646e-08,8.049792877372882e-06,1.769448035527563e-05,3.9503967154910236e-08,8.23494873502038e-06,1.8122609190976778e-05,4.141801668704955e-08,8.421965151083765e-06,1.8555826186123504e-05,4.340075768871954e-08,8.610833776329294e-06,1.8994129945394626e-05,4.5453811813004385e-08,8.801546265682991e-06,1.9437519057089323e-05,4.75788194875577e-08,8.994094278264224e-06,1.988599209313185e-05,4.9777439907911826e-08,9.188469477419242e-06,2.033954760907627e-05,5.205135103071063e-08,9.38466353075466e-06,2.079818414411126e-05,0.5499999999999998
3.415803260172995e-08,7.685096254858029e-06,1.685349266156903e-05,3.587554979934039e-08,7.866505931501243e-06,1.727144105795701e-05,3.7657006220400646e-08,8.049792877372882e-06,1.769448035527563e-05,3.9503967154910236e-08,8.23494873502038e-06,1.8122609190976778e-05,4.141801668704955e-08,8.421965151083765e-06,1.8555826186123504e-05,4.340075768871954e-08,8.610833776329294e-06,1.8994129945394626e-05,4.5453811813004385e-08,8.801546265682991e-06,1.9437519057089323e-05,4.75788194875577e-08,8.994094278264224e-06,1.988599209313185e-05,4.9777439907911826e-08,9.188469477419242e-06,2.033954760907627e-05,5.205135103071063e-08,9.38466353075466e-06,2.079818414411126e-05,0.5499999999999998
3.415803260172995e-08,7.685096254858029e-06,1.685349266156903e-05,3.587554979934039e-08,7.866505931501243e-06,1.727144105795701e-05,3.7657006220400646e-08,8.049792877372882e-06,1.769448035527563e-05,3.9503967154910236e-08,8.23494873502038e-06,1.8122609190976778e-05,4.141801668704955e-08,8.421965151083765e-06,1.8555826186123504e-05,4.340075768871954e-08,8.610833776329294e-06,1.8994129945394626e-05,4.5453811813004385e-08,8.801546265682991e-06,1.9437519057089323e-05,4.75788194875577e-08,8.994094278264224e-06,1.988599209313185e-05,4.9777439907911826e-08,9.188469477419242e-06,2.033954760907627e-05,5.205135103071063e-08,9.38466353075466e-06,2.079818414411126e-05,0.5499999999999998
3.415803260172995e-08,7.685096254858029e-06,1.685349266156903e-05,3.587554979934039e-08,7.866505931501243e-06,1.727144105795701e-05,3.7657006220400646e-08,8.049792877372882e-06,1.769448035527563e-05,3.9503967154910236e-08,8.23494873502038e-06,1.8122609190976778e-05,4.141801668704955e-08,8.421965151083765e-06,1.8555826186123504e-05,4.340075768871954e-08,8.610833776329294e-06,1.8994129945394626e-05,4.5453811813004385e-08,8.801546265682991e-06,1.9437519057089323e-05,4.75788194875577e-08,8.994094278264224e-06,1.988599209313185e-05,4.9777439907911826e-08,9.188469477419242e-06,2.033954760907627e-05,5.205135103071063e-08,9.38466353075466e-06,2.079818414411126e-05,0.5499999999999998
3.415803260172995e-08,7.685096254858029e-06,1.685349266156903e-05,3.587554979934039e-08,7.866505931501243e-06,1.727144105795701e-05,3.7657006220400646e-08,8.049792877372882e-06,1.769448035527563e-05,3.9503967154910236e-08,8.23494873502038e-06,1.8122609190976778e-05,4.141801668704955e-08,8.421965151083765e-06,1.8555826186123504e-05,4.340075768871954e-08,8.610833776329294e-06,1.8994129945394626e-05,4.5453811813004385e-08,8.801546265682991e-06,1.9437519057089323e-05,4.75788194875577e-08,8.994094278264224e-06,1.988599209313185e-05,4.9777439907911826e-08,9.188469477419242e-06,2.033954760907627e-05,5.205135103071063e-08,9.38466353075466e-06,2.079818414411126e-05,0.5499999999999998
3.415803260172995e-08,7.685096254858029e-06,1.685349266156903e-05,3.587554979934039e-08,7.866505931501243e-06,1.727144105795701e-05,3.7657006220400646e-08,8.049792877372882e-06,1.769448035527563e-05,3.9503967154910236e-08,8.23494873502038e-06,1.8122609190976778e-05,4.141801668704955e-08,8.421965151083765e-06,1.8555826186123504e-05,4.340075768871954e-08,8.610833776329294e-06,1.8994129945394626e-05,4.5453811813004385e-08,8.801546265682991e-06,1.9437519057089323e-05,4.75788194875577e-08,8.994094278264224e-06,1.988599209313185e-05,4.9777439907911826e-08,9.188469477419242e-06,2.033954760907627e-05,5.205135103071063e-08,9.38466353075466e-06,2.079818414411126e-05,0.5499999999999998
3.415803260172995e-08,7.685096254858029e-06,1.685349266156903e-05,3.587554979934039e-08,7.866505931501243e-06,1.727144105795701e-05,3.7657006220400646e-08,8.049792877372882e-06,1.769448035527563e-05,3.9503967154910236e-08,8.23494873502038e-06,1.8122609190976778e-05,4.141801668704955e-08,8.421965151083765e-06,1.8555826186123504e-05,4.340075768871954e-08,8.610833776329294e-06,1.8994129945394626e-05,4.5453811813004385e-08,8.801546265682991e-06,1.9437519057089323e-05,4.75788194875577e-08,8.994094278264224e-06,1.988599209313185e-05,4.9777439907911826e-08,9.188469477419242e-06,2.033954760907627e-05,5.205135103071063e-08,9.38466353075466e-06,2.079818414411126e-05,0.5499999999999998
3.415803260172995e-08,7.685096254858029e-06,1.685349266156903e-05,3.587554979934039e-08,7.866505931501243e-06,1.727144105795701e-05,3.7657006220400646e-08,8.049792877372882e-06,1.769448035527563e-05,3.9503967154910236e-08,8.23494873502038e-06,1.8122609190976778e-05,4.141801668704955e-08,8.421965151083765e-06,1.8555826186123504e-05,4.340075768871954e-08,8.610833776329294e-06,1.8994129945394626e-05,4.5453811813004385e-08,8.801546265682991e-06,1.9437519057089323e-05,4.75788194875577e-08,8.994094278264224e-06,1.988599209313185e-05,4.9777439907911826e-08,9.188469477419242e-06,2.033954760907627e-05,5.205135103071063e-08,9.38466353075466e-06,2.079818414411126e-05,0.5499999999999998
3.415803260172995e-08,7.685096254858029e-06,1.685349266156903e-05,3.587554979934039e-08,7.866505931501243e-06,1.727144105795701e-05,3.7657006220400646e-08,8.049792877372882e-06,1.769448035527563e-05,3.9503967154910236e-08,8.23494873502038e-06,1.8122609190976778e-05,4.141801668704955e-08,8.421965151083765e-06,1.8555826186123504e-05,4.340075768871954e-08,8.610833776329294e-06,1.8994129945394626e-05,4.5453811813004385e-08,8.801546265682991e-06,1.9437519057089323e-05,4.75788194875577e-08,8.994094278264224e-06,1.988599209313185e-05,4.9777439907911826e-08,9.188469477419242e-06,2.033954760907627e-05,5.205135103071063e-08,9.38466353075466e-06,2.079818414411126e-05,0.5499999999999998
3.415803260172995e-08,7.685096254858029e-06,1.685349266156903e-05,3.587554979934039e-08,7.866505931501243e-06,1.727144105795701e-05,3.7657006220400646e-08,8.049792877372882e-06,1.769448035527563e-05,3.9503967154910236e-08,8.23494873502038e-06,1.8122609190976778e-05,4.141801668704955e-08,8.421965151083765e-06,1.8555826186123504e-05,4.340075768871954e-08,8.610833776329294e-06,1.8994129945394626e-05,4.5453811813004385e-08,8.801546265682991e-06,1.9437519057089323e-05,4.75788194875577e-08,8.994094278264224e-06,1.988599209313185e-05,4.9777439907911826e-08,9.188469477419242e-06,2.033954760907627e-05,5.205135103071063e-08,9.38466353075466e-06,2.079818414411126e-05,0.5499999999999998
3.415803260172995e-08,7.685096254858029e-06,1.685349266156903e-05,3.587554979934039e-08,7.866505931501243e-06,1.727144105795701e-05,3.7657006220400646e-08,8.049792877372882e-06,1.769448035527563e-05,3.9503967154910236e-08,8.23494873502038e-06,1.8122609190976778e-05,4.141801668704955e-08,8.421965151083765e-06,1.8555826186123504e-05,4.340075768871954e-08,8.610833776329294e-06,1.8994129945394626e-05,4.5453811813004385e-08,8.801546265682991e-06,1.9437519057089323e-05,4.75788194875577e-08,8.994094278264224e-06,1.988599209313185e-05,4.9777439907911826e-08,9.188469477419242e-06,2.033954760907627e-05,5.205135103071063e-08,9.38466353075466e-06,2.079818414411126e-05,0.5499999999999998
3.415803260172995e-08,7.685096254858029e-06,1.685349266156903e-05,3.587554979934039e-08,7.866505931501243e-06,1.727144105795701e-05,3.7657006220400646e-08,8.049792877372882e-06,1.769448035527563e-05,3.9503967154910236e-08,8.23494873502038e-06,1.8122609190976778e-05,4.141801668704955e-08,8.421965151083765e-06,1.8555826186123504e-05,4.340075768871954e-08,8.610833776329294e-06,1.8994129945394626e-05,4.5453811813004385e-08,8.801546265682991e-06,1.9437519057089323e-05,4.75788194875577e-08,8.994094278264224e-06,1.988599209313185e-05,4.9777439907911826e-08,9.188469477419242e-06,2.033954760907627e-05,5.205135103071063e-08,9.38466353075466e-06,2.079818414411126e-05,0.5499999999999998
3.415803260172995e-08,7.685096254858029e-06,1.685349266156903e-05,3.587554979934039e-08,7.866505931501243e-06,1.727144105795701e-05,3.7657006220400646e-08,8.049792877372882e-06,1.769448035527563e-05,3.9503967154910236e-08,8.23494873502038e-06,1.8122609190976778e-05,4.141801668704955e-08,8.421965151083765e-06,1.8555826186123504e-05,4.340075768871954e-08,8.610833776329294e-06,1.8994129945394626e-05,4.5453811813004385e-08,8.801546265682991e-06,1.9437519057089323e-05,4.75788194875577e-08,8.994094278264224e-06,1.988599209313185e-05,4.9777439907911826e-08,9.188469477419242e-06,2.033954760907627e-05,5.205135103071063e-08,9.38466353075466e-06,2.079818414411126e-05,0.5499999999999998
3.415803260172995e-08,7.685096254858029e-06,1.685349266156903e-05,3.587554979934039e-08,7.866505931501243e-06,1.727144105795701e-05,3.7657006220400646e-08,8.049792877372882e-06,1.769448035527563e-05,3.9503967154910236e-08,8.23494873502038e-06,1.8122609190976778e-05,4.141801668704955e-08,8.421965151083765e-06,1.8555826186123504e-05,4.340075768871954e-08,8.610833776329294e-06,1.8994129945394626e-05,4.5453811813004385e-08,8.801546265682991e-06,1.9437519057089323e-05,4.75788194875577e-08,8.994094278264224e-06,1.988599209313185e-05,4.9777439907911826e-08,9.188469477419242e-06,2.033954760907627e-05,5.205135103071063e-08,9.38466353075466e-06,2.079818414411126e-05,0.5499999999999998
3.415803260172995e-08,7.685096254858029e-06,1.685349266156903e-05,3.587554979934039e-08,7.866505931501243e-06,1.727144105795701e-05,3.7657006220400646e-08,8.049792877372882e-06,1.769448035527563e-05,3.9503967154910236e-08,8.23494873502038e-06,1.8122609190976778e-05,4.141801668704955e-08,8.421965151083765e-06,1.8555826186123504e-05,4.340075768871954e-08,8.610833776329294e-06,1.8994129945394626e-05,4.5453811813004385e-08,8.801546265682991e-06,1.9437519057089323e-05,4.75788194875577e-08,8.994094278264224e-06,1.988599209313185e-05,4.9777439907911826e-08,9.188469477419242e-06,2.033954760907627e-05,5.205135103071063e-08,9.38466353075466e-06,2.079818414411126e-05,0.5499999999999998
3.415803260172995e-08,7.685096254858029e-06,1.685349266156903e-05,3.587554979934039e-08,7.866505931501243e-06,1.727144105795701e-05,3.7657006220400646e-08,8.049792877372882e-06,1.769448035527563e-05,3.9503967154910236e-08,8.23494873502038e-06,1.8122609190976778e-05,4.141801668704955e-08,8.421965151083765e-06,1.8555826186123504e-05,4.340075768871954e-08,8.610833776329294e-06,1.8994129945394626e-05,4.5453811813004385e-08,8.801546265682991e-06,1.9437519057089323e-05,4.75788194875577e-08,8.994094278264224e-06,1.988599209313185e-05,4.9777439907911826e-08,9.188469477419242e-06,2.033954760907627e-05,5.205135103071063e-08,9.38466353075466e-06,2.079818414411126e-05,0.5499999999999998
3.415803260172995e-08,7.685096254858029e-06,1.685349266156903e-05,3.587554979934039e-08,7.866505931501243e-06,1.727144105795701e-05,3.7657006220400646e-08,8.049792877372882e-06,1.769448035527563e-05,3.9503967154910236e-08,8.23494873502038e-06,1.8122609190976778e-05,4.141801668704955e-08,8.421965151083765e-06,1.8555826186123504e-05,4.340075768871954e-08,8.610833776329294e-06,1.8994129945394626e-05,4.5453811813004385e-08,8.801546265682991e-06,1.9437519057089323e-05,4.75788194875577e-08,8.994094278264224e-06,1.988599209313185e-05,4.9777439907911826e-08,9.188469477419242e-06,2.033954760907627e-05,5.205135103071063e-08,9.38466353075466e-06,2.079818414411126e-05,0.5499999999999998
3.415803260172995e-08,7.685096254858029e-06,1.685349266156903e-05,3.587554979934039e-08,7.866505931501243e-06,1.727144105795701e-05,3.7657006220400646e-08,8.049792877372882e-06,1.769448035527563e-05,3.9503967154910236e-08,8.23494873502038e-06,1.8122609190976778e-05,4.141801668704955e-08,8.421965151083765e-06,1.8555826186123504e-05,4.340075768871954e-08,8.610833776329294e-06,1.8994129945394626e-05,4.5453811813004385e-08,8.801546265682991e-06,1.9437519057089323e-05,4.75788194875577e-08,8.994094278264224e-06,1.988599209313185e-05,4.9777439907911826e-08,9.188469477419242e-06,2.033954760907627e-05,5.205135103071063e-08,9.38466353075466e-06,2.079818414411126e-05,0.5499999999999998
3.415803260172995e-08,7.685096254858029e-06,1.685349266156903e-05,3.587554979934039e-08,7.866505931501243e-06,1.727144105795701e-05,3.7657006220400646e-08,8.049792877372882e-06,1.769448035527563e-05,3.9503967154910236e-08,8.23494873502038e-06,1.8122609190976778e-05,4.141801668704955e-08,8.421965151083765e-06,1.8555826186123504e-05,4.340075768871954e-08,8.610833776329294e-06,1.8994129945394626e-05,4.5453811813004385e-08,8.801546265682991e-06,1.9437519057089323e-05,4.75788194875577e-08,8.994094278264224e-06,1.988599209313185e-05,4.9777439907911826e-08,9.188469477419242e-06,2.033954760907627e-05,5.205135103071063e-08,9.38466353075466e-06,2.079818414411126e-05,0.5499999999999998
3.415803260172995e-08,7.685096254858029e-06,1.685349266156903e-05,3.587554979934039e-08,7.866505931501243e-06,1.727144105795701e-05,3.7657006220400646e-08,8.049792877372882e-06,1.769448035527563e-05,3.9503967154910236e-08,8.23494873502038e-06,1.8122609190976778e-05,4.141801668704955e-08,8.421965151083765e-06,1.8555826186123504e-05,4.340075768871954e-08,8.610833776329294e-06,1.8994129945394626e-05,4.5453811813004385e-08,8.801546265682991e-06,1.9437519057089323e-05,4.75788194875577e-08,8.994094278264224e-06,1.988599209313185e-05,4.9777439907911826e-08,9.188469477419242e-06,2.033954760907627e-05,5.205135103071063e-08,9.38466353075466e-06,2.079818414411126e-05,0.5499999999999998
3.415803260172995e-08,7.685096254858029e-06,1.685349266156903e-05,3.587554979934039e-08,7.866505931501243e-06,1.727144105795701e-05,3.7657006220400646e-08,8.049792877372882e-06,1.769448035527563e-05,3.9503967154910236e-08,8.23494873502038e-06,1.8122609190976778e-05,4.141801668704955e-08,8.421965151083765e-06,1.8555826186123504e-05,4.340075768871954e-08,8.610833776329294e-06,1.8994129945394626e-05,4.5453811813004385e-08,8.801546265682991e-06,1.9437519057089323e-05,4.75788194875577e-08,8.994094278264224e-06,1.988599209313185e-05,4.9777439907911826e-08,9.188469477419242e-06,2.033954760907627e-05,5.205135103071063e-08,9.38466353075466e-06,2.079818414411126e-05,0.5499999999999998
3.415803260172995e-08,7.685096254858029e-06,1.685349266156903e-05,3.587554979934039e-08,7.866505931501243e-06,1.727144105795701e-05,3.7657006220400646e-08,8.049792877372882e-06,1.769448035527563e-05,3.9503967154910236e-08,8.23494873502038e-06,1.8122609190976778e-05,4.141801668704955e-08,8.421965151083765e-06,1.8555826186123504e-05,4.340075768871954e-08,8.610833776329294e-06,1.8994129945394626e-05,4.5453811813004385e-08,8.801546265682991e-06,1.9437519057089323e-05,4.75788194875577e-08,8.994094278264224e-06,1.988599209313185e-05,4.9777439907911826e-08,9.188469477419242e-06,2.033954760907627e-05,5.205135103071063e-08,9.38466353075466e-06,2.079818414411126e-05,0.5499999999999998
3.415803260172995e-08,7.685096254858029e-06,1.685349266156903e-05,3.587554979934039e-08,7.866505931501243e-06,1.727144105795701e-05,3.7657006220400646e-08,8.049792877372882e-06,1.769448035527563e-05,3.9503967154910236e-08,8.23494873502038e-06,1.8122609190976778e-05,4.141801668704955e-08,8.421965151083765e-06,1.8555826186123504e-05,4.340075768871954e-08,8.610833776329294e-06,1.8994129945394626e-05,4.5453811813004385e-08,8.801546265682991e-06,1.9437519057089323e-05,4.75788194875577e-08,8.994094278264224e-06,1.988599209313185e-05,4.9777439907911826e-08,9.188469477419242e-06,2.033954760907627e-05,5.205135103071063e-08,9.38466353075466e-06,2.079818414411126e-05,0.5499999999999998
3.415803260172995e-08,7.685096254858029e-06,1.685349266156903e-05,3.587554979934039e-08,7.866505931501243e-06,1.727144105795701e-05,3.7657006220400646e-08,8.049792877372882e-06,1.769448035527563e-05,3.9503967154910236e-08,8.23494873502038e-06,1.8122609190976778e-05,4.141801668704955e-08,8.421965151083765e-06,1.8555826186123504e-05,4.340075768871954e-08,8.610833776329294e-06,1.8994129945394626e-05,4.5453811813004385e-08,8.801546265682991e-06,1.9437519057089323e-05,4.75788194875577e-08,8.994094278264224e-06,1.988599209313185e-05,4.9777439907911826e-08,9.188469477419242e-06,2.033954760907627e-05,5.205135103071063e-08,9.38466353075466e-06,2.079818414411126e-05,0.5499999999999998
3.415803260172995e-08,7.685096254858029e-06,1.685349266156903e-05,3.587554979934039e-08,7.866505931501243e-06,1.727144105795701e-05,3.7657006220400646e-08,8.049792877372882e-06,1.769448035527563e-05,3.9503967154910236e-08,8.23494873502038e-06,1.8122609190976778e-05,4.141801668704955e-08,8.421965151083765e-06,1.8555826186123504e-05,4.340075768871954e-08,8.610833776329294e-06,1.8994129945394626e-05,4.5453811813004385e-08,8.801546265682991e-06,1.9437519057089323e-05,4.75788194875577e-08,8.994094278264224e-06,1.988599209313185e-05,4.9777439907911826e-08,9.188469477419242e-06,2.033954760907627e-05,5.205135103071063e-08,9.38466353075466e-06,2.079818414411126e-05,0.5499999999999998
3.415803260172995e-08,7.685096254858029e-06,1.685349266156903e-05,3.587554979934039e-08,7.866505931501243e-06,1.727144105795701e-05,3.7657006220400646e-08,8.049792877372882e-06,1.769448035527563e-05,3.9503967154910236e-08,8.23494873502038e-06,1.8122609190976778e-05,4.141801668704955e-08,8.421965151083765e-06,1.8555826186123504e-05,4.340075768871954e-08,8.610833776329294e-06,1.8994129945394626e-05,4.5453811813004385e-08,8.801546265682991e-06,1.9437519057089323e-05,4.75788194875577e-08,8.994094278264224e-06,1.988599209313185e-05,4.9777439907911826e-08,9.188469477419242e-06,2.033954760907627e-05,5.205135103071063e-08,9.38466353075466e-06,2.079818414411126e-05,0.5499999999999998
3.415803260172995e-08,7.685096254858029e-06,1.685349266156903e-05,3.587554979934039e-08,7.866505931501243e-06,1.727144105795701e-05,3.7657006220400646e-08,8.049792877372882e-06,1.769448035527563e-05,3.9503967154910236e-08,8.23494873502038e-06,1.8122609190976778e-05,4.141801668704955e-08,8.421965151083765e-06,1.8555826186123504e-05,4.340075768871954e-08,8.610833776329294e-06,1.8994129945394626e-05,4.5453811813004385e-08,8.801546265682991e-06,1.9437519057089323e-05,4.75788194875577e-08,8.994094278264224e-06,1.988599209313185e-05,4.9777439907911826e-08,9.188469477419242e-06,2.033954760907627e-05,5.205135103071063e-08,9.38466353075466e-06,2.079818414411126e-05,0.5499999999999998
3.415803260172995e-08,7.685096254858029e-06,1.685349266156903e-05,3.587554979934039e-08,7.866505931501243e-06,1.727144105795701e-05,3.7657006220400646e-08,8.049792877372882e-06,1.769448035527563e-05,3.9503967154910236e-08,8.23494873502038e-06,1.8122609190976778e-05,4.141801668704955e-08,8.421965151083765e-06,1.8555826186123504e-05,4.340075768871954e-08,8.610833776329294e-06,1.8994129945394626e-05,4.5453811813004385e-08,8.801546265682991e-06,1.9437519057089323e-05,4.75788194875577e-08,8.994094278264224e-06,1.988599209313185e-05,4.9777439907911826e-08,9.188469477419242e-06,2.033954760907627e-05,5.205135103071063e-08,9.38466353075466e-06,2.079818414411126e-05,0.5499999999999998
3.415803260172995e-08,7.685096254858029e-06,1.685349266156903e-05,3.587554979934039e-08,7.866505931501243e-06,1.727144105795701e-05,3.7657006220400646e-08,8.049792877372882e-06,1.769448035527563e-05,3.9503967154910236e-08,8.23494873502038e-06,1.8122609190976778e-05,4.141801668704955e-08,8.421965151083765e-06,1.8555826186123504e-05,4.340075768871954e-08,8.610833776329294e-06,1.8994129945394626e-05,4.5453811813004385e-08,8.801546265682991e-06,1.9437519057089323e-05,4.75788194875577e-08,8.994094278264224e-06,1.988599209313185e-05,4.9777439907911826e-08,9.188469477419242e-06,2.033954760907627e-05,5.205135103071063e-08,9.38466353075466e-06,2.079818414411126e-05,0.5499999999999998
3.415803260172995e-08,7.685096254858029e-06,1.685349266156903e-05,3.587554979934039e-08,7.866505931501243e-06,1.727144105795701e-05,3.7657006220400646e-08,8.049792877372882e-06,1.769448035527563e-05,3.9503967154910236e-08,8.23494873502038e-06,1.8122609190976778e-05,4.141801668704955e-08,8.421965151083765e-06,1.8555826186123504e-05,4.340075768871954e-08,8.610833776329294e-06,1.8994129945394626e-05,4.5453811813004385e-08,8.801546265682991e-06,1.9437519057089323e-05,4.75788194875577e-08,8.994094278264224e-06,1.988599209313185e-05,4.9777439907911826e-08,9.188469477419242e-06,2.033954760907627e-05,5.205135103071063e-08,9.38466353075466e-06,2.079818414411126e-05,0.5499999999999998
3.415803260172995e-08,7.685096254858029e-06,1.685349266156903e-05,3.587554979934039e-08,7.866505931501243e-06,1.727144105795701e-05,3.7657006220400646e-08,8.049792877372882e-06,1.769448035527563e-05,3.9503967154910236e-08,8.23494873502038e-06,1.8122609190976778e-05,4.141801668704955e-08,8.421965151083765e-06,1.8555826186123504e-05,4.340075768871954e-08,8.610833776329294e-06,1.8994129945394626e-05,4.5453811813004385e-08,8.801546265682991e-06,1.9437519057089323e-05,4.75788194875577e-08,8.994094278264224e-06,1.988599209313185e-05,4.9777439907911826e-08,9.188469477419242e-06,2.033954760907627e-05,5.205135103071063e-08,9.38466353075466e-06,2.079818414411126e-05,0.5499999999999998
3.415803260172995e-08,7.685096254858029e-06,1.685349266156903e-05,3.587554979934039e-08,7.866505931501243e-06,1.727144105795701e-05,3.7657006220400646e-08,8.049792877372882e-06,1.769448035527563e-05,3.9503967154910236e-08,8.23494873502038e-06,1.8122609190976778e-05,4.141801668704955e-08,8.421965151083765e-06,1.8555826186123504e-05,4.340075768871954e-08,8.610833776329294e-06,1.8994129945394626e-05,4.5453811813004385e-08,8.801546265682991e-06,1.9437519057089323e-05,4.75788194875577e-08,8.994094278264224e-06,1.988599209313185e-05,4.9777439907911826e-08,9.188469477419242e-06,2.033954760907627e-05,5.205135103071063e-08,9.38466353075466e-06,2.079818414411126e-05,0.5499999999999998
3.415803260172995e-08,7.685096254858029e-06,1.685349266156903e-05,3.587554979934039e-08,7.866505931501243e-06,1.727144105795701e-05,3.7657006220400646e-08,8.049792877372882e-06,1.769448035527563e-05,3.9503967154910236e-08,8.23494873502038e-06,1.8122609190976778e-05,4.141801668704955e-08,8.421965151083765e-06,1.8555826186123504e-05,4.340075768871954e-08,8.610833776329294e-06,1.8994129945394626e-05,4.5453811813004385e-08,8.801546265682991e-06,1.9437519057089323e-05,4.75788194875577e-08,8.994094278264224e-06,1.988599209313185e-05,4.9777439907911826e-08,9.188469477419242e-06,2.033954760907627e-05,5.205135103071063e-08,9.38466353075466e-06,2.079818414411126e-05,0.5499999999999998
3.415803260172995e-08,7.685096254858029e-06,1.685349266156903e-05,3.587554979934039e-08,7.866505931501243e-06,1.727144105795701e-05,3.7657006220400646e-08,8.049792877372882e-06,1.769448035527563e-05,3.9503967154910236e-08,8.23494873502038e-06,1.8122609190976778e-05,4.141801668704955e-08,8.421965151083765e-06,1.8555826186123504e-05,4.340075768871954e-08,8.610833776329294e-06,1.8994129945394626e-05,4.5453811813004385e-08,8.801546265682991e-06,1.9437519057089323e-05,4.75788194875577e-08,8.994094278264224e-06,1.988599209313185e-05,4.9777439907911826e-08,9.188469477419242e-06,2.033954760907627e-05,5.205135103071063e-08,9.38466353075466e-06,2.079818414411126e-05,0.5499999999999998
3.415803260172995e-08,7.685096254858029e-06,1.685349266156903e-05,3.587554979934039e-08,7.866505931501243e-06,1.727144105795701e-05,3.7657006220400646e-08,8.049792877372882e-06,1.769448035527563e-05,3.9503967154910236e-08,8.23494873502038e-06,1.8122609190976778e-05,4.141801668704955e-08,8.421965151083765e-06,1.8555826186123504e-05,4.340075768871954e-08,8.610833776329294e-06,1.8994129945394626e-05,4.5453811813004385e-08,8.801546265682991e-06,1.9437519057089323e-05,4.75788194875577e-08,8.994094278264224e-06,1.988599209313185e-05,4.9777439907911826e-08,9.188469477419242e-06,2.033954760907627e-05,5.205135103071063e-08,9.38466353075466e-06,2.079818414411126e-05,0.5499999999999998
3.415803260172995e-08,7.685096254858029e-06,1.685349266156903e-05,3.587554979934039e-08,7.866505931501243e-06,1.727144105795701e-05,3.7657006220400646e-08,8.049792877372882e-06,1.769448035527563e-05,3.9503967154910236e-08,8.23494873502038e-06,1.8122609190976778e-05,4.141801668704955e-08,8.421965151083765e-06,1.8555826186123504e-05,4.340075768871954e-08,8.610833776329294e-06,1.8994129945394626e-05,4.5453811813004385e-08,8.801546265682991e-06,1.9437519057089323e-05,4.75788194875577e-08,8.994094278264224e-06,1.988599209313185e-05,4.9777439907911826e-08,9.188469477419242e-06,2.033954760907627e-05,5.205135103071063e-08,9.38466353075466e-06,2.079818414411126e-05,0.5499999999999998
3.415803260172995e-08,7.685096254858029e-06,1.685349266156903e-05,3.587554979934039e-08,7.866505931501243e-06,1.727144105795701e-05,3.7657006220400646e-08,8.049792877372882e-06,1.769448035527563e-05,3.9503967154910236e-08,8.23494873502038e-06,1.8122609190976778e-05,4.141801668704955e-08,8.421965151083765e-06,1.8555826186123504e-05,4.340075768871954e-08,8.610833776329294e-06,1.8994129945394626e-05,4.5453811813004385e-08,8.801546265682991e-06,1.9437519057089323e-05,4.75788194875577e-08,8.994094278264224e-06,1.988599209313185e-05,4.9777439907911826e-08,9.188469477419242e-06,2.033954760907627e-05,5.205135103071063e-08,9.38466353075466e-06,2.079818414411126e-05,0.5499999999999998
3.415803260172995e-08,7.685096254858029e-06,1.685349266156903e-05,3.587554979934039e-08,7.866505931501243e-06,1.727144105795701e-05,3.7657006220400646e-08,8.049792877372882e-06,1.769448035527563e-05,3.9503967154910236e-08,8.23494873502038e-06,1.8122609190976778e-05,4.141801668704955e-08,8.421965151083765e-06,1.8555826186123504e-05,4.340075768871954e-08,8.610833776329294e-06,1.8994129945394626e-05,4.5453811813004385e-08,8.801546265682991e-06,1.9437519057089323e-05,4.75788194875577e-08,8.994094278264224e-06,1.988599209313185e-05,4.9777439907911826e-08,9.188469477419242e-06,2.033954760907627e-05,5.205135103071063e-08,9.38466353075466e-06,2.079818414411126e-05,0.5499999999999998
3.415803260172995e-08,7.685096254858029e-06,1.685349266156903e-05,3.587554979934039e-08,7.866505931501243e-06,1.727144105795701e-05,3.7657006220400646e-08,8.049792877372882e-06,1.769448035527563e-05,3.9503967154910236e-08,8.23494873502038e-06,1.8122609190976778e-05,4.141801668704955e-08,8.421965151083765e-06,1.8555826186123504e-05,4.340075768871954e-08,8.610833776329294e-06,1.8994129945394626e-05,4.5453811813004385e-08,8.801546265682991e-06,1.9437519057089323e-05,4.75788194875577e-08,8.994094278264224e-06,1.988599209313185e-05,4.9777439907911826e-08,9.188469477419242e-06,2.033954760907627e-05,5.205135103071063e-08,9.38466353075466e-06,2.079818414411126e-05,0.5499999999999998
3.415803260172995e-08,7.685096254858029e-06,1.685349266156903e-05,3.587554979934039e-08,7.866505931501243e-06,1.727144105795701e-05,3.7657006220400646e-08,8.049792877372882e-06,1.769448035527563e-05,3.9503967154910236e-08,8.23494873502038e-06,1.8122609190976778e-05,4.141801668704955e-08,8.421965151083765e-06,1.8555826186123504e-05,4.340075768871954e-08,8.610833776329294e-06,1.8994129945394626e-05,4.5453811813004385e-08,8.801546265682991e-06,1.9437519057089323e-05,4.75788194875577e-08,8.994094278264224e-06,1.988599209313185e-05,4.9777439907911826e-08,9.188469477419242e-06,2.033954760907627e-05,5.205135103071063e-08,9.38466353075466e-06,2.079818414411126e-05,0.5499999999999998
3.415803260172995e-08,7.685096254858029e-06,1.685349266156903e-05,3.587554979934039e-08,7.866505931501243e-06,1.727144105795701e-05,3.7657006220400646e-08,8.049792877372882e-06,1.769448035527563e-05,3.9503967154910236e-08,8.23494873502038e-06,1.8122609190976778e-05,4.141801668704955e-08,8.421965151083765e-06,1.8555826186123504e-05,4.340075768871954e-08,8.610833776329294e-06,1.8994129945394626e-05,4.5453811813004385e-08,8.801546265682991e-06,1.9437519057089323e-05,4.75788194875577e-08,8.994094278264224e-06,1.988599209313185e-05,4.9777439907911826e-08,9.188469477419242e-06,2.033954760907627e-05,5.205135103071063e-08,9.38466353075466e-06,2.079818414411126e-05,0.5499999999999998
3.415803260172995e-08,7.685096254858029e-06,1.685349266156903e-05,3.587554979934039e-08,7.866505931501243e-06,1.727144105795701e-05,3.7657006220400646e-08,8.049792877372882e-06,1.769448035527563e-05,3.9503967154910236e-08,8.23494873502038e-06,1.8122609190976778e-05,4.141801668704955e-08,8.421965151083765e-06,1.8555826186123504e-05,4.340075768871954e-08,8.610833776329294e-06,1.8994129945394626e-05,4.5453811813004385e-08,8.801546265682991e-06,1.9437519057089323e-05,4.75788194875577e-08,8.994094278264224e-06,1.988599209313185e-05,4.9777439907911826e-08,9.188469477419242e-06,2.033954760907627e-05,5.205135103071063e-08,9.38466353075466e-06,2.079818414411126e-05,0.5499999999999998
3.415803260172995e-08,7.685096254858029e-06,1.685349266156903e-05,3.587554979934039e-08,7.866505931501243e-06,1.727144105795701e-05,3.7657006220400646e-08,8.049792877372882e-06,1.769448035527563e-05,3.9503967154910236e-08,8.23494873502038e-06,1.8122609190976778e-05,4.141801668704955e-08,8.421965151083765e-06,1.8555826186123504e-05,4.340075768871954e-08,8.610833776329294e-06,1.8994129945394626e-05,4.5453811813004385e-08,8.801546265682991e-06,1.9437519057089323e-05,4.75788194875577e-08,8.994094278264224e-06,1.988599209313185e-05,4.9777439907911826e-08,9.188469477419242e-06,2.033954760907627e-05,5.205135103071063e-08,9.38466353075466e-06,2.079818414411126e-05,0.5499999999999998
3.415803260172995e-08,7.685096254858029e-06,1.685349266156903e-05,3.587554979934039e-08,7.866505931501243e-06,1.727144105795701e-05,3.7657006220400646e-08,8.049792877372882e-06,1.769448035527563e-05,3.9503967154910236e-08,8.23494873502038e-06,1.8122609190976778e-05,4.141801668704955e-08,8.421965151083765e-06,1.8555826186123504e-05,4.340075768871954e-08,8.610833776329294e-06,1.8994129945394626e-05,4.5453811813004385e-08,8.801546265682991e-06,1.9437519057089323e-05,4.75788194875577e-08,8.994094278264224e-06,1.988599209313185e-05,4.9777439907911826e-08,9.188469477419242e-06,2.033954760907627e-05,5.205135103071063e-08,9.38466353075466e-06,2.079818414411126e-05,0.5499999999999998
3.415803260172995e-08,7.685096254858029e-06,1.685349266156903e-05,3.587554979934039e-08,7.866505931501243e-06,1.727144105795701e-05,3.7657006220400646e-08,8.049792877372882e-06,1.769448035527563e-05,3.9503967154910236e-08,8.23494873502038e-06,1.8122609190976778e-05,4.141801668704955e-08,8.421965151083765e-06,1.8555826186123504e-05,4.340075768871954e-08,8.610833776329294e-06,1.8994129945394626e-05,4.5453811813004385e-08,8.801546265682991e-06,1.9437519057089323e-05,4.75788194875577e-08,8.994094278264224e-06,1.988599209313185e-05,4.9777439907911826e-08,9.188469477419242e-06,2.033954760907627e-05,5.205135103071063e-08,9.38466353075466e-06,2.079818414411126e-05,0.5499999999999998
3.415803260172995e-08,7.685096254858029e-06,1.685349266156903e-05,3.587554979934039e-08,7.866505931501243e-06,1.727144105795701e-05,3.7657006220400646e-08,8.049792877372882e-06,1.769448035527563e-05,3.9503967154910236e-08,8.23494873502038e-06,1.8122609190976778e-05,4.141801668704955e-08,8.421965151083765e-06,1.8555826186123504e-05,4.340075768871954e-08,8.610833776329294e-06,1.8994129945394626e-05,4.5453811813004385e-08,8.801546265682991e-06,1.9437519057089323e-05,4.75788194875577e-08,8.994094278264224e-06,1.988599209313185e-05,4.9777439907911826e-08,9.188469477419242e-06,2.033954760907627e-05,5.205135103071063e-08,9.38466353075466e-06,2.079818414411126e-05,0.5499999999999998
3.415803260172995e-08,7.685096254858029e-06,1.685349266156903e-05,3.587554979934039e-08,7.866505931501243e-06,1.727144105795701e-05,3.7657006220400646e-08,8.049792877372882e-06,1.769448035527563e-05,3.9503967154910236e-08,8.23494873502038e-06,1.8122609190976778e-05,4.141801668704955e-08,8.421965151083765e-06,1.8555826186123504e-05,4.340075768871954e-08,8.610833776329294e-06,1.8994129945394626e-05,4.5453811813004385e-08,8.801546265682991e-06,1.9437519057089323e-05,4.75788194875577e-08,8.994094278264224e-06,1.988599209313185e-05,4.9777439907911826e-08,9.188469477419242e-06,2.033954760907627e-05,5.205135103071063e-08,9.38466353075466e-06,2.079818414411126e-05,0.5499999999999998
3.415803260172995e-08,7.685096254858029e-06,1.685349266156903e-05,3.587554979934039e-08,7.866505931501243e-06,1.727144105795701e-05,3.7657006220400646e-08,8.049792877372882e-06,1.769448035527563e-05,3.9503967154910236e-08,8.23494873502038e-06,1.8122609190976778e-05,4.141801668704955e-08,8.421965151083765e-06,1.8555826186123504e-05,4.340075768871954e-08,8.610833776329294e-06,1.8994129945394626e-05,4.5453811813004385e-08,8.801546265682991e-06,1.9437519057089323e-05,4.75788194875577e-08,8.994094278264224e-06,1.988599209313185e-05,4.9777439907911826e-08,9.188469477419242e-06,2.033954760907627e-05,5.205135103071063e-08,9.38466353075466e-06,2.079818414411126e-05,0.5499999999999998
3.415803260172995e-08,7.685096254858029e-06,1.685349266156903e-05,3.587554979934039e-08,7.866505931501243e-06,1.727144105795701e-05,3.7657006220400646e-08,8.049792877372882e-06,1.769448035527563e-05,3.9503967154910236e-08,8.23494873502038e-06,1.8122609190976778e-05,4.141801668704955e-08,8.421965151083765e-06,1.8555826186123504e-05,4.340075768871954e-08,8.610833776329294e-06,1.8994129945394626e-05,4.5453811813004385e-08,8.801546265682991e-06,1.9437519057089323e-05,4.75788194875577e-08,8.994094278264224e-06,1.988599209313185e-05,4.9777439907911826e-08,9.188469477419242e-06,2.033954760907627e-05,5.205135103071063e-08,9.38466353075466e-06,2.079818414411126e-05,0.5499999999999998
3.415803260172995e-08,7.685096254858029e-06,1.685349266156903e-05,3.587554979934039e-08,7.866505931501243e-06,1.727144105795701e-05,3.7657006220400646e-08,8.049792877372882e-06,1.769448035527563e-05,3.9503967154910236e-08,8.23494873502038e-06,1.8122609190976778e-05,4.141801668704955e-08,8.421965151083765e-06,1.8555826186123504e-05,4.340075768871954e-08,8.610833776329294e-06,1.8994129945394626e-05,4.5453811813004385e-08,8.801546265682991e-06,1.9437519057089323e-05,4.75788194875577e-08,8.994094278264224e-06,1.988599209313185e-05,4.9777439907911826e-08,9.188469477419242e-06,2.033954760907627e-05,5.205135103071063e-08,9.38466353075466e-06,2.079818414411126e-05,0.5499999999999998
3.415803260172995e-08,7.685096254858029e-06,1.685349266156903e-05,3.587554979934039e-08,7.866505931501243e-06,1.727144105795701e-05,3.7657006220400646e-08,8.049792877372882e-06,1.769448035527563e-05,3.9503967154910236e-08,8.23494873502038e-06,1.8122609190976778e-05,4.141801668704955e-08,8.421965151083765e-06,1.8555826186123504e-05,4.340075768871954e-08,8.610833776329294e-06,1.8994129945394626e-05,4.5453811813004385e-08,8.801546265682991e-06,1.9437519057089323e-05,4.75788194875577e-08,8.994094278264224e-06,1.988599209313185e-05,4.9777439907911826e-08,9.188469477419242e-06,2.033954760907627e-05,5.205135103071063e-08,9.38466353075466e-06,2.079818414411126e-05,0.5499999999999998
3.415803260172995e-08,7.685096254858029e-06,1.685349266156903e-05,3.587554979934039e-08,7.866505931501243e-06,1.727144105795701e-05,3.7657006220400646e-08,8.049792877372882e-06,1.769448035527563e-05,3.9503967154910236e-08,8.23494873502038e-06,1.8122609190976778e-05,4.141801668704955e-08,8.421965151083765e-06,1.8555826186123504e-05,4.340075768871954e-08,8.610833776329294e-06,1.8994129945394626e-05,4.5453811813004385e-08,8.801546265682991e-06,1.9437519057089323e-05,4.75788194875577e-08,8.994094278264224e-06,1.988599209313185e-05,4.9777439907911826e-08,9.188469477419242e-06,2.033954760907627e-05,5.205135103071063e-08,9.38466353075466e-06,2.079818414411126e-05,0.5499999999999998
3.415803260172995e-08,7.685096254858029e-06,1.685349266156903e-05,3.587554979934039e-08,7.866505931501243e-06,1.727144105795701e-05,3.7657006220400646e-08,8.049792877372882e-06,1.769448035527563e-05,3.9503967154910236e-08,8.23494873502038e-06,1.8122609190976778e-05,4.141801668704955e-08,8.421965151083765e-06,1.8555826186123504e-05,4.340075768871954e-08,8.610833776329294e-06,1.8994129945394626e-05,4.5453811813004385e-08,8.801546265682991e-06,1.9437519057089323e-05,4.75788194875577e-08,8.994094278264224e-06,1.988599209313185e-05,4.9777439907911826e-08,9.188469477419242e-06,2.033954760907627e-05,5.205135103071063e-08,9.38466353075466e-06,2.079818414411126e-05,0.5499999999999998
3.415803260172995e-08,7.685096254858029e-06,1.685349266156903e-05,3.587554979934039e-08,7.866505931501243e-06,1.727144105795701e-05,3.7657006220400646e-08,8.049792877372882e-06,1.769448035527563e-05,3.9503967154910236e-08,8.23494873502038e-06,1.8122609190976778e-05,4.141801668704955e-08,8.421965151083765e-06,1.8555826186123504e-05,4.340075768871954e-08,8.610833776329294e-06,1.8994129945394626e-05,4.5453811813004385e-08,8.801546265682991e-06,1.9437519057089323e-05,4.75788194875577e-08,8.994094278264224e-06,1.988599209313185e-05,4.9777439907911826e-08,9.188469477419242e-06,2.033954760907627e-05,5.205135103071063e-08,9.38466353075466e-06,2.079818414411126e-05,0.5499999999999998
3.415803260172995e-08,7.685096254858029e-06,1.685349266156903e-05,3.587554979934039e-08,7.866505931501243e-06,1.727144105795701e-05,3.7657006220400646e-08,8.049792877372882e-06,1.769448035527563e-05,3.9503967154910236e-08,8.23494873502038e-06,1.8122609190976778e-05,4.141801668704955e-08,8.421965151083765e-06,1.8555826186123504e-05,4.340075768871954e-08,8.610833776329294e-06,1.8994129945394626e-05,4.5453811813004385e-08,8.801546265682991e-06,1.9437519057089323e-05,4.75788194875577e-08,8.994094278264224e-06,1.988599209313185e-05,4.9777439907911826e-08,9.188469477419242e-06,2.033954760907627e-05,5.205135103071063e-08,9.38466353075466e-06,2.079818414411126e-05,0.5499999999999998
3.415803260172995e-08,7.685096254858029e-06,1.685349266156903e-05,3.587554979934039e-08,7.866505931501243e-06,1.727144105795701e-05,3.7657006220400646e-08,8.049792877372882e-06,1.769448035527563e-05,3.9503967154910236e-08,8.23494873502038e-06,1.8122609190976778e-05,4.141801668704955e-08,8.421965151083765e-06,1.8555826186123504e-05,4.340075768871954e-08,8.610833776329294e-06,1.8994129945394626e-05,4.5453811813004385e-08,8.801546265682991e-06,1.9437519057089323e-05,4.75788194875577e-08,8.994094278264224e-06,1.988599209313185e-05,4.9777439907911826e-08,9.188469477419242e-06,2.033954760907627e-05,5.205135103071063e-08,9.38466353075466e-06,2.079818414411126e-05,0.5499999999999998
3.415803260172995e-08,7.685096254858029e-06,1.685349266156903e-05,3.587554979934039e-08,7.866505931501243e-06,1.727144105795701e-05,3.7657006220400646e-08,8.049792877372882e-06,1.769448035527563e-05,3.9503967154910236e-08,8.23494873502038e-06,1.8122609190976778e-05,4.141801668704955e-08,8.421965151083765e-06,1.8555826186123504e-05,4.340075768871954e-08,8.610833776329294e-06,1.8994129945394626e-05,4.5453811813004385e-08,8.801546265682991e-06,1.9437519057089323e-05,4.75788194875577e-08,8.994094278264224e-06,1.988599209313185e-05,4.9777439907911826e-08,9.188469477419242e-06,2.033954760907627e-05,5.205135103071063e-08,9.38466353075466e-06,2.079818414411126e-05,0.5499999999999998
3.415803260172995e-08,7.685096254858029e-06,1.685349266156903e-05,3.587554979934039e-08,7.866505931501243e-06,1.727144105795701e-05,3.7657006220400646e-08,8.049792877372882e-06,1.769448035527563e-05,3.9503967154910236e-08,8.23494873502038e-06,1.8122609190976778e-05,4.141801668704955e-08,8.421965151083765e-06,1.8555826186123504e-05,4.340075768871954e-08,8.610833776329294e-06,1.8994129945394626e-05,4.5453811813004385e-08,8.801546265682991e-06,1.9437519057089323e-05,4.75788194875577e-08,8.994094278264224e-06,1.988599209313185e-05,4.9777439907911826e-08,9.188469477419242e-06,2.033954760907627e-05,5.205135103071063e-08,9.38466353075466e-06,2.079818414411126e-05,0.5499999999999998
3.415803260172995e-08,7.685096254858029e-06,1.685349266156903e-05,3.587554979934039e-08,7.866505931501243e-06,1.727144105795701e-05,3.7657006220400646e-08,8.049792877372882e-06,1.769448035527563e-05,3.9503967154910236e-08,8.23494873502038e-06,1.8122609190976778e-05,4.141801668704955e-08,8.421965151083765e-06,1.8555826186123504e-05,4.340075768871954e-08,8.610833776329294e-06,1.8994129945394626e-05,4.5453811813004385e-08,8.801546265682991e-06,1.9437519057089323e-05,4.75788194875577e-08,8.994094278264224e-06,1.988599209313185e-05,4.9777439907911826e-08,9.188469477419242e-06,2.033954760907627e-05,5.205135103071063e-08,9.38466353075466e-06,2.079818414411126e-05,0.5499999999999998
3.415803260172995e-08,7.685096254858029e-06,1.685349266156903e-05,3.587554979934039e-08,7.866505931501243e-06,1.727144105795701e-05,3.7657006220400646e-08,8.049792877372882e-06,1.769448035527563e-05,3.9503967154910236e-08,8.23494873502038e-06,1.8122609190976778e-05,4.141801668704955e-08,8.421965151083765e-06,1.8555826186123504e-05,4.340075768871954e-08,8.610833776329294e-06,1.8994129945394626e-05,4.5453811813004385e-08,8.801546265682991e-06,1.9437519057089323e-05,4.75788194875577e-08,8.994094278264224e-06,1.988599209313185e-05,4.9777439907911826e-08,9.188469477419242e-06,2.033954760907627e-05,5.205135103071063e-08,9.38466353075466e-06,2.079818414411126e-05,0.5499999999999998
3.415803260172995e-08,7.685096254858029e-06,1.685349266156903e-05,3.587554979934039e-08,7.866505931501243e-06,1.727144105795701e-05,3.7657006220400646e-08,8.049792877372882e-06,1.769448035527563e-05,3.9503967154910236e-08,8.23494873502038e-06,1.8122609190976778e-05,4.141801668704955e-08,8.421965151083765e-06,1.8555826186123504e-05,4.340075768871954e-08,8.610833776329294e-06,1.8994129945394626e-05,4.5453811813004385e-08,8.801546265682991e-06,1.9437519057089323e-05,4.75788194875577e-08,8.994094278264224e-06,1.988599209313185e-05,4.9777439907911826e-08,9.188469477419242e-06,2.033954760907627e-05,5.205135103071063e-08,9.38466353075466e-06,2.079818414411126e-05,0.5499999999999998
3.415803260172995e-08,7.685096254858029e-06,1.685349266156903e-05,3.587554979934039e-08,7.866505931501243e-06,1.727144105795701e-05,3.7657006220400646e-08,8.049792877372882e-06,1.769448035527563e-05,3.9503967154910236e-08,8.23494873502038e-06,1.8122609190976778e-05,4.141801668704955e-08,8.421965151083765e-06,1.8555826186123504e-05,4.340075768871954e-08,8.610833776329294e-06,1.8994129945394626e-05,4.5453811813004385e-08,8.801546265682991e-06,1.9437519057089323e-05,4.75788194875577e-08,8.994094278264224e-06,1.988599209313185e-05,4.9777439907911826e-08,9.188469477419242e-06,2.033954760907627e-05,5.205135103071063e-08,9.38466353075466e-06,2.079818414411126e-05,0.5499999999999998
3.415803260172995e-08,7.685096254858029e-06,1.685349266156903e-05,3.587554979934039e-08,7.866505931501243e-06,1.727144105795701e-05,3.7657006220400646e-08,8.049792877372882e-06,1.769448035527563e-05,3.9503967154910236e-08,8.23494873502038e-06,1.8122609190976778e-05,4.141801668704955e-08,8.421965151083765e-06,1.8555826186123504e-05,4.340075768871954e-08,8.610833776329294e-06,1.8994129945394626e-05,4.5453811813004385e-08,8.801546265682991e-06,1.9437519057089323e-05,4.75788194875577e-08,8.994094278264224e-06,1.988599209313185e-05,4.9777439907911826e-08,9.188469477419242e-06,2.033954760907627e-05,5.205135103071063e-08,9.38466353075466e-06,2.079818414411126e-05,0.5499999999999998
3.415803260172995e-08,7.685096254858029e-06,1.685349266156903e-05,3.587554979934039e-08,7.866505931501243e-06,1.727144105795701e-05,3.7657006220400646e-08,8.049792877372882e-06,1.769448035527563e-05,3.9503967154910236e-08,8.23494873502038e-06,1.8122609190976778e-05,4.141801668704955e-08,8.421965151083765e-06,1.8555826186123504e-05,4.340075768871954e-08,8.610833776329294e-06,1.8994129945394626e-05,4.5453811813004385e-08,8.801546265682991e-06,1.9437519057089323e-05,4.75788194875577e-08,8.994094278264224e-06,1.988599209313185e-05,4.9777439907911826e-08,9.188469477419242e-06,2.033954760907627e-05,5.205135103071063e-08,9.38466353075466e-06,2.079818414411126e-05,0.5499999999999998
3.415803260172995e-08,7.685096254858029e-06,1.685349266156903e-05,3.587554979934039e-08,7.866505931501243e-06,1.727144105795701e-05,3.7657006220400646e-08,8.049792877372882e-06,1.769448035527563e-05,3.9503967154910236e-08,8.23494873502038e-06,1.8122609190976778e-05,4.141801668704955e-08,8.421965151083765e-06,1.8555826186123504e-05,4.340075768871954e-08,8.610833776329294e-06,1.8994129945394626e-05,4.5453811813004385e-08,8.801546265682991e-06,1.9437519057089323e-05,4.75788194875577e-08,8.994094278264224e-06,1.988599209313185e-05,4.9777439907911826e-08,9.188469477419242e-06,2.033954760907627e-05,5.205135103071063e-08,9.38466353075466e-06,2.079818414411126e-05,0.5499999999999998
3.415803260172995e-08,7.685096254858029e-06,1.685349266156903e-05,3.587554979934039e-08,7.866505931501243e-06,1.727144105795701e-05,3.7657006220400646e-08,8.049792877372882e-06,1.769448035527563e-05,3.9503967154910236e-08,8.23494873502038e-06,1.8122609190976778e-05,4.141801668704955e-08,8.421965151083765e-06,1.8555826186123504e-05,4.340075768871954e-08,8.610833776329294e-06,1.8994129945394626e-05,4.5453811813004385e-08,8.801546265682991e-06,1.9437519057089323e-05,4.75788194875577e-08,8.994094278264224e-06,1.988599209313185e-05,4.9777439907911826e-08,9.188469477419242e-06,2.033954760907627e-05,5.205135103071063e-08,9.38466353075466e-06,2.079818414411126e-05,0.5499999999999998
3.415803260172995e-08,7.685096254858029e-06,1.685349266156903e-05,3.587554979934039e-08,7.866505931501243e-06,1.727144105795701e-05,3.7657006220400646e-08,8.049792877372882e-06,1.769448035527563e-05,3.9503967154910236e-08,8.23494873502038e-06,1.8122609190976778e-05,4.141801668704955e-08,8.421965151083765e-06,1.8555826186123504e-05,4.340075768871954e-08,8.610833776329294e-06,1.8994129945394626e-05,4.5453811813004385e-08,8.801546265682991e-06,1.9437519057089323e-05,4.75788194875577e-08,8.994094278264224e-06,1.988599209313185e-05,4.9777439907911826e-08,9.188469477419242e-06,2.033954760907627e-05,5.205135103071063e-08,9.38466353075466e-06,2.079818414411126e-05,0.5499999999999998
3.415803260172995e-08,7.685096254858029e-06,1.685349266156903e-05,3.587554979934039e-08,7.866505931501243e-06,1.727144105795701e-05,3.7657006220400646e-08,8.049792877372882e-06,1.769448035527563e-05,3.9503967154910236e-08,8.23494873502038e-06,1.8122609190976778e-05,4.141801668704955e-08,8.421965151083765e-06,1.8555826186123504e-05,4.340075768871954e-08,8.610833776329294e-06,1.8994129945394626e-05,4.5453811813004385e-08,8.801546265682991e-06,1.9437519057089323e-05,4.75788194875577e-08,8.994094278264224e-06,1.988599209313185e-05,4.9777439907911826e-08,9.188469477419242e-06,2.033954760907627e-05,5.205135103071063e-08,9.38466353075466e-06,2.079818414411126e-05,0.5499999999999998
3.415803260172995e-08,7.685096254858029e-06,1.685349266156903e-05,3.587554979934039e-08,7.866505931501243e-06,1.727144105795701e-05,3.7657006220400646e-08,8.049792877372882e-06,1.769448035527563e-05,3.9503967154910236e-08,8.23494873502038e-06,1.8122609190976778e-05,4.141801668704955e-08,8.421965151083765e-06,1.8555826186123504e-05,4.340075768871954e-08,8.610833776329294e-06,1.8994129945394626e-05,4.5453811813004385e-08,8.801546265682991e-06,1.9437519057089323e-05,4.75788194875577e-08,8.994094278264224e-06,1.988599209313185e-05,4.9777439907911826e-08,9.188469477419242e-06,2.033954760907627e-05,5.205135103071063e-08,9.38466353075466e-06,2.079818414411126e-05,0.5499999999999998
3.415803260172995e-08,7.685096254858029e-06,1.685349266156903e-05,3.587554979934039e-08,7.866505931501243e-06,1.727144105795701e-05,3.7657006220400646e-08,8.049792877372882e-06,1.769448035527563e-05,3.9503967154910236e-08,8.23494873502038e-06,1.8122609190976778e-05,4.141801668704955e-08,8.421965151083765e-06,1.8555826186123504e-05,4.340075768871954e-08,8.610833776329294e-06,1.8994129945394626e-05,4.5453811813004385e-08,8.801546265682991e-06,1.9437519057089323e-05,4.75788194875577e-08,8.994094278264224e-06,1.988599209313185e-05,4.9777439907911826e-08,9.188469477419242e-06,2.033954760907627e-05,5.205135103071063e-08,9.38466353075466e-06,2.079818414411126e-05,0.5499999999999998
3.415803260172995e-08,7.685096254858029e-06,1.685349266156903e-05,3.587554979934039e-08,7.866505931501243e-06,1.727144105795701e-05,3.7657006220400646e-08,8.049792877372882e-06,1.769448035527563e-05,3.9503967154910236e-08,8.23494873502038e-06,1.8122609190976778e-05,4.141801668704955e-08,8.421965151083765e-06,1.8555826186123504e-05,4.340075768871954e-08,8.610833776329294e-06,1.8994129945394626e-05,4.5453811813004385e-08,8.801546265682991e-06,1.9437519057089323e-05,4.75788194875577e-08,8.994094278264224e-06,1.988599209313185e-05,4.9777439907911826e-08,9.188469477419242e-06,2.033954760907627e-05,5.205135103071063e-08,9.38466353075466e-06,2.079818414411126e-05,0.5499999999999998
3.415803260172995e-08,7.685096254858029e-06,1.685349266156903e-05,3.587554979934039e-08,7.866505931501243e-06,1.727144105795701e-05,3.7657006220400646e-08,8.049792877372882e-06,1.769448035527563e-05,3.9503967154910236e-08,8.23494873502038e-06,1.8122609190976778e-05,4.141801668704955e-08,8.421965151083765e-06,1.8555826186123504e-05,4.340075768871954e-08,8.610833776329294e-06,1.8994129945394626e-05,4.5453811813004385e-08,8.801546265682991e-06,1.9437519057089323e-05,4.75788194875577e-08,8.994094278264224e-06,1.988599209313185e-05,4.9777439907911826e-08,9.188469477419242e-06,2.033954760907627e-05,5.205135103071063e-08,9.38466353075466e-06,2.079818414411126e-05,0.5499999999999998
3.415803260172995e-08,7.685096254858029e-06,1.685349266156903e-05,3.587554979934039e-08,7.866505931501243e-06,1.727144105795701e-05,3.7657006220400646e-08,8.049792877372882e-06,1.769448035527563e-05,3.9503967154910236e-08,8.23494873502038e-06,1.8122609190976778e-05,4.141801668704955e-08,8.421965151083765e-06,1.8555826186123504e-05,4.340075768871954e-08,8.610833776329294e-06,1.8994129945394626e-05,4.5453811813004385e-08,8.801546265682991e-06,1.9437519057089323e-05,4.75788194875577e-08,8.994094278264224e-06,1.988599209313185e-05,4.9777439907911826e-08,9.188469477419242e-06,2.033954760907627e-05,5.205135103071063e-08,9.38466353075466e-06,2.079818414411126e-05,0.5499999999999998
3.415803260172995e-08,7.685096254858029e-06,1.685349266156903e-05,3.587554979934039e-08,7.866505931501243e-06,1.727144105795701e-05,3.7657006220400646e-08,8.049792877372882e-06,1.769448035527563e-05,3.9503967154910236e-08,8.23494873502038e-06,1.8122609190976778e-05,4.141801668704955e-08,8.421965151083765e-06,1.8555826186123504e-05,4.340075768871954e-08,8.610833776329294e-06,1.8994129945394626e-05,4.5453811813004385e-08,8.801546265682991e-06,1.9437519057089323e-05,4.75788194875577e-08,8.994094278264224e-06,1.988599209313185e-05,4.9777439907911826e-08,9.188469477419242e-06,2.033954760907627e-05,5.205135103071063e-08,9.38466353075466e-06,2.079818414411126e-05,0.5499999999999998
3.415803260172995e-08,7.685096254858029e-06,1.685349266156903e-05,3.587554979934039e-08,7.866505931501243e-06,1.727144105795701e-05,3.7657006220400646e-08,8.049792877372882e-06,1.769448035527563e-05,3.9503967154910236e-08,8.23494873502038e-06,1.8122609190976778e-05,4.141801668704955e-08,8.421965151083765e-06,1.8555826186123504e-05,4.340075768871954e-08,8.610833776329294e-06,1.8994129945394626e-05,4.5453811813004385e-08,8.801546265682991e-06,1.9437519057089323e-05,4.75788194875577e-08,8.994094278264224e-06,1.988599209313185e-05,4.9777439907911826e-08,9.188469477419242e-06,2.033954760907627e-05,5.205135103071063e-08,9.38466353075466e-06,2.079818414411126e-05,0.5499999999999998
3.415803260172995e-08,7.685096254858029e-06,1.685349266156903e-05,3.587554979934039e-08,7.866505931501243e-06,1.727144105795701e-05,3.7657006220400646e-08,8.049792877372882e-06,1.769448035527563e-05,3.9503967154910236e-08,8.23494873502038e-06,1.8122609190976778e-05,4.141801668704955e-08,8.421965151083765e-06,1.8555826186123504e-05,4.340075768871954e-08,8.610833776329294e-06,1.8994129945394626e-05,4.5453811813004385e-08,8.801546265682991e-06,1.9437519057089323e-05,4.75788194875577e-08,8.994094278264224e-06,1.988599209313185e-05,4.9777439907911826e-08,9.188469477419242e-06,2.033954760907627e-05,5.205135103071063e-08,9.38466353075466e-06,2.079818414411126e-05,0.5499999999999998
3.415803260172995e-08,7.685096254858029e-06,1.685349266156903e-05,3.587554979934039e-08,7.866505931501243e-06,1.727144105795701e-05,3.7657006220400646e-08,8.049792877372882e-06,1.769448035527563e-05,3.9503967154910236e-08,8.23494873502038e-06,1.8122609190976778e-05,4.141801668704955e-08,8.421965151083765e-06,1.8555826186123504e-05,4.340075768871954e-08,8.610833776329294e-06,1.8994129945394626e-05,4.5453811813004385e-08,8.801546265682991e-06,1.9437519057089323e-05,4.75788194875577e-08,8.994094278264224e-06,1.988599209313185e-05,4.9777439907911826e-08,9.188469477419242e-06,2.033954760907627e-05,5.205135103071063e-08,9.38466353075466e-06,2.079818414411126e-05,0.5499999999999998
3.415803260172995e-08,7.685096254858029e-06,1.685349266156903e-05,3.587554979934039e-08,7.866505931501243e-06,1.727144105795701e-05,3.7657006220400646e-08,8.049792877372882e-06,1.769448035527563e-05,3.9503967154910236e-08,8.23494873502038e-06,1.8122609190976778e-05,4.141801668704955e-08,8.421965151083765e-06,1.8555826186123504e-05,4.340075768871954e-08,8.610833776329294e-06,1.8994129945394626e-05,4.5453811813004385e-08,8.801546265682991e-06,1.9437519057089323e-05,4.75788194875577e-08,8.994094278264224e-06,1.988599209313185e-05,4.9777439907911826e-08,9.188469477419242e-06,2.033954760907627e-05,5.205135103071063e-08,9.38466353075466e-06,2.079818414411126e-05,0.5499999999999998
3.415803260172995e-08,7.685096254858029e-06,1.685349266156903e-05,3.587554979934039e-08,7.866505931501243e-06,1.727144105795701e-05,3.7657006220400646e-08,8.049792877372882e-06,1.769448035527563e-05,3.9503967154910236e-08,8.23494873502038e-06,1.8122609190976778e-05,4.141801668704955e-08,8.421965151083765e-06,1.8555826186123504e-05,4.340075768871954e-08,8.610833776329294e-06,1.8994129945394626e-05,4.5453811813004385e-08,8.801546265682991e-06,1.9437519057089323e-05,4.75788194875577e-08,8.994094278264224e-06,1.988599209313185e-05,4.9777439907911826e-08,9.188469477419242e-06,2.033954760907627e-05,5.205135103071063e-08,9.38466353075466e-06,2.079818414411126e-05,0.5499999999999998
3.415803260172995e-08,7.685096254858029e-06,1.685349266156903e-05,3.587554979934039e-08,7.866505931501243e-06,1.727144105795701e-05,3.7657006220400646e-08,8.049792877372882e-06,1.769448035527563e-05,3.9503967154910236e-08,8.23494873502038e-06,1.8122609190976778e-05,4.141801668704955e-08,8.421965151083765e-06,1.8555826186123504e-05,4.340075768871954e-08,8.610833776329294e-06,1.8994129945394626e-05,4.5453811813004385e-08,8.801546265682991e-06,1.9437519057089323e-05,4.75788194875577e-08,8.994094278264224e-06,1.988599209313185e-05,4.9777439907911826e-08,9.188469477419242e-06,2.033954760907627e-05,5.205135103071063e-08,9.38466353075466e-06,2.079818414411126e-05,0.5499999999999998
3.415803260172995e-08,7.685096254858029e-06,1.685349266156903e-05,3.587554979934039e-08,7.866505931501243e-06,1.727144105795701e-05,3.7657006220400646e-08,8.049792877372882e-06,1.769448035527563e-05,3.9503967154910236e-08,8.23494873502038e-06,1.8122609190976778e-05,4.141801668704955e-08,8.421965151083765e-06,1.8555826186123504e-05,4.340075768871954e-08,8.610833776329294e-06,1.8994129945394626e-05,4.5453811813004385e-08,8.801546265682991e-06,1.9437519057089323e-05,4.75788194875577e-08,8.994094278264224e-06,1.988599209313185e-05,4.9777439907911826e-08,9.188469477419242e-06,2.033954760907627e-05,5.205135103071063e-08,9.38466353075466e-06,2.079818414411126e-05,0.5499999999999998
3.415803260172995e-08,7.685096254858029e-06,1.685349266156903e-05,3.587554979934039e-08,7.866505931501243e-06,1.727144105795701e-05,3.7657006220400646e-08,8.049792877372882e-06,1.769448035527563e-05,3.9503967154910236e-08,8.23494873502038e-06,1.8122609190976778e-05,4.141801668704955e-08,8.421965151083765e-06,1.8555826186123504e-05,4.340075768871954e-08,8.610833776329294e-06,1.8994129945394626e-05,4.5453811813004385e-08,8.801546265682991e-06,1.9437519057089323e-05,4.75788194875577e-08,8.994094278264224e-06,1.988599209313185e-05,4.9777439907911826e-08,9.188469477419242e-06,2.033954760907627e-05,5.205135103071063e-08,9.38466353075466e-06,2.079818414411126e-05,0.5499999999999998
3.415803260172995e-08,7.685096254858029e-06,1.685349266156903e-05,3.587554979934039e-08,7.866505931501243e-06,1.727144105795701e-05,3.7657006220400646e-08,8.049792877372882e-06,1.769448035527563e-05,3.9503967154910236e-08,8.23494873502038e-06,1.8122609190976778e-05,4.141801668704955e-08,8.421965151083765e-06,1.8555826186123504e-05,4.340075768871954e-08,8.610833776329294e-06,1.8994129945394626e-05,4.5453811813004385e-08,8.801546265682991e-06,1.9437519057089323e-05,4.75788194875577e-08,8.994094278264224e-06,1.988599209313185e-05,4.9777439907911826e-08,9.188469477419242e-06,2.033954760907627e-05,5.205135103071063e-08,9.38466353075466e-06,2.079818414411126e-05,0.5499999999999998
3.415803260172995e-08,7.685096254858029e-06,1.685349266156903e-05,3.587554979934039e-08,7.866505931501243e-06,1.727144105795701e-05,3.7657006220400646e-08,8.049792877372882e-06,1.769448035527563e-05,3.9503967154910236e-08,8.23494873502038e-06,1.8122609190976778e-05,4.141801668704955e-08,8.421965151083765e-06,1.8555826186123504e-05,4.340075768871954e-08,8.610833776329294e-06,1.8994129945394626e-05,4.5453811813004385e-08,8.801546265682991e-06,1.9437519057089323e-05,4.75788194875577e-08,8.994094278264224e-06,1.988599209313185e-05,4.9777439907911826e-08,9.188469477419242e-06,2.033954760907627e-05,5.205135103071063e-08,9.38466353075466e-06,2.079818414411126e-05,0.5499999999999998
3.415803260172995e-08,7.685096254858029e-06,1.685349266156903e-05,3.587554979934039e-08,7.866505931501243e-06,1.727144105795701e-05,3.7657006220400646e-08,8.049792877372882e-06,1.769448035527563e-05,3.9503967154910236e-08,8.23494873502038e-06,1.8122609190976778e-05,4.141801668704955e-08,8.421965151083765e-06,1.8555826186123504e-05,4.340075768871954e-08,8.610833776329294e-06,1.8994129945394626e-05,4.5453811813004385e-08,8.801546265682991e-06,1.9437519057089323e-05,4.75788194875577e-08,8.994094278264224e-06,1.988599209313185e-05,4.9777439907911826e-08,9.188469477419242e-06,2.033954760907627e-05,5.205135103071063e-08,9.38466353075466e-06,2.079818414411126e-05,0.5499999999999998
3.415803260172995e-08,7.685096254858029e-06,1.685349266156903e-05,3.587554979934039e-08,7.866505931501243e-06,1.727144105795701e-05,3.7657006220400646e-08,8.049792877372882e-06,1.769448035527563e-05,3.9503967154910236e-08,8.23494873502038e-06,1.8122609190976778e-05,4.141801668704955e-08,8.421965151083765e-06,1.8555826186123504e-05,4.340075768871954e-08,8.610833776329294e-06,1.8994129945394626e-05,4.5453811813004385e-08,8.801546265682991e-06,1.9437519057089323e-05,4.75788194875577e-08,8.994094278264224e-06,1.988599209313185e-05,4.9777439907911826e-08,9.188469477419242e-06,2.033954760907627e-05,5.205135103071063e-08,9.38466353075466e-06,2.079818414411126e-05,0.5499999999999998
3.415803260172995e-08,7.685096254858029e-06,1.685349266156903e-05,3.587554979934039e-08,7.866505931501243e-06,1.727144105795701e-05,3.7657006220400646e-08,8.049792877372882e-06,1.769448035527563e-05,3.9503967154910236e-08,8.23494873502038e-06,1.8122609190976778e-05,4.141801668704955e-08,8.421965151083765e-06,1.8555826186123504e-05,4.340075768871954e-08,8.610833776329294e-06,1.8994129945394626e-05,4.5453811813004385e-08,8.801546265682991e-06,1.9437519057089323e-05,4.75788194875577e-08,8.994094278264224e-06,1.988599209313185e-05,4.9777439907911826e-08,9.188469477419242e-06,2.033954760907627e-05,5.205135103071063e-08,9.38466353075466e-06,2.079818414411126e-05,0.5499999999999998
3.415803260172995e-08,7.685096254858029e-06,1.685349266156903e-05,3.587554979934039e-08,7.866505931501243e-06,1.727144105795701e-05,3.7657006220400646e-08,8.049792877372882e-06,1.769448035527563e-05,3.9503967154910236e-08,8.23494873502038e-06,1.8122609190976778e-05,4.141801668704955e-08,8.421965151083765e-06,1.8555826186123504e-05,4.340075768871954e-08,8.610833776329294e-06,1.8994129945394626e-05,4.5453811813004385e-08,8.801546265682991e-06,1.9437519057089323e-05,4.75788194875577e-08,8.994094278264224e-06,1.988599209313185e-05,4.9777439907911826e-08,9.188469477419242e-06,2.033954760907627e-05,5.205135103071063e-08,9.38466353075466e-06,2.079818414411126e-05,0.5499999999999998
3.415803260172995e-08,7.685096254858029e-06,1.685349266156903e-05,3.587554979934039e-08,7.866505931501243e-06,1.727144105795701e-05,3.7657006220400646e-08,8.049792877372882e-06,1.769448035527563e-05,3.9503967154910236e-08,8.23494873502038e-06,1.8122609190976778e-05,4.141801668704955e-08,8.421965151083765e-06,1.8555826186123504e-05,4.340075768871954e-08,8.610833776329294e-06,1.8994129945394626e-05,4.5453811813004385e-08,8.801546265682991e-06,1.9437519057089323e-05,4.75788194875577e-08,8.994094278264224e-06,1.988599209313185e-05,4.9777439907911826e-08,9.188469477419242e-06,2.033954760907627e-05,5.205135103071063e-08,9.38466353075466e-06,2.079818414411126e-05,0.5499999999999998
3.415803260172995e-08,7.685096254858029e-06,1.685349266156903e-05,3.587554979934039e-08,7.866505931501243e-06,1.727144105795701e-05,3.7657006220400646e-08,8.049792877372882e-06,1.769448035527563e-05,3.9503967154910236e-08,8.23494873502038e-06,1.8122609190976778e-05,4.141801668704955e-08,8.421965151083765e-06,1.8555826186123504e-05,4.340075768871954e-08,8.610833776329294e-06,1.8994129945394626e-05,4.5453811813004385e-08,8.801546265682991e-06,1.9437519057089323e-05,4.75788194875577e-08,8.994094278264224e-06,1.988599209313185e-05,4.9777439907911826e-08,9.188469477419242e-06,2.033954760907627e-05,5.205135103071063e-08,9.38466353075466e-06,2.079818414411126e-05,0.5499999999999998
3.415803260172995e-08,7.685096254858029e-06,1.685349266156903e-05,3.587554979934039e-08,7.866505931501243e-06,1.727144105795701e-05,3.7657006220400646e-08,8.049792877372882e-06,1.769448035527563e-05,3.9503967154910236e-08,8.23494873502038e-06,1.8122609190976778e-05,4.141801668704955e-08,8.421965151083765e-06,1.8555826186123504e-05,4.340075768871954e-08,8.610833776329294e-06,1.8994129945394626e-05,4.5453811813004385e-08,8.801546265682991e-06,1.9437519057089323e-05,4.75788194875577e-08,8.994094278264224e-06,1.988599209313185e-05,4.9777439907911826e-08,9.188469477419242e-06,2.033954760907627e-05,5.205135103071063e-08,9.38466353075466e-06,2.079818414411126e-05,0.5499999999999998
3.415803260172995e-08,7.685096254858029e-06,1.685349266156903e-05,3.587554979934039e-08,7.866505931501243e-06,1.727144105795701e-05,3.7657006220400646e-08,8.049792877372882e-06,1.769448035527563e-05,3.9503967154910236e-08,8.23494873502038e-06,1.8122609190976778e-05,4.141801668704955e-08,8.421965151083765e-06,1.8555826186123504e-05,4.340075768871954e-08,8.610833776329294e-06,1.8994129945394626e-05,4.5453811813004385e-08,8.801546265682991e-06,1.9437519057089323e-05,4.75788194875577e-08,8.994094278264224e-06,1.988599209313185e-05,4.9777439907911826e-08,9.188469477419242e-06,2.033954760907627e-05,5.205135103071063e-08,9.38466353075466e-06,2.079818414411126e-05,0.5499999999999998
3.415803260172995e-08,7.685096254858029e-06,1.685349266156903e-05,3.587554979934039e-08,7.866505931501243e-06,1.727144105795701e-05,3.7657006220400646e-08,8.049792877372882e-06,1.769448035527563e-05,3.9503967154910236e-08,8.23494873502038e-06,1.8122609190976778e-05,4.141801668704955e-08,8.421965151083765e-06,1.8555826186123504e-05,4.340075768871954e-08,8.610833776329294e-06,1.8994129945394626e-05,4.5453811813004385e-08,8.801546265682991e-06,1.9437519057089323e-05,4.75788194875577e-08,8.994094278264224e-06,1.988599209313185e-05,4.9777439907911826e-08,9.188469477419242e-06,2.033954760907627e-05,5.205135103071063e-08,9.38466353075466e-06,2.079818414411126e-05,0.5499999999999998
3.415803260172995e-08,7.685096254858029e-06,1.685349266156903e-05,3.587554979934039e-08,7.866505931501243e-06,1.727144105795701e-05,3.7657006220400646e-08,8.049792877372882e-06,1.769448035527563e-05,3.9503967154910236e-08,8.23494873502038e-06,1.8122609190976778e-05,4.141801668704955e-08,8.421965151083765e-06,1.8555826186123504e-05,4.340075768871954e-08,8.610833776329294e-06,1.8994129945394626e-05,4.5453811813004385e-08,8.801546265682991e-06,1.9437519057089323e-05,4.75788194875577e-08,8.994094278264224e-06,1.988599209313185e-05,4.9777439907911826e-08,9.188469477419242e-06,2.033954760907627e-05,5.205135103071063e-08,9.38466353075466e-06,2.079818414411126e-05,0.5499999999999998
3.415803260172995e-08,7.685096254858029e-06,1.685349266156903e-05,3.587554979934039e-08,7.866505931501243e-06,1.727144105795701e-05,3.7657006220400646e-08,8.049792877372882e-06,1.769448035527563e-05,3.9503967154910236e-08,8.23494873502038e-06,1.8122609190976778e-05,4.141801668704955e-08,8.421965151083765e-06,1.8555826186123504e-05,4.340075768871954e-08,8.610833776329294e-06,1.8994129945394626e-05,4.5453811813004385e-08,8.801546265682991e-06,1.9437519057089323e-05,4.75788194875577e-08,8.994094278264224e-06,1.988599209313185e-05,4.9777439907911826e-08,9.188469477419242e-06,2.033954760907627e-05,5.205135103071063e-08,9.38466353075466e-06,2.079818414411126e-05,0.5499999999999998
3.415803260172995e-08,7.685096254858029e-06,1.685349266156903e-05,3.587554979934039e-08,7.866505931501243e-06,1.727144105795701e-05,3.7657006220400646e-08,8.049792877372882e-06,1.769448035527563e-05,3.9503967154910236e-08,8.23494873502038e-06,1.8122609190976778e-05,4.141801668704955e-08,8.421965151083765e-06,1.8555826186123504e-05,4.340075768871954e-08,8.610833776329294e-06,1.8994129945394626e-05,4.5453811813004385e-08,8.801546265682991e-06,1.9437519057089323e-05,4.75788194875577e-08,8.994094278264224e-06,1.988599209313185e-05,4.9777439907911826e-08,9.188469477419242e-06,2.033954760907627e-05,5.205135103071063e-08,9.38466353075466e-06,2.079818414411126e-05,0.5499999999999998
3.415803260172995e-08,7.685096254858029e-06,1.685349266156903e-05,3.587554979934039e-08,7.866505931501243e-06,1.727144105795701e-05,3.7657006220400646e-08,8.049792877372882e-06,1.769448035527563e-05,3.9503967154910236e-08,8.23494873502038e-06,1.8122609190976778e-05,4.141801668704955e-08,8.421965151083765e-06,1.8555826186123504e-05,4.340075768871954e-08,8.610833776329294e-06,1.8994129945394626e-05,4.5453811813004385e-08,8.801546265682991e-06,1.9437519057089323e-05,4.75788194875577e-08,8.994094278264224e-06,1.988599209313185e-05,4.9777439907911826e-08,9.188469477419242e-06,2.033954760907627e-05,5.205135103071063e-08,9.38466353075466e-06,2.079818414411126e-05,0.5499999999999998
3.415803260172995e-08,7.685096254858029e-06,1.685349266156903e-05,3.587554979934039e-08,7.866505931501243e-06,1.727144105795701e-05,3.7657006220400646e-08,8.049792877372882e-06,1.769448035527563e-05,3.9503967154910236e-08,8.23494873502038e-06,1.8122609190976778e-05,4.141801668704955e-08,8.421965151083765e-06,1.8555826186123504e-05,4.340075768871954e-08,8.610833776329294e-06,1.8994129945394626e-05,4.5453811813004385e-08,8.801546265682991e-06,1.9437519057089323e-05,4.75788194875577e-08,8.994094278264224e-06,1.988599209313185e-05,4.9777439907911826e-08,9.188469477419242e-06,2.033954760907627e-05,5.205135103071063e-08,9.38466353075466e-06,2.079818414411126e-05,0.5499999999999998
3.415803260172995e-08,7.685096254858029e-06,1.685349266156903e-05,3.587554979934039e-08,7.866505931501243e-06,1.727144105795701e-05,3.7657006220400646e-08,8.049792877372882e-06,1.769448035527563e-05,3.9503967154910236e-08,8.23494873502038e-06,1.8122609190976778e-05,4.141801668704955e-08,8.421965151083765e-06,1.8555826186123504e-05,4.340075768871954e-08,8.610833776329294e-06,1.8994129945394626e-05,4.5453811813004385e-08,8.801546265682991e-06,1.9437519057089323e-05,4.75788194875577e-08,8.994094278264224e-06,1.988599209313185e-05,4.9777439907911826e-08,9.188469477419242e-06,2.033954760907627e-05,5.205135103071063e-08,9.38466353075466e-06,2.079818414411126e-05,0.5499999999999998
3.415803260172995e-08,7.685096254858029e-06,1.685349266156903e-05,3.587554979934039e-08,7.866505931501243e-06,1.727144105795701e-05,3.7657006220400646e-08,8.049792877372882e-06,1.769448035527563e-05,3.9503967154910236e-08,8.23494873502038e-06,1.8122609190976778e-05,4.141801668704955e-08,8.421965151083765e-06,1.8555826186123504e-05,4.340075768871954e-08,8.610833776329294e-06,1.8994129945394626e-05,4.5453811813004385e-08,8.801546265682991e-06,1.9437519057089323e-05,4.75788194875577e-08,8.994094278264224e-06,1.988599209313185e-05,4.9777439907911826e-08,9.188469477419242e-06,2.033954760907627e-05,5.205135103071063e-08,9.38466353075466e-06,2.079818414411126e-05,0.5499999999999998
3.415803260172995e-08,7.685096254858029e-06,1.685349266156903e-05,3.587554979934039e-08,7.866505931501243e-06,1.727144105795701e-05,3.7657006220400646e-08,8.049792877372882e-06,1.769448035527563e-05,3.9503967154910236e-08,8.23494873502038e-06,1.8122609190976778e-05,4.141801668704955e-08,8.421965151083765e-06,1.8555826186123504e-05,4.340075768871954e-08,8.610833776329294e-06,1.8994129945394626e-05,4.5453811813004385e-08,8.801546265682991e-06,1.9437519057089323e-05,4.75788194875577e-08,8.994094278264224e-06,1.988599209313185e-05,4.9777439907911826e-08,9.188469477419242e-06,2.033954760907627e-05,5.205135103071063e-08,9.38466353075466e-06,2.079818414411126e-05,0.5499999999999998
3.415803260172995e-08,7.685096254858029e-06,1.685349266156903e-05,3.587554979934039e-08,7.866505931501243e-06,1.727144105795701e-05,3.7657006220400646e-08,8.049792877372882e-06,1.769448035527563e-05,3.9503967154910236e-08,8.23494873502038e-06,1.8122609190976778e-05,4.141801668704955e-08,8.421965151083765e-06,1.8555826186123504e-05,4.340075768871954e-08,8.610833776329294e-06,1.8994129945394626e-05,4.5453811813004385e-08,8.801546265682991e-06,1.9437519057089323e-05,4.75788194875577e-08,8.994094278264224e-06,1.988599209313185e-05,4.9777439907911826e-08,9.188469477419242e-06,2.033954760907627e-05,5.205135103071063e-08,9.38466353075466e-06,2.079818414411126e-05,0.5499999999999998
3.415803260172995e-08,7.685096254858029e-06,1.685349266156903e-05,3.587554979934039e-08,7.866505931501243e-06,1.727144105795701e-05,3.7657006220400646e-08,8.049792877372882e-06,1.769448035527563e-05,3.9503967154910236e-08,8.23494873502038e-06,1.8122609190976778e-05,4.141801668704955e-08,8.421965151083765e-06,1.8555826186123504e-05,4.340075768871954e-08,8.610833776329294e-06,1.8994129945394626e-05,4.5453811813004385e-08,8.801546265682991e-06,1.9437519057089323e-05,4.75788194875577e-08,8.994094278264224e-06,1.988599209313185e-05,4.9777439907911826e-08,9.188469477419242e-06,2.033954760907627e-05,5.205135103071063e-08,9.38466353075466e-06,2.079818414411126e-05,0.5499999999999998
3.415803260172995e-08,7.685096254858029e-06,1.685349266156903e-05,3.587554979934039e-08,7.866505931501243e-06,1.727144105795701e-05,3.7657006220400646e-08,8.049792877372882e-06,1.769448035527563e-05,3.9503967154910236e-08,8.23494873502038e-06,1.8122609190976778e-05,4.141801668704955e-08,8.421965151083765e-06,1.8555826186123504e-05,4.340075768871954e-08,8.610833776329294e-06,1.8994129945394626e-05,4.5453811813004385e-08,8.801546265682991e-06,1.9437519057089323e-05,4.75788194875577e-08,8.994094278264224e-06,1.988599209313185e-05,4.9777439907911826e-08,9.188469477419242e-06,2.033954760907627e-05,5.205135103071063e-08,9.38466353075466e-06,2.079818414411126e-05,0.5499999999999998
3.415803260172995e-08,7.685096254858029e-06,1.685349266156903e-05,3.587554979934039e-08,7.866505931501243e-06,1.727144105795701e-05,3.7657006220400646e-08,8.049792877372882e-06,1.769448035527563e-05,3.9503967154910236e-08,8.23494873502038e-06,1.8122609190976778e-05,4.141801668704955e-08,8.421965151083765e-06,1.8555826186123504e-05,4.340075768871954e-08,8.610833776329294e-06,1.8994129945394626e-05,4.5453811813004385e-08,8.801546265682991e-06,1.9437519057089323e-05,4.75788194875577e-08,8.994094278264224e-06,1.988599209313185e-05,4.9777439907911826e-08,9.188469477419242e-06,2.033954760907627e-05,5.205135103071063e-08,9.38466353075466e-06,2.079818414411126e-05,0.5499999999999998
3.415803260172995e-08,7.685096254858029e-06,1.685349266156903e-05,3.587554979934039e-08,7.866505931501243e-06,1.727144105795701e-05,3.7657006220400646e-08,8.049792877372882e-06,1.769448035527563e-05,3.9503967154910236e-08,8.23494873502038e-06,1.8122609190976778e-05,4.141801668704955e-08,8.421965151083765e-06,1.8555826186123504e-05,4.340075768871954e-08,8.610833776329294e-06,1.8994129945394626e-05,4.5453811813004385e-08,8.801546265682991e-06,1.9437519057089323e-05,4.75788194875577e-08,8.994094278264224e-06,1.988599209313185e-05,4.9777439907911826e-08,9.188469477419242e-06,2.033954760907627e-05,5.205135103071063e-08,9.38466353075466e-06,2.079818414411126e-05,0.5499999999999998
3.415803260172995e-08,7.685096254858029e-06,1.685349266156903e-05,3.587554979934039e-08,7.866505931501243e-06,1.727144105795701e-05,3.7657006220400646e-08,8.049792877372882e-06,1.769448035527563e-05,3.9503967154910236e-08,8.23494873502038e-06,1.8122609190976778e-05,4.141801668704955e-08,8.421965151083765e-06,1.8555826186123504e-05,4.340075768871954e-08,8.610833776329294e-06,1.8994129945394626e-05,4.5453811813004385e-08,8.801546265682991e-06,1.9437519057089323e-05,4.75788194875577e-08,8.994094278264224e-06,1.988599209313185e-05,4.9777439907911826e-08,9.188469477419242e-06,2.033954760907627e-05,5.205135103071063e-08,9.38466353075466e-06,2.079818414411126e-05,0.5499999999999998
3.415803260172995e-08,7.685096254858029e-06,1.685349266156903e-05,3.587554979934039e-08,7.866505931501243e-06,1.727144105795701e-05,3.7657006220400646e-08,8.049792877372882e-06,1.769448035527563e-05,3.9503967154910236e-08,8.23494873502038e-06,1.8122609190976778e-05,4.141801668704955e-08,8.421965151083765e-06,1.8555826186123504e-05,4.340075768871954e-08,8.610833776329294e-06,1.8994129945394626e-05,4.5453811813004385e-08,8.801546265682991e-06,1.9437519057089323e-05,4.75788194875577e-08,8.994094278264224e-06,1.988599209313185e-05,4.9777439907911826e-08,9.188469477419242e-06,2.033954760907627e-05,5.205135103071063e-08,9.38466353075466e-06,2.079818414411126e-05,0.5499999999999998
3.415803260172995e-08,7.685096254858029e-06,1.685349266156903e-05,3.587554979934039e-08,7.866505931501243e-06,1.727144105795701e-05,3.7657006220400646e-08,8.049792877372882e-06,1.769448035527563e-05,3.9503967154910236e-08,8.23494873502038e-06,1.8122609190976778e-05,4.141801668704955e-08,8.421965151083765e-06,1.8555826186123504e-05,4.340075768871954e-08,8.610833776329294e-06,1.8994129945394626e-05,4.5453811813004385e-08,8.801546265682991e-06,1.9437519057089323e-05,4.75788194875577e-08,8.994094278264224e-06,1.988599209313185e-05,4.9777439907911826e-08,9.188469477419242e-06,2.033954760907627e-05,5.205135103071063e-08,9.38466353075466e-06,2.079818414411126e-05,0.5499999999999998
3.415803260172995e-08,7.685096254858029e-06,1.685349266156903e-05,3.587554979934039e-08,7.866505931501243e-06,1.727144105795701e-05,3.7657006220400646e-08,8.049792877372882e-06,1.769448035527563e-05,3.9503967154910236e-08,8.23494873502038e-06,1.8122609190976778e-05,4.141801668704955e-08,8.421965151083765e-06,1.8555826186123504e-05,4.340075768871954e-08,8.610833776329294e-06,1.8994129945394626e-05,4.5453811813004385e-08,8.801546265682991e-06,1.9437519057089323e-05,4.75788194875577e-08,8.994094278264224e-06,1.988599209313185e-05,4.9777439907911826e-08,9.188469477419242e-06,2.033954760907627e-05,5.205135103071063e-08,9.38466353075466e-06,2.079818414411126e-05,0.5499999999999998
3.415803260172995e-08,7.685096254858029e-06,1.685349266156903e-05,3.587554979934039e-08,7.866505931501243e-06,1.727144105795701e-05,3.7657006220400646e-08,8.049792877372882e-06,1.769448035527563e-05,3.9503967154910236e-08,8.23494873502038e-06,1.8122609190976778e-05,4.141801668704955e-08,8.421965151083765e-06,1.8555826186123504e-05,4.340075768871954e-08,8.610833776329294e-06,1.8994129945394626e-05,4.5453811813004385e-08,8.801546265682991e-06,1.9437519057089323e-05,4.75788194875577e-08,8.994094278264224e-06,1.988599209313185e-05,4.9777439907911826e-08,9.188469477419242e-06,2.033954760907627e-05,5.205135103071063e-08,9.38466353075466e-06,2.079818414411126e-05,0.5499999999999998
3.415803260172995e-08,7.685096254858029e-06,1.685349266156903e-05,3.587554979934039e-08,7.866505931501243e-06,1.727144105795701e-05,3.7657006220400646e-08,8.049792877372882e-06,1.769448035527563e-05,3.9503967154910236e-08,8.23494873502038e-06,1.8122609190976778e-05,4.141801668704955e-08,8.421965151083765e-06,1.8555826186123504e-05,4.340075768871954e-08,8.610833776329294e-06,1.8994129945394626e-05,4.5453811813004385e-08,8.801546265682991e-06,1.9437519057089323e-05,4.75788194875577e-08,8.994094278264224e-06,1.988599209313185e-05,4.9777439907911826e-08,9.188469477419242e-06,2.033954760907627e-05,5.205135103071063e-08,9.38466353075466e-06,2.079818414411126e-05,0.5499999999999998
3.415803260172995e-08,7.685096254858029e-06,1.685349266156903e-05,3.587554979934039e-08,7.866505931501243e-06,1.727144105795701e-05,3.7657006220400646e-08,8.049792877372882e-06,1.769448035527563e-05,3.9503967154910236e-08,8.23494873502038e-06,1.8122609190976778e-05,4.141801668704955e-08,8.421965151083765e-06,1.8555826186123504e-05,4.340075768871954e-08,8.610833776329294e-06,1.8994129945394626e-05,4.5453811813004385e-08,8.801546265682991e-06,1.9437519057089323e-05,4.75788194875577e-08,8.994094278264224e-06,1.988599209313185e-05,4.9777439907911826e-08,9.188469477419242e-06,2.033954760907627e-05,5.205135103071063e-08,9.38466353075466e-06,2.079818414411126e-05,0.5499999999999998
3.415803260172995e-08,7.685096254858029e-06,1.685349266156903e-05,3.587554979934039e-08,7.866505931501243e-06,1.727144105795701e-05,3.7657006220400646e-08,8.049792877372882e-06,1.769448035527563e-05,3.9503967154910236e-08,8.23494873502038e-06,1.8122609190976778e-05,4.141801668704955e-08,8.421965151083765e-06,1.8555826186123504e-05,4.340075768871954e-08,8.610833776329294e-06,1.8994129945394626e-05,4.5453811813004385e-08,8.801546265682991e-06,1.9437519057089323e-05,4.75788194875577e-08,8.994094278264224e-06,1.988599209313185e-05,4.9777439907911826e-08,9.188469477419242e-06,2.033954760907627e-05,5.205135103071063e-08,9.38466353075466e-06,2.079818414411126e-05,0.5499999999999998
3.415803260172995e-08,7.685096254858029e-06,1.685349266156903e-05,3.587554979934039e-08,7.866505931501243e-06,1.727144105795701e-05,3.7657006220400646e-08,8.049792877372882e-06,1.769448035527563e-05,3.9503967154910236e-08,8.23494873502038e-06,1.8122609190976778e-05,4.141801668704955e-08,8.421965151083765e-06,1.8555826186123504e-05,4.340075768871954e-08,8.610833776329294e-06,1.8994129945394626e-05,4.5453811813004385e-08,8.801546265682991e-06,1.9437519057089323e-05,4.75788194875577e-08,8.994094278264224e-06,1.988599209313185e-05,4.9777439907911826e-08,9.188469477419242e-06,2.033954760907627e-05,5.205135103071063e-08,9.38466353075466e-06,2.079818414411126e-05,0.5499999999999998
3.415803260172995e-08,7.685096254858029e-06,1.685349266156903e-05,3.587554979934039e-08,7.866505931501243e-06,1.727144105795701e-05,3.7657006220400646e-08,8.049792877372882e-06,1.769448035527563e-05,3.9503967154910236e-08,8.23494873502038e-06,1.8122609190976778e-05,4.141801668704955e-08,8.421965151083765e-06,1.8555826186123504e-05,4.340075768871954e-08,8.610833776329294e-06,1.8994129945394626e-05,4.5453811813004385e-08,8.801546265682991e-06,1.9437519057089323e-05,4.75788194875577e-08,8.994094278264224e-06,1.988599209313185e-05,4.9777439907911826e-08,9.188469477419242e-06,2.033954760907627e-05,5.205135103071063e-08,9.38466353075466e-06,2.079818414411126e-05,0.5499999999999998
3.415803260172995e-08,7.685096254858029e-06,1.685349266156903e-05,3.587554979934039e-08,7.866505931501243e-06,1.727144105795701e-05,3.7657006220400646e-08,8.049792877372882e-06,1.769448035527563e-05,3.9503967154910236e-08,8.23494873502038e-06,1.8122609190976778e-05,4.141801668704955e-08,8.421965151083765e-06,1.8555826186123504e-05,4.340075768871954e-08,8.610833776329294e-06,1.8994129945394626e-05,4.5453811813004385e-08,8.801546265682991e-06,1.9437519057089323e-05,4.75788194875577e-08,8.994094278264224e-06,1.988599209313185e-05,4.9777439907911826e-08,9.188469477419242e-06,2.033954760907627e-05,5.205135103071063e-08,9.38466353075466e-06,2.079818414411126e-05,0.5499999999999998
3.415803260172995e-08,7.685096254858029e-06,1.685349266156903e-05,3.587554979934039e-08,7.866505931501243e-06,1.727144105795701e-05,3.7657006220400646e-08,8.049792877372882e-06,1.769448035527563e-05,3.9503967154910236e-08,8.23494873502038e-06,1.8122609190976778e-05,4.141801668704955e-08,8.421965151083765e-06,1.8555826186123504e-05,4.340075768871954e-08,8.610833776329294e-06,1.8994129945394626e-05,4.5453811813004385e-08,8.801546265682991e-06,1.9437519057089323e-05,4.75788194875577e-08,8.994094278264224e-06,1.988599209313185e-05,4.9777439907911826e-08,9.188469477419242e-06,2.033954760907627e-05,5.205135103071063e-08,9.38466353075466e-06,2.079818414411126e-05,0.5499999999999998
3.415803260172995e-08,7.685096254858029e-06,1.685349266156903e-05,3.587554979934039e-08,7.866505931501243e-06,1.727144105795701e-05,3.7657006220400646e-08,8.049792877372882e-06,1.769448035527563e-05,3.9503967154910236e-08,8.23494873502038e-06,1.8122609190976778e-05,4.141801668704955e-08,8.421965151083765e-06,1.8555826186123504e-05,4.340075768871954e-08,8.610833776329294e-06,1.8994129945394626e-05,4.5453811813004385e-08,8.801546265682991e-06,1.9437519057089323e-05,4.75788194875577e-08,8.994094278264224e-06,1.988599209313185e-05,4.9777439907911826e-08,9.188469477419242e-06,2.033954760907627e-05,5.205135103071063e-08,9.38466353075466e-06,2.079818414411126e-05,0.5499999999999998
3.415803260172995e-08,7.685096254858029e-06,1.685349266156903e-05,3.587554979934039e-08,7.866505931501243e-06,1.727144105795701e-05,3.7657006220400646e-08,8.049792877372882e-06,1.769448035527563e-05,3.9503967154910236e-08,8.23494873502038e-06,1.8122609190976778e-05,4.141801668704955e-08,8.421965151083765e-06,1.8555826186123504e-05,4.340075768871954e-08,8.610833776329294e-06,1.8994129945394626e-05,4.5453811813004385e-08,8.801546265682991e-06,1.9437519057089323e-05,4.75788194875577e-08,8.994094278264224e-06,1.988599209313185e-05,4.9777439907911826e-08,9.188469477419242e-06,2.033954760907627e-05,5.205135103071063e-08,9.38466353075466e-06,2.079818414411126e-05,0.5499999999999998
3.415803260172995e-08,7.685096254858029e-06,1.685349266156903e-05,3.587554979934039e-08,7.866505931501243e-06,1.727144105795701e-05,3.7657006220400646e-08,8.049792877372882e-06,1.769448035527563e-05,3.9503967154910236e-08,8.23494873502038e-06,1.8122609190976778e-05,4.141801668704955e-08,8.421965151083765e-06,1.8555826186123504e-05,4.340075768871954e-08,8.610833776329294e-06,1.8994129945394626e-05,4.5453811813004385e-08,8.801546265682991e-06,1.9437519057089323e-05,4.75788194875577e-08,8.994094278264224e-06,1.988599209313185e-05,4.9777439907911826e-08,9.188469477419242e-06,2.033954760907627e-05,5.205135103071063e-08,9.38466353075466e-06,2.079818414411126e-05,0.5499999999999998
3.415803260172995e-08,7.685096254858029e-06,1.685349266156903e-05,3.587554979934039e-08,7.866505931501243e-06,1.727144105795701e-05,3.7657006220400646e-08,8.049792877372882e-06,1.769448035527563e-05,3.9503967154910236e-08,8.23494873502038e-06,1.8122609190976778e-05,4.141801668704955e-08,8.421965151083765e-06,1.8555826186123504e-05,4.340075768871954e-08,8.610833776329294e-06,1.8994129945394626e-05,4.5453811813004385e-08,8.801546265682991e-06,1.9437519057089323e-05,4.75788194875577e-08,8.994094278264224e-06,1.988599209313185e-05,4.9777439907911826e-08,9.188469477419242e-06,2.033954760907627e-05,5.205135103071063e-08,9.38466353075466e-06,2.079818414411126e-05,0.5499999999999998
3.415803260172995e-08,7.685096254858029e-06,1.685349266156903e-05,3.587554979934039e-08,7.866505931501243e-06,1.727144105795701e-05,3.7657006220400646e-08,8.049792877372882e-06,1.769448035527563e-05,3.9503967154910236e-08,8.23494873502038e-06,1.8122609190976778e-05,4.141801668704955e-08,8.421965151083765e-06,1.8555826186123504e-05,4.340075768871954e-08,8.610833776329294e-06,1.8994129945394626e-05,4.5453811813004385e-08,8.801546265682991e-06,1.9437519057089323e-05,4.75788194875577e-08,8.994094278264224e-06,1.988599209313185e-05,4.9777439907911826e-08,9.188469477419242e-06,2.033954760907627e-05,5.205135103071063e-08,9.38466353075466e-06,2.079818414411126e-05,0.5499999999999998
3.415803260172995e-08,7.685096254858029e-06,1.685349266156903e-05,3.587554979934039e-08,7.866505931501243e-06,1.727144105795701e-05,3.7657006220400646e-08,8.049792877372882e-06,1.769448035527563e-05,3.9503967154910236e-08,8.23494873502038e-06,1.8122609190976778e-05,4.141801668704955e-08,8.421965151083765e-06,1.8555826186123504e-05,4.340075768871954e-08,8.610833776329294e-06,1.8994129945394626e-05,4.5453811813004385e-08,8.801546265682991e-06,1.9437519057089323e-05,4.75788194875577e-08,8.994094278264224e-06,1.988599209313185e-05,4.9777439907911826e-08,9.188469477419242e-06,2.033954760907627e-05,5.205135103071063e-08,9.38466353075466e-06,2.079818414411126e-05,0.5499999999999998
3.415803260172995e-08,7.685096254858029e-06,1.685349266156903e-05,3.587554979934039e-08,7.866505931501243e-06,1.727144105795701e-05,3.7657006220400646e-08,8.049792877372882e-06,1.769448035527563e-05,3.9503967154910236e-08,8.23494873502038e-06,1.8122609190976778e-05,4.141801668704955e-08,8.421965151083765e-06,1.8555826186123504e-05,4.340075768871954e-08,8.610833776329294e-06,1.8994129945394626e-05,4.5453811813004385e-08,8.801546265682991e-06,1.9437519057089323e-05,4.75788194875577e-08,8.994094278264224e-06,1.988599209313185e-05,4.9777439907911826e-08,9.188469477419242e-06,2.033954760907627e-05,5.205135103071063e-08,9.38466353075466e-06,2.079818414411126e-05,0.5499999999999998
3.415803260172995e-08,7.685096254858029e-06,1.685349266156903e-05,3.587554979934039e-08,7.866505931501243e-06,1.727144105795701e-05,3.7657006220400646e-08,8.049792877372882e-06,1.769448035527563e-05,3.9503967154910236e-08,8.23494873502038e-06,1.8122609190976778e-05,4.141801668704955e-08,8.421965151083765e-06,1.8555826186123504e-05,4.340075768871954e-08,8.610833776329294e-06,1.8994129945394626e-05,4.5453811813004385e-08,8.801546265682991e-06,1.9437519057089323e-05,4.75788194875577e-08,8.994094278264224e-06,1.988599209313185e-05,4.9777439907911826e-08,9.188469477419242e-06,2.033954760907627e-05,5.205135103071063e-08,9.38466353075466e-06,2.079818414411126e-05,0.5499999999999998
3.415803260172995e-08,7.685096254858029e-06,1.685349266156903e-05,3.587554979934039e-08,7.866505931501243e-06,1.727144105795701e-05,3.7657006220400646e-08,8.049792877372882e-06,1.769448035527563e-05,3.9503967154910236e-08,8.23494873502038e-06,1.8122609190976778e-05,4.141801668704955e-08,8.421965151083765e-06,1.8555826186123504e-05,4.340075768871954e-08,8.610833776329294e-06,1.8994129945394626e-05,4.5453811813004385e-08,8.801546265682991e-06,1.9437519057089323e-05,4.75788194875577e-08,8.994094278264224e-06,1.988599209313185e-05,4.9777439907911826e-08,9.188469477419242e-06,2.033954760907627e-05,5.205135103071063e-08,9.38466353075466e-06,2.079818414411126e-05,0.5499999999999998
3.415803260172995e-08,7.685096254858029e-06,1.685349266156903e-05,3.587554979934039e-08,7.866505931501243e-06,1.727144105795701e-05,3.7657006220400646e-08,8.049792877372882e-06,1.769448035527563e-05,3.9503967154910236e-08,8.23494873502038e-06,1.8122609190976778e-05,4.141801668704955e-08,8.421965151083765e-06,1.8555826186123504e-05,4.340075768871954e-08,8.610833776329294e-06,1.8994129945394626e-05,4.5453811813004385e-08,8.801546265682991e-06,1.9437519057089323e-05,4.75788194875577e-08,8.994094278264224e-06,1.988599209313185e-05,4.9777439907911826e-08,9.188469477419242e-06,2.033954760907627e-05,5.205135103071063e-08,9.38466353075466e-06,2.079818414411126e-05,0.5499999999999998
3.415803260172995e-08,7.685096254858029e-06,1.685349266156903e-05,3.587554979934039e-08,7.866505931501243e-06,1.727144105795701e-05,3.7657006220400646e-08,8.049792877372882e-06,1.769448035527563e-05,3.9503967154910236e-08,8.23494873502038e-06,1.8122609190976778e-05,4.141801668704955e-08,8.421965151083765e-06,1.8555826186123504e-05,4.340075768871954e-08,8.610833776329294e-06,1.8994129945394626e-05,4.5453811813004385e-08,8.801546265682991e-06,1.9437519057089323e-05,4.75788194875577e-08,8.994094278264224e-06,1.988599209313185e-05,4.9777439907911826e-08,9.188469477419242e-06,2.033954760907627e-05,5.205135103071063e-08,9.38466353075466e-06,2.079818414411126e-05,0.5499999999999998
3.415803260172995e-08,7.685096254858029e-06,1.685349266156903e-05,3.587554979934039e-08,7.866505931501243e-06,1.727144105795701e-05,3.7657006220400646e-08,8.049792877372882e-06,1.769448035527563e-05,3.9503967154910236e-08,8.23494873502038e-06,1.8122609190976778e-05,4.141801668704955e-08,8.421965151083765e-06,1.8555826186123504e-05,4.340075768871954e-08,8.610833776329294e-06,1.8994129945394626e-05,4.5453811813004385e-08,8.801546265682991e-06,1.9437519057089323e-05,4.75788194875577e-08,8.994094278264224e-06,1.988599209313185e-05,4.9777439907911826e-08,9.188469477419242e-06,2.033954760907627e-05,5.205135103071063e-08,9.38466353075466e-06,2.079818414411126e-05,0.5499999999999998
3.415803260172995e-08,7.685096254858029e-06,1.685349266156903e-05,3.587554979934039e-08,7.866505931501243e-06,1.727144105795701e-05,3.7657006220400646e-08,8.049792877372882e-06,1.769448035527563e-05,3.9503967154910236e-08,8.23494873502038e-06,1.8122609190976778e-05,4.141801668704955e-08,8.421965151083765e-06,1.8555826186123504e-05,4.340075768871954e-08,8.610833776329294e-06,1.8994129945394626e-05,4.5453811813004385e-08,8.801546265682991e-06,1.9437519057089323e-05,4.75788194875577e-08,8.994094278264224e-06,1.988599209313185e-05,4.9777439907911826e-08,9.188469477419242e-06,2.033954760907627e-05,5.205135103071063e-08,9.38466353075466e-06,2.079818414411126e-05,0.5499999999999998
3.415803260172995e-08,7.685096254858029e-06,1.685349266156903e-05,3.587554979934039e-08,7.866505931501243e-06,1.727144105795701e-05,3.7657006220400646e-08,8.049792877372882e-06,1.769448035527563e-05,3.9503967154910236e-08,8.23494873502038e-06,1.8122609190976778e-05,4.141801668704955e-08,8.421965151083765e-06,1.8555826186123504e-05,4.340075768871954e-08,8.610833776329294e-06,1.8994129945394626e-05,4.5453811813004385e-08,8.801546265682991e-06,1.9437519057089323e-05,4.75788194875577e-08,8.994094278264224e-06,1.988599209313185e-05,4.9777439907911826e-08,9.188469477419242e-06,2.033954760907627e-05,5.205135103071063e-08,9.38466353075466e-06,2.079818414411126e-05,0.5499999999999998
3.415803260172995e-08,7.685096254858029e-06,1.685349266156903e-05,3.587554979934039e-08,7.866505931501243e-06,1.727144105795701e-05,3.7657006220400646e-08,8.049792877372882e-06,1.769448035527563e-05,3.9503967154910236e-08,8.23494873502038e-06,1.8122609190976778e-05,4.141801668704955e-08,8.421965151083765e-06,1.8555826186123504e-05,4.340075768871954e-08,8.610833776329294e-06,1.8994129945394626e-05,4.5453811813004385e-08,8.801546265682991e-06,1.9437519057089323e-05,4.75788194875577e-08,8.994094278264224e-06,1.988599209313185e-05,4.9777439907911826e-08,9.188469477419242e-06,2.033954760907627e-05,5.205135103071063e-08,9.38466353075466e-06,2.079818414411126e-05,0.5499999999999998
3.415803260172995e-08,7.685096254858029e-06,1.685349266156903e-05,3.587554979934039e-08,7.866505931501243e-06,1.727144105795701e-05,3.7657006220400646e-08,8.049792877372882e-06,1.769448035527563e-05,3.9503967154910236e-08,8.23494873502038e-06,1.8122609190976778e-05,4.141801668704955e-08,8.421965151083765e-06,1.8555826186123504e-05,4.340075768871954e-08,8.610833776329294e-06,1.8994129945394626e-05,4.5453811813004385e-08,8.801546265682991e-06,1.9437519057089323e-05,4.75788194875577e-08,8.994094278264224e-06,1.988599209313185e-05,4.9777439907911826e-08,9.188469477419242e-06,2.033954760907627e-05,5.205135103071063e-08,9.38466353075466e-06,2.079818414411126e-05,0.5499999999999998
3.415803260172995e-08,7.685096254858029e-06,1.685349266156903e-05,3.587554979934039e-08,7.866505931501243e-06,1.727144105795701e-05,3.7657006220400646e-08,8.049792877372882e-06,1.769448035527563e-05,3.9503967154910236e-08,8.23494873502038e-06,1.8122609190976778e-05,4.141801668704955e-08,8.421965151083765e-06,1.8555826186123504e-05,4.340075768871954e-08,8.610833776329294e-06,1.8994129945394626e-05,4.5453811813004385e-08,8.801546265682991e-06,1.9437519057089323e-05,4.75788194875577e-08,8.994094278264224e-06,1.988599209313185e-05,4.9777439907911826e-08,9.188469477419242e-06,2.033954760907627e-05,5.205135103071063e-08,9.38466353075466e-06,2.079818414411126e-05,0.5499999999999998
3.415803260172995e-08,7.685096254858029e-06,1.685349266156903e-05,3.587554979934039e-08,7.866505931501243e-06,1.727144105795701e-05,3.7657006220400646e-08,8.049792877372882e-06,1.769448035527563e-05,3.9503967154910236e-08,8.23494873502038e-06,1.8122609190976778e-05,4.141801668704955e-08,8.421965151083765e-06,1.8555826186123504e-05,4.340075768871954e-08,8.610833776329294e-06,1.8994129945394626e-05,4.5453811813004385e-08,8.801546265682991e-06,1.9437519057089323e-05,4.75788194875577e-08,8.994094278264224e-06,1.988599209313185e-05,4.9777439907911826e-08,9.188469477419242e-06,2.033954760907627e-05,5.205135103071063e-08,9.38466353075466e-06,2.079818414411126e-05,0.5499999999999998
3.415803260172995e-08,7.685096254858029e-06,1.685349266156903e-05,3.587554979934039e-08,7.866505931501243e-06,1.727144105795701e-05,3.7657006220400646e-08,8.049792877372882e-06,1.769448035527563e-05,3.9503967154910236e-08,8.23494873502038e-06,1.8122609190976778e-05,4.141801668704955e-08,8.421965151083765e-06,1.8555826186123504e-05,4.340075768871954e-08,8.610833776329294e-06,1.8994129945394626e-05,4.5453811813004385e-08,8.801546265682991e-06,1.9437519057089323e-05,4.75788194875577e-08,8.994094278264224e-06,1.988599209313185e-05,4.9777439907911826e-08,9.188469477419242e-06,2.033954760907627e-05,5.205135103071063e-08,9.38466353075466e-06,2.079818414411126e-05,0.5499999999999998
3.415803260172995e-08,7.685096254858029e-06,1.685349266156903e-05,3.587554979934039e-08,7.866505931501243e-06,1.727144105795701e-05,3.7657006220400646e-08,8.049792877372882e-06,1.769448035527563e-05,3.9503967154910236e-08,8.23494873502038e-06,1.8122609190976778e-05,4.141801668704955e-08,8.421965151083765e-06,1.8555826186123504e-05,4.340075768871954e-08,8.610833776329294e-06,1.8994129945394626e-05,4.5453811813004385e-08,8.801546265682991e-06,1.9437519057089323e-05,4.75788194875577e-08,8.994094278264224e-06,1.988599209313185e-05,4.9777439907911826e-08,9.188469477419242e-06,2.033954760907627e-05,5.205135103071063e-08,9.38466353075466e-06,2.079818414411126e-05,0.5499999999999998
3.415803260172995e-08,7.685096254858029e-06,1.685349266156903e-05,3.587554979934039e-08,7.866505931501243e-06,1.727144105795701e-05,3.7657006220400646e-08,8.049792877372882e-06,1.769448035527563e-05,3.9503967154910236e-08,8.23494873502038e-06,1.8122609190976778e-05,4.141801668704955e-08,8.421965151083765e-06,1.8555826186123504e-05,4.340075768871954e-08,8.610833776329294e-06,1.8994129945394626e-05,4.5453811813004385e-08,8.801546265682991e-06,1.9437519057089323e-05,4.75788194875577e-08,8.994094278264224e-06,1.988599209313185e-05,4.9777439907911826e-08,9.188469477419242e-06,2.033954760907627e-05,5.205135103071063e-08,9.38466353075466e-06,2.079818414411126e-05,0.5499999999999998
3.415803260172995e-08,7.685096254858029e-06,1.685349266156903e-05,3.587554979934039e-08,7.866505931501243e-06,1.727144105795701e-05,3.7657006220400646e-08,8.049792877372882e-06,1.769448035527563e-05,3.9503967154910236e-08,8.23494873502038e-06,1.8122609190976778e-05,4.141801668704955e-08,8.421965151083765e-06,1.8555826186123504e-05,4.340075768871954e-08,8.610833776329294e-06,1.8994129945394626e-05,4.5453811813004385e-08,8.801546265682991e-06,1.9437519057089323e-05,4.75788194875577e-08,8.994094278264224e-06,1.988599209313185e-05,4.9777439907911826e-08,9.188469477419242e-06,2.033954760907627e-05,5.205135103071063e-08,9.38466353075466e-06,2.079818414411126e-05,0.5499999999999998
3.415803260172995e-08,7.685096254858029e-06,1.685349266156903e-05,3.587554979934039e-08,7.866505931501243e-06,1.727144105795701e-05,3.7657006220400646e-08,8.049792877372882e-06,1.769448035527563e-05,3.9503967154910236e-08,8.23494873502038e-06,1.8122609190976778e-05,4.141801668704955e-08,8.421965151083765e-06,1.8555826186123504e-05,4.340075768871954e-08,8.610833776329294e-06,1.8994129945394626e-05,4.5453811813004385e-08,8.801546265682991e-06,1.9437519057089323e-05,4.75788194875577e-08,8.994094278264224e-06,1.988599209313185e-05,4.9777439907911826e-08,9.188469477419242e-06,2.033954760907627e-05,5.205135103071063e-08,9.38466353075466e-06,2.079818414411126e-05,0.5499999999999998
3.415803260172995e-08,7.685096254858029e-06,1.685349266156903e-05,3.587554979934039e-08,7.866505931501243e-06,1.727144105795701e-05,3.7657006220400646e-08,8.049792877372882e-06,1.769448035527563e-05,3.9503967154910236e-08,8.23494873502038e-06,1.8122609190976778e-05,4.141801668704955e-08,8.421965151083765e-06,1.8555826186123504e-05,4.340075768871954e-08,8.610833776329294e-06,1.8994129945394626e-05,4.5453811813004385e-08,8.801546265682991e-06,1.9437519057089323e-05,4.75788194875577e-08,8.994094278264224e-06,1.988599209313185e-05,4.9777439907911826e-08,9.188469477419242e-06,2.033954760907627e-05,5.205135103071063e-08,9.38466353075466e-06,2.079818414411126e-05,0.5499999999999998
3.415803260172995e-08,7.685096254858029e-06,1.685349266156903e-05,3.587554979934039e-08,7.866505931501243e-06,1.727144105795701e-05,3.7657006220400646e-08,8.049792877372882e-06,1.769448035527563e-05,3.9503967154910236e-08,8.23494873502038e-06,1.8122609190976778e-05,4.141801668704955e-08,8.421965151083765e-06,1.8555826186123504e-05,4.340075768871954e-08,8.610833776329294e-06,1.8994129945394626e-05,4.5453811813004385e-08,8.801546265682991e-06,1.9437519057089323e-05,4.75788194875577e-08,8.994094278264224e-06,1.988599209313185e-05,4.9777439907911826e-08,9.188469477419242e-06,2.033954760907627e-05,5.205135103071063e-08,9.38466353075466e-06,2.079818414411126e-05,0.5499999999999998
3.415803260172995e-08,7.685096254858029e-06,1.685349266156903e-05,3.587554979934039e-08,7.866505931501243e-06,1.727144105795701e-05,3.7657006220400646e-08,8.049792877372882e-06,1.769448035527563e-05,3.9503967154910236e-08,8.23494873502038e-06,1.8122609190976778e-05,4.141801668704955e-08,8.421965151083765e-06,1.8555826186123504e-05,4.340075768871954e-08,8.610833776329294e-06,1.8994129945394626e-05,4.5453811813004385e-08,8.801546265682991e-06,1.9437519057089323e-05,4.75788194875577e-08,8.994094278264224e-06,1.988599209313185e-05,4.9777439907911826e-08,9.188469477419242e-06,2.033954760907627e-05,5.205135103071063e-08,9.38466353075466e-06,2.079818414411126e-05,0.5499999999999998
3.415803260172995e-08,7.685096254858029e-06,1.685349266156903e-05,3.587554979934039e-08,7.866505931501243e-06,1.727144105795701e-05,3.7657006220400646e-08,8.049792877372882e-06,1.769448035527563e-05,3.9503967154910236e-08,8.23494873502038e-06,1.8122609190976778e-05,4.141801668704955e-08,8.421965151083765e-06,1.8555826186123504e-05,4.340075768871954e-08,8.610833776329294e-06,1.8994129945394626e-05,4.5453811813004385e-08,8.801546265682991e-06,1.9437519057089323e-05,4.75788194875577e-08,8.994094278264224e-06,1.988599209313185e-05,4.9777439907911826e-08,9.188469477419242e-06,2.033954760907627e-05,5.205135103071063e-08,9.38466353075466e-06,2.079818414411126e-05,0.5499999999999998
3.415803260172995e-08,7.685096254858029e-06,1.685349266156903e-05,3.587554979934039e-08,7.866505931501243e-06,1.727144105795701e-05,3.7657006220400646e-08,8.049792877372882e-06,1.769448035527563e-05,3.9503967154910236e-08,8.23494873502038e-06,1.8122609190976778e-05,4.141801668704955e-08,8.421965151083765e-06,1.8555826186123504e-05,4.340075768871954e-08,8.610833776329294e-06,1.8994129945394626e-05,4.5453811813004385e-08,8.801546265682991e-06,1.9437519057089323e-05,4.75788194875577e-08,8.994094278264224e-06,1.988599209313185e-05,4.9777439907911826e-08,9.188469477419242e-06,2.033954760907627e-05,5.205135103071063e-08,9.38466353075466e-06,2.079818414411126e-05,0.5499999999999998
3.415803260172995e-08,7.685096254858029e-06,1.685349266156903e-05,3.587554979934039e-08,7.866505931501243e-06,1.727144105795701e-05,3.7657006220400646e-08,8.049792877372882e-06,1.769448035527563e-05,3.9503967154910236e-08,8.23494873502038e-06,1.8122609190976778e-05,4.141801668704955e-08,8.421965151083765e-06,1.8555826186123504e-05,4.340075768871954e-08,8.610833776329294e-06,1.8994129945394626e-05,4.5453811813004385e-08,8.801546265682991e-06,1.9437519057089323e-05,4.75788194875577e-08,8.994094278264224e-06,1.988599209313185e-05,4.9777439907911826e-08,9.188469477419242e-06,2.033954760907627e-05,5.205135103071063e-08,9.38466353075466e-06,2.079818414411126e-05,0.5499999999999998
3.415803260172995e-08,7.685096254858029e-06,1.685349266156903e-05,3.587554979934039e-08,7.866505931501243e-06,1.727144105795701e-05,3.7657006220400646e-08,8.049792877372882e-06,1.769448035527563e-05,3.9503967154910236e-08,8.23494873502038e-06,1.8122609190976778e-05,4.141801668704955e-08,8.421965151083765e-06,1.8555826186123504e-05,4.340075768871954e-08,8.610833776329294e-06,1.8994129945394626e-05,4.5453811813004385e-08,8.801546265682991e-06,1.9437519057089323e-05,4.75788194875577e-08,8.994094278264224e-06,1.988599209313185e-05,4.9777439907911826e-08,9.188469477419242e-06,2.033954760907627e-05,5.205135103071063e-08,9.38466353075466e-06,2.079818414411126e-05,0.5499999999999998
3.415803260172995e-08,7.685096254858029e-06,1.685349266156903e-05,3.587554979934039e-08,7.866505931501243e-06,1.727144105795701e-05,3.7657006220400646e-08,8.049792877372882e-06,1.769448035527563e-05,3.9503967154910236e-08,8.23494873502038e-06,1.8122609190976778e-05,4.141801668704955e-08,8.421965151083765e-06,1.8555826186123504e-05,4.340075768871954e-08,8.610833776329294e-06,1.8994129945394626e-05,4.5453811813004385e-08,8.801546265682991e-06,1.9437519057089323e-05,4.75788194875577e-08,8.994094278264224e-06,1.988599209313185e-05,4.9777439907911826e-08,9.188469477419242e-06,2.033954760907627e-05,5.205135103071063e-08,9.38466353075466e-06,2.079818414411126e-05,0.5499999999999998
3.415803260172995e-08,7.685096254858029e-06,1.685349266156903e-05,3.587554979934039e-08,7.866505931501243e-06,1.727144105795701e-05,3.7657006220400646e-08,8.049792877372882e-06,1.769448035527563e-05,3.9503967154910236e-08,8.23494873502038e-06,1.8122609190976778e-05,4.141801668704955e-08,8.421965151083765e-06,1.8555826186123504e-05,4.340075768871954e-08,8.610833776329294e-06,1.8994129945394626e-05,4.5453811813004385e-08,8.801546265682991e-06,1.9437519057089323e-05,4.75788194875577e-08,8.994094278264224e-06,1.988599209313185e-05,4.9777439907911826e-08,9.188469477419242e-06,2.033954760907627e-05,5.205135103071063e-08,9.38466353075466e-06,2.079818414411126e-05,0.5499999999999998
3.415803260172995e-08,7.685096254858029e-06,1.685349266156903e-05,3.587554979934039e-08,7.866505931501243e-06,1.727144105795701e-05,3.7657006220400646e-08,8.049792877372882e-06,1.769448035527563e-05,3.9503967154910236e-08,8.23494873502038e-06,1.8122609190976778e-05,4.141801668704955e-08,8.421965151083765e-06,1.8555826186123504e-05,4.340075768871954e-08,8.610833776329294e-06,1.8994129945394626e-05,4.5453811813004385e-08,8.801546265682991e-06,1.9437519057089323e-05,4.75788194875577e-08,8.994094278264224e-06,1.988599209313185e-05,4.9777439907911826e-08,9.188469477419242e-06,2.033954760907627e-05,5.205135103071063e-08,9.38466353075466e-06,2.079818414411126e-05,0.5499999999999998
3.415803260172995e-08,7.685096254858029e-06,1.685349266156903e-05,3.587554979934039e-08,7.866505931501243e-06,1.727144105795701e-05,3.7657006220400646e-08,8.049792877372882e-06,1.769448035527563e-05,3.9503967154910236e-08,8.23494873502038e-06,1.8122609190976778e-05,4.141801668704955e-08,8.421965151083765e-06,1.8555826186123504e-05,4.340075768871954e-08,8.610833776329294e-06,1.8994129945394626e-05,4.5453811813004385e-08,8.801546265682991e-06,1.9437519057089323e-05,4.75788194875577e-08,8.994094278264224e-06,1.988599209313185e-05,4.9777439907911826e-08,9.188469477419242e-06,2.033954760907627e-05,5.205135103071063e-08,9.38466353075466e-06,2.079818414411126e-05,0.5499999999999998
3.415803260172995e-08,7.685096254858029e-06,1.685349266156903e-05,3.587554979934039e-08,7.866505931501243e-06,1.727144105795701e-05,3.7657006220400646e-08,8.049792877372882e-06,1.769448035527563e-05,3.9503967154910236e-08,8.23494873502038e-06,1.8122609190976778e-05,4.141801668704955e-08,8.421965151083765e-06,1.8555826186123504e-05,4.340075768871954e-08,8.610833776329294e-06,1.8994129945394626e-05,4.5453811813004385e-08,8.801546265682991e-06,1.9437519057089323e-05,4.75788194875577e-08,8.994094278264224e-06,1.988599209313185e-05,4.9777439907911826e-08,9.188469477419242e-06,2.033954760907627e-05,5.205135103071063e-08,9.38466353075466e-06,2.079818414411126e-05,0.5499999999999998
3.415803260172995e-08,7.685096254858029e-06,1.685349266156903e-05,3.587554979934039e-08,7.866505931501243e-06,1.727144105795701e-05,3.7657006220400646e-08,8.049792877372882e-06,1.769448035527563e-05,3.9503967154910236e-08,8.23494873502038e-06,1.8122609190976778e-05,4.141801668704955e-08,8.421965151083765e-06,1.8555826186123504e-05,4.340075768871954e-08,8.610833776329294e-06,1.8994129945394626e-05,4.5453811813004385e-08,8.801546265682991e-06,1.9437519057089323e-05,4.75788194875577e-08,8.994094278264224e-06,1.988599209313185e-05,4.9777439907911826e-08,9.188469477419242e-06,2.033954760907627e-05,5.205135103071063e-08,9.38466353075466e-06,2.079818414411126e-05,0.5499999999999998
3.415803260172995e-08,7.685096254858029e-06,1.685349266156903e-05,3.587554979934039e-08,7.866505931501243e-06,1.727144105795701e-05,3.7657006220400646e-08,8.049792877372882e-06,1.769448035527563e-05,3.9503967154910236e-08,8.23494873502038e-06,1.8122609190976778e-05,4.141801668704955e-08,8.421965151083765e-06,1.8555826186123504e-05,4.340075768871954e-08,8.610833776329294e-06,1.8994129945394626e-05,4.5453811813004385e-08,8.801546265682991e-06,1.9437519057089323e-05,4.75788194875577e-08,8.994094278264224e-06,1.988599209313185e-05,4.9777439907911826e-08,9.188469477419242e-06,2.033954760907627e-05,5.205135103071063e-08,9.38466353075466e-06,2.079818414411126e-05,0.5499999999999998
3.415803260172995e-08,7.685096254858029e-06,1.685349266156903e-05,3.587554979934039e-08,7.866505931501243e-06,1.727144105795701e-05,3.7657006220400646e-08,8.049792877372882e-06,1.769448035527563e-05,3.9503967154910236e-08,8.23494873502038e-06,1.8122609190976778e-05,4.141801668704955e-08,8.421965151083765e-06,1.8555826186123504e-05,4.340075768871954e-08,8.610833776329294e-06,1.8994129945394626e-05,4.5453811813004385e-08,8.801546265682991e-06,1.9437519057089323e-05,4.75788194875577e-08,8.994094278264224e-06,1.988599209313185e-05,4.9777439907911826e-08,9.188469477419242e-06,2.033954760907627e-05,5.205135103071063e-08,9.38466353075466e-06,2.079818414411126e-05,0.5499999999999998
3.415803260172995e-08,7.685096254858029e-06,1.685349266156903e-05,3.587554979934039e-08,7.866505931501243e-06,1.727144105795701e-05,3.7657006220400646e-08,8.049792877372882e-06,1.769448035527563e-05,3.9503967154910236e-08,8.23494873502038e-06,1.8122609190976778e-05,4.141801668704955e-08,8.421965151083765e-06,1.8555826186123504e-05,4.340075768871954e-08,8.610833776329294e-06,1.8994129945394626e-05,4.5453811813004385e-08,8.801546265682991e-06,1.9437519057089323e-05,4.75788194875577e-08,8.994094278264224e-06,1.988599209313185e-05,4.9777439907911826e-08,9.188469477419242e-06,2.033954760907627e-05,5.205135103071063e-08,9.38466353075466e-06,2.079818414411126e-05,0.5499999999999998
3.415803260172995e-08,7.685096254858029e-06,1.685349266156903e-05,3.587554979934039e-08,7.866505931501243e-06,1.727144105795701e-05,3.7657006220400646e-08,8.049792877372882e-06,1.769448035527563e-05,3.9503967154910236e-08,8.23494873502038e-06,1.8122609190976778e-05,4.141801668704955e-08,8.421965151083765e-06,1.8555826186123504e-05,4.340075768871954e-08,8.610833776329294e-06,1.8994129945394626e-05,4.5453811813004385e-08,8.801546265682991e-06,1.9437519057089323e-05,4.75788194875577e-08,8.994094278264224e-06,1.988599209313185e-05,4.9777439907911826e-08,9.188469477419242e-06,2.033954760907627e-05,5.205135103071063e-08,9.38466353075466e-06,2.079818414411126e-05,0.5499999999999998
3.415803260172995e-08,7.685096254858029e-06,1.685349266156903e-05,3.587554979934039e-08,7.866505931501243e-06,1.727144105795701e-05,3.7657006220400646e-08,8.049792877372882e-06,1.769448035527563e-05,3.9503967154910236e-08,8.23494873502038e-06,1.8122609190976778e-05,4.141801668704955e-08,8.421965151083765e-06,1.8555826186123504e-05,4.340075768871954e-08,8.610833776329294e-06,1.8994129945394626e-05,4.5453811813004385e-08,8.801546265682991e-06,1.9437519057089323e-05,4.75788194875577e-08,8.994094278264224e-06,1.988599209313185e-05,4.9777439907911826e-08,9.188469477419242e-06,2.033954760907627e-05,5.205135103071063e-08,9.38466353075466e-06,2.079818414411126e-05,0.5499999999999998
3.415803260172995e-08,7.685096254858029e-06,1.685349266156903e-05,3.587554979934039e-08,7.866505931501243e-06,1.727144105795701e-05,3.7657006220400646e-08,8.049792877372882e-06,1.769448035527563e-05,3.9503967154910236e-08,8.23494873502038e-06,1.8122609190976778e-05,4.141801668704955e-08,8.421965151083765e-06,1.8555826186123504e-05,4.340075768871954e-08,8.610833776329294e-06,1.8994129945394626e-05,4.5453811813004385e-08,8.801546265682991e-06,1.9437519057089323e-05,4.75788194875577e-08,8.994094278264224e-06,1.988599209313185e-05,4.9777439907911826e-08,9.188469477419242e-06,2.033954760907627e-05,5.205135103071063e-08,9.38466353075466e-06,2.079818414411126e-05,0.5499999999999998
3.415803260172995e-08,7.685096254858029e-06,1.685349266156903e-05,3.587554979934039e-08,7.866505931501243e-06,1.727144105795701e-05,3.7657006220400646e-08,8.049792877372882e-06,1.769448035527563e-05,3.9503967154910236e-08,8.23494873502038e-06,1.8122609190976778e-05,4.141801668704955e-08,8.421965151083765e-06,1.8555826186123504e-05,4.340075768871954e-08,8.610833776329294e-06,1.8994129945394626e-05,4.5453811813004385e-08,8.801546265682991e-06,1.9437519057089323e-05,4.75788194875577e-08,8.994094278264224e-06,1.988599209313185e-05,4.9777439907911826e-08,9.188469477419242e-06,2.033954760907627e-05,5.205135103071063e-08,9.38466353075466e-06,2.079818414411126e-05,0.5499999999999998
3.415803260172995e-08,7.685096254858029e-06,1.685349266156903e-05,3.587554979934039e-08,7.866505931501243e-06,1.727144105795701e-05,3.7657006220400646e-08,8.049792877372882e-06,1.769448035527563e-05,3.9503967154910236e-08,8.23494873502038e-06,1.8122609190976778e-05,4.141801668704955e-08,8.421965151083765e-06,1.8555826186123504e-05,4.340075768871954e-08,8.610833776329294e-06,1.8994129945394626e-05,4.5453811813004385e-08,8.801546265682991e-06,1.9437519057089323e-05,4.75788194875577e-08,8.994094278264224e-06,1.988599209313185e-05,4.9777439907911826e-08,9.188469477419242e-06,2.033954760907627e-05,5.205135103071063e-08,9.38466353075466e-06,2.079818414411126e-05,0.5499999999999998
3.415803260172995e-08,7.685096254858029e-06,1.685349266156903e-05,3.587554979934039e-08,7.866505931501243e-06,1.727144105795701e-05,3.7657006220400646e-08,8.049792877372882e-06,1.769448035527563e-05,3.9503967154910236e-08,8.23494873502038e-06,1.8122609190976778e-05,4.141801668704955e-08,8.421965151083765e-06,1.8555826186123504e-05,4.340075768871954e-08,8.610833776329294e-06,1.8994129945394626e-05,4.5453811813004385e-08,8.801546265682991e-06,1.9437519057089323e-05,4.75788194875577e-08,8.994094278264224e-06,1.988599209313185e-05,4.9777439907911826e-08,9.188469477419242e-06,2.033954760907627e-05,5.205135103071063e-08,9.38466353075466e-06,2.079818414411126e-05,0.5499999999999998
3.415803260172995e-08,7.685096254858029e-06,1.685349266156903e-05,3.587554979934039e-08,7.866505931501243e-06,1.727144105795701e-05,3.7657006220400646e-08,8.049792877372882e-06,1.769448035527563e-05,3.9503967154910236e-08,8.23494873502038e-06,1.8122609190976778e-05,4.141801668704955e-08,8.421965151083765e-06,1.8555826186123504e-05,4.340075768871954e-08,8.610833776329294e-06,1.8994129945394626e-05,4.5453811813004385e-08,8.801546265682991e-06,1.9437519057089323e-05,4.75788194875577e-08,8.994094278264224e-06,1.988599209313185e-05,4.9777439907911826e-08,9.188469477419242e-06,2.033954760907627e-05,5.205135103071063e-08,9.38466353075466e-06,2.079818414411126e-05,0.5499999999999998
3.415803260172995e-08,7.685096254858029e-06,1.685349266156903e-05,3.587554979934039e-08,7.866505931501243e-06,1.727144105795701e-05,3.7657006220400646e-08,8.049792877372882e-06,1.769448035527563e-05,3.9503967154910236e-08,8.23494873502038e-06,1.8122609190976778e-05,4.141801668704955e-08,8.421965151083765e-06,1.8555826186123504e-05,4.340075768871954e-08,8.610833776329294e-06,1.8994129945394626e-05,4.5453811813004385e-08,8.801546265682991e-06,1.9437519057089323e-05,4.75788194875577e-08,8.994094278264224e-06,1.988599209313185e-05,4.9777439907911826e-08,9.188469477419242e-06,2.033954760907627e-05,5.205135103071063e-08,9.38466353075466e-06,2.079818414411126e-05,0.5499999999999998
3.415803260172995e-08,7.685096254858029e-06,1.685349266156903e-05,3.587554979934039e-08,7.866505931501243e-06,1.727144105795701e-05,3.7657006220400646e-08,8.049792877372882e-06,1.769448035527563e-05,3.9503967154910236e-08,8.23494873502038e-06,1.8122609190976778e-05,4.141801668704955e-08,8.421965151083765e-06,1.8555826186123504e-05,4.340075768871954e-08,8.610833776329294e-06,1.8994129945394626e-05,4.5453811813004385e-08,8.801546265682991e-06,1.9437519057089323e-05,4.75788194875577e-08,8.994094278264224e-06,1.988599209313185e-05,4.9777439907911826e-08,9.188469477419242e-06,2.033954760907627e-05,5.205135103071063e-08,9.38466353075466e-06,2.079818414411126e-05,0.5499999999999998
3.415803260172995e-08,7.685096254858029e-06,1.685349266156903e-05,3.587554979934039e-08,7.866505931501243e-06,1.727144105795701e-05,3.7657006220400646e-08,8.049792877372882e-06,1.769448035527563e-05,3.9503967154910236e-08,8.23494873502038e-06,1.8122609190976778e-05,4.141801668704955e-08,8.421965151083765e-06,1.8555826186123504e-05,4.340075768871954e-08,8.610833776329294e-06,1.8994129945394626e-05,4.5453811813004385e-08,8.801546265682991e-06,1.9437519057089323e-05,4.75788194875577e-08,8.994094278264224e-06,1.988599209313185e-05,4.9777439907911826e-08,9.188469477419242e-06,2.033954760907627e-05,5.205135103071063e-08,9.38466353075466e-06,2.079818414411126e-05,0.5499999999999998
3.415803260172995e-08,7.685096254858029e-06,1.685349266156903e-05,3.587554979934039e-08,7.866505931501243e-06,1.727144105795701e-05,3.7657006220400646e-08,8.049792877372882e-06,1.769448035527563e-05,3.9503967154910236e-08,8.23494873502038e-06,1.8122609190976778e-05,4.141801668704955e-08,8.421965151083765e-06,1.8555826186123504e-05,4.340075768871954e-08,8.610833776329294e-06,1.8994129945394626e-05,4.5453811813004385e-08,8.801546265682991e-06,1.9437519057089323e-05,4.75788194875577e-08,8.994094278264224e-06,1.988599209313185e-05,4.9777439907911826e-08,9.188469477419242e-06,2.033954760907627e-05,5.205135103071063e-08,9.38466353075466e-06,2.079818414411126e-05,0.5499999999999998
3.415803260172995e-08,7.685096254858029e-06,1.685349266156903e-05,3.587554979934039e-08,7.866505931501243e-06,1.727144105795701e-05,3.7657006220400646e-08,8.049792877372882e-06,1.769448035527563e-05,3.9503967154910236e-08,8.23494873502038e-06,1.8122609190976778e-05,4.141801668704955e-08,8.421965151083765e-06,1.8555826186123504e-05,4.340075768871954e-08,8.610833776329294e-06,1.8994129945394626e-05,4.5453811813004385e-08,8.801546265682991e-06,1.9437519057089323e-05,4.75788194875577e-08,8.994094278264224e-06,1.988599209313185e-05,4.9777439907911826e-08,9.188469477419242e-06,2.033954760907627e-05,5.205135103071063e-08,9.38466353075466e-06,2.079818414411126e-05,0.5499999999999998
3.415803260172995e-08,7.685096254858029e-06,1.685349266156903e-05,3.587554979934039e-08,7.866505931501243e-06,1.727144105795701e-05,3.7657006220400646e-08,8.049792877372882e-06,1.769448035527563e-05,3.9503967154910236e-08,8.23494873502038e-06,1.8122609190976778e-05,4.141801668704955e-08,8.421965151083765e-06,1.8555826186123504e-05,4.340075768871954e-08,8.610833776329294e-06,1.8994129945394626e-05,4.5453811813004385e-08,8.801546265682991e-06,1.9437519057089323e-05,4.75788194875577e-08,8.994094278264224e-06,1.988599209313185e-05,4.9777439907911826e-08,9.188469477419242e-06,2.033954760907627e-05,5.205135103071063e-08,9.38466353075466e-06,2.079818414411126e-05,0.5499999999999998
3.415803260172995e-08,7.685096254858029e-06,1.685349266156903e-05,3.587554979934039e-08,7.866505931501243e-06,1.727144105795701e-05,3.7657006220400646e-08,8.049792877372882e-06,1.769448035527563e-05,3.9503967154910236e-08,8.23494873502038e-06,1.8122609190976778e-05,4.141801668704955e-08,8.421965151083765e-06,1.8555826186123504e-05,4.340075768871954e-08,8.610833776329294e-06,1.8994129945394626e-05,4.5453811813004385e-08,8.801546265682991e-06,1.9437519057089323e-05,4.75788194875577e-08,8.994094278264224e-06,1.988599209313185e-05,4.9777439907911826e-08,9.188469477419242e-06,2.033954760907627e-05,5.205135103071063e-08,9.38466353075466e-06,2.079818414411126e-05,0.5499999999999998
3.415803260172995e-08,7.685096254858029e-06,1.685349266156903e-05,3.587554979934039e-08,7.866505931501243e-06,1.727144105795701e-05,3.7657006220400646e-08,8.049792877372882e-06,1.769448035527563e-05,3.9503967154910236e-08,8.23494873502038e-06,1.8122609190976778e-05,4.141801668704955e-08,8.421965151083765e-06,1.8555826186123504e-05,4.340075768871954e-08,8.610833776329294e-06,1.8994129945394626e-05,4.5453811813004385e-08,8.801546265682991e-06,1.9437519057089323e-05,4.75788194875577e-08,8.994094278264224e-06,1.988599209313185e-05,4.9777439907911826e-08,9.188469477419242e-06,2.033954760907627e-05,5.205135103071063e-08,9.38466353075466e-06,2.079818414411126e-05,0.5499999999999998
3.415803260172995e-08,7.685096254858029e-06,1.685349266156903e-05,3.587554979934039e-08,7.866505931501243e-06,1.727144105795701e-05,3.7657006220400646e-08,8.049792877372882e-06,1.769448035527563e-05,3.9503967154910236e-08,8.23494873502038e-06,1.8122609190976778e-05,4.141801668704955e-08,8.421965151083765e-06,1.8555826186123504e-05,4.340075768871954e-08,8.610833776329294e-06,1.8994129945394626e-05,4.5453811813004385e-08,8.801546265682991e-06,1.9437519057089323e-05,4.75788194875577e-08,8.994094278264224e-06,1.988599209313185e-05,4.9777439907911826e-08,9.188469477419242e-06,2.033954760907627e-05,5.205135103071063e-08,9.38466353075466e-06,2.079818414411126e-05,0.5499999999999998
3.415803260172995e-08,7.685096254858029e-06,1.685349266156903e-05,3.587554979934039e-08,7.866505931501243e-06,1.727144105795701e-05,3.7657006220400646e-08,8.049792877372882e-06,1.769448035527563e-05,3.9503967154910236e-08,8.23494873502038e-06,1.8122609190976778e-05,4.141801668704955e-08,8.421965151083765e-06,1.8555826186123504e-05,4.340075768871954e-08,8.610833776329294e-06,1.8994129945394626e-05,4.5453811813004385e-08,8.801546265682991e-06,1.9437519057089323e-05,4.75788194875577e-08,8.994094278264224e-06,1.988599209313185e-05,4.9777439907911826e-08,9.188469477419242e-06,2.033954760907627e-05,5.205135103071063e-08,9.38466353075466e-06,2.079818414411126e-05,0.5499999999999998
3.415803260172995e-08,7.685096254858029e-06,1.685349266156903e-05,3.587554979934039e-08,7.866505931501243e-06,1.727144105795701e-05,3.7657006220400646e-08,8.049792877372882e-06,1.769448035527563e-05,3.9503967154910236e-08,8.23494873502038e-06,1.8122609190976778e-05,4.141801668704955e-08,8.421965151083765e-06,1.8555826186123504e-05,4.340075768871954e-08,8.610833776329294e-06,1.8994129945394626e-05,4.5453811813004385e-08,8.801546265682991e-06,1.9437519057089323e-05,4.75788194875577e-08,8.994094278264224e-06,1.988599209313185e-05,4.9777439907911826e-08,9.188469477419242e-06,2.033954760907627e-05,5.205135103071063e-08,9.38466353075466e-06,2.079818414411126e-05,0.5499999999999998
3.415803260172995e-08,7.685096254858029e-06,1.685349266156903e-05,3.587554979934039e-08,7.866505931501243e-06,1.727144105795701e-05,3.7657006220400646e-08,8.049792877372882e-06,1.769448035527563e-05,3.9503967154910236e-08,8.23494873502038e-06,1.8122609190976778e-05,4.141801668704955e-08,8.421965151083765e-06,1.8555826186123504e-05,4.340075768871954e-08,8.610833776329294e-06,1.8994129945394626e-05,4.5453811813004385e-08,8.801546265682991e-06,1.9437519057089323e-05,4.75788194875577e-08,8.994094278264224e-06,1.988599209313185e-05,4.9777439907911826e-08,9.188469477419242e-06,2.033954760907627e-05,5.205135103071063e-08,9.38466353075466e-06,2.079818414411126e-05,0.5499999999999998
3.415803260172995e-08,7.685096254858029e-06,1.685349266156903e-05,3.587554979934039e-08,7.866505931501243e-06,1.727144105795701e-05,3.7657006220400646e-08,8.049792877372882e-06,1.769448035527563e-05,3.9503967154910236e-08,8.23494873502038e-06,1.8122609190976778e-05,4.141801668704955e-08,8.421965151083765e-06,1.8555826186123504e-05,4.340075768871954e-08,8.610833776329294e-06,1.8994129945394626e-05,4.5453811813004385e-08,8.801546265682991e-06,1.9437519057089323e-05,4.75788194875577e-08,8.994094278264224e-06,1.988599209313185e-05,4.9777439907911826e-08,9.188469477419242e-06,2.033954760907627e-05,5.205135103071063e-08,9.38466353075466e-06,2.079818414411126e-05,0.5499999999999998
3.415803260172995e-08,7.685096254858029e-06,1.685349266156903e-05,3.587554979934039e-08,7.866505931501243e-06,1.727144105795701e-05,3.7657006220400646e-08,8.049792877372882e-06,1.769448035527563e-05,3.9503967154910236e-08,8.23494873502038e-06,1.8122609190976778e-05,4.141801668704955e-08,8.421965151083765e-06,1.8555826186123504e-05,4.340075768871954e-08,8.610833776329294e-06,1.8994129945394626e-05,4.5453811813004385e-08,8.801546265682991e-06,1.9437519057089323e-05,4.75788194875577e-08,8.994094278264224e-06,1.988599209313185e-05,4.9777439907911826e-08,9.188469477419242e-06,2.033954760907627e-05,5.205135103071063e-08,9.38466353075466e-06,2.079818414411126e-05,0.5499999999999998
3.415803260172995e-08,7.685096254858029e-06,1.685349266156903e-05,3.587554979934039e-08,7.866505931501243e-06,1.727144105795701e-05,3.7657006220400646e-08,8.049792877372882e-06,1.769448035527563e-05,3.9503967154910236e-08,8.23494873502038e-06,1.8122609190976778e-05,4.141801668704955e-08,8.421965151083765e-06,1.8555826186123504e-05,4.340075768871954e-08,8.610833776329294e-06,1.8994129945394626e-05,4.5453811813004385e-08,8.801546265682991e-06,1.9437519057089323e-05,4.75788194875577e-08,8.994094278264224e-06,1.988599209313185e-05,4.9777439907911826e-08,9.188469477419242e-06,2.033954760907627e-05,5.205135103071063e-08,9.38466353075466e-06,2.079818414411126e-05,0.5499999999999998
3.415803260172995e-08,7.685096254858029e-06,1.685349266156903e-05,3.587554979934039e-08,7.866505931501243e-06,1.727144105795701e-05,3.7657006220400646e-08,8.049792877372882e-06,1.769448035527563e-05,3.9503967154910236e-08,8.23494873502038e-06,1.8122609190976778e-05,4.141801668704955e-08,8.421965151083765e-06,1.8555826186123504e-05,4.340075768871954e-08,8.610833776329294e-06,1.8994129945394626e-05,4.5453811813004385e-08,8.801546265682991e-06,1.9437519057089323e-05,4.75788194875577e-08,8.994094278264224e-06,1.988599209313185e-05,4.9777439907911826e-08,9.188469477419242e-06,2.033954760907627e-05,5.205135103071063e-08,9.38466353075466e-06,2.079818414411126e-05,0.5499999999999998
3.415803260172995e-08,7.685096254858029e-06,1.685349266156903e-05,3.587554979934039e-08,7.866505931501243e-06,1.727144105795701e-05,3.7657006220400646e-08,8.049792877372882e-06,1.769448035527563e-05,3.9503967154910236e-08,8.23494873502038e-06,1.8122609190976778e-05,4.141801668704955e-08,8.421965151083765e-06,1.8555826186123504e-05,4.340075768871954e-08,8.610833776329294e-06,1.8994129945394626e-05,4.5453811813004385e-08,8.801546265682991e-06,1.9437519057089323e-05,4.75788194875577e-08,8.994094278264224e-06,1.988599209313185e-05,4.9777439907911826e-08,9.188469477419242e-06,2.033954760907627e-05,5.205135103071063e-08,9.38466353075466e-06,2.079818414411126e-05,0.5499999999999998
3.415803260172995e-08,7.685096254858029e-06,1.685349266156903e-05,3.587554979934039e-08,7.866505931501243e-06,1.727144105795701e-05,3.7657006220400646e-08,8.049792877372882e-06,1.769448035527563e-05,3.9503967154910236e-08,8.23494873502038e-06,1.8122609190976778e-05,4.141801668704955e-08,8.421965151083765e-06,1.8555826186123504e-05,4.340075768871954e-08,8.610833776329294e-06,1.8994129945394626e-05,4.5453811813004385e-08,8.801546265682991e-06,1.9437519057089323e-05,4.75788194875577e-08,8.994094278264224e-06,1.988599209313185e-05,4.9777439907911826e-08,9.188469477419242e-06,2.033954760907627e-05,5.205135103071063e-08,9.38466353075466e-06,2.079818414411126e-05,0.5499999999999998
3.415803260172995e-08,7.685096254858029e-06,1.685349266156903e-05,3.587554979934039e-08,7.866505931501243e-06,1.727144105795701e-05,3.7657006220400646e-08,8.049792877372882e-06,1.769448035527563e-05,3.9503967154910236e-08,8.23494873502038e-06,1.8122609190976778e-05,4.141801668704955e-08,8.421965151083765e-06,1.8555826186123504e-05,4.340075768871954e-08,8.610833776329294e-06,1.8994129945394626e-05,4.5453811813004385e-08,8.801546265682991e-06,1.9437519057089323e-05,4.75788194875577e-08,8.994094278264224e-06,1.988599209313185e-05,4.9777439907911826e-08,9.188469477419242e-06,2.033954760907627e-05,5.205135103071063e-08,9.38466353075466e-06,2.079818414411126e-05,0.5499999999999998
3.415803260172995e-08,7.685096254858029e-06,1.685349266156903e-05,3.587554979934039e-08,7.866505931501243e-06,1.727144105795701e-05,3.7657006220400646e-08,8.049792877372882e-06,1.769448035527563e-05,3.9503967154910236e-08,8.23494873502038e-06,1.8122609190976778e-05,4.141801668704955e-08,8.421965151083765e-06,1.8555826186123504e-05,4.340075768871954e-08,8.610833776329294e-06,1.8994129945394626e-05,4.5453811813004385e-08,8.801546265682991e-06,1.9437519057089323e-05,4.75788194875577e-08,8.994094278264224e-06,1.988599209313185e-05,4.9777439907911826e-08,9.188469477419242e-06,2.033954760907627e-05,5.205135103071063e-08,9.38466353075466e-06,2.079818414411126e-05,0.5499999999999998
3.415803260172995e-08,7.685096254858029e-06,1.685349266156903e-05,3.587554979934039e-08,7.866505931501243e-06,1.727144105795701e-05,3.7657006220400646e-08,8.049792877372882e-06,1.769448035527563e-05,3.9503967154910236e-08,8.23494873502038e-06,1.8122609190976778e-05,4.141801668704955e-08,8.421965151083765e-06,1.8555826186123504e-05,4.340075768871954e-08,8.610833776329294e-06,1.8994129945394626e-05,4.5453811813004385e-08,8.801546265682991e-06,1.9437519057089323e-05,4.75788194875577e-08,8.994094278264224e-06,1.988599209313185e-05,4.9777439907911826e-08,9.188469477419242e-06,2.033954760907627e-05,5.205135103071063e-08,9.38466353075466e-06,2.079818414411126e-05,0.5499999999999998
3.415803260172995e-08,7.685096254858029e-06,1.685349266156903e-05,3.587554979934039e-08,7.866505931501243e-06,1.727144105795701e-05,3.7657006220400646e-08,8.049792877372882e-06,1.769448035527563e-05,3.9503967154910236e-08,8.23494873502038e-06,1.8122609190976778e-05,4.141801668704955e-08,8.421965151083765e-06,1.8555826186123504e-05,4.340075768871954e-08,8.610833776329294e-06,1.8994129945394626e-05,4.5453811813004385e-08,8.801546265682991e-06,1.9437519057089323e-05,4.75788194875577e-08,8.994094278264224e-06,1.988599209313185e-05,4.9777439907911826e-08,9.188469477419242e-06,2.033954760907627e-05,5.205135103071063e-08,9.38466353075466e-06,2.079818414411126e-05,0.5499999999999998
3.415803260172995e-08,7.685096254858029e-06,1.685349266156903e-05,3.587554979934039e-08,7.866505931501243e-06,1.727144105795701e-05,3.7657006220400646e-08,8.049792877372882e-06,1.769448035527563e-05,3.9503967154910236e-08,8.23494873502038e-06,1.8122609190976778e-05,4.141801668704955e-08,8.421965151083765e-06,1.8555826186123504e-05,4.340075768871954e-08,8.610833776329294e-06,1.8994129945394626e-05,4.5453811813004385e-08,8.801546265682991e-06,1.9437519057089323e-05,4.75788194875577e-08,8.994094278264224e-06,1.988599209313185e-05,4.9777439907911826e-08,9.188469477419242e-06,2.033954760907627e-05,5.205135103071063e-08,9.38466353075466e-06,2.079818414411126e-05,0.5499999999999998
3.415803260172995e-08,7.685096254858029e-06,1.685349266156903e-05,3.587554979934039e-08,7.866505931501243e-06,1.727144105795701e-05,3.7657006220400646e-08,8.049792877372882e-06,1.769448035527563e-05,3.9503967154910236e-08,8.23494873502038e-06,1.8122609190976778e-05,4.141801668704955e-08,8.421965151083765e-06,1.8555826186123504e-05,4.340075768871954e-08,8.610833776329294e-06,1.8994129945394626e-05,4.5453811813004385e-08,8.801546265682991e-06,1.9437519057089323e-05,4.75788194875577e-08,8.994094278264224e-06,1.988599209313185e-05,4.9777439907911826e-08,9.188469477419242e-06,2.033954760907627e-05,5.205135103071063e-08,9.38466353075466e-06,2.079818414411126e-05,0.5499999999999998
3.415803260172995e-08,7.685096254858029e-06,1.685349266156903e-05,3.587554979934039e-08,7.866505931501243e-06,1.727144105795701e-05,3.7657006220400646e-08,8.049792877372882e-06,1.769448035527563e-05,3.9503967154910236e-08,8.23494873502038e-06,1.8122609190976778e-05,4.141801668704955e-08,8.421965151083765e-06,1.8555826186123504e-05,4.340075768871954e-08,8.610833776329294e-06,1.8994129945394626e-05,4.5453811813004385e-08,8.801546265682991e-06,1.9437519057089323e-05,4.75788194875577e-08,8.994094278264224e-06,1.988599209313185e-05,4.9777439907911826e-08,9.188469477419242e-06,2.033954760907627e-05,5.205135103071063e-08,9.38466353075466e-06,2.079818414411126e-05,0.5499999999999998
3.415803260172995e-08,7.685096254858029e-06,1.685349266156903e-05,3.587554979934039e-08,7.866505931501243e-06,1.727144105795701e-05,3.7657006220400646e-08,8.049792877372882e-06,1.769448035527563e-05,3.9503967154910236e-08,8.23494873502038e-06,1.8122609190976778e-05,4.141801668704955e-08,8.421965151083765e-06,1.8555826186123504e-05,4.340075768871954e-08,8.610833776329294e-06,1.8994129945394626e-05,4.5453811813004385e-08,8.801546265682991e-06,1.9437519057089323e-05,4.75788194875577e-08,8.994094278264224e-06,1.988599209313185e-05,4.9777439907911826e-08,9.188469477419242e-06,2.033954760907627e-05,5.205135103071063e-08,9.38466353075466e-06,2.079818414411126e-05,0.5499999999999998
3.415803260172995e-08,7.685096254858029e-06,1.685349266156903e-05,3.587554979934039e-08,7.866505931501243e-06,1.727144105795701e-05,3.7657006220400646e-08,8.049792877372882e-06,1.769448035527563e-05,3.9503967154910236e-08,8.23494873502038e-06,1.8122609190976778e-05,4.141801668704955e-08,8.421965151083765e-06,1.8555826186123504e-05,4.340075768871954e-08,8.610833776329294e-06,1.8994129945394626e-05,4.5453811813004385e-08,8.801546265682991e-06,1.9437519057089323e-05,4.75788194875577e-08,8.994094278264224e-06,1.988599209313185e-05,4.9777439907911826e-08,9.188469477419242e-06,2.033954760907627e-05,5.205135103071063e-08,9.38466353075466e-06,2.079818414411126e-05,0.5499999999999998
3.415803260172995e-08,7.685096254858029e-06,1.685349266156903e-05,3.587554979934039e-08,7.866505931501243e-06,1.727144105795701e-05,3.7657006220400646e-08,8.049792877372882e-06,1.769448035527563e-05,3.9503967154910236e-08,8.23494873502038e-06,1.8122609190976778e-05,4.141801668704955e-08,8.421965151083765e-06,1.8555826186123504e-05,4.340075768871954e-08,8.610833776329294e-06,1.8994129945394626e-05,4.5453811813004385e-08,8.801546265682991e-06,1.9437519057089323e-05,4.75788194875577e-08,8.994094278264224e-06,1.988599209313185e-05,4.9777439907911826e-08,9.188469477419242e-06,2.033954760907627e-05,5.205135103071063e-08,9.38466353075466e-06,2.079818414411126e-05,0.5499999999999998
3.415803260172995e-08,7.685096254858029e-06,1.685349266156903e-05,3.587554979934039e-08,7.866505931501243e-06,1.727144105795701e-05,3.7657006220400646e-08,8.049792877372882e-06,1.769448035527563e-05,3.9503967154910236e-08,8.23494873502038e-06,1.8122609190976778e-05,4.141801668704955e-08,8.421965151083765e-06,1.8555826186123504e-05,4.340075768871954e-08,8.610833776329294e-06,1.8994129945394626e-05,4.5453811813004385e-08,8.801546265682991e-06,1.9437519057089323e-05,4.75788194875577e-08,8.994094278264224e-06,1.988599209313185e-05,4.9777439907911826e-08,9.188469477419242e-06,2.033954760907627e-05,5.205135103071063e-08,9.38466353075466e-06,2.079818414411126e-05,0.5499999999999998
3.415803260172995e-08,7.685096254858029e-06,1.685349266156903e-05,3.587554979934039e-08,7.866505931501243e-06,1.727144105795701e-05,3.7657006220400646e-08,8.049792877372882e-06,1.769448035527563e-05,3.9503967154910236e-08,8.23494873502038e-06,1.8122609190976778e-05,4.141801668704955e-08,8.421965151083765e-06,1.8555826186123504e-05,4.340075768871954e-08,8.610833776329294e-06,1.8994129945394626e-05,4.5453811813004385e-08,8.801546265682991e-06,1.9437519057089323e-05,4.75788194875577e-08,8.994094278264224e-06,1.988599209313185e-05,4.9777439907911826e-08,9.188469477419242e-06,2.033954760907627e-05,5.205135103071063e-08,9.38466353075466e-06,2.079818414411126e-05,0.5499999999999998
3.415803260172995e-08,7.685096254858029e-06,1.685349266156903e-05,3.587554979934039e-08,7.866505931501243e-06,1.727144105795701e-05,3.7657006220400646e-08,8.049792877372882e-06,1.769448035527563e-05,3.9503967154910236e-08,8.23494873502038e-06,1.8122609190976778e-05,4.141801668704955e-08,8.421965151083765e-06,1.8555826186123504e-05,4.340075768871954e-08,8.610833776329294e-06,1.8994129945394626e-05,4.5453811813004385e-08,8.801546265682991e-06,1.9437519057089323e-05,4.75788194875577e-08,8.994094278264224e-06,1.988599209313185e-05,4.9777439907911826e-08,9.188469477419242e-06,2.033954760907627e-05,5.205135103071063e-08,9.38466353075466e-06,2.079818414411126e-05,0.5499999999999998
3.415803260172995e-08,7.685096254858029e-06,1.685349266156903e-05,3.587554979934039e-08,7.866505931501243e-06,1.727144105795701e-05,3.7657006220400646e-08,8.049792877372882e-06,1.769448035527563e-05,3.9503967154910236e-08,8.23494873502038e-06,1.8122609190976778e-05,4.141801668704955e-08,8.421965151083765e-06,1.8555826186123504e-05,4.340075768871954e-08,8.610833776329294e-06,1.8994129945394626e-05,4.5453811813004385e-08,8.801546265682991e-06,1.9437519057089323e-05,4.75788194875577e-08,8.994094278264224e-06,1.988599209313185e-05,4.9777439907911826e-08,9.188469477419242e-06,2.033954760907627e-05,5.205135103071063e-08,9.38466353075466e-06,2.079818414411126e-05,0.5499999999999998
3.415803260172995e-08,7.685096254858029e-06,1.685349266156903e-05,3.587554979934039e-08,7.866505931501243e-06,1.727144105795701e-05,3.7657006220400646e-08,8.049792877372882e-06,1.769448035527563e-05,3.9503967154910236e-08,8.23494873502038e-06,1.8122609190976778e-05,4.141801668704955e-08,8.421965151083765e-06,1.8555826186123504e-05,4.340075768871954e-08,8.610833776329294e-06,1.8994129945394626e-05,4.5453811813004385e-08,8.801546265682991e-06,1.9437519057089323e-05,4.75788194875577e-08,8.994094278264224e-06,1.988599209313185e-05,4.9777439907911826e-08,9.188469477419242e-06,2.033954760907627e-05,5.205135103071063e-08,9.38466353075466e-06,2.079818414411126e-05,0.5499999999999998
3.415803260172995e-08,7.685096254858029e-06,1.685349266156903e-05,3.587554979934039e-08,7.866505931501243e-06,1.727144105795701e-05,3.7657006220400646e-08,8.049792877372882e-06,1.769448035527563e-05,3.9503967154910236e-08,8.23494873502038e-06,1.8122609190976778e-05,4.141801668704955e-08,8.421965151083765e-06,1.8555826186123504e-05,4.340075768871954e-08,8.610833776329294e-06,1.8994129945394626e-05,4.5453811813004385e-08,8.801546265682991e-06,1.9437519057089323e-05,4.75788194875577e-08,8.994094278264224e-06,1.988599209313185e-05,4.9777439907911826e-08,9.188469477419242e-06,2.033954760907627e-05,5.205135103071063e-08,9.38466353075466e-06,2.079818414411126e-05,0.5499999999999998
3.415803260172995e-08,7.685096254858029e-06,1.685349266156903e-05,3.587554979934039e-08,7.866505931501243e-06,1.727144105795701e-05,3.7657006220400646e-08,8.049792877372882e-06,1.769448035527563e-05,3.9503967154910236e-08,8.23494873502038e-06,1.8122609190976778e-05,4.141801668704955e-08,8.421965151083765e-06,1.8555826186123504e-05,4.340075768871954e-08,8.610833776329294e-06,1.8994129945394626e-05,4.5453811813004385e-08,8.801546265682991e-06,1.9437519057089323e-05,4.75788194875577e-08,8.994094278264224e-06,1.988599209313185e-05,4.9777439907911826e-08,9.188469477419242e-06,2.033954760907627e-05,5.205135103071063e-08,9.38466353075466e-06,2.079818414411126e-05,0.5499999999999998
3.415803260172995e-08,7.685096254858029e-06,1.685349266156903e-05,3.587554979934039e-08,7.866505931501243e-06,1.727144105795701e-05,3.7657006220400646e-08,8.049792877372882e-06,1.769448035527563e-05,3.9503967154910236e-08,8.23494873502038e-06,1.8122609190976778e-05,4.141801668704955e-08,8.421965151083765e-06,1.8555826186123504e-05,4.340075768871954e-08,8.610833776329294e-06,1.8994129945394626e-05,4.5453811813004385e-08,8.801546265682991e-06,1.9437519057089323e-05,4.75788194875577e-08,8.994094278264224e-06,1.988599209313185e-05,4.9777439907911826e-08,9.188469477419242e-06,2.033954760907627e-05,5.205135103071063e-08,9.38466353075466e-06,2.079818414411126e-05,0.5499999999999998
3.415803260172995e-08,7.685096254858029e-06,1.685349266156903e-05,3.587554979934039e-08,7.866505931501243e-06,1.727144105795701e-05,3.7657006220400646e-08,8.049792877372882e-06,1.769448035527563e-05,3.9503967154910236e-08,8.23494873502038e-06,1.8122609190976778e-05,4.141801668704955e-08,8.421965151083765e-06,1.8555826186123504e-05,4.340075768871954e-08,8.610833776329294e-06,1.8994129945394626e-05,4.5453811813004385e-08,8.801546265682991e-06,1.9437519057089323e-05,4.75788194875577e-08,8.994094278264224e-06,1.988599209313185e-05,4.9777439907911826e-08,9.188469477419242e-06,2.033954760907627e-05,5.205135103071063e-08,9.38466353075466e-06,2.079818414411126e-05,0.5499999999999998
3.415803260172995e-08,7.685096254858029e-06,1.685349266156903e-05,3.587554979934039e-08,7.866505931501243e-06,1.727144105795701e-05,3.7657006220400646e-08,8.049792877372882e-06,1.769448035527563e-05,3.9503967154910236e-08,8.23494873502038e-06,1.8122609190976778e-05,4.141801668704955e-08,8.421965151083765e-06,1.8555826186123504e-05,4.340075768871954e-08,8.610833776329294e-06,1.8994129945394626e-05,4.5453811813004385e-08,8.801546265682991e-06,1.9437519057089323e-05,4.75788194875577e-08,8.994094278264224e-06,1.988599209313185e-05,4.9777439907911826e-08,9.188469477419242e-06,2.033954760907627e-05,5.205135103071063e-08,9.38466353075466e-06,2.079818414411126e-05,0.5499999999999998
3.415803260172995e-08,7.685096254858029e-06,1.685349266156903e-05,3.587554979934039e-08,7.866505931501243e-06,1.727144105795701e-05,3.7657006220400646e-08,8.049792877372882e-06,1.769448035527563e-05,3.9503967154910236e-08,8.23494873502038e-06,1.8122609190976778e-05,4.141801668704955e-08,8.421965151083765e-06,1.8555826186123504e-05,4.340075768871954e-08,8.610833776329294e-06,1.8994129945394626e-05,4.5453811813004385e-08,8.801546265682991e-06,1.9437519057089323e-05,4.75788194875577e-08,8.994094278264224e-06,1.988599209313185e-05,4.9777439907911826e-08,9.188469477419242e-06,2.033954760907627e-05,5.205135103071063e-08,9.38466353075466e-06,2.079818414411126e-05,0.5499999999999998
3.415803260172995e-08,7.685096254858029e-06,1.685349266156903e-05,3.587554979934039e-08,7.866505931501243e-06,1.727144105795701e-05,3.7657006220400646e-08,8.049792877372882e-06,1.769448035527563e-05,3.9503967154910236e-08,8.23494873502038e-06,1.8122609190976778e-05,4.141801668704955e-08,8.421965151083765e-06,1.8555826186123504e-05,4.340075768871954e-08,8.610833776329294e-06,1.8994129945394626e-05,4.5453811813004385e-08,8.801546265682991e-06,1.9437519057089323e-05,4.75788194875577e-08,8.994094278264224e-06,1.988599209313185e-05,4.9777439907911826e-08,9.188469477419242e-06,2.033954760907627e-05,5.205135103071063e-08,9.38466353075466e-06,2.079818414411126e-05,0.5499999999999998
3.415803260172995e-08,7.685096254858029e-06,1.685349266156903e-05,3.587554979934039e-08,7.866505931501243e-06,1.727144105795701e-05,3.7657006220400646e-08,8.049792877372882e-06,1.769448035527563e-05,3.9503967154910236e-08,8.23494873502038e-06,1.8122609190976778e-05,4.141801668704955e-08,8.421965151083765e-06,1.8555826186123504e-05,4.340075768871954e-08,8.610833776329294e-06,1.8994129945394626e-05,4.5453811813004385e-08,8.801546265682991e-06,1.9437519057089323e-05,4.75788194875577e-08,8.994094278264224e-06,1.988599209313185e-05,4.9777439907911826e-08,9.188469477419242e-06,2.033954760907627e-05,5.205135103071063e-08,9.38466353075466e-06,2.079818414411126e-05,0.5499999999999998
3.415803260172995e-08,7.685096254858029e-06,1.685349266156903e-05,3.587554979934039e-08,7.866505931501243e-06,1.727144105795701e-05,3.7657006220400646e-08,8.049792877372882e-06,1.769448035527563e-05,3.9503967154910236e-08,8.23494873502038e-06,1.8122609190976778e-05,4.141801668704955e-08,8.421965151083765e-06,1.8555826186123504e-05,4.340075768871954e-08,8.610833776329294e-06,1.8994129945394626e-05,4.5453811813004385e-08,8.801546265682991e-06,1.9437519057089323e-05,4.75788194875577e-08,8.994094278264224e-06,1.988599209313185e-05,4.9777439907911826e-08,9.188469477419242e-06,2.033954760907627e-05,5.205135103071063e-08,9.38466353075466e-06,2.079818414411126e-05,0.5499999999999998
3.415803260172995e-08,7.685096254858029e-06,1.685349266156903e-05,3.587554979934039e-08,7.866505931501243e-06,1.727144105795701e-05,3.7657006220400646e-08,8.049792877372882e-06,1.769448035527563e-05,3.9503967154910236e-08,8.23494873502038e-06,1.8122609190976778e-05,4.141801668704955e-08,8.421965151083765e-06,1.8555826186123504e-05,4.340075768871954e-08,8.610833776329294e-06,1.8994129945394626e-05,4.5453811813004385e-08,8.801546265682991e-06,1.9437519057089323e-05,4.75788194875577e-08,8.994094278264224e-06,1.988599209313185e-05,4.9777439907911826e-08,9.188469477419242e-06,2.033954760907627e-05,5.205135103071063e-08,9.38466353075466e-06,2.079818414411126e-05,0.5499999999999998
3.415803260172995e-08,7.685096254858029e-06,1.685349266156903e-05,3.587554979934039e-08,7.866505931501243e-06,1.727144105795701e-05,3.7657006220400646e-08,8.049792877372882e-06,1.769448035527563e-05,3.9503967154910236e-08,8.23494873502038e-06,1.8122609190976778e-05,4.141801668704955e-08,8.421965151083765e-06,1.8555826186123504e-05,4.340075768871954e-08,8.610833776329294e-06,1.8994129945394626e-05,4.5453811813004385e-08,8.801546265682991e-06,1.9437519057089323e-05,4.75788194875577e-08,8.994094278264224e-06,1.988599209313185e-05,4.9777439907911826e-08,9.188469477419242e-06,2.033954760907627e-05,5.205135103071063e-08,9.38466353075466e-06,2.079818414411126e-05,0.5499999999999998
3.415803260172995e-08,7.685096254858029e-06,1.685349266156903e-05,3.587554979934039e-08,7.866505931501243e-06,1.727144105795701e-05,3.7657006220400646e-08,8.049792877372882e-06,1.769448035527563e-05,3.9503967154910236e-08,8.23494873502038e-06,1.8122609190976778e-05,4.141801668704955e-08,8.421965151083765e-06,1.8555826186123504e-05,4.340075768871954e-08,8.610833776329294e-06,1.8994129945394626e-05,4.5453811813004385e-08,8.801546265682991e-06,1.9437519057089323e-05,4.75788194875577e-08,8.994094278264224e-06,1.988599209313185e-05,4.9777439907911826e-08,9.188469477419242e-06,2.033954760907627e-05,5.205135103071063e-08,9.38466353075466e-06,2.079818414411126e-05,0.5499999999999998
3.415803260172995e-08,7.685096254858029e-06,1.685349266156903e-05,3.587554979934039e-08,7.866505931501243e-06,1.727144105795701e-05,3.7657006220400646e-08,8.049792877372882e-06,1.769448035527563e-05,3.9503967154910236e-08,8.23494873502038e-06,1.8122609190976778e-05,4.141801668704955e-08,8.421965151083765e-06,1.8555826186123504e-05,4.340075768871954e-08,8.610833776329294e-06,1.8994129945394626e-05,4.5453811813004385e-08,8.801546265682991e-06,1.9437519057089323e-05,4.75788194875577e-08,8.994094278264224e-06,1.988599209313185e-05,4.9777439907911826e-08,9.188469477419242e-06,2.033954760907627e-05,5.205135103071063e-08,9.38466353075466e-06,2.079818414411126e-05,0.5499999999999998
3.415803260172995e-08,7.685096254858029e-06,1.685349266156903e-05,3.587554979934039e-08,7.866505931501243e-06,1.727144105795701e-05,3.7657006220400646e-08,8.049792877372882e-06,1.769448035527563e-05,3.9503967154910236e-08,8.23494873502038e-06,1.8122609190976778e-05,4.141801668704955e-08,8.421965151083765e-06,1.8555826186123504e-05,4.340075768871954e-08,8.610833776329294e-06,1.8994129945394626e-05,4.5453811813004385e-08,8.801546265682991e-06,1.9437519057089323e-05,4.75788194875577e-08,8.994094278264224e-06,1.988599209313185e-05,4.9777439907911826e-08,9.188469477419242e-06,2.033954760907627e-05,5.205135103071063e-08,9.38466353075466e-06,2.079818414411126e-05,0.5499999999999998
3.415803260172995e-08,7.685096254858029e-06,1.685349266156903e-05,3.587554979934039e-08,7.866505931501243e-06,1.727144105795701e-05,3.7657006220400646e-08,8.049792877372882e-06,1.769448035527563e-05,3.9503967154910236e-08,8.23494873502038e-06,1.8122609190976778e-05,4.141801668704955e-08,8.421965151083765e-06,1.8555826186123504e-05,4.340075768871954e-08,8.610833776329294e-06,1.8994129945394626e-05,4.5453811813004385e-08,8.801546265682991e-06,1.9437519057089323e-05,4.75788194875577e-08,8.994094278264224e-06,1.988599209313185e-05,4.9777439907911826e-08,9.188469477419242e-06,2.033954760907627e-05,5.205135103071063e-08,9.38466353075466e-06,2.079818414411126e-05,0.5499999999999998
3.415803260172995e-08,7.685096254858029e-06,1.685349266156903e-05,3.587554979934039e-08,7.866505931501243e-06,1.727144105795701e-05,3.7657006220400646e-08,8.049792877372882e-06,1.769448035527563e-05,3.9503967154910236e-08,8.23494873502038e-06,1.8122609190976778e-05,4.141801668704955e-08,8.421965151083765e-06,1.8555826186123504e-05,4.340075768871954e-08,8.610833776329294e-06,1.8994129945394626e-05,4.5453811813004385e-08,8.801546265682991e-06,1.9437519057089323e-05,4.75788194875577e-08,8.994094278264224e-06,1.988599209313185e-05,4.9777439907911826e-08,9.188469477419242e-06,2.033954760907627e-05,5.205135103071063e-08,9.38466353075466e-06,2.079818414411126e-05,0.5499999999999998
3.415803260172995e-08,7.685096254858029e-06,1.685349266156903e-05,3.587554979934039e-08,7.866505931501243e-06,1.727144105795701e-05,3.7657006220400646e-08,8.049792877372882e-06,1.769448035527563e-05,3.9503967154910236e-08,8.23494873502038e-06,1.8122609190976778e-05,4.141801668704955e-08,8.421965151083765e-06,1.8555826186123504e-05,4.340075768871954e-08,8.610833776329294e-06,1.8994129945394626e-05,4.5453811813004385e-08,8.801546265682991e-06,1.9437519057089323e-05,4.75788194875577e-08,8.994094278264224e-06,1.988599209313185e-05,4.9777439907911826e-08,9.188469477419242e-06,2.033954760907627e-05,5.205135103071063e-08,9.38466353075466e-06,2.079818414411126e-05,0.5499999999999998
3.415803260172995e-08,7.685096254858029e-06,1.685349266156903e-05,3.587554979934039e-08,7.866505931501243e-06,1.727144105795701e-05,3.7657006220400646e-08,8.049792877372882e-06,1.769448035527563e-05,3.9503967154910236e-08,8.23494873502038e-06,1.8122609190976778e-05,4.141801668704955e-08,8.421965151083765e-06,1.8555826186123504e-05,4.340075768871954e-08,8.610833776329294e-06,1.8994129945394626e-05,4.5453811813004385e-08,8.801546265682991e-06,1.9437519057089323e-05,4.75788194875577e-08,8.994094278264224e-06,1.988599209313185e-05,4.9777439907911826e-08,9.188469477419242e-06,2.033954760907627e-05,5.205135103071063e-08,9.38466353075466e-06,2.079818414411126e-05,0.5499999999999998
3.415803260172995e-08,7.685096254858029e-06,1.685349266156903e-05,3.587554979934039e-08,7.866505931501243e-06,1.727144105795701e-05,3.7657006220400646e-08,8.049792877372882e-06,1.769448035527563e-05,3.9503967154910236e-08,8.23494873502038e-06,1.8122609190976778e-05,4.141801668704955e-08,8.421965151083765e-06,1.8555826186123504e-05,4.340075768871954e-08,8.610833776329294e-06,1.8994129945394626e-05,4.5453811813004385e-08,8.801546265682991e-06,1.9437519057089323e-05,4.75788194875577e-08,8.994094278264224e-06,1.988599209313185e-05,4.9777439907911826e-08,9.188469477419242e-06,2.033954760907627e-05,5.205135103071063e-08,9.38466353075466e-06,2.079818414411126e-05,0.5499999999999998
3.415803260172995e-08,7.685096254858029e-06,1.685349266156903e-05,3.587554979934039e-08,7.866505931501243e-06,1.727144105795701e-05,3.7657006220400646e-08,8.049792877372882e-06,1.769448035527563e-05,3.9503967154910236e-08,8.23494873502038e-06,1.8122609190976778e-05,4.141801668704955e-08,8.421965151083765e-06,1.8555826186123504e-05,4.340075768871954e-08,8.610833776329294e-06,1.8994129945394626e-05,4.5453811813004385e-08,8.801546265682991e-06,1.9437519057089323e-05,4.75788194875577e-08,8.994094278264224e-06,1.988599209313185e-05,4.9777439907911826e-08,9.188469477419242e-06,2.033954760907627e-05,5.205135103071063e-08,9.38466353075466e-06,2.079818414411126e-05,0.5499999999999998
3.415803260172995e-08,7.685096254858029e-06,1.685349266156903e-05,3.587554979934039e-08,7.866505931501243e-06,1.727144105795701e-05,3.7657006220400646e-08,8.049792877372882e-06,1.769448035527563e-05,3.9503967154910236e-08,8.23494873502038e-06,1.8122609190976778e-05,4.141801668704955e-08,8.421965151083765e-06,1.8555826186123504e-05,4.340075768871954e-08,8.610833776329294e-06,1.8994129945394626e-05,4.5453811813004385e-08,8.801546265682991e-06,1.9437519057089323e-05,4.75788194875577e-08,8.994094278264224e-06,1.988599209313185e-05,4.9777439907911826e-08,9.188469477419242e-06,2.033954760907627e-05,5.205135103071063e-08,9.38466353075466e-06,2.079818414411126e-05,0.5499999999999998
3.415803260172995e-08,7.685096254858029e-06,1.685349266156903e-05,3.587554979934039e-08,7.866505931501243e-06,1.727144105795701e-05,3.7657006220400646e-08,8.049792877372882e-06,1.769448035527563e-05,3.9503967154910236e-08,8.23494873502038e-06,1.8122609190976778e-05,4.141801668704955e-08,8.421965151083765e-06,1.8555826186123504e-05,4.340075768871954e-08,8.610833776329294e-06,1.8994129945394626e-05,4.5453811813004385e-08,8.801546265682991e-06,1.9437519057089323e-05,4.75788194875577e-08,8.994094278264224e-06,1.988599209313185e-05,4.9777439907911826e-08,9.188469477419242e-06,2.033954760907627e-05,5.205135103071063e-08,9.38466353075466e-06,2.079818414411126e-05,0.5499999999999998
3.415803260172995e-08,7.685096254858029e-06,1.685349266156903e-05,3.587554979934039e-08,7.866505931501243e-06,1.727144105795701e-05,3.7657006220400646e-08,8.049792877372882e-06,1.769448035527563e-05,3.9503967154910236e-08,8.23494873502038e-06,1.8122609190976778e-05,4.141801668704955e-08,8.421965151083765e-06,1.8555826186123504e-05,4.340075768871954e-08,8.610833776329294e-06,1.8994129945394626e-05,4.5453811813004385e-08,8.801546265682991e-06,1.9437519057089323e-05,4.75788194875577e-08,8.994094278264224e-06,1.988599209313185e-05,4.9777439907911826e-08,9.188469477419242e-06,2.033954760907627e-05,5.205135103071063e-08,9.38466353075466e-06,2.079818414411126e-05,0.5499999999999998
3.415803260172995e-08,7.685096254858029e-06,1.685349266156903e-05,3.587554979934039e-08,7.866505931501243e-06,1.727144105795701e-05,3.7657006220400646e-08,8.049792877372882e-06,1.769448035527563e-05,3.9503967154910236e-08,8.23494873502038e-06,1.8122609190976778e-05,4.141801668704955e-08,8.421965151083765e-06,1.8555826186123504e-05,4.340075768871954e-08,8.610833776329294e-06,1.8994129945394626e-05,4.5453811813004385e-08,8.801546265682991e-06,1.9437519057089323e-05,4.75788194875577e-08,8.994094278264224e-06,1.988599209313185e-05,4.9777439907911826e-08,9.188469477419242e-06,2.033954760907627e-05,5.205135103071063e-08,9.38466353075466e-06,2.079818414411126e-05,0.5499999999999998
3.415803260172995e-08,7.685096254858029e-06,1.685349266156903e-05,3.587554979934039e-08,7.866505931501243e-06,1.727144105795701e-05,3.7657006220400646e-08,8.049792877372882e-06,1.769448035527563e-05,3.9503967154910236e-08,8.23494873502038e-06,1.8122609190976778e-05,4.141801668704955e-08,8.421965151083765e-06,1.8555826186123504e-05,4.340075768871954e-08,8.610833776329294e-06,1.8994129945394626e-05,4.5453811813004385e-08,8.801546265682991e-06,1.9437519057089323e-05,4.75788194875577e-08,8.994094278264224e-06,1.988599209313185e-05,4.9777439907911826e-08,9.188469477419242e-06,2.033954760907627e-05,5.205135103071063e-08,9.38466353075466e-06,2.079818414411126e-05,0.5499999999999998
3.415803260172995e-08,7.685096254858029e-06,1.685349266156903e-05,3.587554979934039e-08,7.866505931501243e-06,1.727144105795701e-05,3.7657006220400646e-08,8.049792877372882e-06,1.769448035527563e-05,3.9503967154910236e-08,8.23494873502038e-06,1.8122609190976778e-05,4.141801668704955e-08,8.421965151083765e-06,1.8555826186123504e-05,4.340075768871954e-08,8.610833776329294e-06,1.8994129945394626e-05,4.5453811813004385e-08,8.801546265682991e-06,1.9437519057089323e-05,4.75788194875577e-08,8.994094278264224e-06,1.988599209313185e-05,4.9777439907911826e-08,9.188469477419242e-06,2.033954760907627e-05,5.205135103071063e-08,9.38466353075466e-06,2.079818414411126e-05,0.5499999999999998
3.415803260172995e-08,7.685096254858029e-06,1.685349266156903e-05,3.587554979934039e-08,7.866505931501243e-06,1.727144105795701e-05,3.7657006220400646e-08,8.049792877372882e-06,1.769448035527563e-05,3.9503967154910236e-08,8.23494873502038e-06,1.8122609190976778e-05,4.141801668704955e-08,8.421965151083765e-06,1.8555826186123504e-05,4.340075768871954e-08,8.610833776329294e-06,1.8994129945394626e-05,4.5453811813004385e-08,8.801546265682991e-06,1.9437519057089323e-05,4.75788194875577e-08,8.994094278264224e-06,1.988599209313185e-05,4.9777439907911826e-08,9.188469477419242e-06,2.033954760907627e-05,5.205135103071063e-08,9.38466353075466e-06,2.079818414411126e-05,0.5499999999999998
3.415803260172995e-08,7.685096254858029e-06,1.685349266156903e-05,3.587554979934039e-08,7.866505931501243e-06,1.727144105795701e-05,3.7657006220400646e-08,8.049792877372882e-06,1.769448035527563e-05,3.9503967154910236e-08,8.23494873502038e-06,1.8122609190976778e-05,4.141801668704955e-08,8.421965151083765e-06,1.8555826186123504e-05,4.340075768871954e-08,8.610833776329294e-06,1.8994129945394626e-05,4.5453811813004385e-08,8.801546265682991e-06,1.9437519057089323e-05,4.75788194875577e-08,8.994094278264224e-06,1.988599209313185e-05,4.9777439907911826e-08,9.188469477419242e-06,2.033954760907627e-05,5.205135103071063e-08,9.38466353075466e-06,2.079818414411126e-05,0.5499999999999998
3.415803260172995e-08,7.685096254858029e-06,1.685349266156903e-05,3.587554979934039e-08,7.866505931501243e-06,1.727144105795701e-05,3.7657006220400646e-08,8.049792877372882e-06,1.769448035527563e-05,3.9503967154910236e-08,8.23494873502038e-06,1.8122609190976778e-05,4.141801668704955e-08,8.421965151083765e-06,1.8555826186123504e-05,4.340075768871954e-08,8.610833776329294e-06,1.8994129945394626e-05,4.5453811813004385e-08,8.801546265682991e-06,1.9437519057089323e-05,4.75788194875577e-08,8.994094278264224e-06,1.988599209313185e-05,4.9777439907911826e-08,9.188469477419242e-06,2.033954760907627e-05,5.205135103071063e-08,9.38466353075466e-06,2.079818414411126e-05,0.5499999999999998
3.415803260172995e-08,7.685096254858029e-06,1.685349266156903e-05,3.587554979934039e-08,7.866505931501243e-06,1.727144105795701e-05,3.7657006220400646e-08,8.049792877372882e-06,1.769448035527563e-05,3.9503967154910236e-08,8.23494873502038e-06,1.8122609190976778e-05,4.141801668704955e-08,8.421965151083765e-06,1.8555826186123504e-05,4.340075768871954e-08,8.610833776329294e-06,1.8994129945394626e-05,4.5453811813004385e-08,8.801546265682991e-06,1.9437519057089323e-05,4.75788194875577e-08,8.994094278264224e-06,1.988599209313185e-05,4.9777439907911826e-08,9.188469477419242e-06,2.033954760907627e-05,5.205135103071063e-08,9.38466353075466e-06,2.079818414411126e-05,0.5499999999999998
3.415803260172995e-08,7.685096254858029e-06,1.685349266156903e-05,3.587554979934039e-08,7.866505931501243e-06,1.727144105795701e-05,3.7657006220400646e-08,8.049792877372882e-06,1.769448035527563e-05,3.9503967154910236e-08,8.23494873502038e-06,1.8122609190976778e-05,4.141801668704955e-08,8.421965151083765e-06,1.8555826186123504e-05,4.340075768871954e-08,8.610833776329294e-06,1.8994129945394626e-05,4.5453811813004385e-08,8.801546265682991e-06,1.9437519057089323e-05,4.75788194875577e-08,8.994094278264224e-06,1.988599209313185e-05,4.9777439907911826e-08,9.188469477419242e-06,2.033954760907627e-05,5.205135103071063e-08,9.38466353075466e-06,2.079818414411126e-05,0.5499999999999998
3.415803260172995e-08,7.685096254858029e-06,1.685349266156903e-05,3.587554979934039e-08,7.866505931501243e-06,1.727144105795701e-05,3.7657006220400646e-08,8.049792877372882e-06,1.769448035527563e-05,3.9503967154910236e-08,8.23494873502038e-06,1.8122609190976778e-05,4.141801668704955e-08,8.421965151083765e-06,1.8555826186123504e-05,4.340075768871954e-08,8.610833776329294e-06,1.8994129945394626e-05,4.5453811813004385e-08,8.801546265682991e-06,1.9437519057089323e-05,4.75788194875577e-08,8.994094278264224e-06,1.988599209313185e-05,4.9777439907911826e-08,9.188469477419242e-06,2.033954760907627e-05,5.205135103071063e-08,9.38466353075466e-06,2.079818414411126e-05,0.5499999999999998
3.415803260172995e-08,7.685096254858029e-06,1.685349266156903e-05,3.587554979934039e-08,7.866505931501243e-06,1.727144105795701e-05,3.7657006220400646e-08,8.049792877372882e-06,1.769448035527563e-05,3.9503967154910236e-08,8.23494873502038e-06,1.8122609190976778e-05,4.141801668704955e-08,8.421965151083765e-06,1.8555826186123504e-05,4.340075768871954e-08,8.610833776329294e-06,1.8994129945394626e-05,4.5453811813004385e-08,8.801546265682991e-06,1.9437519057089323e-05,4.75788194875577e-08,8.994094278264224e-06,1.988599209313185e-05,4.9777439907911826e-08,9.188469477419242e-06,2.033954760907627e-05,5.205135103071063e-08,9.38466353075466e-06,2.079818414411126e-05,0.5499999999999998
3.415803260172995e-08,7.685096254858029e-06,1.685349266156903e-05,3.587554979934039e-08,7.866505931501243e-06,1.727144105795701e-05,3.7657006220400646e-08,8.049792877372882e-06,1.769448035527563e-05,3.9503967154910236e-08,8.23494873502038e-06,1.8122609190976778e-05,4.141801668704955e-08,8.421965151083765e-06,1.8555826186123504e-05,4.340075768871954e-08,8.610833776329294e-06,1.8994129945394626e-05,4.5453811813004385e-08,8.801546265682991e-06,1.9437519057089323e-05,4.75788194875577e-08,8.994094278264224e-06,1.988599209313185e-05,4.9777439907911826e-08,9.188469477419242e-06,2.033954760907627e-05,5.205135103071063e-08,9.38466353075466e-06,2.079818414411126e-05,0.5499999999999998
3.415803260172995e-08,7.685096254858029e-06,1.685349266156903e-05,3.587554979934039e-08,7.866505931501243e-06,1.727144105795701e-05,3.7657006220400646e-08,8.049792877372882e-06,1.769448035527563e-05,3.9503967154910236e-08,8.23494873502038e-06,1.8122609190976778e-05,4.141801668704955e-08,8.421965151083765e-06,1.8555826186123504e-05,4.340075768871954e-08,8.610833776329294e-06,1.8994129945394626e-05,4.5453811813004385e-08,8.801546265682991e-06,1.9437519057089323e-05,4.75788194875577e-08,8.994094278264224e-06,1.988599209313185e-05,4.9777439907911826e-08,9.188469477419242e-06,2.033954760907627e-05,5.205135103071063e-08,9.38466353075466e-06,2.079818414411126e-05,0.5499999999999998
3.415803260172995e-08,7.685096254858029e-06,1.685349266156903e-05,3.587554979934039e-08,7.866505931501243e-06,1.727144105795701e-05,3.7657006220400646e-08,8.049792877372882e-06,1.769448035527563e-05,3.9503967154910236e-08,8.23494873502038e-06,1.8122609190976778e-05,4.141801668704955e-08,8.421965151083765e-06,1.8555826186123504e-05,4.340075768871954e-08,8.610833776329294e-06,1.8994129945394626e-05,4.5453811813004385e-08,8.801546265682991e-06,1.9437519057089323e-05,4.75788194875577e-08,8.994094278264224e-06,1.988599209313185e-05,4.9777439907911826e-08,9.188469477419242e-06,2.033954760907627e-05,5.205135103071063e-08,9.38466353075466e-06,2.079818414411126e-05,0.5499999999999998
3.415803260172995e-08,7.685096254858029e-06,1.685349266156903e-05,3.587554979934039e-08,7.866505931501243e-06,1.727144105795701e-05,3.7657006220400646e-08,8.049792877372882e-06,1.769448035527563e-05,3.9503967154910236e-08,8.23494873502038e-06,1.8122609190976778e-05,4.141801668704955e-08,8.421965151083765e-06,1.8555826186123504e-05,4.340075768871954e-08,8.610833776329294e-06,1.8994129945394626e-05,4.5453811813004385e-08,8.801546265682991e-06,1.9437519057089323e-05,4.75788194875577e-08,8.994094278264224e-06,1.988599209313185e-05,4.9777439907911826e-08,9.188469477419242e-06,2.033954760907627e-05,5.205135103071063e-08,9.38466353075466e-06,2.079818414411126e-05,0.5499999999999998
3.415803260172995e-08,7.685096254858029e-06,1.685349266156903e-05,3.587554979934039e-08,7.866505931501243e-06,1.727144105795701e-05,3.7657006220400646e-08,8.049792877372882e-06,1.769448035527563e-05,3.9503967154910236e-08,8.23494873502038e-06,1.8122609190976778e-05,4.141801668704955e-08,8.421965151083765e-06,1.8555826186123504e-05,4.340075768871954e-08,8.610833776329294e-06,1.8994129945394626e-05,4.5453811813004385e-08,8.801546265682991e-06,1.9437519057089323e-05,4.75788194875577e-08,8.994094278264224e-06,1.988599209313185e-05,4.9777439907911826e-08,9.188469477419242e-06,2.033954760907627e-05,5.205135103071063e-08,9.38466353075466e-06,2.079818414411126e-05,0.5499999999999998
3.415803260172995e-08,7.685096254858029e-06,1.685349266156903e-05,3.587554979934039e-08,7.866505931501243e-06,1.727144105795701e-05,3.7657006220400646e-08,8.049792877372882e-06,1.769448035527563e-05,3.9503967154910236e-08,8.23494873502038e-06,1.8122609190976778e-05,4.141801668704955e-08,8.421965151083765e-06,1.8555826186123504e-05,4.340075768871954e-08,8.610833776329294e-06,1.8994129945394626e-05,4.5453811813004385e-08,8.801546265682991e-06,1.9437519057089323e-05,4.75788194875577e-08,8.994094278264224e-06,1.988599209313185e-05,4.9777439907911826e-08,9.188469477419242e-06,2.033954760907627e-05,5.205135103071063e-08,9.38466353075466e-06,2.079818414411126e-05,0.5499999999999998
3.415803260172995e-08,7.685096254858029e-06,1.685349266156903e-05,3.587554979934039e-08,7.866505931501243e-06,1.727144105795701e-05,3.7657006220400646e-08,8.049792877372882e-06,1.769448035527563e-05,3.9503967154910236e-08,8.23494873502038e-06,1.8122609190976778e-05,4.141801668704955e-08,8.421965151083765e-06,1.8555826186123504e-05,4.340075768871954e-08,8.610833776329294e-06,1.8994129945394626e-05,4.5453811813004385e-08,8.801546265682991e-06,1.9437519057089323e-05,4.75788194875577e-08,8.994094278264224e-06,1.988599209313185e-05,4.9777439907911826e-08,9.188469477419242e-06,2.033954760907627e-05,5.205135103071063e-08,9.38466353075466e-06,2.079818414411126e-05,0.5499999999999998
3.415803260172995e-08,7.685096254858029e-06,1.685349266156903e-05,3.587554979934039e-08,7.866505931501243e-06,1.727144105795701e-05,3.7657006220400646e-08,8.049792877372882e-06,1.769448035527563e-05,3.9503967154910236e-08,8.23494873502038e-06,1.8122609190976778e-05,4.141801668704955e-08,8.421965151083765e-06,1.8555826186123504e-05,4.340075768871954e-08,8.610833776329294e-06,1.8994129945394626e-05,4.5453811813004385e-08,8.801546265682991e-06,1.9437519057089323e-05,4.75788194875577e-08,8.994094278264224e-06,1.988599209313185e-05,4.9777439907911826e-08,9.188469477419242e-06,2.033954760907627e-05,5.205135103071063e-08,9.38466353075466e-06,2.079818414411126e-05,0.5499999999999998
3.415803260172995e-08,7.685096254858029e-06,1.685349266156903e-05,3.587554979934039e-08,7.866505931501243e-06,1.727144105795701e-05,3.7657006220400646e-08,8.049792877372882e-06,1.769448035527563e-05,3.9503967154910236e-08,8.23494873502038e-06,1.8122609190976778e-05,4.141801668704955e-08,8.421965151083765e-06,1.8555826186123504e-05,4.340075768871954e-08,8.610833776329294e-06,1.8994129945394626e-05,4.5453811813004385e-08,8.801546265682991e-06,1.9437519057089323e-05,4.75788194875577e-08,8.994094278264224e-06,1.988599209313185e-05,4.9777439907911826e-08,9.188469477419242e-06,2.033954760907627e-05,5.205135103071063e-08,9.38466353075466e-06,2.079818414411126e-05,0.5499999999999998
3.415803260172995e-08,7.685096254858029e-06,1.685349266156903e-05,3.587554979934039e-08,7.866505931501243e-06,1.727144105795701e-05,3.7657006220400646e-08,8.049792877372882e-06,1.769448035527563e-05,3.9503967154910236e-08,8.23494873502038e-06,1.8122609190976778e-05,4.141801668704955e-08,8.421965151083765e-06,1.8555826186123504e-05,4.340075768871954e-08,8.610833776329294e-06,1.8994129945394626e-05,4.5453811813004385e-08,8.801546265682991e-06,1.9437519057089323e-05,4.75788194875577e-08,8.994094278264224e-06,1.988599209313185e-05,4.9777439907911826e-08,9.188469477419242e-06,2.033954760907627e-05,5.205135103071063e-08,9.38466353075466e-06,2.079818414411126e-05,0.5499999999999998
3.415803260172995e-08,7.685096254858029e-06,1.685349266156903e-05,3.587554979934039e-08,7.866505931501243e-06,1.727144105795701e-05,3.7657006220400646e-08,8.049792877372882e-06,1.769448035527563e-05,3.9503967154910236e-08,8.23494873502038e-06,1.8122609190976778e-05,4.141801668704955e-08,8.421965151083765e-06,1.8555826186123504e-05,4.340075768871954e-08,8.610833776329294e-06,1.8994129945394626e-05,4.5453811813004385e-08,8.801546265682991e-06,1.9437519057089323e-05,4.75788194875577e-08,8.994094278264224e-06,1.988599209313185e-05,4.9777439907911826e-08,9.188469477419242e-06,2.033954760907627e-05,5.205135103071063e-08,9.38466353075466e-06,2.079818414411126e-05,0.5499999999999998
3.415803260172995e-08,7.685096254858029e-06,1.685349266156903e-05,3.587554979934039e-08,7.866505931501243e-06,1.727144105795701e-05,3.7657006220400646e-08,8.049792877372882e-06,1.769448035527563e-05,3.9503967154910236e-08,8.23494873502038e-06,1.8122609190976778e-05,4.141801668704955e-08,8.421965151083765e-06,1.8555826186123504e-05,4.340075768871954e-08,8.610833776329294e-06,1.8994129945394626e-05,4.5453811813004385e-08,8.801546265682991e-06,1.9437519057089323e-05,4.75788194875577e-08,8.994094278264224e-06,1.988599209313185e-05,4.9777439907911826e-08,9.188469477419242e-06,2.033954760907627e-05,5.205135103071063e-08,9.38466353075466e-06,2.079818414411126e-05,0.5499999999999998
3.415803260172995e-08,7.685096254858029e-06,1.685349266156903e-05,3.587554979934039e-08,7.866505931501243e-06,1.727144105795701e-05,3.7657006220400646e-08,8.049792877372882e-06,1.769448035527563e-05,3.9503967154910236e-08,8.23494873502038e-06,1.8122609190976778e-05,4.141801668704955e-08,8.421965151083765e-06,1.8555826186123504e-05,4.340075768871954e-08,8.610833776329294e-06,1.8994129945394626e-05,4.5453811813004385e-08,8.801546265682991e-06,1.9437519057089323e-05,4.75788194875577e-08,8.994094278264224e-06,1.988599209313185e-05,4.9777439907911826e-08,9.188469477419242e-06,2.033954760907627e-05,5.205135103071063e-08,9.38466353075466e-06,2.079818414411126e-05,0.5499999999999998
3.415803260172995e-08,7.685096254858029e-06,1.685349266156903e-05,3.587554979934039e-08,7.866505931501243e-06,1.727144105795701e-05,3.7657006220400646e-08,8.049792877372882e-06,1.769448035527563e-05,3.9503967154910236e-08,8.23494873502038e-06,1.8122609190976778e-05,4.141801668704955e-08,8.421965151083765e-06,1.8555826186123504e-05,4.340075768871954e-08,8.610833776329294e-06,1.8994129945394626e-05,4.5453811813004385e-08,8.801546265682991e-06,1.9437519057089323e-05,4.75788194875577e-08,8.994094278264224e-06,1.988599209313185e-05,4.9777439907911826e-08,9.188469477419242e-06,2.033954760907627e-05,5.205135103071063e-08,9.38466353075466e-06,2.079818414411126e-05,0.5499999999999998
3.415803260172995e-08,7.685096254858029e-06,1.685349266156903e-05,3.587554979934039e-08,7.866505931501243e-06,1.727144105795701e-05,3.7657006220400646e-08,8.049792877372882e-06,1.769448035527563e-05,3.9503967154910236e-08,8.23494873502038e-06,1.8122609190976778e-05,4.141801668704955e-08,8.421965151083765e-06,1.8555826186123504e-05,4.340075768871954e-08,8.610833776329294e-06,1.8994129945394626e-05,4.5453811813004385e-08,8.801546265682991e-06,1.9437519057089323e-05,4.75788194875577e-08,8.994094278264224e-06,1.988599209313185e-05,4.9777439907911826e-08,9.188469477419242e-06,2.033954760907627e-05,5.205135103071063e-08,9.38466353075466e-06,2.079818414411126e-05,0.5499999999999998
3.415803260172995e-08,7.685096254858029e-06,1.685349266156903e-05,3.587554979934039e-08,7.866505931501243e-06,1.727144105795701e-05,3.7657006220400646e-08,8.049792877372882e-06,1.769448035527563e-05,3.9503967154910236e-08,8.23494873502038e-06,1.8122609190976778e-05,4.141801668704955e-08,8.421965151083765e-06,1.8555826186123504e-05,4.340075768871954e-08,8.610833776329294e-06,1.8994129945394626e-05,4.5453811813004385e-08,8.801546265682991e-06,1.9437519057089323e-05,4.75788194875577e-08,8.994094278264224e-06,1.988599209313185e-05,4.9777439907911826e-08,9.188469477419242e-06,2.033954760907627e-05,5.205135103071063e-08,9.38466353075466e-06,2.079818414411126e-05,0.5499999999999998
3.415803260172995e-08,7.685096254858029e-06,1.685349266156903e-05,3.587554979934039e-08,7.866505931501243e-06,1.727144105795701e-05,3.7657006220400646e-08,8.049792877372882e-06,1.769448035527563e-05,3.9503967154910236e-08,8.23494873502038e-06,1.8122609190976778e-05,4.141801668704955e-08,8.421965151083765e-06,1.8555826186123504e-05,4.340075768871954e-08,8.610833776329294e-06,1.8994129945394626e-05,4.5453811813004385e-08,8.801546265682991e-06,1.9437519057089323e-05,4.75788194875577e-08,8.994094278264224e-06,1.988599209313185e-05,4.9777439907911826e-08,9.188469477419242e-06,2.033954760907627e-05,5.205135103071063e-08,9.38466353075466e-06,2.079818414411126e-05,0.5499999999999998
3.415803260172995e-08,7.685096254858029e-06,1.685349266156903e-05,3.587554979934039e-08,7.866505931501243e-06,1.727144105795701e-05,3.7657006220400646e-08,8.049792877372882e-06,1.769448035527563e-05,3.9503967154910236e-08,8.23494873502038e-06,1.8122609190976778e-05,4.141801668704955e-08,8.421965151083765e-06,1.8555826186123504e-05,4.340075768871954e-08,8.610833776329294e-06,1.8994129945394626e-05,4.5453811813004385e-08,8.801546265682991e-06,1.9437519057089323e-05,4.75788194875577e-08,8.994094278264224e-06,1.988599209313185e-05,4.9777439907911826e-08,9.188469477419242e-06,2.033954760907627e-05,5.205135103071063e-08,9.38466353075466e-06,2.079818414411126e-05,0.5499999999999998
3.415803260172995e-08,7.685096254858029e-06,1.685349266156903e-05,3.587554979934039e-08,7.866505931501243e-06,1.727144105795701e-05,3.7657006220400646e-08,8.049792877372882e-06,1.769448035527563e-05,3.9503967154910236e-08,8.23494873502038e-06,1.8122609190976778e-05,4.141801668704955e-08,8.421965151083765e-06,1.8555826186123504e-05,4.340075768871954e-08,8.610833776329294e-06,1.8994129945394626e-05,4.5453811813004385e-08,8.801546265682991e-06,1.9437519057089323e-05,4.75788194875577e-08,8.994094278264224e-06,1.988599209313185e-05,4.9777439907911826e-08,9.188469477419242e-06,2.033954760907627e-05,5.205135103071063e-08,9.38466353075466e-06,2.079818414411126e-05,0.5499999999999998
3.415803260172995e-08,7.685096254858029e-06,1.685349266156903e-05,3.587554979934039e-08,7.866505931501243e-06,1.727144105795701e-05,3.7657006220400646e-08,8.049792877372882e-06,1.769448035527563e-05,3.9503967154910236e-08,8.23494873502038e-06,1.8122609190976778e-05,4.141801668704955e-08,8.421965151083765e-06,1.8555826186123504e-05,4.340075768871954e-08,8.610833776329294e-06,1.8994129945394626e-05,4.5453811813004385e-08,8.801546265682991e-06,1.9437519057089323e-05,4.75788194875577e-08,8.994094278264224e-06,1.988599209313185e-05,4.9777439907911826e-08,9.188469477419242e-06,2.033954760907627e-05,5.205135103071063e-08,9.38466353075466e-06,2.079818414411126e-05,0.5499999999999998
3.415803260172995e-08,7.685096254858029e-06,1.685349266156903e-05,3.587554979934039e-08,7.866505931501243e-06,1.727144105795701e-05,3.7657006220400646e-08,8.049792877372882e-06,1.769448035527563e-05,3.9503967154910236e-08,8.23494873502038e-06,1.8122609190976778e-05,4.141801668704955e-08,8.421965151083765e-06,1.8555826186123504e-05,4.340075768871954e-08,8.610833776329294e-06,1.8994129945394626e-05,4.5453811813004385e-08,8.801546265682991e-06,1.9437519057089323e-05,4.75788194875577e-08,8.994094278264224e-06,1.988599209313185e-05,4.9777439907911826e-08,9.188469477419242e-06,2.033954760907627e-05,5.205135103071063e-08,9.38466353075466e-06,2.079818414411126e-05,0.5499999999999998
3.415803260172995e-08,7.685096254858029e-06,1.685349266156903e-05,3.587554979934039e-08,7.866505931501243e-06,1.727144105795701e-05,3.7657006220400646e-08,8.049792877372882e-06,1.769448035527563e-05,3.9503967154910236e-08,8.23494873502038e-06,1.8122609190976778e-05,4.141801668704955e-08,8.421965151083765e-06,1.8555826186123504e-05,4.340075768871954e-08,8.610833776329294e-06,1.8994129945394626e-05,4.5453811813004385e-08,8.801546265682991e-06,1.9437519057089323e-05,4.75788194875577e-08,8.994094278264224e-06,1.988599209313185e-05,4.9777439907911826e-08,9.188469477419242e-06,2.033954760907627e-05,5.205135103071063e-08,9.38466353075466e-06,2.079818414411126e-05,0.5499999999999998
3.415803260172995e-08,7.685096254858029e-06,1.685349266156903e-05,3.587554979934039e-08,7.866505931501243e-06,1.727144105795701e-05,3.7657006220400646e-08,8.049792877372882e-06,1.769448035527563e-05,3.9503967154910236e-08,8.23494873502038e-06,1.8122609190976778e-05,4.141801668704955e-08,8.421965151083765e-06,1.8555826186123504e-05,4.340075768871954e-08,8.610833776329294e-06,1.8994129945394626e-05,4.5453811813004385e-08,8.801546265682991e-06,1.9437519057089323e-05,4.75788194875577e-08,8.994094278264224e-06,1.988599209313185e-05,4.9777439907911826e-08,9.188469477419242e-06,2.033954760907627e-05,5.205135103071063e-08,9.38466353075466e-06,2.079818414411126e-05,0.5499999999999998
3.415803260172995e-08,7.685096254858029e-06,1.685349266156903e-05,3.587554979934039e-08,7.866505931501243e-06,1.727144105795701e-05,3.7657006220400646e-08,8.049792877372882e-06,1.769448035527563e-05,3.9503967154910236e-08,8.23494873502038e-06,1.8122609190976778e-05,4.141801668704955e-08,8.421965151083765e-06,1.8555826186123504e-05,4.340075768871954e-08,8.610833776329294e-06,1.8994129945394626e-05,4.5453811813004385e-08,8.801546265682991e-06,1.9437519057089323e-05,4.75788194875577e-08,8.994094278264224e-06,1.988599209313185e-05,4.9777439907911826e-08,9.188469477419242e-06,2.033954760907627e-05,5.205135103071063e-08,9.38466353075466e-06,2.079818414411126e-05,0.5499999999999998
3.415803260172995e-08,7.685096254858029e-06,1.685349266156903e-05,3.587554979934039e-08,7.866505931501243e-06,1.727144105795701e-05,3.7657006220400646e-08,8.049792877372882e-06,1.769448035527563e-05,3.9503967154910236e-08,8.23494873502038e-06,1.8122609190976778e-05,4.141801668704955e-08,8.421965151083765e-06,1.8555826186123504e-05,4.340075768871954e-08,8.610833776329294e-06,1.8994129945394626e-05,4.5453811813004385e-08,8.801546265682991e-06,1.9437519057089323e-05,4.75788194875577e-08,8.994094278264224e-06,1.988599209313185e-05,4.9777439907911826e-08,9.188469477419242e-06,2.033954760907627e-05,5.205135103071063e-08,9.38466353075466e-06,2.079818414411126e-05,0.5499999999999998
3.415803260172995e-08,7.685096254858029e-06,1.685349266156903e-05,3.587554979934039e-08,7.866505931501243e-06,1.727144105795701e-05,3.7657006220400646e-08,8.049792877372882e-06,1.769448035527563e-05,3.9503967154910236e-08,8.23494873502038e-06,1.8122609190976778e-05,4.141801668704955e-08,8.421965151083765e-06,1.8555826186123504e-05,4.340075768871954e-08,8.610833776329294e-06,1.8994129945394626e-05,4.5453811813004385e-08,8.801546265682991e-06,1.9437519057089323e-05,4.75788194875577e-08,8.994094278264224e-06,1.988599209313185e-05,4.9777439907911826e-08,9.188469477419242e-06,2.033954760907627e-05,5.205135103071063e-08,9.38466353075466e-06,2.079818414411126e-05,0.5499999999999998
3.415803260172995e-08,7.685096254858029e-06,1.685349266156903e-05,3.587554979934039e-08,7.866505931501243e-06,1.727144105795701e-05,3.7657006220400646e-08,8.049792877372882e-06,1.769448035527563e-05,3.9503967154910236e-08,8.23494873502038e-06,1.8122609190976778e-05,4.141801668704955e-08,8.421965151083765e-06,1.8555826186123504e-05,4.340075768871954e-08,8.610833776329294e-06,1.8994129945394626e-05,4.5453811813004385e-08,8.801546265682991e-06,1.9437519057089323e-05,4.75788194875577e-08,8.994094278264224e-06,1.988599209313185e-05,4.9777439907911826e-08,9.188469477419242e-06,2.033954760907627e-05,5.205135103071063e-08,9.38466353075466e-06,2.079818414411126e-05,0.5499999999999998
3.415803260172995e-08,7.685096254858029e-06,1.685349266156903e-05,3.587554979934039e-08,7.866505931501243e-06,1.727144105795701e-05,3.7657006220400646e-08,8.049792877372882e-06,1.769448035527563e-05,3.9503967154910236e-08,8.23494873502038e-06,1.8122609190976778e-05,4.141801668704955e-08,8.421965151083765e-06,1.8555826186123504e-05,4.340075768871954e-08,8.610833776329294e-06,1.8994129945394626e-05,4.5453811813004385e-08,8.801546265682991e-06,1.9437519057089323e-05,4.75788194875577e-08,8.994094278264224e-06,1.988599209313185e-05,4.9777439907911826e-08,9.188469477419242e-06,2.033954760907627e-05,5.205135103071063e-08,9.38466353075466e-06,2.079818414411126e-05,0.5499999999999998
3.415803260172995e-08,7.685096254858029e-06,1.685349266156903e-05,3.587554979934039e-08,7.866505931501243e-06,1.727144105795701e-05,3.7657006220400646e-08,8.049792877372882e-06,1.769448035527563e-05,3.9503967154910236e-08,8.23494873502038e-06,1.8122609190976778e-05,4.141801668704955e-08,8.421965151083765e-06,1.8555826186123504e-05,4.340075768871954e-08,8.610833776329294e-06,1.8994129945394626e-05,4.5453811813004385e-08,8.801546265682991e-06,1.9437519057089323e-05,4.75788194875577e-08,8.994094278264224e-06,1.988599209313185e-05,4.9777439907911826e-08,9.188469477419242e-06,2.033954760907627e-05,5.205135103071063e-08,9.38466353075466e-06,2.079818414411126e-05,0.5499999999999998
3.415803260172995e-08,7.685096254858029e-06,1.685349266156903e-05,3.587554979934039e-08,7.866505931501243e-06,1.727144105795701e-05,3.7657006220400646e-08,8.049792877372882e-06,1.769448035527563e-05,3.9503967154910236e-08,8.23494873502038e-06,1.8122609190976778e-05,4.141801668704955e-08,8.421965151083765e-06,1.8555826186123504e-05,4.340075768871954e-08,8.610833776329294e-06,1.8994129945394626e-05,4.5453811813004385e-08,8.801546265682991e-06,1.9437519057089323e-05,4.75788194875577e-08,8.994094278264224e-06,1.988599209313185e-05,4.9777439907911826e-08,9.188469477419242e-06,2.033954760907627e-05,5.205135103071063e-08,9.38466353075466e-06,2.079818414411126e-05,0.5499999999999998
3.415803260172995e-08,7.685096254858029e-06,1.685349266156903e-05,3.587554979934039e-08,7.866505931501243e-06,1.727144105795701e-05,3.7657006220400646e-08,8.049792877372882e-06,1.769448035527563e-05,3.9503967154910236e-08,8.23494873502038e-06,1.8122609190976778e-05,4.141801668704955e-08,8.421965151083765e-06,1.8555826186123504e-05,4.340075768871954e-08,8.610833776329294e-06,1.8994129945394626e-05,4.5453811813004385e-08,8.801546265682991e-06,1.9437519057089323e-05,4.75788194875577e-08,8.994094278264224e-06,1.988599209313185e-05,4.9777439907911826e-08,9.188469477419242e-06,2.033954760907627e-05,5.205135103071063e-08,9.38466353075466e-06,2.079818414411126e-05,0.5499999999999998
3.415803260172995e-08,7.685096254858029e-06,1.685349266156903e-05,3.587554979934039e-08,7.866505931501243e-06,1.727144105795701e-05,3.7657006220400646e-08,8.049792877372882e-06,1.769448035527563e-05,3.9503967154910236e-08,8.23494873502038e-06,1.8122609190976778e-05,4.141801668704955e-08,8.421965151083765e-06,1.8555826186123504e-05,4.340075768871954e-08,8.610833776329294e-06,1.8994129945394626e-05,4.5453811813004385e-08,8.801546265682991e-06,1.9437519057089323e-05,4.75788194875577e-08,8.994094278264224e-06,1.988599209313185e-05,4.9777439907911826e-08,9.188469477419242e-06,2.033954760907627e-05,5.205135103071063e-08,9.38466353075466e-06,2.079818414411126e-05,0.5499999999999998
3.415803260172995e-08,7.685096254858029e-06,1.685349266156903e-05,3.587554979934039e-08,7.866505931501243e-06,1.727144105795701e-05,3.7657006220400646e-08,8.049792877372882e-06,1.769448035527563e-05,3.9503967154910236e-08,8.23494873502038e-06,1.8122609190976778e-05,4.141801668704955e-08,8.421965151083765e-06,1.8555826186123504e-05,4.340075768871954e-08,8.610833776329294e-06,1.8994129945394626e-05,4.5453811813004385e-08,8.801546265682991e-06,1.9437519057089323e-05,4.75788194875577e-08,8.994094278264224e-06,1.988599209313185e-05,4.9777439907911826e-08,9.188469477419242e-06,2.033954760907627e-05,5.205135103071063e-08,9.38466353075466e-06,2.079818414411126e-05,0.5499999999999998
3.415803260172995e-08,7.685096254858029e-06,1.685349266156903e-05,3.587554979934039e-08,7.866505931501243e-06,1.727144105795701e-05,3.7657006220400646e-08,8.049792877372882e-06,1.769448035527563e-05,3.9503967154910236e-08,8.23494873502038e-06,1.8122609190976778e-05,4.141801668704955e-08,8.421965151083765e-06,1.8555826186123504e-05,4.340075768871954e-08,8.610833776329294e-06,1.8994129945394626e-05,4.5453811813004385e-08,8.801546265682991e-06,1.9437519057089323e-05,4.75788194875577e-08,8.994094278264224e-06,1.988599209313185e-05,4.9777439907911826e-08,9.188469477419242e-06,2.033954760907627e-05,5.205135103071063e-08,9.38466353075466e-06,2.079818414411126e-05,0.5499999999999998
3.415803260172995e-08,7.685096254858029e-06,1.685349266156903e-05,3.587554979934039e-08,7.866505931501243e-06,1.727144105795701e-05,3.7657006220400646e-08,8.049792877372882e-06,1.769448035527563e-05,3.9503967154910236e-08,8.23494873502038e-06,1.8122609190976778e-05,4.141801668704955e-08,8.421965151083765e-06,1.8555826186123504e-05,4.340075768871954e-08,8.610833776329294e-06,1.8994129945394626e-05,4.5453811813004385e-08,8.801546265682991e-06,1.9437519057089323e-05,4.75788194875577e-08,8.994094278264224e-06,1.988599209313185e-05,4.9777439907911826e-08,9.188469477419242e-06,2.033954760907627e-05,5.205135103071063e-08,9.38466353075466e-06,2.079818414411126e-05,0.5499999999999998
3.415803260172995e-08,7.685096254858029e-06,1.685349266156903e-05,3.587554979934039e-08,7.866505931501243e-06,1.727144105795701e-05,3.7657006220400646e-08,8.049792877372882e-06,1.769448035527563e-05,3.9503967154910236e-08,8.23494873502038e-06,1.8122609190976778e-05,4.141801668704955e-08,8.421965151083765e-06,1.8555826186123504e-05,4.340075768871954e-08,8.610833776329294e-06,1.8994129945394626e-05,4.5453811813004385e-08,8.801546265682991e-06,1.9437519057089323e-05,4.75788194875577e-08,8.994094278264224e-06,1.988599209313185e-05,4.9777439907911826e-08,9.188469477419242e-06,2.033954760907627e-05,5.205135103071063e-08,9.38466353075466e-06,2.079818414411126e-05,0.5499999999999998
3.415803260172995e-08,7.685096254858029e-06,1.685349266156903e-05,3.587554979934039e-08,7.866505931501243e-06,1.727144105795701e-05,3.7657006220400646e-08,8.049792877372882e-06,1.769448035527563e-05,3.9503967154910236e-08,8.23494873502038e-06,1.8122609190976778e-05,4.141801668704955e-08,8.421965151083765e-06,1.8555826186123504e-05,4.340075768871954e-08,8.610833776329294e-06,1.8994129945394626e-05,4.5453811813004385e-08,8.801546265682991e-06,1.9437519057089323e-05,4.75788194875577e-08,8.994094278264224e-06,1.988599209313185e-05,4.9777439907911826e-08,9.188469477419242e-06,2.033954760907627e-05,5.205135103071063e-08,9.38466353075466e-06,2.079818414411126e-05,0.5499999999999998
3.415803260172995e-08,7.685096254858029e-06,1.685349266156903e-05,3.587554979934039e-08,7.866505931501243e-06,1.727144105795701e-05,3.7657006220400646e-08,8.049792877372882e-06,1.769448035527563e-05,3.9503967154910236e-08,8.23494873502038e-06,1.8122609190976778e-05,4.141801668704955e-08,8.421965151083765e-06,1.8555826186123504e-05,4.340075768871954e-08,8.610833776329294e-06,1.8994129945394626e-05,4.5453811813004385e-08,8.801546265682991e-06,1.9437519057089323e-05,4.75788194875577e-08,8.994094278264224e-06,1.988599209313185e-05,4.9777439907911826e-08,9.188469477419242e-06,2.033954760907627e-05,5.205135103071063e-08,9.38466353075466e-06,2.079818414411126e-05,0.5499999999999998
3.415803260172995e-08,7.685096254858029e-06,1.685349266156903e-05,3.587554979934039e-08,7.866505931501243e-06,1.727144105795701e-05,3.7657006220400646e-08,8.049792877372882e-06,1.769448035527563e-05,3.9503967154910236e-08,8.23494873502038e-06,1.8122609190976778e-05,4.141801668704955e-08,8.421965151083765e-06,1.8555826186123504e-05,4.340075768871954e-08,8.610833776329294e-06,1.8994129945394626e-05,4.5453811813004385e-08,8.801546265682991e-06,1.9437519057089323e-05,4.75788194875577e-08,8.994094278264224e-06,1.988599209313185e-05,4.9777439907911826e-08,9.188469477419242e-06,2.033954760907627e-05,5.205135103071063e-08,9.38466353075466e-06,2.079818414411126e-05,0.5499999999999998
3.415803260172995e-08,7.685096254858029e-06,1.685349266156903e-05,3.587554979934039e-08,7.866505931501243e-06,1.727144105795701e-05,3.7657006220400646e-08,8.049792877372882e-06,1.769448035527563e-05,3.9503967154910236e-08,8.23494873502038e-06,1.8122609190976778e-05,4.141801668704955e-08,8.421965151083765e-06,1.8555826186123504e-05,4.340075768871954e-08,8.610833776329294e-06,1.8994129945394626e-05,4.5453811813004385e-08,8.801546265682991e-06,1.9437519057089323e-05,4.75788194875577e-08,8.994094278264224e-06,1.988599209313185e-05,4.9777439907911826e-08,9.188469477419242e-06,2.033954760907627e-05,5.205135103071063e-08,9.38466353075466e-06,2.079818414411126e-05,0.5499999999999998
3.415803260172995e-08,7.685096254858029e-06,1.685349266156903e-05,3.587554979934039e-08,7.866505931501243e-06,1.727144105795701e-05,3.7657006220400646e-08,8.049792877372882e-06,1.769448035527563e-05,3.9503967154910236e-08,8.23494873502038e-06,1.8122609190976778e-05,4.141801668704955e-08,8.421965151083765e-06,1.8555826186123504e-05,4.340075768871954e-08,8.610833776329294e-06,1.8994129945394626e-05,4.5453811813004385e-08,8.801546265682991e-06,1.9437519057089323e-05,4.75788194875577e-08,8.994094278264224e-06,1.988599209313185e-05,4.9777439907911826e-08,9.188469477419242e-06,2.033954760907627e-05,5.205135103071063e-08,9.38466353075466e-06,2.079818414411126e-05,0.5499999999999998
3.415803260172995e-08,7.685096254858029e-06,1.685349266156903e-05,3.587554979934039e-08,7.866505931501243e-06,1.727144105795701e-05,3.7657006220400646e-08,8.049792877372882e-06,1.769448035527563e-05,3.9503967154910236e-08,8.23494873502038e-06,1.8122609190976778e-05,4.141801668704955e-08,8.421965151083765e-06,1.8555826186123504e-05,4.340075768871954e-08,8.610833776329294e-06,1.8994129945394626e-05,4.5453811813004385e-08,8.801546265682991e-06,1.9437519057089323e-05,4.75788194875577e-08,8.994094278264224e-06,1.988599209313185e-05,4.9777439907911826e-08,9.188469477419242e-06,2.033954760907627e-05,5.205135103071063e-08,9.38466353075466e-06,2.079818414411126e-05,0.5499999999999998
3.415803260172995e-08,7.685096254858029e-06,1.685349266156903e-05,3.587554979934039e-08,7.866505931501243e-06,1.727144105795701e-05,3.7657006220400646e-08,8.049792877372882e-06,1.769448035527563e-05,3.9503967154910236e-08,8.23494873502038e-06,1.8122609190976778e-05,4.141801668704955e-08,8.421965151083765e-06,1.8555826186123504e-05,4.340075768871954e-08,8.610833776329294e-06,1.8994129945394626e-05,4.5453811813004385e-08,8.801546265682991e-06,1.9437519057089323e-05,4.75788194875577e-08,8.994094278264224e-06,1.988599209313185e-05,4.9777439907911826e-08,9.188469477419242e-06,2.033954760907627e-05,5.205135103071063e-08,9.38466353075466e-06,2.079818414411126e-05,0.5499999999999998
3.415803260172995e-08,7.685096254858029e-06,1.685349266156903e-05,3.587554979934039e-08,7.866505931501243e-06,1.727144105795701e-05,3.7657006220400646e-08,8.049792877372882e-06,1.769448035527563e-05,3.9503967154910236e-08,8.23494873502038e-06,1.8122609190976778e-05,4.141801668704955e-08,8.421965151083765e-06,1.8555826186123504e-05,4.340075768871954e-08,8.610833776329294e-06,1.8994129945394626e-05,4.5453811813004385e-08,8.801546265682991e-06,1.9437519057089323e-05,4.75788194875577e-08,8.994094278264224e-06,1.988599209313185e-05,4.9777439907911826e-08,9.188469477419242e-06,2.033954760907627e-05,5.205135103071063e-08,9.38466353075466e-06,2.079818414411126e-05,0.5499999999999998
3.415803260172995e-08,7.685096254858029e-06,1.685349266156903e-05,3.587554979934039e-08,7.866505931501243e-06,1.727144105795701e-05,3.7657006220400646e-08,8.049792877372882e-06,1.769448035527563e-05,3.9503967154910236e-08,8.23494873502038e-06,1.8122609190976778e-05,4.141801668704955e-08,8.421965151083765e-06,1.8555826186123504e-05,4.340075768871954e-08,8.610833776329294e-06,1.8994129945394626e-05,4.5453811813004385e-08,8.801546265682991e-06,1.9437519057089323e-05,4.75788194875577e-08,8.994094278264224e-06,1.988599209313185e-05,4.9777439907911826e-08,9.188469477419242e-06,2.033954760907627e-05,5.205135103071063e-08,9.38466353075466e-06,2.079818414411126e-05,0.5499999999999998
3.415803260172995e-08,7.685096254858029e-06,1.685349266156903e-05,3.587554979934039e-08,7.866505931501243e-06,1.727144105795701e-05,3.7657006220400646e-08,8.049792877372882e-06,1.769448035527563e-05,3.9503967154910236e-08,8.23494873502038e-06,1.8122609190976778e-05,4.141801668704955e-08,8.421965151083765e-06,1.8555826186123504e-05,4.340075768871954e-08,8.610833776329294e-06,1.8994129945394626e-05,4.5453811813004385e-08,8.801546265682991e-06,1.9437519057089323e-05,4.75788194875577e-08,8.994094278264224e-06,1.988599209313185e-05,4.9777439907911826e-08,9.188469477419242e-06,2.033954760907627e-05,5.205135103071063e-08,9.38466353075466e-06,2.079818414411126e-05,0.5499999999999998
3.415803260172995e-08,7.685096254858029e-06,1.685349266156903e-05,3.587554979934039e-08,7.866505931501243e-06,1.727144105795701e-05,3.7657006220400646e-08,8.049792877372882e-06,1.769448035527563e-05,3.9503967154910236e-08,8.23494873502038e-06,1.8122609190976778e-05,4.141801668704955e-08,8.421965151083765e-06,1.8555826186123504e-05,4.340075768871954e-08,8.610833776329294e-06,1.8994129945394626e-05,4.5453811813004385e-08,8.801546265682991e-06,1.9437519057089323e-05,4.75788194875577e-08,8.994094278264224e-06,1.988599209313185e-05,4.9777439907911826e-08,9.188469477419242e-06,2.033954760907627e-05,5.205135103071063e-08,9.38466353075466e-06,2.079818414411126e-05,0.5499999999999998
3.415803260172995e-08,7.685096254858029e-06,1.685349266156903e-05,3.587554979934039e-08,7.866505931501243e-06,1.727144105795701e-05,3.7657006220400646e-08,8.049792877372882e-06,1.769448035527563e-05,3.9503967154910236e-08,8.23494873502038e-06,1.8122609190976778e-05,4.141801668704955e-08,8.421965151083765e-06,1.8555826186123504e-05,4.340075768871954e-08,8.610833776329294e-06,1.8994129945394626e-05,4.5453811813004385e-08,8.801546265682991e-06,1.9437519057089323e-05,4.75788194875577e-08,8.994094278264224e-06,1.988599209313185e-05,4.9777439907911826e-08,9.188469477419242e-06,2.033954760907627e-05,5.205135103071063e-08,9.38466353075466e-06,2.079818414411126e-05,0.5499999999999998
3.415803260172995e-08,7.685096254858029e-06,1.685349266156903e-05,3.587554979934039e-08,7.866505931501243e-06,1.727144105795701e-05,3.7657006220400646e-08,8.049792877372882e-06,1.769448035527563e-05,3.9503967154910236e-08,8.23494873502038e-06,1.8122609190976778e-05,4.141801668704955e-08,8.421965151083765e-06,1.8555826186123504e-05,4.340075768871954e-08,8.610833776329294e-06,1.8994129945394626e-05,4.5453811813004385e-08,8.801546265682991e-06,1.9437519057089323e-05,4.75788194875577e-08,8.994094278264224e-06,1.988599209313185e-05,4.9777439907911826e-08,9.188469477419242e-06,2.033954760907627e-05,5.205135103071063e-08,9.38466353075466e-06,2.079818414411126e-05,0.5499999999999998
3.415803260172995e-08,7.685096254858029e-06,1.685349266156903e-05,3.587554979934039e-08,7.866505931501243e-06,1.727144105795701e-05,3.7657006220400646e-08,8.049792877372882e-06,1.769448035527563e-05,3.9503967154910236e-08,8.23494873502038e-06,1.8122609190976778e-05,4.141801668704955e-08,8.421965151083765e-06,1.8555826186123504e-05,4.340075768871954e-08,8.610833776329294e-06,1.8994129945394626e-05,4.5453811813004385e-08,8.801546265682991e-06,1.9437519057089323e-05,4.75788194875577e-08,8.994094278264224e-06,1.988599209313185e-05,4.9777439907911826e-08,9.188469477419242e-06,2.033954760907627e-05,5.205135103071063e-08,9.38466353075466e-06,2.079818414411126e-05,0.5499999999999998
3.415803260172995e-08,7.685096254858029e-06,1.685349266156903e-05,3.587554979934039e-08,7.866505931501243e-06,1.727144105795701e-05,3.7657006220400646e-08,8.049792877372882e-06,1.769448035527563e-05,3.9503967154910236e-08,8.23494873502038e-06,1.8122609190976778e-05,4.141801668704955e-08,8.421965151083765e-06,1.8555826186123504e-05,4.340075768871954e-08,8.610833776329294e-06,1.8994129945394626e-05,4.5453811813004385e-08,8.801546265682991e-06,1.9437519057089323e-05,4.75788194875577e-08,8.994094278264224e-06,1.988599209313185e-05,4.9777439907911826e-08,9.188469477419242e-06,2.033954760907627e-05,5.205135103071063e-08,9.38466353075466e-06,2.079818414411126e-05,0.5499999999999998
3.415803260172995e-08,7.685096254858029e-06,1.685349266156903e-05,3.587554979934039e-08,7.866505931501243e-06,1.727144105795701e-05,3.7657006220400646e-08,8.049792877372882e-06,1.769448035527563e-05,3.9503967154910236e-08,8.23494873502038e-06,1.8122609190976778e-05,4.141801668704955e-08,8.421965151083765e-06,1.8555826186123504e-05,4.340075768871954e-08,8.610833776329294e-06,1.8994129945394626e-05,4.5453811813004385e-08,8.801546265682991e-06,1.9437519057089323e-05,4.75788194875577e-08,8.994094278264224e-06,1.988599209313185e-05,4.9777439907911826e-08,9.188469477419242e-06,2.033954760907627e-05,5.205135103071063e-08,9.38466353075466e-06,2.079818414411126e-05,0.5499999999999998
3.415803260172995e-08,7.685096254858029e-06,1.685349266156903e-05,3.587554979934039e-08,7.866505931501243e-06,1.727144105795701e-05,3.7657006220400646e-08,8.049792877372882e-06,1.769448035527563e-05,3.9503967154910236e-08,8.23494873502038e-06,1.8122609190976778e-05,4.141801668704955e-08,8.421965151083765e-06,1.8555826186123504e-05,4.340075768871954e-08,8.610833776329294e-06,1.8994129945394626e-05,4.5453811813004385e-08,8.801546265682991e-06,1.9437519057089323e-05,4.75788194875577e-08,8.994094278264224e-06,1.988599209313185e-05,4.9777439907911826e-08,9.188469477419242e-06,2.033954760907627e-05,5.205135103071063e-08,9.38466353075466e-06,2.079818414411126e-05,0.5499999999999998
3.415803260172995e-08,7.685096254858029e-06,1.685349266156903e-05,3.587554979934039e-08,7.866505931501243e-06,1.727144105795701e-05,3.7657006220400646e-08,8.049792877372882e-06,1.769448035527563e-05,3.9503967154910236e-08,8.23494873502038e-06,1.8122609190976778e-05,4.141801668704955e-08,8.421965151083765e-06,1.8555826186123504e-05,4.340075768871954e-08,8.610833776329294e-06,1.8994129945394626e-05,4.5453811813004385e-08,8.801546265682991e-06,1.9437519057089323e-05,4.75788194875577e-08,8.994094278264224e-06,1.988599209313185e-05,4.9777439907911826e-08,9.188469477419242e-06,2.033954760907627e-05,5.205135103071063e-08,9.38466353075466e-06,2.079818414411126e-05,0.5499999999999998
3.415803260172995e-08,7.685096254858029e-06,1.685349266156903e-05,3.587554979934039e-08,7.866505931501243e-06,1.727144105795701e-05,3.7657006220400646e-08,8.049792877372882e-06,1.769448035527563e-05,3.9503967154910236e-08,8.23494873502038e-06,1.8122609190976778e-05,4.141801668704955e-08,8.421965151083765e-06,1.8555826186123504e-05,4.340075768871954e-08,8.610833776329294e-06,1.8994129945394626e-05,4.5453811813004385e-08,8.801546265682991e-06,1.9437519057089323e-05,4.75788194875577e-08,8.994094278264224e-06,1.988599209313185e-05,4.9777439907911826e-08,9.188469477419242e-06,2.033954760907627e-05,5.205135103071063e-08,9.38466353075466e-06,2.079818414411126e-05,0.5499999999999998
3.415803260172995e-08,7.685096254858029e-06,1.685349266156903e-05,3.587554979934039e-08,7.866505931501243e-06,1.727144105795701e-05,3.7657006220400646e-08,8.049792877372882e-06,1.769448035527563e-05,3.9503967154910236e-08,8.23494873502038e-06,1.8122609190976778e-05,4.141801668704955e-08,8.421965151083765e-06,1.8555826186123504e-05,4.340075768871954e-08,8.610833776329294e-06,1.8994129945394626e-05,4.5453811813004385e-08,8.801546265682991e-06,1.9437519057089323e-05,4.75788194875577e-08,8.994094278264224e-06,1.988599209313185e-05,4.9777439907911826e-08,9.188469477419242e-06,2.033954760907627e-05,5.205135103071063e-08,9.38466353075466e-06,2.079818414411126e-05,0.5499999999999998
3.415803260172995e-08,7.685096254858029e-06,1.685349266156903e-05,3.587554979934039e-08,7.866505931501243e-06,1.727144105795701e-05,3.7657006220400646e-08,8.049792877372882e-06,1.769448035527563e-05,3.9503967154910236e-08,8.23494873502038e-06,1.8122609190976778e-05,4.141801668704955e-08,8.421965151083765e-06,1.8555826186123504e-05,4.340075768871954e-08,8.610833776329294e-06,1.8994129945394626e-05,4.5453811813004385e-08,8.801546265682991e-06,1.9437519057089323e-05,4.75788194875577e-08,8.994094278264224e-06,1.988599209313185e-05,4.9777439907911826e-08,9.188469477419242e-06,2.033954760907627e-05,5.205135103071063e-08,9.38466353075466e-06,2.079818414411126e-05,0.5499999999999998
3.415803260172995e-08,7.685096254858029e-06,1.685349266156903e-05,3.587554979934039e-08,7.866505931501243e-06,1.727144105795701e-05,3.7657006220400646e-08,8.049792877372882e-06,1.769448035527563e-05,3.9503967154910236e-08,8.23494873502038e-06,1.8122609190976778e-05,4.141801668704955e-08,8.421965151083765e-06,1.8555826186123504e-05,4.340075768871954e-08,8.610833776329294e-06,1.8994129945394626e-05,4.5453811813004385e-08,8.801546265682991e-06,1.9437519057089323e-05,4.75788194875577e-08,8.994094278264224e-06,1.988599209313185e-05,4.9777439907911826e-08,9.188469477419242e-06,2.033954760907627e-05,5.205135103071063e-08,9.38466353075466e-06,2.079818414411126e-05,0.5499999999999998
3.415803260172995e-08,7.685096254858029e-06,1.685349266156903e-05,3.587554979934039e-08,7.866505931501243e-06,1.727144105795701e-05,3.7657006220400646e-08,8.049792877372882e-06,1.769448035527563e-05,3.9503967154910236e-08,8.23494873502038e-06,1.8122609190976778e-05,4.141801668704955e-08,8.421965151083765e-06,1.8555826186123504e-05,4.340075768871954e-08,8.610833776329294e-06,1.8994129945394626e-05,4.5453811813004385e-08,8.801546265682991e-06,1.9437519057089323e-05,4.75788194875577e-08,8.994094278264224e-06,1.988599209313185e-05,4.9777439907911826e-08,9.188469477419242e-06,2.033954760907627e-05,5.205135103071063e-08,9.38466353075466e-06,2.079818414411126e-05,0.5499999999999998
3.415803260172995e-08,7.685096254858029e-06,1.685349266156903e-05,3.587554979934039e-08,7.866505931501243e-06,1.727144105795701e-05,3.7657006220400646e-08,8.049792877372882e-06,1.769448035527563e-05,3.9503967154910236e-08,8.23494873502038e-06,1.8122609190976778e-05,4.141801668704955e-08,8.421965151083765e-06,1.8555826186123504e-05,4.340075768871954e-08,8.610833776329294e-06,1.8994129945394626e-05,4.5453811813004385e-08,8.801546265682991e-06,1.9437519057089323e-05,4.75788194875577e-08,8.994094278264224e-06,1.988599209313185e-05,4.9777439907911826e-08,9.188469477419242e-06,2.033954760907627e-05,5.205135103071063e-08,9.38466353075466e-06,2.079818414411126e-05,0.5499999999999998
3.415803260172995e-08,7.685096254858029e-06,1.685349266156903e-05,3.587554979934039e-08,7.866505931501243e-06,1.727144105795701e-05,3.7657006220400646e-08,8.049792877372882e-06,1.769448035527563e-05,3.9503967154910236e-08,8.23494873502038e-06,1.8122609190976778e-05,4.141801668704955e-08,8.421965151083765e-06,1.8555826186123504e-05,4.340075768871954e-08,8.610833776329294e-06,1.8994129945394626e-05,4.5453811813004385e-08,8.801546265682991e-06,1.9437519057089323e-05,4.75788194875577e-08,8.994094278264224e-06,1.988599209313185e-05,4.9777439907911826e-08,9.188469477419242e-06,2.033954760907627e-05,5.205135103071063e-08,9.38466353075466e-06,2.079818414411126e-05,0.5499999999999998
3.415803260172995e-08,7.685096254858029e-06,1.685349266156903e-05,3.587554979934039e-08,7.866505931501243e-06,1.727144105795701e-05,3.7657006220400646e-08,8.049792877372882e-06,1.769448035527563e-05,3.9503967154910236e-08,8.23494873502038e-06,1.8122609190976778e-05,4.141801668704955e-08,8.421965151083765e-06,1.8555826186123504e-05,4.340075768871954e-08,8.610833776329294e-06,1.8994129945394626e-05,4.5453811813004385e-08,8.801546265682991e-06,1.9437519057089323e-05,4.75788194875577e-08,8.994094278264224e-06,1.988599209313185e-05,4.9777439907911826e-08,9.188469477419242e-06,2.033954760907627e-05,5.205135103071063e-08,9.38466353075466e-06,2.079818414411126e-05,0.5499999999999998
3.415803260172995e-08,7.685096254858029e-06,1.685349266156903e-05,3.587554979934039e-08,7.866505931501243e-06,1.727144105795701e-05,3.7657006220400646e-08,8.049792877372882e-06,1.769448035527563e-05,3.9503967154910236e-08,8.23494873502038e-06,1.8122609190976778e-05,4.141801668704955e-08,8.421965151083765e-06,1.8555826186123504e-05,4.340075768871954e-08,8.610833776329294e-06,1.8994129945394626e-05,4.5453811813004385e-08,8.801546265682991e-06,1.9437519057089323e-05,4.75788194875577e-08,8.994094278264224e-06,1.988599209313185e-05,4.9777439907911826e-08,9.188469477419242e-06,2.033954760907627e-05,5.205135103071063e-08,9.38466353075466e-06,2.079818414411126e-05,0.5499999999999998
3.415803260172995e-08,7.685096254858029e-06,1.685349266156903e-05,3.587554979934039e-08,7.866505931501243e-06,1.727144105795701e-05,3.7657006220400646e-08,8.049792877372882e-06,1.769448035527563e-05,3.9503967154910236e-08,8.23494873502038e-06,1.8122609190976778e-05,4.141801668704955e-08,8.421965151083765e-06,1.8555826186123504e-05,4.340075768871954e-08,8.610833776329294e-06,1.8994129945394626e-05,4.5453811813004385e-08,8.801546265682991e-06,1.9437519057089323e-05,4.75788194875577e-08,8.994094278264224e-06,1.988599209313185e-05,4.9777439907911826e-08,9.188469477419242e-06,2.033954760907627e-05,5.205135103071063e-08,9.38466353075466e-06,2.079818414411126e-05,0.5499999999999998
3.415803260172995e-08,7.685096254858029e-06,1.685349266156903e-05,3.587554979934039e-08,7.866505931501243e-06,1.727144105795701e-05,3.7657006220400646e-08,8.049792877372882e-06,1.769448035527563e-05,3.9503967154910236e-08,8.23494873502038e-06,1.8122609190976778e-05,4.141801668704955e-08,8.421965151083765e-06,1.8555826186123504e-05,4.340075768871954e-08,8.610833776329294e-06,1.8994129945394626e-05,4.5453811813004385e-08,8.801546265682991e-06,1.9437519057089323e-05,4.75788194875577e-08,8.994094278264224e-06,1.988599209313185e-05,4.9777439907911826e-08,9.188469477419242e-06,2.033954760907627e-05,5.205135103071063e-08,9.38466353075466e-06,2.079818414411126e-05,0.5499999999999998
3.415803260172995e-08,7.685096254858029e-06,1.685349266156903e-05,3.587554979934039e-08,7.866505931501243e-06,1.727144105795701e-05,3.7657006220400646e-08,8.049792877372882e-06,1.769448035527563e-05,3.9503967154910236e-08,8.23494873502038e-06,1.8122609190976778e-05,4.141801668704955e-08,8.421965151083765e-06,1.8555826186123504e-05,4.340075768871954e-08,8.610833776329294e-06,1.8994129945394626e-05,4.5453811813004385e-08,8.801546265682991e-06,1.9437519057089323e-05,4.75788194875577e-08,8.994094278264224e-06,1.988599209313185e-05,4.9777439907911826e-08,9.188469477419242e-06,2.033954760907627e-05,5.205135103071063e-08,9.38466353075466e-06,2.079818414411126e-05,0.5499999999999998
3.415803260172995e-08,7.685096254858029e-06,1.685349266156903e-05,3.587554979934039e-08,7.866505931501243e-06,1.727144105795701e-05,3.7657006220400646e-08,8.049792877372882e-06,1.769448035527563e-05,3.9503967154910236e-08,8.23494873502038e-06,1.8122609190976778e-05,4.141801668704955e-08,8.421965151083765e-06,1.8555826186123504e-05,4.340075768871954e-08,8.610833776329294e-06,1.8994129945394626e-05,4.5453811813004385e-08,8.801546265682991e-06,1.9437519057089323e-05,4.75788194875577e-08,8.994094278264224e-06,1.988599209313185e-05,4.9777439907911826e-08,9.188469477419242e-06,2.033954760907627e-05,5.205135103071063e-08,9.38466353075466e-06,2.079818414411126e-05,0.5499999999999998
3.415803260172995e-08,7.685096254858029e-06,1.685349266156903e-05,3.587554979934039e-08,7.866505931501243e-06,1.727144105795701e-05,3.7657006220400646e-08,8.049792877372882e-06,1.769448035527563e-05,3.9503967154910236e-08,8.23494873502038e-06,1.8122609190976778e-05,4.141801668704955e-08,8.421965151083765e-06,1.8555826186123504e-05,4.340075768871954e-08,8.610833776329294e-06,1.8994129945394626e-05,4.5453811813004385e-08,8.801546265682991e-06,1.9437519057089323e-05,4.75788194875577e-08,8.994094278264224e-06,1.988599209313185e-05,4.9777439907911826e-08,9.188469477419242e-06,2.033954760907627e-05,5.205135103071063e-08,9.38466353075466e-06,2.079818414411126e-05,0.5499999999999998
3.415803260172995e-08,7.685096254858029e-06,1.685349266156903e-05,3.587554979934039e-08,7.866505931501243e-06,1.727144105795701e-05,3.7657006220400646e-08,8.049792877372882e-06,1.769448035527563e-05,3.9503967154910236e-08,8.23494873502038e-06,1.8122609190976778e-05,4.141801668704955e-08,8.421965151083765e-06,1.8555826186123504e-05,4.340075768871954e-08,8.610833776329294e-06,1.8994129945394626e-05,4.5453811813004385e-08,8.801546265682991e-06,1.9437519057089323e-05,4.75788194875577e-08,8.994094278264224e-06,1.988599209313185e-05,4.9777439907911826e-08,9.188469477419242e-06,2.033954760907627e-05,5.205135103071063e-08,9.38466353075466e-06,2.079818414411126e-05,0.5499999999999998
3.415803260172995e-08,7.685096254858029e-06,1.685349266156903e-05,3.587554979934039e-08,7.866505931501243e-06,1.727144105795701e-05,3.7657006220400646e-08,8.049792877372882e-06,1.769448035527563e-05,3.9503967154910236e-08,8.23494873502038e-06,1.8122609190976778e-05,4.141801668704955e-08,8.421965151083765e-06,1.8555826186123504e-05,4.340075768871954e-08,8.610833776329294e-06,1.8994129945394626e-05,4.5453811813004385e-08,8.801546265682991e-06,1.9437519057089323e-05,4.75788194875577e-08,8.994094278264224e-06,1.988599209313185e-05,4.9777439907911826e-08,9.188469477419242e-06,2.033954760907627e-05,5.205135103071063e-08,9.38466353075466e-06,2.079818414411126e-05,0.5499999999999998
3.415803260172995e-08,7.685096254858029e-06,1.685349266156903e-05,3.587554979934039e-08,7.866505931501243e-06,1.727144105795701e-05,3.7657006220400646e-08,8.049792877372882e-06,1.769448035527563e-05,3.9503967154910236e-08,8.23494873502038e-06,1.8122609190976778e-05,4.141801668704955e-08,8.421965151083765e-06,1.8555826186123504e-05,4.340075768871954e-08,8.610833776329294e-06,1.8994129945394626e-05,4.5453811813004385e-08,8.801546265682991e-06,1.9437519057089323e-05,4.75788194875577e-08,8.994094278264224e-06,1.988599209313185e-05,4.9777439907911826e-08,9.188469477419242e-06,2.033954760907627e-05,5.205135103071063e-08,9.38466353075466e-06,2.079818414411126e-05,0.5499999999999998
3.415803260172995e-08,7.685096254858029e-06,1.685349266156903e-05,3.587554979934039e-08,7.866505931501243e-06,1.727144105795701e-05,3.7657006220400646e-08,8.049792877372882e-06,1.769448035527563e-05,3.9503967154910236e-08,8.23494873502038e-06,1.8122609190976778e-05,4.141801668704955e-08,8.421965151083765e-06,1.8555826186123504e-05,4.340075768871954e-08,8.610833776329294e-06,1.8994129945394626e-05,4.5453811813004385e-08,8.801546265682991e-06,1.9437519057089323e-05,4.75788194875577e-08,8.994094278264224e-06,1.988599209313185e-05,4.9777439907911826e-08,9.188469477419242e-06,2.033954760907627e-05,5.205135103071063e-08,9.38466353075466e-06,2.079818414411126e-05,0.5499999999999998
3.415803260172995e-08,7.685096254858029e-06,1.685349266156903e-05,3.587554979934039e-08,7.866505931501243e-06,1.727144105795701e-05,3.7657006220400646e-08,8.049792877372882e-06,1.769448035527563e-05,3.9503967154910236e-08,8.23494873502038e-06,1.8122609190976778e-05,4.141801668704955e-08,8.421965151083765e-06,1.8555826186123504e-05,4.340075768871954e-08,8.610833776329294e-06,1.8994129945394626e-05,4.5453811813004385e-08,8.801546265682991e-06,1.9437519057089323e-05,4.75788194875577e-08,8.994094278264224e-06,1.988599209313185e-05,4.9777439907911826e-08,9.188469477419242e-06,2.033954760907627e-05,5.205135103071063e-08,9.38466353075466e-06,2.079818414411126e-05,0.5499999999999998
3.415803260172995e-08,7.685096254858029e-06,1.685349266156903e-05,3.587554979934039e-08,7.866505931501243e-06,1.727144105795701e-05,3.7657006220400646e-08,8.049792877372882e-06,1.769448035527563e-05,3.9503967154910236e-08,8.23494873502038e-06,1.8122609190976778e-05,4.141801668704955e-08,8.421965151083765e-06,1.8555826186123504e-05,4.340075768871954e-08,8.610833776329294e-06,1.8994129945394626e-05,4.5453811813004385e-08,8.801546265682991e-06,1.9437519057089323e-05,4.75788194875577e-08,8.994094278264224e-06,1.988599209313185e-05,4.9777439907911826e-08,9.188469477419242e-06,2.033954760907627e-05,5.205135103071063e-08,9.38466353075466e-06,2.079818414411126e-05,0.5499999999999998
3.415803260172995e-08,7.685096254858029e-06,1.685349266156903e-05,3.587554979934039e-08,7.866505931501243e-06,1.727144105795701e-05,3.7657006220400646e-08,8.049792877372882e-06,1.769448035527563e-05,3.9503967154910236e-08,8.23494873502038e-06,1.8122609190976778e-05,4.141801668704955e-08,8.421965151083765e-06,1.8555826186123504e-05,4.340075768871954e-08,8.610833776329294e-06,1.8994129945394626e-05,4.5453811813004385e-08,8.801546265682991e-06,1.9437519057089323e-05,4.75788194875577e-08,8.994094278264224e-06,1.988599209313185e-05,4.9777439907911826e-08,9.188469477419242e-06,2.033954760907627e-05,5.205135103071063e-08,9.38466353075466e-06,2.079818414411126e-05,0.5499999999999998
3.415803260172995e-08,7.685096254858029e-06,1.685349266156903e-05,3.587554979934039e-08,7.866505931501243e-06,1.727144105795701e-05,3.7657006220400646e-08,8.049792877372882e-06,1.769448035527563e-05,3.9503967154910236e-08,8.23494873502038e-06,1.8122609190976778e-05,4.141801668704955e-08,8.421965151083765e-06,1.8555826186123504e-05,4.340075768871954e-08,8.610833776329294e-06,1.8994129945394626e-05,4.5453811813004385e-08,8.801546265682991e-06,1.9437519057089323e-05,4.75788194875577e-08,8.994094278264224e-06,1.988599209313185e-05,4.9777439907911826e-08,9.188469477419242e-06,2.033954760907627e-05,5.205135103071063e-08,9.38466353075466e-06,2.079818414411126e-05,0.5499999999999998
3.415803260172995e-08,7.685096254858029e-06,1.685349266156903e-05,3.587554979934039e-08,7.866505931501243e-06,1.727144105795701e-05,3.7657006220400646e-08,8.049792877372882e-06,1.769448035527563e-05,3.9503967154910236e-08,8.23494873502038e-06,1.8122609190976778e-05,4.141801668704955e-08,8.421965151083765e-06,1.8555826186123504e-05,4.340075768871954e-08,8.610833776329294e-06,1.8994129945394626e-05,4.5453811813004385e-08,8.801546265682991e-06,1.9437519057089323e-05,4.75788194875577e-08,8.994094278264224e-06,1.988599209313185e-05,4.9777439907911826e-08,9.188469477419242e-06,2.033954760907627e-05,5.205135103071063e-08,9.38466353075466e-06,2.079818414411126e-05,0.5499999999999998
3.415803260172995e-08,7.685096254858029e-06,1.685349266156903e-05,3.587554979934039e-08,7.866505931501243e-06,1.727144105795701e-05,3.7657006220400646e-08,8.049792877372882e-06,1.769448035527563e-05,3.9503967154910236e-08,8.23494873502038e-06,1.8122609190976778e-05,4.141801668704955e-08,8.421965151083765e-06,1.8555826186123504e-05,4.340075768871954e-08,8.610833776329294e-06,1.8994129945394626e-05,4.5453811813004385e-08,8.801546265682991e-06,1.9437519057089323e-05,4.75788194875577e-08,8.994094278264224e-06,1.988599209313185e-05,4.9777439907911826e-08,9.188469477419242e-06,2.033954760907627e-05,5.205135103071063e-08,9.38466353075466e-06,2.079818414411126e-05,0.5499999999999998
3.415803260172995e-08,7.685096254858029e-06,1.685349266156903e-05,3.587554979934039e-08,7.866505931501243e-06,1.727144105795701e-05,3.7657006220400646e-08,8.049792877372882e-06,1.769448035527563e-05,3.9503967154910236e-08,8.23494873502038e-06,1.8122609190976778e-05,4.141801668704955e-08,8.421965151083765e-06,1.8555826186123504e-05,4.340075768871954e-08,8.610833776329294e-06,1.8994129945394626e-05,4.5453811813004385e-08,8.801546265682991e-06,1.9437519057089323e-05,4.75788194875577e-08,8.994094278264224e-06,1.988599209313185e-05,4.9777439907911826e-08,9.188469477419242e-06,2.033954760907627e-05,5.205135103071063e-08,9.38466353075466e-06,2.079818414411126e-05,0.5499999999999998
3.415803260172995e-08,7.685096254858029e-06,1.685349266156903e-05,3.587554979934039e-08,7.866505931501243e-06,1.727144105795701e-05,3.7657006220400646e-08,8.049792877372882e-06,1.769448035527563e-05,3.9503967154910236e-08,8.23494873502038e-06,1.8122609190976778e-05,4.141801668704955e-08,8.421965151083765e-06,1.8555826186123504e-05,4.340075768871954e-08,8.610833776329294e-06,1.8994129945394626e-05,4.5453811813004385e-08,8.801546265682991e-06,1.9437519057089323e-05,4.75788194875577e-08,8.994094278264224e-06,1.988599209313185e-05,4.9777439907911826e-08,9.188469477419242e-06,2.033954760907627e-05,5.205135103071063e-08,9.38466353075466e-06,2.079818414411126e-05,0.5499999999999998
3.415803260172995e-08,7.685096254858029e-06,1.685349266156903e-05,3.587554979934039e-08,7.866505931501243e-06,1.727144105795701e-05,3.7657006220400646e-08,8.049792877372882e-06,1.769448035527563e-05,3.9503967154910236e-08,8.23494873502038e-06,1.8122609190976778e-05,4.141801668704955e-08,8.421965151083765e-06,1.8555826186123504e-05,4.340075768871954e-08,8.610833776329294e-06,1.8994129945394626e-05,4.5453811813004385e-08,8.801546265682991e-06,1.9437519057089323e-05,4.75788194875577e-08,8.994094278264224e-06,1.988599209313185e-05,4.9777439907911826e-08,9.188469477419242e-06,2.033954760907627e-05,5.205135103071063e-08,9.38466353075466e-06,2.079818414411126e-05,0.5499999999999998
3.415803260172995e-08,7.685096254858029e-06,1.685349266156903e-05,3.587554979934039e-08,7.866505931501243e-06,1.727144105795701e-05,3.7657006220400646e-08,8.049792877372882e-06,1.769448035527563e-05,3.9503967154910236e-08,8.23494873502038e-06,1.8122609190976778e-05,4.141801668704955e-08,8.421965151083765e-06,1.8555826186123504e-05,4.340075768871954e-08,8.610833776329294e-06,1.8994129945394626e-05,4.5453811813004385e-08,8.801546265682991e-06,1.9437519057089323e-05,4.75788194875577e-08,8.994094278264224e-06,1.988599209313185e-05,4.9777439907911826e-08,9.188469477419242e-06,2.033954760907627e-05,5.205135103071063e-08,9.38466353075466e-06,2.079818414411126e-05,0.5499999999999998
3.415803260172995e-08,7.685096254858029e-06,1.685349266156903e-05,3.587554979934039e-08,7.866505931501243e-06,1.727144105795701e-05,3.7657006220400646e-08,8.049792877372882e-06,1.769448035527563e-05,3.9503967154910236e-08,8.23494873502038e-06,1.8122609190976778e-05,4.141801668704955e-08,8.421965151083765e-06,1.8555826186123504e-05,4.340075768871954e-08,8.610833776329294e-06,1.8994129945394626e-05,4.5453811813004385e-08,8.801546265682991e-06,1.9437519057089323e-05,4.75788194875577e-08,8.994094278264224e-06,1.988599209313185e-05,4.9777439907911826e-08,9.188469477419242e-06,2.033954760907627e-05,5.205135103071063e-08,9.38466353075466e-06,2.079818414411126e-05,0.5499999999999998
3.415803260172995e-08,7.685096254858029e-06,1.685349266156903e-05,3.587554979934039e-08,7.866505931501243e-06,1.727144105795701e-05,3.7657006220400646e-08,8.049792877372882e-06,1.769448035527563e-05,3.9503967154910236e-08,8.23494873502038e-06,1.8122609190976778e-05,4.141801668704955e-08,8.421965151083765e-06,1.8555826186123504e-05,4.340075768871954e-08,8.610833776329294e-06,1.8994129945394626e-05,4.5453811813004385e-08,8.801546265682991e-06,1.9437519057089323e-05,4.75788194875577e-08,8.994094278264224e-06,1.988599209313185e-05,4.9777439907911826e-08,9.188469477419242e-06,2.033954760907627e-05,5.205135103071063e-08,9.38466353075466e-06,2.079818414411126e-05,0.5499999999999998
3.415803260172995e-08,7.685096254858029e-06,1.685349266156903e-05,3.587554979934039e-08,7.866505931501243e-06,1.727144105795701e-05,3.7657006220400646e-08,8.049792877372882e-06,1.769448035527563e-05,3.9503967154910236e-08,8.23494873502038e-06,1.8122609190976778e-05,4.141801668704955e-08,8.421965151083765e-06,1.8555826186123504e-05,4.340075768871954e-08,8.610833776329294e-06,1.8994129945394626e-05,4.5453811813004385e-08,8.801546265682991e-06,1.9437519057089323e-05,4.75788194875577e-08,8.994094278264224e-06,1.988599209313185e-05,4.9777439907911826e-08,9.188469477419242e-06,2.033954760907627e-05,5.205135103071063e-08,9.38466353075466e-06,2.079818414411126e-05,0.5499999999999998
3.415803260172995e-08,7.685096254858029e-06,1.685349266156903e-05,3.587554979934039e-08,7.866505931501243e-06,1.727144105795701e-05,3.7657006220400646e-08,8.049792877372882e-06,1.769448035527563e-05,3.9503967154910236e-08,8.23494873502038e-06,1.8122609190976778e-05,4.141801668704955e-08,8.421965151083765e-06,1.8555826186123504e-05,4.340075768871954e-08,8.610833776329294e-06,1.8994129945394626e-05,4.5453811813004385e-08,8.801546265682991e-06,1.9437519057089323e-05,4.75788194875577e-08,8.994094278264224e-06,1.988599209313185e-05,4.9777439907911826e-08,9.188469477419242e-06,2.033954760907627e-05,5.205135103071063e-08,9.38466353075466e-06,2.079818414411126e-05,0.5499999999999998
3.415803260172995e-08,7.685096254858029e-06,1.685349266156903e-05,3.587554979934039e-08,7.866505931501243e-06,1.727144105795701e-05,3.7657006220400646e-08,8.049792877372882e-06,1.769448035527563e-05,3.9503967154910236e-08,8.23494873502038e-06,1.8122609190976778e-05,4.141801668704955e-08,8.421965151083765e-06,1.8555826186123504e-05,4.340075768871954e-08,8.610833776329294e-06,1.8994129945394626e-05,4.5453811813004385e-08,8.801546265682991e-06,1.9437519057089323e-05,4.75788194875577e-08,8.994094278264224e-06,1.988599209313185e-05,4.9777439907911826e-08,9.188469477419242e-06,2.033954760907627e-05,5.205135103071063e-08,9.38466353075466e-06,2.079818414411126e-05,0.5499999999999998
3.415803260172995e-08,7.685096254858029e-06,1.685349266156903e-05,3.587554979934039e-08,7.866505931501243e-06,1.727144105795701e-05,3.7657006220400646e-08,8.049792877372882e-06,1.769448035527563e-05,3.9503967154910236e-08,8.23494873502038e-06,1.8122609190976778e-05,4.141801668704955e-08,8.421965151083765e-06,1.8555826186123504e-05,4.340075768871954e-08,8.610833776329294e-06,1.8994129945394626e-05,4.5453811813004385e-08,8.801546265682991e-06,1.9437519057089323e-05,4.75788194875577e-08,8.994094278264224e-06,1.988599209313185e-05,4.9777439907911826e-08,9.188469477419242e-06,2.033954760907627e-05,5.205135103071063e-08,9.38466353075466e-06,2.079818414411126e-05,0.5499999999999998
3.415803260172995e-08,7.685096254858029e-06,1.685349266156903e-05,3.587554979934039e-08,7.866505931501243e-06,1.727144105795701e-05,3.7657006220400646e-08,8.049792877372882e-06,1.769448035527563e-05,3.9503967154910236e-08,8.23494873502038e-06,1.8122609190976778e-05,4.141801668704955e-08,8.421965151083765e-06,1.8555826186123504e-05,4.340075768871954e-08,8.610833776329294e-06,1.8994129945394626e-05,4.5453811813004385e-08,8.801546265682991e-06,1.9437519057089323e-05,4.75788194875577e-08,8.994094278264224e-06,1.988599209313185e-05,4.9777439907911826e-08,9.188469477419242e-06,2.033954760907627e-05,5.205135103071063e-08,9.38466353075466e-06,2.079818414411126e-05,0.5499999999999998
3.415803260172995e-08,7.685096254858029e-06,1.685349266156903e-05,3.587554979934039e-08,7.866505931501243e-06,1.727144105795701e-05,3.7657006220400646e-08,8.049792877372882e-06,1.769448035527563e-05,3.9503967154910236e-08,8.23494873502038e-06,1.8122609190976778e-05,4.141801668704955e-08,8.421965151083765e-06,1.8555826186123504e-05,4.340075768871954e-08,8.610833776329294e-06,1.8994129945394626e-05,4.5453811813004385e-08,8.801546265682991e-06,1.9437519057089323e-05,4.75788194875577e-08,8.994094278264224e-06,1.988599209313185e-05,4.9777439907911826e-08,9.188469477419242e-06,2.033954760907627e-05,5.205135103071063e-08,9.38466353075466e-06,2.079818414411126e-05,0.5499999999999998
3.415803260172995e-08,7.685096254858029e-06,1.685349266156903e-05,3.587554979934039e-08,7.866505931501243e-06,1.727144105795701e-05,3.7657006220400646e-08,8.049792877372882e-06,1.769448035527563e-05,3.9503967154910236e-08,8.23494873502038e-06,1.8122609190976778e-05,4.141801668704955e-08,8.421965151083765e-06,1.8555826186123504e-05,4.340075768871954e-08,8.610833776329294e-06,1.8994129945394626e-05,4.5453811813004385e-08,8.801546265682991e-06,1.9437519057089323e-05,4.75788194875577e-08,8.994094278264224e-06,1.988599209313185e-05,4.9777439907911826e-08,9.188469477419242e-06,2.033954760907627e-05,5.205135103071063e-08,9.38466353075466e-06,2.079818414411126e-05,0.5499999999999998
3.415803260172995e-08,7.685096254858029e-06,1.685349266156903e-05,3.587554979934039e-08,7.866505931501243e-06,1.727144105795701e-05,3.7657006220400646e-08,8.049792877372882e-06,1.769448035527563e-05,3.9503967154910236e-08,8.23494873502038e-06,1.8122609190976778e-05,4.141801668704955e-08,8.421965151083765e-06,1.8555826186123504e-05,4.340075768871954e-08,8.610833776329294e-06,1.8994129945394626e-05,4.5453811813004385e-08,8.801546265682991e-06,1.9437519057089323e-05,4.75788194875577e-08,8.994094278264224e-06,1.988599209313185e-05,4.9777439907911826e-08,9.188469477419242e-06,2.033954760907627e-05,5.205135103071063e-08,9.38466353075466e-06,2.079818414411126e-05,0.5499999999999998
3.415803260172995e-08,7.685096254858029e-06,1.685349266156903e-05,3.587554979934039e-08,7.866505931501243e-06,1.727144105795701e-05,3.7657006220400646e-08,8.049792877372882e-06,1.769448035527563e-05,3.9503967154910236e-08,8.23494873502038e-06,1.8122609190976778e-05,4.141801668704955e-08,8.421965151083765e-06,1.8555826186123504e-05,4.340075768871954e-08,8.610833776329294e-06,1.8994129945394626e-05,4.5453811813004385e-08,8.801546265682991e-06,1.9437519057089323e-05,4.75788194875577e-08,8.994094278264224e-06,1.988599209313185e-05,4.9777439907911826e-08,9.188469477419242e-06,2.033954760907627e-05,5.205135103071063e-08,9.38466353075466e-06,2.079818414411126e-05,0.5499999999999998
3.415803260172995e-08,7.685096254858029e-06,1.685349266156903e-05,3.587554979934039e-08,7.866505931501243e-06,1.727144105795701e-05,3.7657006220400646e-08,8.049792877372882e-06,1.769448035527563e-05,3.9503967154910236e-08,8.23494873502038e-06,1.8122609190976778e-05,4.141801668704955e-08,8.421965151083765e-06,1.8555826186123504e-05,4.340075768871954e-08,8.610833776329294e-06,1.8994129945394626e-05,4.5453811813004385e-08,8.801546265682991e-06,1.9437519057089323e-05,4.75788194875577e-08,8.994094278264224e-06,1.988599209313185e-05,4.9777439907911826e-08,9.188469477419242e-06,2.033954760907627e-05,5.205135103071063e-08,9.38466353075466e-06,2.079818414411126e-05,0.5499999999999998
3.415803260172995e-08,7.685096254858029e-06,1.685349266156903e-05,3.587554979934039e-08,7.866505931501243e-06,1.727144105795701e-05,3.7657006220400646e-08,8.049792877372882e-06,1.769448035527563e-05,3.9503967154910236e-08,8.23494873502038e-06,1.8122609190976778e-05,4.141801668704955e-08,8.421965151083765e-06,1.8555826186123504e-05,4.340075768871954e-08,8.610833776329294e-06,1.8994129945394626e-05,4.5453811813004385e-08,8.801546265682991e-06,1.9437519057089323e-05,4.75788194875577e-08,8.994094278264224e-06,1.988599209313185e-05,4.9777439907911826e-08,9.188469477419242e-06,2.033954760907627e-05,5.205135103071063e-08,9.38466353075466e-06,2.079818414411126e-05,0.5499999999999998
3.415803260172995e-08,7.685096254858029e-06,1.685349266156903e-05,3.587554979934039e-08,7.866505931501243e-06,1.727144105795701e-05,3.7657006220400646e-08,8.049792877372882e-06,1.769448035527563e-05,3.9503967154910236e-08,8.23494873502038e-06,1.8122609190976778e-05,4.141801668704955e-08,8.421965151083765e-06,1.8555826186123504e-05,4.340075768871954e-08,8.610833776329294e-06,1.8994129945394626e-05,4.5453811813004385e-08,8.801546265682991e-06,1.9437519057089323e-05,4.75788194875577e-08,8.994094278264224e-06,1.988599209313185e-05,4.9777439907911826e-08,9.188469477419242e-06,2.033954760907627e-05,5.205135103071063e-08,9.38466353075466e-06,2.079818414411126e-05,0.5499999999999998
3.415803260172995e-08,7.685096254858029e-06,1.685349266156903e-05,3.587554979934039e-08,7.866505931501243e-06,1.727144105795701e-05,3.7657006220400646e-08,8.049792877372882e-06,1.769448035527563e-05,3.9503967154910236e-08,8.23494873502038e-06,1.8122609190976778e-05,4.141801668704955e-08,8.421965151083765e-06,1.8555826186123504e-05,4.340075768871954e-08,8.610833776329294e-06,1.8994129945394626e-05,4.5453811813004385e-08,8.801546265682991e-06,1.9437519057089323e-05,4.75788194875577e-08,8.994094278264224e-06,1.988599209313185e-05,4.9777439907911826e-08,9.188469477419242e-06,2.033954760907627e-05,5.205135103071063e-08,9.38466353075466e-06,2.079818414411126e-05,0.5499999999999998
3.415803260172995e-08,7.685096254858029e-06,1.685349266156903e-05,3.587554979934039e-08,7.866505931501243e-06,1.727144105795701e-05,3.7657006220400646e-08,8.049792877372882e-06,1.769448035527563e-05,3.9503967154910236e-08,8.23494873502038e-06,1.8122609190976778e-05,4.141801668704955e-08,8.421965151083765e-06,1.8555826186123504e-05,4.340075768871954e-08,8.610833776329294e-06,1.8994129945394626e-05,4.5453811813004385e-08,8.801546265682991e-06,1.9437519057089323e-05,4.75788194875577e-08,8.994094278264224e-06,1.988599209313185e-05,4.9777439907911826e-08,9.188469477419242e-06,2.033954760907627e-05,5.205135103071063e-08,9.38466353075466e-06,2.079818414411126e-05,0.5499999999999998
3.415803260172995e-08,7.685096254858029e-06,1.685349266156903e-05,3.587554979934039e-08,7.866505931501243e-06,1.727144105795701e-05,3.7657006220400646e-08,8.049792877372882e-06,1.769448035527563e-05,3.9503967154910236e-08,8.23494873502038e-06,1.8122609190976778e-05,4.141801668704955e-08,8.421965151083765e-06,1.8555826186123504e-05,4.340075768871954e-08,8.610833776329294e-06,1.8994129945394626e-05,4.5453811813004385e-08,8.801546265682991e-06,1.9437519057089323e-05,4.75788194875577e-08,8.994094278264224e-06,1.988599209313185e-05,4.9777439907911826e-08,9.188469477419242e-06,2.033954760907627e-05,5.205135103071063e-08,9.38466353075466e-06,2.079818414411126e-05,0.5499999999999998
3.415803260172995e-08,7.685096254858029e-06,1.685349266156903e-05,3.587554979934039e-08,7.866505931501243e-06,1.727144105795701e-05,3.7657006220400646e-08,8.049792877372882e-06,1.769448035527563e-05,3.9503967154910236e-08,8.23494873502038e-06,1.8122609190976778e-05,4.141801668704955e-08,8.421965151083765e-06,1.8555826186123504e-05,4.340075768871954e-08,8.610833776329294e-06,1.8994129945394626e-05,4.5453811813004385e-08,8.801546265682991e-06,1.9437519057089323e-05,4.75788194875577e-08,8.994094278264224e-06,1.988599209313185e-05,4.9777439907911826e-08,9.188469477419242e-06,2.033954760907627e-05,5.205135103071063e-08,9.38466353075466e-06,2.079818414411126e-05,0.5499999999999998
3.415803260172995e-08,7.685096254858029e-06,1.685349266156903e-05,3.587554979934039e-08,7.866505931501243e-06,1.727144105795701e-05,3.7657006220400646e-08,8.049792877372882e-06,1.769448035527563e-05,3.9503967154910236e-08,8.23494873502038e-06,1.8122609190976778e-05,4.141801668704955e-08,8.421965151083765e-06,1.8555826186123504e-05,4.340075768871954e-08,8.610833776329294e-06,1.8994129945394626e-05,4.5453811813004385e-08,8.801546265682991e-06,1.9437519057089323e-05,4.75788194875577e-08,8.994094278264224e-06,1.988599209313185e-05,4.9777439907911826e-08,9.188469477419242e-06,2.033954760907627e-05,5.205135103071063e-08,9.38466353075466e-06,2.079818414411126e-05,0.5499999999999998
3.415803260172995e-08,7.685096254858029e-06,1.685349266156903e-05,3.587554979934039e-08,7.866505931501243e-06,1.727144105795701e-05,3.7657006220400646e-08,8.049792877372882e-06,1.769448035527563e-05,3.9503967154910236e-08,8.23494873502038e-06,1.8122609190976778e-05,4.141801668704955e-08,8.421965151083765e-06,1.8555826186123504e-05,4.340075768871954e-08,8.610833776329294e-06,1.8994129945394626e-05,4.5453811813004385e-08,8.801546265682991e-06,1.9437519057089323e-05,4.75788194875577e-08,8.994094278264224e-06,1.988599209313185e-05,4.9777439907911826e-08,9.188469477419242e-06,2.033954760907627e-05,5.205135103071063e-08,9.38466353075466e-06,2.079818414411126e-05,0.5499999999999998
3.415803260172995e-08,7.685096254858029e-06,1.685349266156903e-05,3.587554979934039e-08,7.866505931501243e-06,1.727144105795701e-05,3.7657006220400646e-08,8.049792877372882e-06,1.769448035527563e-05,3.9503967154910236e-08,8.23494873502038e-06,1.8122609190976778e-05,4.141801668704955e-08,8.421965151083765e-06,1.8555826186123504e-05,4.340075768871954e-08,8.610833776329294e-06,1.8994129945394626e-05,4.5453811813004385e-08,8.801546265682991e-06,1.9437519057089323e-05,4.75788194875577e-08,8.994094278264224e-06,1.988599209313185e-05,4.9777439907911826e-08,9.188469477419242e-06,2.033954760907627e-05,5.205135103071063e-08,9.38466353075466e-06,2.079818414411126e-05,0.5499999999999998
3.415803260172995e-08,7.685096254858029e-06,1.685349266156903e-05,3.587554979934039e-08,7.866505931501243e-06,1.727144105795701e-05,3.7657006220400646e-08,8.049792877372882e-06,1.769448035527563e-05,3.9503967154910236e-08,8.23494873502038e-06,1.8122609190976778e-05,4.141801668704955e-08,8.421965151083765e-06,1.8555826186123504e-05,4.340075768871954e-08,8.610833776329294e-06,1.8994129945394626e-05,4.5453811813004385e-08,8.801546265682991e-06,1.9437519057089323e-05,4.75788194875577e-08,8.994094278264224e-06,1.988599209313185e-05,4.9777439907911826e-08,9.188469477419242e-06,2.033954760907627e-05,5.205135103071063e-08,9.38466353075466e-06,2.079818414411126e-05,0.5499999999999998
3.415803260172995e-08,7.685096254858029e-06,1.685349266156903e-05,3.587554979934039e-08,7.866505931501243e-06,1.727144105795701e-05,3.7657006220400646e-08,8.049792877372882e-06,1.769448035527563e-05,3.9503967154910236e-08,8.23494873502038e-06,1.8122609190976778e-05,4.141801668704955e-08,8.421965151083765e-06,1.8555826186123504e-05,4.340075768871954e-08,8.610833776329294e-06,1.8994129945394626e-05,4.5453811813004385e-08,8.801546265682991e-06,1.9437519057089323e-05,4.75788194875577e-08,8.994094278264224e-06,1.988599209313185e-05,4.9777439907911826e-08,9.188469477419242e-06,2.033954760907627e-05,5.205135103071063e-08,9.38466353075466e-06,2.079818414411126e-05,0.5499999999999998
3.415803260172995e-08,7.685096254858029e-06,1.685349266156903e-05,3.587554979934039e-08,7.866505931501243e-06,1.727144105795701e-05,3.7657006220400646e-08,8.049792877372882e-06,1.769448035527563e-05,3.9503967154910236e-08,8.23494873502038e-06,1.8122609190976778e-05,4.141801668704955e-08,8.421965151083765e-06,1.8555826186123504e-05,4.340075768871954e-08,8.610833776329294e-06,1.8994129945394626e-05,4.5453811813004385e-08,8.801546265682991e-06,1.9437519057089323e-05,4.75788194875577e-08,8.994094278264224e-06,1.988599209313185e-05,4.9777439907911826e-08,9.188469477419242e-06,2.033954760907627e-05,5.205135103071063e-08,9.38466353075466e-06,2.079818414411126e-05,0.5499999999999998
3.415803260172995e-08,7.685096254858029e-06,1.685349266156903e-05,3.587554979934039e-08,7.866505931501243e-06,1.727144105795701e-05,3.7657006220400646e-08,8.049792877372882e-06,1.769448035527563e-05,3.9503967154910236e-08,8.23494873502038e-06,1.8122609190976778e-05,4.141801668704955e-08,8.421965151083765e-06,1.8555826186123504e-05,4.340075768871954e-08,8.610833776329294e-06,1.8994129945394626e-05,4.5453811813004385e-08,8.801546265682991e-06,1.9437519057089323e-05,4.75788194875577e-08,8.994094278264224e-06,1.988599209313185e-05,4.9777439907911826e-08,9.188469477419242e-06,2.033954760907627e-05,5.205135103071063e-08,9.38466353075466e-06,2.079818414411126e-05,0.5499999999999998
3.415803260172995e-08,7.685096254858029e-06,1.685349266156903e-05,3.587554979934039e-08,7.866505931501243e-06,1.727144105795701e-05,3.7657006220400646e-08,8.049792877372882e-06,1.769448035527563e-05,3.9503967154910236e-08,8.23494873502038e-06,1.8122609190976778e-05,4.141801668704955e-08,8.421965151083765e-06,1.8555826186123504e-05,4.340075768871954e-08,8.610833776329294e-06,1.8994129945394626e-05,4.5453811813004385e-08,8.801546265682991e-06,1.9437519057089323e-05,4.75788194875577e-08,8.994094278264224e-06,1.988599209313185e-05,4.9777439907911826e-08,9.188469477419242e-06,2.033954760907627e-05,5.205135103071063e-08,9.38466353075466e-06,2.079818414411126e-05,0.5499999999999998
3.415803260172995e-08,7.685096254858029e-06,1.685349266156903e-05,3.587554979934039e-08,7.866505931501243e-06,1.727144105795701e-05,3.7657006220400646e-08,8.049792877372882e-06,1.769448035527563e-05,3.9503967154910236e-08,8.23494873502038e-06,1.8122609190976778e-05,4.141801668704955e-08,8.421965151083765e-06,1.8555826186123504e-05,4.340075768871954e-08,8.610833776329294e-06,1.8994129945394626e-05,4.5453811813004385e-08,8.801546265682991e-06,1.9437519057089323e-05,4.75788194875577e-08,8.994094278264224e-06,1.988599209313185e-05,4.9777439907911826e-08,9.188469477419242e-06,2.033954760907627e-05,5.205135103071063e-08,9.38466353075466e-06,2.079818414411126e-05,0.5499999999999998
3.415803260172995e-08,7.685096254858029e-06,1.685349266156903e-05,3.587554979934039e-08,7.866505931501243e-06,1.727144105795701e-05,3.7657006220400646e-08,8.049792877372882e-06,1.769448035527563e-05,3.9503967154910236e-08,8.23494873502038e-06,1.8122609190976778e-05,4.141801668704955e-08,8.421965151083765e-06,1.8555826186123504e-05,4.340075768871954e-08,8.610833776329294e-06,1.8994129945394626e-05,4.5453811813004385e-08,8.801546265682991e-06,1.9437519057089323e-05,4.75788194875577e-08,8.994094278264224e-06,1.988599209313185e-05,4.9777439907911826e-08,9.188469477419242e-06,2.033954760907627e-05,5.205135103071063e-08,9.38466353075466e-06,2.079818414411126e-05,0.5499999999999998
3.415803260172995e-08,7.685096254858029e-06,1.685349266156903e-05,3.587554979934039e-08,7.866505931501243e-06,1.727144105795701e-05,3.7657006220400646e-08,8.049792877372882e-06,1.769448035527563e-05,3.9503967154910236e-08,8.23494873502038e-06,1.8122609190976778e-05,4.141801668704955e-08,8.421965151083765e-06,1.8555826186123504e-05,4.340075768871954e-08,8.610833776329294e-06,1.8994129945394626e-05,4.5453811813004385e-08,8.801546265682991e-06,1.9437519057089323e-05,4.75788194875577e-08,8.994094278264224e-06,1.988599209313185e-05,4.9777439907911826e-08,9.188469477419242e-06,2.033954760907627e-05,5.205135103071063e-08,9.38466353075466e-06,2.079818414411126e-05,0.5499999999999998
3.415803260172995e-08,7.685096254858029e-06,1.685349266156903e-05,3.587554979934039e-08,7.866505931501243e-06,1.727144105795701e-05,3.7657006220400646e-08,8.049792877372882e-06,1.769448035527563e-05,3.9503967154910236e-08,8.23494873502038e-06,1.8122609190976778e-05,4.141801668704955e-08,8.421965151083765e-06,1.8555826186123504e-05,4.340075768871954e-08,8.610833776329294e-06,1.8994129945394626e-05,4.5453811813004385e-08,8.801546265682991e-06,1.9437519057089323e-05,4.75788194875577e-08,8.994094278264224e-06,1.988599209313185e-05,4.9777439907911826e-08,9.188469477419242e-06,2.033954760907627e-05,5.205135103071063e-08,9.38466353075466e-06,2.079818414411126e-05,0.5499999999999998
3.415803260172995e-08,7.685096254858029e-06,1.685349266156903e-05,3.587554979934039e-08,7.866505931501243e-06,1.727144105795701e-05,3.7657006220400646e-08,8.049792877372882e-06,1.769448035527563e-05,3.9503967154910236e-08,8.23494873502038e-06,1.8122609190976778e-05,4.141801668704955e-08,8.421965151083765e-06,1.8555826186123504e-05,4.340075768871954e-08,8.610833776329294e-06,1.8994129945394626e-05,4.5453811813004385e-08,8.801546265682991e-06,1.9437519057089323e-05,4.75788194875577e-08,8.994094278264224e-06,1.988599209313185e-05,4.9777439907911826e-08,9.188469477419242e-06,2.033954760907627e-05,5.205135103071063e-08,9.38466353075466e-06,2.079818414411126e-05,0.5499999999999998
3.415803260172995e-08,7.685096254858029e-06,1.685349266156903e-05,3.587554979934039e-08,7.866505931501243e-06,1.727144105795701e-05,3.7657006220400646e-08,8.049792877372882e-06,1.769448035527563e-05,3.9503967154910236e-08,8.23494873502038e-06,1.8122609190976778e-05,4.141801668704955e-08,8.421965151083765e-06,1.8555826186123504e-05,4.340075768871954e-08,8.610833776329294e-06,1.8994129945394626e-05,4.5453811813004385e-08,8.801546265682991e-06,1.9437519057089323e-05,4.75788194875577e-08,8.994094278264224e-06,1.988599209313185e-05,4.9777439907911826e-08,9.188469477419242e-06,2.033954760907627e-05,5.205135103071063e-08,9.38466353075466e-06,2.079818414411126e-05,0.5499999999999998
3.415803260172995e-08,7.685096254858029e-06,1.685349266156903e-05,3.587554979934039e-08,7.866505931501243e-06,1.727144105795701e-05,3.7657006220400646e-08,8.049792877372882e-06,1.769448035527563e-05,3.9503967154910236e-08,8.23494873502038e-06,1.8122609190976778e-05,4.141801668704955e-08,8.421965151083765e-06,1.8555826186123504e-05,4.340075768871954e-08,8.610833776329294e-06,1.8994129945394626e-05,4.5453811813004385e-08,8.801546265682991e-06,1.9437519057089323e-05,4.75788194875577e-08,8.994094278264224e-06,1.988599209313185e-05,4.9777439907911826e-08,9.188469477419242e-06,2.033954760907627e-05,5.205135103071063e-08,9.38466353075466e-06,2.079818414411126e-05,0.5499999999999998
6.832623542223296e-08,1.5372480662005245e-05,3.371200326385768e-05,7.176178118908722e-08,1.5735354027276483e-05,3.4548024494517175e-05,7.532522443986507e-08,1.6101982489897135e-05,3.539422904269753e-05,7.901969622059864e-08,1.647234933247256e-05,3.6250614182893936e-05,8.284836517127699e-08,1.684643784579454e-05,3.711717715681902e-05,8.681443751292336e-08,1.722423132890852e-05,3.799391517341193e-05,9.09211570345187e-08,1.7605713089180696e-05,3.888082540884773e-05,9.517180507977193e-08,1.799086644236521e-05,3.97779050065467e-05,9.956970053373672e-08,1.83796747126712e-05,4.0685151077183804e-05,1.0411819980927481e-07,1.8772121232829818e-05,4.160256069869835e-05,0.5999999999999999
6.832623542223296e-08,1.5372480662005245e-05,3.371200326385768e-05,7.176178118908722e-08,1.5735354027276483e-05,3.4548024494517175e-05,7.532522443986507e-08,1.6101982489897135e-05,3.539422904269753e-05,7.901969622059864e-08,1.647234933247256e-05,3.6250614182893936e-05,8.284836517127699e-08,1.684643784579454e-05,3.711717715681902e-05,8.681443751292336e-08,1.722423132890852e-05,3.799391517341193e-05,9.09211570345187e-08,1.7605713089180696e-05,3.888082540884773e-05,9.517180507977193e-08,1.799086644236521e-05,3.97779050065467e-05,9.956970053373672e-08,1.83796747126712e-05,4.0685151077183804e-05,1.0411819980927481e-07,1.8772121232829818e-05,4.160256069869835e-05,0.5999999999999999
6.832623542223296e-08,1.5372480662005245e-05,3.371200326385768e-05,7.176178118908722e-08,1.5735354027276483e-05,3.4548024494517175e-05,7.532522443986507e-08,1.6101982489897135e-05,3.539422904269753e-05,7.901969622059864e-08,1.647234933247256e-05,3.6250614182893936e-05,8.284836517127699e-08,1.684643784579454e-05,3.711717715681902e-05,8.681443751292336e-08,1.722423132890852e-05,3.799391517341193e-05,9.09211570345187e-08,1.7605713089180696e-05,3.888082540884773e-05,9.517180507977193e-08,1.799086644236521e-05,3.97779050065467e-05,9.956970053373672e-08,1.83796747126712e-05,4.0685151077183804e-05,1.0411819980927481e-07,1.8772121232829818e-05,4.160256069869835e-05,0.5999999999999999
6.832623542223296e-08,1.5372480662005245e-05,3.371200326385768e-05,7.176178118908722e-08,1.5735354027276483e-05,3.4548024494517175e-05,7.532522443986507e-08,1.6101982489897135e-05,3.539422904269753e-05,7.901969622059864e-08,1.647234933247256e-05,3.6250614182893936e-05,8.284836517127699e-08,1.684643784579454e-05,3.711717715681902e-05,8.681443751292336e-08,1.722423132890852e-05,3.799391517341193e-05,9.09211570345187e-08,1.7605713089180696e-05,3.888082540884773e-05,9.517180507977193e-08,1.799086644236521e-05,3.97779050065467e-05,9.956970053373672e-08,1.83796747126712e-05,4.0685151077183804e-05,1.0411819980927481e-07,1.8772121232829818e-05,4.160256069869835e-05,0.5999999999999999
6.832623542223296e-08,1.5372480662005245e-05,3.371200326385768e-05,7.176178118908722e-08,1.5735354027276483e-05,3.4548024494517175e-05,7.532522443986507e-08,1.6101982489897135e-05,3.539422904269753e-05,7.901969622059864e-08,1.647234933247256e-05,3.6250614182893936e-05,8.284836517127699e-08,1.684643784579454e-05,3.711717715681902e-05,8.681443751292336e-08,1.722423132890852e-05,3.799391517341193e-05,9.09211570345187e-08,1.7605713089180696e-05,3.888082540884773e-05,9.517180507977193e-08,1.799086644236521e-05,3.97779050065467e-05,9.956970053373672e-08,1.83796747126712e-05,4.0685151077183804e-05,1.0411819980927481e-07,1.8772121232829818e-05,4.160256069869835e-05,0.5999999999999999
6.832623542223296e-08,1.5372480662005245e-05,3.371200326385768e-05,7.176178118908722e-08,1.5735354027276483e-05,3.4548024494517175e-05,7.532522443986507e-08,1.6101982489897135e-05,3.539422904269753e-05,7.901969622059864e-08,1.647234933247256e-05,3.6250614182893936e-05,8.284836517127699e-08,1.684643784579454e-05,3.711717715681902e-05,8.681443751292336e-08,1.722423132890852e-05,3.799391517341193e-05,9.09211570345187e-08,1.7605713089180696e-05,3.888082540884773e-05,9.517180507977193e-08,1.799086644236521e-05,3.97779050065467e-05,9.956970053373672e-08,1.83796747126712e-05,4.0685151077183804e-05,1.0411819980927481e-07,1.8772121232829818e-05,4.160256069869835e-05,0.5999999999999999
6.832623542223296e-08,1.5372480662005245e-05,3.371200326385768e-05,7.176178118908722e-08,1.5735354027276483e-05,3.4548024494517175e-05,7.532522443986507e-08,1.6101982489897135e-05,3.539422904269753e-05,7.901969622059864e-08,1.647234933247256e-05,3.6250614182893936e-05,8.284836517127699e-08,1.684643784579454e-05,3.711717715681902e-05,8.681443751292336e-08,1.722423132890852e-05,3.799391517341193e-05,9.09211570345187e-08,1.7605713089180696e-05,3.888082540884773e-05,9.517180507977193e-08,1.799086644236521e-05,3.97779050065467e-05,9.956970053373672e-08,1.83796747126712e-05,4.0685151077183804e-05,1.0411819980927481e-07,1.8772121232829818e-05,4.160256069869835e-05,0.5999999999999999
6.832623542223296e-08,1.5372480662005245e-05,3.371200326385768e-05,7.176178118908722e-08,1.5735354027276483e-05,3.4548024494517175e-05,7.532522443986507e-08,1.6101982489897135e-05,3.539422904269753e-05,7.901969622059864e-08,1.647234933247256e-05,3.6250614182893936e-05,8.284836517127699e-08,1.684643784579454e-05,3.711717715681902e-05,8.681443751292336e-08,1.722423132890852e-05,3.799391517341193e-05,9.09211570345187e-08,1.7605713089180696e-05,3.888082540884773e-05,9.517180507977193e-08,1.799086644236521e-05,3.97779050065467e-05,9.956970053373672e-08,1.83796747126712e-05,4.0685151077183804e-05,1.0411819980927481e-07,1.8772121232829818e-05,4.160256069869835e-05,0.5999999999999999
6.832623542223296e-08,1.5372480662005245e-05,3.371200326385768e-05,7.176178118908722e-08,1.5735354027276483e-05,3.4548024494517175e-05,7.532522443986507e-08,1.6101982489897135e-05,3.539422904269753e-05,7.901969622059864e-08,1.647234933247256e-05,3.6250614182893936e-05,8.284836517127699e-08,1.684643784579454e-05,3.711717715681902e-05,8.681443751292336e-08,1.722423132890852e-05,3.799391517341193e-05,9.09211570345187e-08,1.7605713089180696e-05,3.888082540884773e-05,9.517180507977193e-08,1.799086644236521e-05,3.97779050065467e-05,9.956970053373672e-08,1.83796747126712e-05,4.0685151077183804e-05,1.0411819980927481e-07,1.8772121232829818e-05,4.160256069869835e-05,0.5999999999999999
6.832623542223296e-08,1.5372480662005245e-05,3.371200326385768e-05,7.176178118908722e-08,1.5735354027276483e-05,3.4548024494517175e-05,7.532522443986507e-08,1.6101982489897135e-05,3.539422904269753e-05,7.901969622059864e-08,1.647234933247256e-05,3.6250614182893936e-05,8.284836517127699e-08,1.684643784579454e-05,3.711717715681902e-05,8.681443751292336e-08,1.722423132890852e-05,3.799391517341193e-05,9.09211570345187e-08,1.7605713089180696e-05,3.888082540884773e-05,9.517180507977193e-08,1.799086644236521e-05,3.97779050065467e-05,9.956970053373672e-08,1.83796747126712e-05,4.0685151077183804e-05,1.0411819980927481e-07,1.8772121232829818e-05,4.160256069869835e-05,0.5999999999999999
6.832623542223296e-08,1.5372480662005245e-05,3.371200326385768e-05,7.176178118908722e-08,1.5735354027276483e-05,3.4548024494517175e-05,7.532522443986507e-08,1.6101982489897135e-05,3.539422904269753e-05,7.901969622059864e-08,1.647234933247256e-05,3.6250614182893936e-05,8.284836517127699e-08,1.684643784579454e-05,3.711717715681902e-05,8.681443751292336e-08,1.722423132890852e-05,3.799391517341193e-05,9.09211570345187e-08,1.7605713089180696e-05,3.888082540884773e-05,9.517180507977193e-08,1.799086644236521e-05,3.97779050065467e-05,9.956970053373672e-08,1.83796747126712e-05,4.0685151077183804e-05,1.0411819980927481e-07,1.8772121232829818e-05,4.160256069869835e-05,0.5999999999999999
6.832623542223296e-08,1.5372480662005245e-05,3.371200326385768e-05,7.176178118908722e-08,1.5735354027276483e-05,3.4548024494517175e-05,7.532522443986507e-08,1.6101982489897135e-05,3.539422904269753e-05,7.901969622059864e-08,1.647234933247256e-05,3.6250614182893936e-05,8.284836517127699e-08,1.684643784579454e-05,3.711717715681902e-05,8.681443751292336e-08,1.722423132890852e-05,3.799391517341193e-05,9.09211570345187e-08,1.7605713089180696e-05,3.888082540884773e-05,9.517180507977193e-08,1.799086644236521e-05,3.97779050065467e-05,9.956970053373672e-08,1.83796747126712e-05,4.0685151077183804e-05,1.0411819980927481e-07,1.8772121232829818e-05,4.160256069869835e-05,0.5999999999999999
6.832623542223296e-08,1.5372480662005245e-05,3.371200326385768e-05,7.176178118908722e-08,1.5735354027276483e-05,3.4548024494517175e-05,7.532522443986507e-08,1.6101982489897135e-05,3.539422904269753e-05,7.901969622059864e-08,1.647234933247256e-05,3.6250614182893936e-05,8.284836517127699e-08,1.684643784579454e-05,3.711717715681902e-05,8.681443751292336e-08,1.722423132890852e-05,3.799391517341193e-05,9.09211570345187e-08,1.7605713089180696e-05,3.888082540884773e-05,9.517180507977193e-08,1.799086644236521e-05,3.97779050065467e-05,9.956970053373672e-08,1.83796747126712e-05,4.0685151077183804e-05,1.0411819980927481e-07,1.8772121232829818e-05,4.160256069869835e-05,0.5999999999999999
6.832623542223296e-08,1.5372480662005245e-05,3.371200326385768e-05,7.176178118908722e-08,1.5735354027276483e-05,3.4548024494517175e-05,7.532522443986507e-08,1.6101982489897135e-05,3.539422904269753e-05,7.901969622059864e-08,1.647234933247256e-05,3.6250614182893936e-05,8.284836517127699e-08,1.684643784579454e-05,3.711717715681902e-05,8.681443751292336e-08,1.722423132890852e-05,3.799391517341193e-05,9.09211570345187e-08,1.7605713089180696e-05,3.888082540884773e-05,9.517180507977193e-08,1.799086644236521e-05,3.97779050065467e-05,9.956970053373672e-08,1.83796747126712e-05,4.0685151077183804e-05,1.0411819980927481e-07,1.8772121232829818e-05,4.160256069869835e-05,0.5999999999999999
6.832623542223296e-08,1.5372480662005245e-05,3.371200326385768e-05,7.176178118908722e-08,1.5735354027276483e-05,3.4548024494517175e-05,7.532522443986507e-08,1.6101982489897135e-05,3.539422904269753e-05,7.901969622059864e-08,1.647234933247256e-05,3.6250614182893936e-05,8.284836517127699e-08,1.684643784579454e-05,3.711717715681902e-05,8.681443751292336e-08,1.722423132890852e-05,3.799391517341193e-05,9.09211570345187e-08,1.7605713089180696e-05,3.888082540884773e-05,9.517180507977193e-08,1.799086644236521e-05,3.97779050065467e-05,9.956970053373672e-08,1.83796747126712e-05,4.0685151077183804e-05,1.0411819980927481e-07,1.8772121232829818e-05,4.160256069869835e-05,0.5999999999999999
6.832623542223296e-08,1.5372480662005245e-05,3.371200326385768e-05,7.176178118908722e-08,1.5735354027276483e-05,3.4548024494517175e-05,7.532522443986507e-08,1.6101982489897135e-05,3.539422904269753e-05,7.901969622059864e-08,1.647234933247256e-05,3.6250614182893936e-05,8.284836517127699e-08,1.684643784579454e-05,3.711717715681902e-05,8.681443751292336e-08,1.722423132890852e-05,3.799391517341193e-05,9.09211570345187e-08,1.7605713089180696e-05,3.888082540884773e-05,9.517180507977193e-08,1.799086644236521e-05,3.97779050065467e-05,9.956970053373672e-08,1.83796747126712e-05,4.0685151077183804e-05,1.0411819980927481e-07,1.8772121232829818e-05,4.160256069869835e-05,0.5999999999999999
6.832623542223296e-08,1.5372480662005245e-05,3.371200326385768e-05,7.176178118908722e-08,1.5735354027276483e-05,3.4548024494517175e-05,7.532522443986507e-08,1.6101982489897135e-05,3.539422904269753e-05,7.901969622059864e-08,1.647234933247256e-05,3.6250614182893936e-05,8.284836517127699e-08,1.684643784579454e-05,3.711717715681902e-05,8.681443751292336e-08,1.722423132890852e-05,3.799391517341193e-05,9.09211570345187e-08,1.7605713089180696e-05,3.888082540884773e-05,9.517180507977193e-08,1.799086644236521e-05,3.97779050065467e-05,9.956970053373672e-08,1.83796747126712e-05,4.0685151077183804e-05,1.0411819980927481e-07,1.8772121232829818e-05,4.160256069869835e-05,0.5999999999999999
6.832623542223296e-08,1.5372480662005245e-05,3.371200326385768e-05,7.176178118908722e-08,1.5735354027276483e-05,3.4548024494517175e-05,7.532522443986507e-08,1.6101982489897135e-05,3.539422904269753e-05,7.901969622059864e-08,1.647234933247256e-05,3.6250614182893936e-05,8.284836517127699e-08,1.684643784579454e-05,3.711717715681902e-05,8.681443751292336e-08,1.722423132890852e-05,3.799391517341193e-05,9.09211570345187e-08,1.7605713089180696e-05,3.888082540884773e-05,9.517180507977193e-08,1.799086644236521e-05,3.97779050065467e-05,9.956970053373672e-08,1.83796747126712e-05,4.0685151077183804e-05,1.0411819980927481e-07,1.8772121232829818e-05,4.160256069869835e-05,0.5999999999999999
6.832623542223296e-08,1.5372480662005245e-05,3.371200326385768e-05,7.176178118908722e-08,1.5735354027276483e-05,3.4548024494517175e-05,7.532522443986507e-08,1.6101982489897135e-05,3.539422904269753e-05,7.901969622059864e-08,1.647234933247256e-05,3.6250614182893936e-05,8.284836517127699e-08,1.684643784579454e-05,3.711717715681902e-05,8.681443751292336e-08,1.722423132890852e-05,3.799391517341193e-05,9.09211570345187e-08,1.7605713089180696e-05,3.888082540884773e-05,9.517180507977193e-08,1.799086644236521e-05,3.97779050065467e-05,9.956970053373672e-08,1.83796747126712e-05,4.0685151077183804e-05,1.0411819980927481e-07,1.8772121232829818e-05,4.160256069869835e-05,0.5999999999999999
6.832623542223296e-08,1.5372480662005245e-05,3.371200326385768e-05,7.176178118908722e-08,1.5735354027276483e-05,3.4548024494517175e-05,7.532522443986507e-08,1.6101982489897135e-05,3.539422904269753e-05,7.901969622059864e-08,1.647234933247256e-05,3.6250614182893936e-05,8.284836517127699e-08,1.684643784579454e-05,3.711717715681902e-05,8.681443751292336e-08,1.722423132890852e-05,3.799391517341193e-05,9.09211570345187e-08,1.7605713089180696e-05,3.888082540884773e-05,9.517180507977193e-08,1.799086644236521e-05,3.97779050065467e-05,9.956970053373672e-08,1.83796747126712e-05,4.0685151077183804e-05,1.0411819980927481e-07,1.8772121232829818e-05,4.160256069869835e-05,0.5999999999999999
6.832623542223296e-08,1.5372480662005245e-05,3.371200326385768e-05,7.176178118908722e-08,1.5735354027276483e-05,3.4548024494517175e-05,7.532522443986507e-08,1.6101982489897135e-05,3.539422904269753e-05,7.901969622059864e-08,1.647234933247256e-05,3.6250614182893936e-05,8.284836517127699e-08,1.684643784579454e-05,3.711717715681902e-05,8.681443751292336e-08,1.722423132890852e-05,3.799391517341193e-05,9.09211570345187e-08,1.7605713089180696e-05,3.888082540884773e-05,9.517180507977193e-08,1.799086644236521e-05,3.97779050065467e-05,9.956970053373672e-08,1.83796747126712e-05,4.0685151077183804e-05,1.0411819980927481e-07,1.8772121232829818e-05,4.160256069869835e-05,0.5999999999999999
6.832623542223296e-08,1.5372480662005245e-05,3.371200326385768e-05,7.176178118908722e-08,1.5735354027276483e-05,3.4548024494517175e-05,7.532522443986507e-08,1.6101982489897135e-05,3.539422904269753e-05,7.901969622059864e-08,1.647234933247256e-05,3.6250614182893936e-05,8.284836517127699e-08,1.684643784579454e-05,3.711717715681902e-05,8.681443751292336e-08,1.722423132890852e-05,3.799391517341193e-05,9.09211570345187e-08,1.7605713089180696e-05,3.888082540884773e-05,9.517180507977193e-08,1.799086644236521e-05,3.97779050065467e-05,9.956970053373672e-08,1.83796747126712e-05,4.0685151077183804e-05,1.0411819980927481e-07,1.8772121232829818e-05,4.160256069869835e-05,0.5999999999999999
6.832623542223296e-08,1.5372480662005245e-05,3.371200326385768e-05,7.176178118908722e-08,1.5735354027276483e-05,3.4548024494517175e-05,7.532522443986507e-08,1.6101982489897135e-05,3.539422904269753e-05,7.901969622059864e-08,1.647234933247256e-05,3.6250614182893936e-05,8.284836517127699e-08,1.684643784579454e-05,3.711717715681902e-05,8.681443751292336e-08,1.722423132890852e-05,3.799391517341193e-05,9.09211570345187e-08,1.7605713089180696e-05,3.888082540884773e-05,9.517180507977193e-08,1.799086644236521e-05,3.97779050065467e-05,9.956970053373672e-08,1.83796747126712e-05,4.0685151077183804e-05,1.0411819980927481e-07,1.8772121232829818e-05,4.160256069869835e-05,0.5999999999999999
6.832623542223296e-08,1.5372480662005245e-05,3.371200326385768e-05,7.176178118908722e-08,1.5735354027276483e-05,3.4548024494517175e-05,7.532522443986507e-08,1.6101982489897135e-05,3.539422904269753e-05,7.901969622059864e-08,1.647234933247256e-05,3.6250614182893936e-05,8.284836517127699e-08,1.684643784579454e-05,3.711717715681902e-05,8.681443751292336e-08,1.722423132890852e-05,3.799391517341193e-05,9.09211570345187e-08,1.7605713089180696e-05,3.888082540884773e-05,9.517180507977193e-08,1.799086644236521e-05,3.97779050065467e-05,9.956970053373672e-08,1.83796747126712e-05,4.0685151077183804e-05,1.0411819980927481e-07,1.8772121232829818e-05,4.160256069869835e-05,0.5999999999999999
6.832623542223296e-08,1.5372480662005245e-05,3.371200326385768e-05,7.176178118908722e-08,1.5735354027276483e-05,3.4548024494517175e-05,7.532522443986507e-08,1.6101982489897135e-05,3.539422904269753e-05,7.901969622059864e-08,1.647234933247256e-05,3.6250614182893936e-05,8.284836517127699e-08,1.684643784579454e-05,3.711717715681902e-05,8.681443751292336e-08,1.722423132890852e-05,3.799391517341193e-05,9.09211570345187e-08,1.7605713089180696e-05,3.888082540884773e-05,9.517180507977193e-08,1.799086644236521e-05,3.97779050065467e-05,9.956970053373672e-08,1.83796747126712e-05,4.0685151077183804e-05,1.0411819980927481e-07,1.8772121232829818e-05,4.160256069869835e-05,0.5999999999999999
6.832623542223296e-08,1.5372480662005245e-05,3.371200326385768e-05,7.176178118908722e-08,1.5735354027276483e-05,3.4548024494517175e-05,7.532522443986507e-08,1.6101982489897135e-05,3.539422904269753e-05,7.901969622059864e-08,1.647234933247256e-05,3.6250614182893936e-05,8.284836517127699e-08,1.684643784579454e-05,3.711717715681902e-05,8.681443751292336e-08,1.722423132890852e-05,3.799391517341193e-05,9.09211570345187e-08,1.7605713089180696e-05,3.888082540884773e-05,9.517180507977193e-08,1.799086644236521e-05,3.97779050065467e-05,9.956970053373672e-08,1.83796747126712e-05,4.0685151077183804e-05,1.0411819980927481e-07,1.8772121232829818e-05,4.160256069869835e-05,0.5999999999999999
6.832623542223296e-08,1.5372480662005245e-05,3.371200326385768e-05,7.176178118908722e-08,1.5735354027276483e-05,3.4548024494517175e-05,7.532522443986507e-08,1.6101982489897135e-05,3.539422904269753e-05,7.901969622059864e-08,1.647234933247256e-05,3.6250614182893936e-05,8.284836517127699e-08,1.684643784579454e-05,3.711717715681902e-05,8.681443751292336e-08,1.722423132890852e-05,3.799391517341193e-05,9.09211570345187e-08,1.7605713089180696e-05,3.888082540884773e-05,9.517180507977193e-08,1.799086644236521e-05,3.97779050065467e-05,9.956970053373672e-08,1.83796747126712e-05,4.0685151077183804e-05,1.0411819980927481e-07,1.8772121232829818e-05,4.160256069869835e-05,0.5999999999999999
6.832623542223296e-08,1.5372480662005245e-05,3.371200326385768e-05,7.176178118908722e-08,1.5735354027276483e-05,3.4548024494517175e-05,7.532522443986507e-08,1.6101982489897135e-05,3.539422904269753e-05,7.901969622059864e-08,1.647234933247256e-05,3.6250614182893936e-05,8.284836517127699e-08,1.684643784579454e-05,3.711717715681902e-05,8.681443751292336e-08,1.722423132890852e-05,3.799391517341193e-05,9.09211570345187e-08,1.7605713089180696e-05,3.888082540884773e-05,9.517180507977193e-08,1.799086644236521e-05,3.97779050065467e-05,9.956970053373672e-08,1.83796747126712e-05,4.0685151077183804e-05,1.0411819980927481e-07,1.8772121232829818e-05,4.160256069869835e-05,0.5999999999999999
6.832623542223296e-08,1.5372480662005245e-05,3.371200326385768e-05,7.176178118908722e-08,1.5735354027276483e-05,3.4548024494517175e-05,7.532522443986507e-08,1.6101982489897135e-05,3.539422904269753e-05,7.901969622059864e-08,1.647234933247256e-05,3.6250614182893936e-05,8.284836517127699e-08,1.684643784579454e-05,3.711717715681902e-05,8.681443751292336e-08,1.722423132890852e-05,3.799391517341193e-05,9.09211570345187e-08,1.7605713089180696e-05,3.888082540884773e-05,9.517180507977193e-08,1.799086644236521e-05,3.97779050065467e-05,9.956970053373672e-08,1.83796747126712e-05,4.0685151077183804e-05,1.0411819980927481e-07,1.8772121232829818e-05,4.160256069869835e-05,0.5999999999999999
6.832623542223296e-08,1.5372480662005245e-05,3.371200326385768e-05,7.176178118908722e-08,1.5735354027276483e-05,3.4548024494517175e-05,7.532522443986507e-08,1.6101982489897135e-05,3.539422904269753e-05,7.901969622059864e-08,1.647234933247256e-05,3.6250614182893936e-05,8.284836517127699e-08,1.684643784579454e-05,3.711717715681902e-05,8.681443751292336e-08,1.722423132890852e-05,3.799391517341193e-05,9.09211570345187e-08,1.7605713089180696e-05,3.888082540884773e-05,9.517180507977193e-08,1.799086644236521e-05,3.97779050065467e-05,9.956970053373672e-08,1.83796747126712e-05,4.0685151077183804e-05,1.0411819980927481e-07,1.8772121232829818e-05,4.160256069869835e-05,0.5999999999999999
6.832623542223296e-08,1.5372480662005245e-05,3.371200326385768e-05,7.176178118908722e-08,1.5735354027276483e-05,3.4548024494517175e-05,7.532522443986507e-08,1.6101982489897135e-05,3.539422904269753e-05,7.901969622059864e-08,1.647234933247256e-05,3.6250614182893936e-05,8.284836517127699e-08,1.684643784579454e-05,3.711717715681902e-05,8.681443751292336e-08,1.722423132890852e-05,3.799391517341193e-05,9.09211570345187e-08,1.7605713089180696e-05,3.888082540884773e-05,9.517180507977193e-08,1.799086644236521e-05,3.97779050065467e-05,9.956970053373672e-08,1.83796747126712e-05,4.0685151077183804e-05,1.0411819980927481e-07,1.8772121232829818e-05,4.160256069869835e-05,0.5999999999999999
6.832623542223296e-08,1.5372480662005245e-05,3.371200326385768e-05,7.176178118908722e-08,1.5735354027276483e-05,3.4548024494517175e-05,7.532522443986507e-08,1.6101982489897135e-05,3.539422904269753e-05,7.901969622059864e-08,1.647234933247256e-05,3.6250614182893936e-05,8.284836517127699e-08,1.684643784579454e-05,3.711717715681902e-05,8.681443751292336e-08,1.722423132890852e-05,3.799391517341193e-05,9.09211570345187e-08,1.7605713089180696e-05,3.888082540884773e-05,9.517180507977193e-08,1.799086644236521e-05,3.97779050065467e-05,9.956970053373672e-08,1.83796747126712e-05,4.0685151077183804e-05,1.0411819980927481e-07,1.8772121232829818e-05,4.160256069869835e-05,0.5999999999999999
6.832623542223296e-08,1.5372480662005245e-05,3.371200326385768e-05,7.176178118908722e-08,1.5735354027276483e-05,3.4548024494517175e-05,7.532522443986507e-08,1.6101982489897135e-05,3.539422904269753e-05,7.901969622059864e-08,1.647234933247256e-05,3.6250614182893936e-05,8.284836517127699e-08,1.684643784579454e-05,3.711717715681902e-05,8.681443751292336e-08,1.722423132890852e-05,3.799391517341193e-05,9.09211570345187e-08,1.7605713089180696e-05,3.888082540884773e-05,9.517180507977193e-08,1.799086644236521e-05,3.97779050065467e-05,9.956970053373672e-08,1.83796747126712e-05,4.0685151077183804e-05,1.0411819980927481e-07,1.8772121232829818e-05,4.160256069869835e-05,0.5999999999999999
6.832623542223296e-08,1.5372480662005245e-05,3.371200326385768e-05,7.176178118908722e-08,1.5735354027276483e-05,3.4548024494517175e-05,7.532522443986507e-08,1.6101982489897135e-05,3.539422904269753e-05,7.901969622059864e-08,1.647234933247256e-05,3.6250614182893936e-05,8.284836517127699e-08,1.684643784579454e-05,3.711717715681902e-05,8.681443751292336e-08,1.722423132890852e-05,3.799391517341193e-05,9.09211570345187e-08,1.7605713089180696e-05,3.888082540884773e-05,9.517180507977193e-08,1.799086644236521e-05,3.97779050065467e-05,9.956970053373672e-08,1.83796747126712e-05,4.0685151077183804e-05,1.0411819980927481e-07,1.8772121232829818e-05,4.160256069869835e-05,0.5999999999999999
6.832623542223296e-08,1.5372480662005245e-05,3.371200326385768e-05,7.176178118908722e-08,1.5735354027276483e-05,3.4548024494517175e-05,7.532522443986507e-08,1.6101982489897135e-05,3.539422904269753e-05,7.901969622059864e-08,1.647234933247256e-05,3.6250614182893936e-05,8.284836517127699e-08,1.684643784579454e-05,3.711717715681902e-05,8.681443751292336e-08,1.722423132890852e-05,3.799391517341193e-05,9.09211570345187e-08,1.7605713089180696e-05,3.888082540884773e-05,9.517180507977193e-08,1.799086644236521e-05,3.97779050065467e-05,9.956970053373672e-08,1.83796747126712e-05,4.0685151077183804e-05,1.0411819980927481e-07,1.8772121232829818e-05,4.160256069869835e-05,0.5999999999999999
6.832623542223296e-08,1.5372480662005245e-05,3.371200326385768e-05,7.176178118908722e-08,1.5735354027276483e-05,3.4548024494517175e-05,7.532522443986507e-08,1.6101982489897135e-05,3.539422904269753e-05,7.901969622059864e-08,1.647234933247256e-05,3.6250614182893936e-05,8.284836517127699e-08,1.684643784579454e-05,3.711717715681902e-05,8.681443751292336e-08,1.722423132890852e-05,3.799391517341193e-05,9.09211570345187e-08,1.7605713089180696e-05,3.888082540884773e-05,9.517180507977193e-08,1.799086644236521e-05,3.97779050065467e-05,9.956970053373672e-08,1.83796747126712e-05,4.0685151077183804e-05,1.0411819980927481e-07,1.8772121232829818e-05,4.160256069869835e-05,0.5999999999999999
6.832623542223296e-08,1.5372480662005245e-05,3.371200326385768e-05,7.176178118908722e-08,1.5735354027276483e-05,3.4548024494517175e-05,7.532522443986507e-08,1.6101982489897135e-05,3.539422904269753e-05,7.901969622059864e-08,1.647234933247256e-05,3.6250614182893936e-05,8.284836517127699e-08,1.684643784579454e-05,3.711717715681902e-05,8.681443751292336e-08,1.722423132890852e-05,3.799391517341193e-05,9.09211570345187e-08,1.7605713089180696e-05,3.888082540884773e-05,9.517180507977193e-08,1.799086644236521e-05,3.97779050065467e-05,9.956970053373672e-08,1.83796747126712e-05,4.0685151077183804e-05,1.0411819980927481e-07,1.8772121232829818e-05,4.160256069869835e-05,0.5999999999999999
6.832623542223296e-08,1.5372480662005245e-05,3.371200326385768e-05,7.176178118908722e-08,1.5735354027276483e-05,3.4548024494517175e-05,7.532522443986507e-08,1.6101982489897135e-05,3.539422904269753e-05,7.901969622059864e-08,1.647234933247256e-05,3.6250614182893936e-05,8.284836517127699e-08,1.684643784579454e-05,3.711717715681902e-05,8.681443751292336e-08,1.722423132890852e-05,3.799391517341193e-05,9.09211570345187e-08,1.7605713089180696e-05,3.888082540884773e-05,9.517180507977193e-08,1.799086644236521e-05,3.97779050065467e-05,9.956970053373672e-08,1.83796747126712e-05,4.0685151077183804e-05,1.0411819980927481e-07,1.8772121232829818e-05,4.160256069869835e-05,0.5999999999999999
6.832623542223296e-08,1.5372480662005245e-05,3.371200326385768e-05,7.176178118908722e-08,1.5735354027276483e-05,3.4548024494517175e-05,7.532522443986507e-08,1.6101982489897135e-05,3.539422904269753e-05,7.901969622059864e-08,1.647234933247256e-05,3.6250614182893936e-05,8.284836517127699e-08,1.684643784579454e-05,3.711717715681902e-05,8.681443751292336e-08,1.722423132890852e-05,3.799391517341193e-05,9.09211570345187e-08,1.7605713089180696e-05,3.888082540884773e-05,9.517180507977193e-08,1.799086644236521e-05,3.97779050065467e-05,9.956970053373672e-08,1.83796747126712e-05,4.0685151077183804e-05,1.0411819980927481e-07,1.8772121232829818e-05,4.160256069869835e-05,0.5999999999999999
6.832623542223296e-08,1.5372480662005245e-05,3.371200326385768e-05,7.176178118908722e-08,1.5735354027276483e-05,3.4548024494517175e-05,7.532522443986507e-08,1.6101982489897135e-05,3.539422904269753e-05,7.901969622059864e-08,1.647234933247256e-05,3.6250614182893936e-05,8.284836517127699e-08,1.684643784579454e-05,3.711717715681902e-05,8.681443751292336e-08,1.722423132890852e-05,3.799391517341193e-05,9.09211570345187e-08,1.7605713089180696e-05,3.888082540884773e-05,9.517180507977193e-08,1.799086644236521e-05,3.97779050065467e-05,9.956970053373672e-08,1.83796747126712e-05,4.0685151077183804e-05,1.0411819980927481e-07,1.8772121232829818e-05,4.160256069869835e-05,0.5999999999999999
6.832623542223296e-08,1.5372480662005245e-05,3.371200326385768e-05,7.176178118908722e-08,1.5735354027276483e-05,3.4548024494517175e-05,7.532522443986507e-08,1.6101982489897135e-05,3.539422904269753e-05,7.901969622059864e-08,1.647234933247256e-05,3.6250614182893936e-05,8.284836517127699e-08,1.684643784579454e-05,3.711717715681902e-05,8.681443751292336e-08,1.722423132890852e-05,3.799391517341193e-05,9.09211570345187e-08,1.7605713089180696e-05,3.888082540884773e-05,9.517180507977193e-08,1.799086644236521e-05,3.97779050065467e-05,9.956970053373672e-08,1.83796747126712e-05,4.0685151077183804e-05,1.0411819980927481e-07,1.8772121232829818e-05,4.160256069869835e-05,0.5999999999999999
6.832623542223296e-08,1.5372480662005245e-05,3.371200326385768e-05,7.176178118908722e-08,1.5735354027276483e-05,3.4548024494517175e-05,7.532522443986507e-08,1.6101982489897135e-05,3.539422904269753e-05,7.901969622059864e-08,1.647234933247256e-05,3.6250614182893936e-05,8.284836517127699e-08,1.684643784579454e-05,3.711717715681902e-05,8.681443751292336e-08,1.722423132890852e-05,3.799391517341193e-05,9.09211570345187e-08,1.7605713089180696e-05,3.888082540884773e-05,9.517180507977193e-08,1.799086644236521e-05,3.97779050065467e-05,9.956970053373672e-08,1.83796747126712e-05,4.0685151077183804e-05,1.0411819980927481e-07,1.8772121232829818e-05,4.160256069869835e-05,0.5999999999999999
6.832623542223296e-08,1.5372480662005245e-05,3.371200326385768e-05,7.176178118908722e-08,1.5735354027276483e-05,3.4548024494517175e-05,7.532522443986507e-08,1.6101982489897135e-05,3.539422904269753e-05,7.901969622059864e-08,1.647234933247256e-05,3.6250614182893936e-05,8.284836517127699e-08,1.684643784579454e-05,3.711717715681902e-05,8.681443751292336e-08,1.722423132890852e-05,3.799391517341193e-05,9.09211570345187e-08,1.7605713089180696e-05,3.888082540884773e-05,9.517180507977193e-08,1.799086644236521e-05,3.97779050065467e-05,9.956970053373672e-08,1.83796747126712e-05,4.0685151077183804e-05,1.0411819980927481e-07,1.8772121232829818e-05,4.160256069869835e-05,0.5999999999999999
6.832623542223296e-08,1.5372480662005245e-05,3.371200326385768e-05,7.176178118908722e-08,1.5735354027276483e-05,3.4548024494517175e-05,7.532522443986507e-08,1.6101982489897135e-05,3.539422904269753e-05,7.901969622059864e-08,1.647234933247256e-05,3.6250614182893936e-05,8.284836517127699e-08,1.684643784579454e-05,3.711717715681902e-05,8.681443751292336e-08,1.722423132890852e-05,3.799391517341193e-05,9.09211570345187e-08,1.7605713089180696e-05,3.888082540884773e-05,9.517180507977193e-08,1.799086644236521e-05,3.97779050065467e-05,9.956970053373672e-08,1.83796747126712e-05,4.0685151077183804e-05,1.0411819980927481e-07,1.8772121232829818e-05,4.160256069869835e-05,0.5999999999999999
6.832623542223296e-08,1.5372480662005245e-05,3.371200326385768e-05,7.176178118908722e-08,1.5735354027276483e-05,3.4548024494517175e-05,7.532522443986507e-08,1.6101982489897135e-05,3.539422904269753e-05,7.901969622059864e-08,1.647234933247256e-05,3.6250614182893936e-05,8.284836517127699e-08,1.684643784579454e-05,3.711717715681902e-05,8.681443751292336e-08,1.722423132890852e-05,3.799391517341193e-05,9.09211570345187e-08,1.7605713089180696e-05,3.888082540884773e-05,9.517180507977193e-08,1.799086644236521e-05,3.97779050065467e-05,9.956970053373672e-08,1.83796747126712e-05,4.0685151077183804e-05,1.0411819980927481e-07,1.8772121232829818e-05,4.160256069869835e-05,0.5999999999999999
6.832623542223296e-08,1.5372480662005245e-05,3.371200326385768e-05,7.176178118908722e-08,1.5735354027276483e-05,3.4548024494517175e-05,7.532522443986507e-08,1.6101982489897135e-05,3.539422904269753e-05,7.901969622059864e-08,1.647234933247256e-05,3.6250614182893936e-05,8.284836517127699e-08,1.684643784579454e-05,3.711717715681902e-05,8.681443751292336e-08,1.722423132890852e-05,3.799391517341193e-05,9.09211570345187e-08,1.7605713089180696e-05,3.888082540884773e-05,9.517180507977193e-08,1.799086644236521e-05,3.97779050065467e-05,9.956970053373672e-08,1.83796747126712e-05,4.0685151077183804e-05,1.0411819980927481e-07,1.8772121232829818e-05,4.160256069869835e-05,0.5999999999999999
6.832623542223296e-08,1.5372480662005245e-05,3.371200326385768e-05,7.176178118908722e-08,1.5735354027276483e-05,3.4548024494517175e-05,7.532522443986507e-08,1.6101982489897135e-05,3.539422904269753e-05,7.901969622059864e-08,1.647234933247256e-05,3.6250614182893936e-05,8.284836517127699e-08,1.684643784579454e-05,3.711717715681902e-05,8.681443751292336e-08,1.722423132890852e-05,3.799391517341193e-05,9.09211570345187e-08,1.7605713089180696e-05,3.888082540884773e-05,9.517180507977193e-08,1.799086644236521e-05,3.97779050065467e-05,9.956970053373672e-08,1.83796747126712e-05,4.0685151077183804e-05,1.0411819980927481e-07,1.8772121232829818e-05,4.160256069869835e-05,0.5999999999999999
6.832623542223296e-08,1.5372480662005245e-05,3.371200326385768e-05,7.176178118908722e-08,1.5735354027276483e-05,3.4548024494517175e-05,7.532522443986507e-08,1.6101982489897135e-05,3.539422904269753e-05,7.901969622059864e-08,1.647234933247256e-05,3.6250614182893936e-05,8.284836517127699e-08,1.684643784579454e-05,3.711717715681902e-05,8.681443751292336e-08,1.722423132890852e-05,3.799391517341193e-05,9.09211570345187e-08,1.7605713089180696e-05,3.888082540884773e-05,9.517180507977193e-08,1.799086644236521e-05,3.97779050065467e-05,9.956970053373672e-08,1.83796747126712e-05,4.0685151077183804e-05,1.0411819980927481e-07,1.8772121232829818e-05,4.160256069869835e-05,0.5999999999999999
6.832623542223296e-08,1.5372480662005245e-05,3.371200326385768e-05,7.176178118908722e-08,1.5735354027276483e-05,3.4548024494517175e-05,7.532522443986507e-08,1.6101982489897135e-05,3.539422904269753e-05,7.901969622059864e-08,1.647234933247256e-05,3.6250614182893936e-05,8.284836517127699e-08,1.684643784579454e-05,3.711717715681902e-05,8.681443751292336e-08,1.722423132890852e-05,3.799391517341193e-05,9.09211570345187e-08,1.7605713089180696e-05,3.888082540884773e-05,9.517180507977193e-08,1.799086644236521e-05,3.97779050065467e-05,9.956970053373672e-08,1.83796747126712e-05,4.0685151077183804e-05,1.0411819980927481e-07,1.8772121232829818e-05,4.160256069869835e-05,0.5999999999999999
6.832623542223296e-08,1.5372480662005245e-05,3.371200326385768e-05,7.176178118908722e-08,1.5735354027276483e-05,3.4548024494517175e-05,7.532522443986507e-08,1.6101982489897135e-05,3.539422904269753e-05,7.901969622059864e-08,1.647234933247256e-05,3.6250614182893936e-05,8.284836517127699e-08,1.684643784579454e-05,3.711717715681902e-05,8.681443751292336e-08,1.722423132890852e-05,3.799391517341193e-05,9.09211570345187e-08,1.7605713089180696e-05,3.888082540884773e-05,9.517180507977193e-08,1.799086644236521e-05,3.97779050065467e-05,9.956970053373672e-08,1.83796747126712e-05,4.0685151077183804e-05,1.0411819980927481e-07,1.8772121232829818e-05,4.160256069869835e-05,0.5999999999999999
6.832623542223296e-08,1.5372480662005245e-05,3.371200326385768e-05,7.176178118908722e-08,1.5735354027276483e-05,3.4548024494517175e-05,7.532522443986507e-08,1.6101982489897135e-05,3.539422904269753e-05,7.901969622059864e-08,1.647234933247256e-05,3.6250614182893936e-05,8.284836517127699e-08,1.684643784579454e-05,3.711717715681902e-05,8.681443751292336e-08,1.722423132890852e-05,3.799391517341193e-05,9.09211570345187e-08,1.7605713089180696e-05,3.888082540884773e-05,9.517180507977193e-08,1.799086644236521e-05,3.97779050065467e-05,9.956970053373672e-08,1.83796747126712e-05,4.0685151077183804e-05,1.0411819980927481e-07,1.8772121232829818e-05,4.160256069869835e-05,0.5999999999999999
6.832623542223296e-08,1.5372480662005245e-05,3.371200326385768e-05,7.176178118908722e-08,1.5735354027276483e-05,3.4548024494517175e-05,7.532522443986507e-08,1.6101982489897135e-05,3.539422904269753e-05,7.901969622059864e-08,1.647234933247256e-05,3.6250614182893936e-05,8.284836517127699e-08,1.684643784579454e-05,3.711717715681902e-05,8.681443751292336e-08,1.722423132890852e-05,3.799391517341193e-05,9.09211570345187e-08,1.7605713089180696e-05,3.888082540884773e-05,9.517180507977193e-08,1.799086644236521e-05,3.97779050065467e-05,9.956970053373672e-08,1.83796747126712e-05,4.0685151077183804e-05,1.0411819980927481e-07,1.8772121232829818e-05,4.160256069869835e-05,0.5999999999999999
6.832623542223296e-08,1.5372480662005245e-05,3.371200326385768e-05,7.176178118908722e-08,1.5735354027276483e-05,3.4548024494517175e-05,7.532522443986507e-08,1.6101982489897135e-05,3.539422904269753e-05,7.901969622059864e-08,1.647234933247256e-05,3.6250614182893936e-05,8.284836517127699e-08,1.684643784579454e-05,3.711717715681902e-05,8.681443751292336e-08,1.722423132890852e-05,3.799391517341193e-05,9.09211570345187e-08,1.7605713089180696e-05,3.888082540884773e-05,9.517180507977193e-08,1.799086644236521e-05,3.97779050065467e-05,9.956970053373672e-08,1.83796747126712e-05,4.0685151077183804e-05,1.0411819980927481e-07,1.8772121232829818e-05,4.160256069869835e-05,0.5999999999999999
6.832623542223296e-08,1.5372480662005245e-05,3.371200326385768e-05,7.176178118908722e-08,1.5735354027276483e-05,3.4548024494517175e-05,7.532522443986507e-08,1.6101982489897135e-05,3.539422904269753e-05,7.901969622059864e-08,1.647234933247256e-05,3.6250614182893936e-05,8.284836517127699e-08,1.684643784579454e-05,3.711717715681902e-05,8.681443751292336e-08,1.722423132890852e-05,3.799391517341193e-05,9.09211570345187e-08,1.7605713089180696e-05,3.888082540884773e-05,9.517180507977193e-08,1.799086644236521e-05,3.97779050065467e-05,9.956970053373672e-08,1.83796747126712e-05,4.0685151077183804e-05,1.0411819980927481e-07,1.8772121232829818e-05,4.160256069869835e-05,0.5999999999999999
6.832623542223296e-08,1.5372480662005245e-05,3.371200326385768e-05,7.176178118908722e-08,1.5735354027276483e-05,3.4548024494517175e-05,7.532522443986507e-08,1.6101982489897135e-05,3.539422904269753e-05,7.901969622059864e-08,1.647234933247256e-05,3.6250614182893936e-05,8.284836517127699e-08,1.684643784579454e-05,3.711717715681902e-05,8.681443751292336e-08,1.722423132890852e-05,3.799391517341193e-05,9.09211570345187e-08,1.7605713089180696e-05,3.888082540884773e-05,9.517180507977193e-08,1.799086644236521e-05,3.97779050065467e-05,9.956970053373672e-08,1.83796747126712e-05,4.0685151077183804e-05,1.0411819980927481e-07,1.8772121232829818e-05,4.160256069869835e-05,0.5999999999999999
6.832623542223296e-08,1.5372480662005245e-05,3.371200326385768e-05,7.176178118908722e-08,1.5735354027276483e-05,3.4548024494517175e-05,7.532522443986507e-08,1.6101982489897135e-05,3.539422904269753e-05,7.901969622059864e-08,1.647234933247256e-05,3.6250614182893936e-05,8.284836517127699e-08,1.684643784579454e-05,3.711717715681902e-05,8.681443751292336e-08,1.722423132890852e-05,3.799391517341193e-05,9.09211570345187e-08,1.7605713089180696e-05,3.888082540884773e-05,9.517180507977193e-08,1.799086644236521e-05,3.97779050065467e-05,9.956970053373672e-08,1.83796747126712e-05,4.0685151077183804e-05,1.0411819980927481e-07,1.8772121232829818e-05,4.160256069869835e-05,0.5999999999999999
6.832623542223296e-08,1.5372480662005245e-05,3.371200326385768e-05,7.176178118908722e-08,1.5735354027276483e-05,3.4548024494517175e-05,7.532522443986507e-08,1.6101982489897135e-05,3.539422904269753e-05,7.901969622059864e-08,1.647234933247256e-05,3.6250614182893936e-05,8.284836517127699e-08,1.684643784579454e-05,3.711717715681902e-05,8.681443751292336e-08,1.722423132890852e-05,3.799391517341193e-05,9.09211570345187e-08,1.7605713089180696e-05,3.888082540884773e-05,9.517180507977193e-08,1.799086644236521e-05,3.97779050065467e-05,9.956970053373672e-08,1.83796747126712e-05,4.0685151077183804e-05,1.0411819980927481e-07,1.8772121232829818e-05,4.160256069869835e-05,0.5999999999999999
6.832623542223296e-08,1.5372480662005245e-05,3.371200326385768e-05,7.176178118908722e-08,1.5735354027276483e-05,3.4548024494517175e-05,7.532522443986507e-08,1.6101982489897135e-05,3.539422904269753e-05,7.901969622059864e-08,1.647234933247256e-05,3.6250614182893936e-05,8.284836517127699e-08,1.684643784579454e-05,3.711717715681902e-05,8.681443751292336e-08,1.722423132890852e-05,3.799391517341193e-05,9.09211570345187e-08,1.7605713089180696e-05,3.888082540884773e-05,9.517180507977193e-08,1.799086644236521e-05,3.97779050065467e-05,9.956970053373672e-08,1.83796747126712e-05,4.0685151077183804e-05,1.0411819980927481e-07,1.8772121232829818e-05,4.160256069869835e-05,0.5999999999999999
6.832623542223296e-08,1.5372480662005245e-05,3.371200326385768e-05,7.176178118908722e-08,1.5735354027276483e-05,3.4548024494517175e-05,7.532522443986507e-08,1.6101982489897135e-05,3.539422904269753e-05,7.901969622059864e-08,1.647234933247256e-05,3.6250614182893936e-05,8.284836517127699e-08,1.684643784579454e-05,3.711717715681902e-05,8.681443751292336e-08,1.722423132890852e-05,3.799391517341193e-05,9.09211570345187e-08,1.7605713089180696e-05,3.888082540884773e-05,9.517180507977193e-08,1.799086644236521e-05,3.97779050065467e-05,9.956970053373672e-08,1.83796747126712e-05,4.0685151077183804e-05,1.0411819980927481e-07,1.8772121232829818e-05,4.160256069869835e-05,0.5999999999999999
6.832623542223296e-08,1.5372480662005245e-05,3.371200326385768e-05,7.176178118908722e-08,1.5735354027276483e-05,3.4548024494517175e-05,7.532522443986507e-08,1.6101982489897135e-05,3.539422904269753e-05,7.901969622059864e-08,1.647234933247256e-05,3.6250614182893936e-05,8.284836517127699e-08,1.684643784579454e-05,3.711717715681902e-05,8.681443751292336e-08,1.722423132890852e-05,3.799391517341193e-05,9.09211570345187e-08,1.7605713089180696e-05,3.888082540884773e-05,9.517180507977193e-08,1.799086644236521e-05,3.97779050065467e-05,9.956970053373672e-08,1.83796747126712e-05,4.0685151077183804e-05,1.0411819980927481e-07,1.8772121232829818e-05,4.160256069869835e-05,0.5999999999999999
6.832623542223296e-08,1.5372480662005245e-05,3.371200326385768e-05,7.176178118908722e-08,1.5735354027276483e-05,3.4548024494517175e-05,7.532522443986507e-08,1.6101982489897135e-05,3.539422904269753e-05,7.901969622059864e-08,1.647234933247256e-05,3.6250614182893936e-05,8.284836517127699e-08,1.684643784579454e-05,3.711717715681902e-05,8.681443751292336e-08,1.722423132890852e-05,3.799391517341193e-05,9.09211570345187e-08,1.7605713089180696e-05,3.888082540884773e-05,9.517180507977193e-08,1.799086644236521e-05,3.97779050065467e-05,9.956970053373672e-08,1.83796747126712e-05,4.0685151077183804e-05,1.0411819980927481e-07,1.8772121232829818e-05,4.160256069869835e-05,0.5999999999999999
6.832623542223296e-08,1.5372480662005245e-05,3.371200326385768e-05,7.176178118908722e-08,1.5735354027276483e-05,3.4548024494517175e-05,7.532522443986507e-08,1.6101982489897135e-05,3.539422904269753e-05,7.901969622059864e-08,1.647234933247256e-05,3.6250614182893936e-05,8.284836517127699e-08,1.684643784579454e-05,3.711717715681902e-05,8.681443751292336e-08,1.722423132890852e-05,3.799391517341193e-05,9.09211570345187e-08,1.7605713089180696e-05,3.888082540884773e-05,9.517180507977193e-08,1.799086644236521e-05,3.97779050065467e-05,9.956970053373672e-08,1.83796747126712e-05,4.0685151077183804e-05,1.0411819980927481e-07,1.8772121232829818e-05,4.160256069869835e-05,0.5999999999999999
6.832623542223296e-08,1.5372480662005245e-05,3.371200326385768e-05,7.176178118908722e-08,1.5735354027276483e-05,3.4548024494517175e-05,7.532522443986507e-08,1.6101982489897135e-05,3.539422904269753e-05,7.901969622059864e-08,1.647234933247256e-05,3.6250614182893936e-05,8.284836517127699e-08,1.684643784579454e-05,3.711717715681902e-05,8.681443751292336e-08,1.722423132890852e-05,3.799391517341193e-05,9.09211570345187e-08,1.7605713089180696e-05,3.888082540884773e-05,9.517180507977193e-08,1.799086644236521e-05,3.97779050065467e-05,9.956970053373672e-08,1.83796747126712e-05,4.0685151077183804e-05,1.0411819980927481e-07,1.8772121232829818e-05,4.160256069869835e-05,0.5999999999999999
6.832623542223296e-08,1.5372480662005245e-05,3.371200326385768e-05,7.176178118908722e-08,1.5735354027276483e-05,3.4548024494517175e-05,7.532522443986507e-08,1.6101982489897135e-05,3.539422904269753e-05,7.901969622059864e-08,1.647234933247256e-05,3.6250614182893936e-05,8.284836517127699e-08,1.684643784579454e-05,3.711717715681902e-05,8.681443751292336e-08,1.722423132890852e-05,3.799391517341193e-05,9.09211570345187e-08,1.7605713089180696e-05,3.888082540884773e-05,9.517180507977193e-08,1.799086644236521e-05,3.97779050065467e-05,9.956970053373672e-08,1.83796747126712e-05,4.0685151077183804e-05,1.0411819980927481e-07,1.8772121232829818e-05,4.160256069869835e-05,0.5999999999999999
6.832623542223296e-08,1.5372480662005245e-05,3.371200326385768e-05,7.176178118908722e-08,1.5735354027276483e-05,3.4548024494517175e-05,7.532522443986507e-08,1.6101982489897135e-05,3.539422904269753e-05,7.901969622059864e-08,1.647234933247256e-05,3.6250614182893936e-05,8.284836517127699e-08,1.684643784579454e-05,3.711717715681902e-05,8.681443751292336e-08,1.722423132890852e-05,3.799391517341193e-05,9.09211570345187e-08,1.7605713089180696e-05,3.888082540884773e-05,9.517180507977193e-08,1.799086644236521e-05,3.97779050065467e-05,9.956970053373672e-08,1.83796747126712e-05,4.0685151077183804e-05,1.0411819980927481e-07,1.8772121232829818e-05,4.160256069869835e-05,0.5999999999999999
6.832623542223296e-08,1.5372480662005245e-05,3.371200326385768e-05,7.176178118908722e-08,1.5735354027276483e-05,3.4548024494517175e-05,7.532522443986507e-08,1.6101982489897135e-05,3.539422904269753e-05,7.901969622059864e-08,1.647234933247256e-05,3.6250614182893936e-05,8.284836517127699e-08,1.684643784579454e-05,3.711717715681902e-05,8.681443751292336e-08,1.722423132890852e-05,3.799391517341193e-05,9.09211570345187e-08,1.7605713089180696e-05,3.888082540884773e-05,9.517180507977193e-08,1.799086644236521e-05,3.97779050065467e-05,9.956970053373672e-08,1.83796747126712e-05,4.0685151077183804e-05,1.0411819980927481e-07,1.8772121232829818e-05,4.160256069869835e-05,0.5999999999999999
6.832623542223296e-08,1.5372480662005245e-05,3.371200326385768e-05,7.176178118908722e-08,1.5735354027276483e-05,3.4548024494517175e-05,7.532522443986507e-08,1.6101982489897135e-05,3.539422904269753e-05,7.901969622059864e-08,1.647234933247256e-05,3.6250614182893936e-05,8.284836517127699e-08,1.684643784579454e-05,3.711717715681902e-05,8.681443751292336e-08,1.722423132890852e-05,3.799391517341193e-05,9.09211570345187e-08,1.7605713089180696e-05,3.888082540884773e-05,9.517180507977193e-08,1.799086644236521e-05,3.97779050065467e-05,9.956970053373672e-08,1.83796747126712e-05,4.0685151077183804e-05,1.0411819980927481e-07,1.8772121232829818e-05,4.160256069869835e-05,0.5999999999999999
6.832623542223296e-08,1.5372480662005245e-05,3.371200326385768e-05,7.176178118908722e-08,1.5735354027276483e-05,3.4548024494517175e-05,7.532522443986507e-08,1.6101982489897135e-05,3.539422904269753e-05,7.901969622059864e-08,1.647234933247256e-05,3.6250614182893936e-05,8.284836517127699e-08,1.684643784579454e-05,3.711717715681902e-05,8.681443751292336e-08,1.722423132890852e-05,3.799391517341193e-05,9.09211570345187e-08,1.7605713089180696e-05,3.888082540884773e-05,9.517180507977193e-08,1.799086644236521e-05,3.97779050065467e-05,9.956970053373672e-08,1.83796747126712e-05,4.0685151077183804e-05,1.0411819980927481e-07,1.8772121232829818e-05,4.160256069869835e-05,0.5999999999999999
6.832623542223296e-08,1.5372480662005245e-05,3.371200326385768e-05,7.176178118908722e-08,1.5735354027276483e-05,3.4548024494517175e-05,7.532522443986507e-08,1.6101982489897135e-05,3.539422904269753e-05,7.901969622059864e-08,1.647234933247256e-05,3.6250614182893936e-05,8.284836517127699e-08,1.684643784579454e-05,3.711717715681902e-05,8.681443751292336e-08,1.722423132890852e-05,3.799391517341193e-05,9.09211570345187e-08,1.7605713089180696e-05,3.888082540884773e-05,9.517180507977193e-08,1.799086644236521e-05,3.97779050065467e-05,9.956970053373672e-08,1.83796747126712e-05,4.0685151077183804e-05,1.0411819980927481e-07,1.8772121232829818e-05,4.160256069869835e-05,0.5999999999999999
6.832623542223296e-08,1.5372480662005245e-05,3.371200326385768e-05,7.176178118908722e-08,1.5735354027276483e-05,3.4548024494517175e-05,7.532522443986507e-08,1.6101982489897135e-05,3.539422904269753e-05,7.901969622059864e-08,1.647234933247256e-05,3.6250614182893936e-05,8.284836517127699e-08,1.684643784579454e-05,3.711717715681902e-05,8.681443751292336e-08,1.722423132890852e-05,3.799391517341193e-05,9.09211570345187e-08,1.7605713089180696e-05,3.888082540884773e-05,9.517180507977193e-08,1.799086644236521e-05,3.97779050065467e-05,9.956970053373672e-08,1.83796747126712e-05,4.0685151077183804e-05,1.0411819980927481e-07,1.8772121232829818e-05,4.160256069869835e-05,0.5999999999999999
6.832623542223296e-08,1.5372480662005245e-05,3.371200326385768e-05,7.176178118908722e-08,1.5735354027276483e-05,3.4548024494517175e-05,7.532522443986507e-08,1.6101982489897135e-05,3.539422904269753e-05,7.901969622059864e-08,1.647234933247256e-05,3.6250614182893936e-05,8.284836517127699e-08,1.684643784579454e-05,3.711717715681902e-05,8.681443751292336e-08,1.722423132890852e-05,3.799391517341193e-05,9.09211570345187e-08,1.7605713089180696e-05,3.888082540884773e-05,9.517180507977193e-08,1.799086644236521e-05,3.97779050065467e-05,9.956970053373672e-08,1.83796747126712e-05,4.0685151077183804e-05,1.0411819980927481e-07,1.8772121232829818e-05,4.160256069869835e-05,0.5999999999999999
6.832623542223296e-08,1.5372480662005245e-05,3.371200326385768e-05,7.176178118908722e-08,1.5735354027276483e-05,3.4548024494517175e-05,7.532522443986507e-08,1.6101982489897135e-05,3.539422904269753e-05,7.901969622059864e-08,1.647234933247256e-05,3.6250614182893936e-05,8.284836517127699e-08,1.684643784579454e-05,3.711717715681902e-05,8.681443751292336e-08,1.722423132890852e-05,3.799391517341193e-05,9.09211570345187e-08,1.7605713089180696e-05,3.888082540884773e-05,9.517180507977193e-08,1.799086644236521e-05,3.97779050065467e-05,9.956970053373672e-08,1.83796747126712e-05,4.0685151077183804e-05,1.0411819980927481e-07,1.8772121232829818e-05,4.160256069869835e-05,0.5999999999999999
6.832623542223296e-08,1.5372480662005245e-05,3.371200326385768e-05,7.176178118908722e-08,1.5735354027276483e-05,3.4548024494517175e-05,7.532522443986507e-08,1.6101982489897135e-05,3.539422904269753e-05,7.901969622059864e-08,1.647234933247256e-05,3.6250614182893936e-05,8.284836517127699e-08,1.684643784579454e-05,3.711717715681902e-05,8.681443751292336e-08,1.722423132890852e-05,3.799391517341193e-05,9.09211570345187e-08,1.7605713089180696e-05,3.888082540884773e-05,9.517180507977193e-08,1.799086644236521e-05,3.97779050065467e-05,9.956970053373672e-08,1.83796747126712e-05,4.0685151077183804e-05,1.0411819980927481e-07,1.8772121232829818e-05,4.160256069869835e-05,0.5999999999999999
6.832623542223296e-08,1.5372480662005245e-05,3.371200326385768e-05,7.176178118908722e-08,1.5735354027276483e-05,3.4548024494517175e-05,7.532522443986507e-08,1.6101982489897135e-05,3.539422904269753e-05,7.901969622059864e-08,1.647234933247256e-05,3.6250614182893936e-05,8.284836517127699e-08,1.684643784579454e-05,3.711717715681902e-05,8.681443751292336e-08,1.722423132890852e-05,3.799391517341193e-05,9.09211570345187e-08,1.7605713089180696e-05,3.888082540884773e-05,9.517180507977193e-08,1.799086644236521e-05,3.97779050065467e-05,9.956970053373672e-08,1.83796747126712e-05,4.0685151077183804e-05,1.0411819980927481e-07,1.8772121232829818e-05,4.160256069869835e-05,0.5999999999999999
6.832623542223296e-08,1.5372480662005245e-05,3.371200326385768e-05,7.176178118908722e-08,1.5735354027276483e-05,3.4548024494517175e-05,7.532522443986507e-08,1.6101982489897135e-05,3.539422904269753e-05,7.901969622059864e-08,1.647234933247256e-05,3.6250614182893936e-05,8.284836517127699e-08,1.684643784579454e-05,3.711717715681902e-05,8.681443751292336e-08,1.722423132890852e-05,3.799391517341193e-05,9.09211570345187e-08,1.7605713089180696e-05,3.888082540884773e-05,9.517180507977193e-08,1.799086644236521e-05,3.97779050065467e-05,9.956970053373672e-08,1.83796747126712e-05,4.0685151077183804e-05,1.0411819980927481e-07,1.8772121232829818e-05,4.160256069869835e-05,0.5999999999999999
6.832623542223296e-08,1.5372480662005245e-05,3.371200326385768e-05,7.176178118908722e-08,1.5735354027276483e-05,3.4548024494517175e-05,7.532522443986507e-08,1.6101982489897135e-05,3.539422904269753e-05,7.901969622059864e-08,1.647234933247256e-05,3.6250614182893936e-05,8.284836517127699e-08,1.684643784579454e-05,3.711717715681902e-05,8.681443751292336e-08,1.722423132890852e-05,3.799391517341193e-05,9.09211570345187e-08,1.7605713089180696e-05,3.888082540884773e-05,9.517180507977193e-08,1.799086644236521e-05,3.97779050065467e-05,9.956970053373672e-08,1.83796747126712e-05,4.0685151077183804e-05,1.0411819980927481e-07,1.8772121232829818e-05,4.160256069869835e-05,0.5999999999999999
6.832623542223296e-08,1.5372480662005245e-05,3.371200326385768e-05,7.176178118908722e-08,1.5735354027276483e-05,3.4548024494517175e-05,7.532522443986507e-08,1.6101982489897135e-05,3.539422904269753e-05,7.901969622059864e-08,1.647234933247256e-05,3.6250614182893936e-05,8.284836517127699e-08,1.684643784579454e-05,3.711717715681902e-05,8.681443751292336e-08,1.722423132890852e-05,3.799391517341193e-05,9.09211570345187e-08,1.7605713089180696e-05,3.888082540884773e-05,9.517180507977193e-08,1.799086644236521e-05,3.97779050065467e-05,9.956970053373672e-08,1.83796747126712e-05,4.0685151077183804e-05,1.0411819980927481e-07,1.8772121232829818e-05,4.160256069869835e-05,0.5999999999999999
6.832623542223296e-08,1.5372480662005245e-05,3.371200326385768e-05,7.176178118908722e-08,1.5735354027276483e-05,3.4548024494517175e-05,7.532522443986507e-08,1.6101982489897135e-05,3.539422904269753e-05,7.901969622059864e-08,1.647234933247256e-05,3.6250614182893936e-05,8.284836517127699e-08,1.684643784579454e-05,3.711717715681902e-05,8.681443751292336e-08,1.722423132890852e-05,3.799391517341193e-05,9.09211570345187e-08,1.7605713089180696e-05,3.888082540884773e-05,9.517180507977193e-08,1.799086644236521e-05,3.97779050065467e-05,9.956970053373672e-08,1.83796747126712e-05,4.0685151077183804e-05,1.0411819980927481e-07,1.8772121232829818e-05,4.160256069869835e-05,0.5999999999999999
6.832623542223296e-08,1.5372480662005245e-05,3.371200326385768e-05,7.176178118908722e-08,1.5735354027276483e-05,3.4548024494517175e-05,7.532522443986507e-08,1.6101982489897135e-05,3.539422904269753e-05,7.901969622059864e-08,1.647234933247256e-05,3.6250614182893936e-05,8.284836517127699e-08,1.684643784579454e-05,3.711717715681902e-05,8.681443751292336e-08,1.722423132890852e-05,3.799391517341193e-05,9.09211570345187e-08,1.7605713089180696e-05,3.888082540884773e-05,9.517180507977193e-08,1.799086644236521e-05,3.97779050065467e-05,9.956970053373672e-08,1.83796747126712e-05,4.0685151077183804e-05,1.0411819980927481e-07,1.8772121232829818e-05,4.160256069869835e-05,0.5999999999999999
6.832623542223296e-08,1.5372480662005245e-05,3.371200326385768e-05,7.176178118908722e-08,1.5735354027276483e-05,3.4548024494517175e-05,7.532522443986507e-08,1.6101982489897135e-05,3.539422904269753e-05,7.901969622059864e-08,1.647234933247256e-05,3.6250614182893936e-05,8.284836517127699e-08,1.684643784579454e-05,3.711717715681902e-05,8.681443751292336e-08,1.722423132890852e-05,3.799391517341193e-05,9.09211570345187e-08,1.7605713089180696e-05,3.888082540884773e-05,9.517180507977193e-08,1.799086644236521e-05,3.97779050065467e-05,9.956970053373672e-08,1.83796747126712e-05,4.0685151077183804e-05,1.0411819980927481e-07,1.8772121232829818e-05,4.160256069869835e-05,0.5999999999999999
6.832623542223296e-08,1.5372480662005245e-05,3.371200326385768e-05,7.176178118908722e-08,1.5735354027276483e-05,3.4548024494517175e-05,7.532522443986507e-08,1.6101982489897135e-05,3.539422904269753e-05,7.901969622059864e-08,1.647234933247256e-05,3.6250614182893936e-05,8.284836517127699e-08,1.684643784579454e-05,3.711717715681902e-05,8.681443751292336e-08,1.722423132890852e-05,3.799391517341193e-05,9.09211570345187e-08,1.7605713089180696e-05,3.888082540884773e-05,9.517180507977193e-08,1.799086644236521e-05,3.97779050065467e-05,9.956970053373672e-08,1.83796747126712e-05,4.0685151077183804e-05,1.0411819980927481e-07,1.8772121232829818e-05,4.160256069869835e-05,0.5999999999999999
6.832623542223296e-08,1.5372480662005245e-05,3.371200326385768e-05,7.176178118908722e-08,1.5735354027276483e-05,3.4548024494517175e-05,7.532522443986507e-08,1.6101982489897135e-05,3.539422904269753e-05,7.901969622059864e-08,1.647234933247256e-05,3.6250614182893936e-05,8.284836517127699e-08,1.684643784579454e-05,3.711717715681902e-05,8.681443751292336e-08,1.722423132890852e-05,3.799391517341193e-05,9.09211570345187e-08,1.7605713089180696e-05,3.888082540884773e-05,9.517180507977193e-08,1.799086644236521e-05,3.97779050065467e-05,9.956970053373672e-08,1.83796747126712e-05,4.0685151077183804e-05,1.0411819980927481e-07,1.8772121232829818e-05,4.160256069869835e-05,0.5999999999999999
6.832623542223296e-08,1.5372480662005245e-05,3.371200326385768e-05,7.176178118908722e-08,1.5735354027276483e-05,3.4548024494517175e-05,7.532522443986507e-08,1.6101982489897135e-05,3.539422904269753e-05,7.901969622059864e-08,1.647234933247256e-05,3.6250614182893936e-05,8.284836517127699e-08,1.684643784579454e-05,3.711717715681902e-05,8.681443751292336e-08,1.722423132890852e-05,3.799391517341193e-05,9.09211570345187e-08,1.7605713089180696e-05,3.888082540884773e-05,9.517180507977193e-08,1.799086644236521e-05,3.97779050065467e-05,9.956970053373672e-08,1.83796747126712e-05,4.0685151077183804e-05,1.0411819980927481e-07,1.8772121232829818e-05,4.160256069869835e-05,0.5999999999999999
6.832623542223296e-08,1.5372480662005245e-05,3.371200326385768e-05,7.176178118908722e-08,1.5735354027276483e-05,3.4548024494517175e-05,7.532522443986507e-08,1.6101982489897135e-05,3.539422904269753e-05,7.901969622059864e-08,1.647234933247256e-05,3.6250614182893936e-05,8.284836517127699e-08,1.684643784579454e-05,3.711717715681902e-05,8.681443751292336e-08,1.722423132890852e-05,3.799391517341193e-05,9.09211570345187e-08,1.7605713089180696e-05,3.888082540884773e-05,9.517180507977193e-08,1.799086644236521e-05,3.97779050065467e-05,9.956970053373672e-08,1.83796747126712e-05,4.0685151077183804e-05,1.0411819980927481e-07,1.8772121232829818e-05,4.160256069869835e-05,0.5999999999999999
6.832623542223296e-08,1.5372480662005245e-05,3.371200326385768e-05,7.176178118908722e-08,1.5735354027276483e-05,3.4548024494517175e-05,7.532522443986507e-08,1.6101982489897135e-05,3.539422904269753e-05,7.901969622059864e-08,1.647234933247256e-05,3.6250614182893936e-05,8.284836517127699e-08,1.684643784579454e-05,3.711717715681902e-05,8.681443751292336e-08,1.722423132890852e-05,3.799391517341193e-05,9.09211570345187e-08,1.7605713089180696e-05,3.888082540884773e-05,9.517180507977193e-08,1.799086644236521e-05,3.97779050065467e-05,9.956970053373672e-08,1.83796747126712e-05,4.0685151077183804e-05,1.0411819980927481e-07,1.8772121232829818e-05,4.160256069869835e-05,0.5999999999999999
6.832623542223296e-08,1.5372480662005245e-05,3.371200326385768e-05,7.176178118908722e-08,1.5735354027276483e-05,3.4548024494517175e-05,7.532522443986507e-08,1.6101982489897135e-05,3.539422904269753e-05,7.901969622059864e-08,1.647234933247256e-05,3.6250614182893936e-05,8.284836517127699e-08,1.684643784579454e-05,3.711717715681902e-05,8.681443751292336e-08,1.722423132890852e-05,3.799391517341193e-05,9.09211570345187e-08,1.7605713089180696e-05,3.888082540884773e-05,9.517180507977193e-08,1.799086644236521e-05,3.97779050065467e-05,9.956970053373672e-08,1.83796747126712e-05,4.0685151077183804e-05,1.0411819980927481e-07,1.8772121232829818e-05,4.160256069869835e-05,0.5999999999999999
6.832623542223296e-08,1.5372480662005245e-05,3.371200326385768e-05,7.176178118908722e-08,1.5735354027276483e-05,3.4548024494517175e-05,7.532522443986507e-08,1.6101982489897135e-05,3.539422904269753e-05,7.901969622059864e-08,1.647234933247256e-05,3.6250614182893936e-05,8.284836517127699e-08,1.684643784579454e-05,3.711717715681902e-05,8.681443751292336e-08,1.722423132890852e-05,3.799391517341193e-05,9.09211570345187e-08,1.7605713089180696e-05,3.888082540884773e-05,9.517180507977193e-08,1.799086644236521e-05,3.97779050065467e-05,9.956970053373672e-08,1.83796747126712e-05,4.0685151077183804e-05,1.0411819980927481e-07,1.8772121232829818e-05,4.160256069869835e-05,0.5999999999999999
6.832623542223296e-08,1.5372480662005245e-05,3.371200326385768e-05,7.176178118908722e-08,1.5735354027276483e-05,3.4548024494517175e-05,7.532522443986507e-08,1.6101982489897135e-05,3.539422904269753e-05,7.901969622059864e-08,1.647234933247256e-05,3.6250614182893936e-05,8.284836517127699e-08,1.684643784579454e-05,3.711717715681902e-05,8.681443751292336e-08,1.722423132890852e-05,3.799391517341193e-05,9.09211570345187e-08,1.7605713089180696e-05,3.888082540884773e-05,9.517180507977193e-08,1.799086644236521e-05,3.97779050065467e-05,9.956970053373672e-08,1.83796747126712e-05,4.0685151077183804e-05,1.0411819980927481e-07,1.8772121232829818e-05,4.160256069869835e-05,0.5999999999999999
6.832623542223296e-08,1.5372480662005245e-05,3.371200326385768e-05,7.176178118908722e-08,1.5735354027276483e-05,3.4548024494517175e-05,7.532522443986507e-08,1.6101982489897135e-05,3.539422904269753e-05,7.901969622059864e-08,1.647234933247256e-05,3.6250614182893936e-05,8.284836517127699e-08,1.684643784579454e-05,3.711717715681902e-05,8.681443751292336e-08,1.722423132890852e-05,3.799391517341193e-05,9.09211570345187e-08,1.7605713089180696e-05,3.888082540884773e-05,9.517180507977193e-08,1.799086644236521e-05,3.97779050065467e-05,9.956970053373672e-08,1.83796747126712e-05,4.0685151077183804e-05,1.0411819980927481e-07,1.8772121232829818e-05,4.160256069869835e-05,0.5999999999999999
6.832623542223296e-08,1.5372480662005245e-05,3.371200326385768e-05,7.176178118908722e-08,1.5735354027276483e-05,3.4548024494517175e-05,7.532522443986507e-08,1.6101982489897135e-05,3.539422904269753e-05,7.901969622059864e-08,1.647234933247256e-05,3.6250614182893936e-05,8.284836517127699e-08,1.684643784579454e-05,3.711717715681902e-05,8.681443751292336e-08,1.722423132890852e-05,3.799391517341193e-05,9.09211570345187e-08,1.7605713089180696e-05,3.888082540884773e-05,9.517180507977193e-08,1.799086644236521e-05,3.97779050065467e-05,9.956970053373672e-08,1.83796747126712e-05,4.0685151077183804e-05,1.0411819980927481e-07,1.8772121232829818e-05,4.160256069869835e-05,0.5999999999999999
6.832623542223296e-08,1.5372480662005245e-05,3.371200326385768e-05,7.176178118908722e-08,1.5735354027276483e-05,3.4548024494517175e-05,7.532522443986507e-08,1.6101982489897135e-05,3.539422904269753e-05,7.901969622059864e-08,1.647234933247256e-05,3.6250614182893936e-05,8.284836517127699e-08,1.684643784579454e-05,3.711717715681902e-05,8.681443751292336e-08,1.722423132890852e-05,3.799391517341193e-05,9.09211570345187e-08,1.7605713089180696e-05,3.888082540884773e-05,9.517180507977193e-08,1.799086644236521e-05,3.97779050065467e-05,9.956970053373672e-08,1.83796747126712e-05,4.0685151077183804e-05,1.0411819980927481e-07,1.8772121232829818e-05,4.160256069869835e-05,0.5999999999999999
6.832623542223296e-08,1.5372480662005245e-05,3.371200326385768e-05,7.176178118908722e-08,1.5735354027276483e-05,3.4548024494517175e-05,7.532522443986507e-08,1.6101982489897135e-05,3.539422904269753e-05,7.901969622059864e-08,1.647234933247256e-05,3.6250614182893936e-05,8.284836517127699e-08,1.684643784579454e-05,3.711717715681902e-05,8.681443751292336e-08,1.722423132890852e-05,3.799391517341193e-05,9.09211570345187e-08,1.7605713089180696e-05,3.888082540884773e-05,9.517180507977193e-08,1.799086644236521e-05,3.97779050065467e-05,9.956970053373672e-08,1.83796747126712e-05,4.0685151077183804e-05,1.0411819980927481e-07,1.8772121232829818e-05,4.160256069869835e-05,0.5999999999999999
6.832623542223296e-08,1.5372480662005245e-05,3.371200326385768e-05,7.176178118908722e-08,1.5735354027276483e-05,3.4548024494517175e-05,7.532522443986507e-08,1.6101982489897135e-05,3.539422904269753e-05,7.901969622059864e-08,1.647234933247256e-05,3.6250614182893936e-05,8.284836517127699e-08,1.684643784579454e-05,3.711717715681902e-05,8.681443751292336e-08,1.722423132890852e-05,3.799391517341193e-05,9.09211570345187e-08,1.7605713089180696e-05,3.888082540884773e-05,9.517180507977193e-08,1.799086644236521e-05,3.97779050065467e-05,9.956970053373672e-08,1.83796747126712e-05,4.0685151077183804e-05,1.0411819980927481e-07,1.8772121232829818e-05,4.160256069869835e-05,0.5999999999999999
6.832623542223296e-08,1.5372480662005245e-05,3.371200326385768e-05,7.176178118908722e-08,1.5735354027276483e-05,3.4548024494517175e-05,7.532522443986507e-08,1.6101982489897135e-05,3.539422904269753e-05,7.901969622059864e-08,1.647234933247256e-05,3.6250614182893936e-05,8.284836517127699e-08,1.684643784579454e-05,3.711717715681902e-05,8.681443751292336e-08,1.722423132890852e-05,3.799391517341193e-05,9.09211570345187e-08,1.7605713089180696e-05,3.888082540884773e-05,9.517180507977193e-08,1.799086644236521e-05,3.97779050065467e-05,9.956970053373672e-08,1.83796747126712e-05,4.0685151077183804e-05,1.0411819980927481e-07,1.8772121232829818e-05,4.160256069869835e-05,0.5999999999999999
6.832623542223296e-08,1.5372480662005245e-05,3.371200326385768e-05,7.176178118908722e-08,1.5735354027276483e-05,3.4548024494517175e-05,7.532522443986507e-08,1.6101982489897135e-05,3.539422904269753e-05,7.901969622059864e-08,1.647234933247256e-05,3.6250614182893936e-05,8.284836517127699e-08,1.684643784579454e-05,3.711717715681902e-05,8.681443751292336e-08,1.722423132890852e-05,3.799391517341193e-05,9.09211570345187e-08,1.7605713089180696e-05,3.888082540884773e-05,9.517180507977193e-08,1.799086644236521e-05,3.97779050065467e-05,9.956970053373672e-08,1.83796747126712e-05,4.0685151077183804e-05,1.0411819980927481e-07,1.8772121232829818e-05,4.160256069869835e-05,0.5999999999999999
6.832623542223296e-08,1.5372480662005245e-05,3.371200326385768e-05,7.176178118908722e-08,1.5735354027276483e-05,3.4548024494517175e-05,7.532522443986507e-08,1.6101982489897135e-05,3.539422904269753e-05,7.901969622059864e-08,1.647234933247256e-05,3.6250614182893936e-05,8.284836517127699e-08,1.684643784579454e-05,3.711717715681902e-05,8.681443751292336e-08,1.722423132890852e-05,3.799391517341193e-05,9.09211570345187e-08,1.7605713089180696e-05,3.888082540884773e-05,9.517180507977193e-08,1.799086644236521e-05,3.97779050065467e-05,9.956970053373672e-08,1.83796747126712e-05,4.0685151077183804e-05,1.0411819980927481e-07,1.8772121232829818e-05,4.160256069869835e-05,0.5999999999999999
6.832623542223296e-08,1.5372480662005245e-05,3.371200326385768e-05,7.176178118908722e-08,1.5735354027276483e-05,3.4548024494517175e-05,7.532522443986507e-08,1.6101982489897135e-05,3.539422904269753e-05,7.901969622059864e-08,1.647234933247256e-05,3.6250614182893936e-05,8.284836517127699e-08,1.684643784579454e-05,3.711717715681902e-05,8.681443751292336e-08,1.722423132890852e-05,3.799391517341193e-05,9.09211570345187e-08,1.7605713089180696e-05,3.888082540884773e-05,9.517180507977193e-08,1.799086644236521e-05,3.97779050065467e-05,9.956970053373672e-08,1.83796747126712e-05,4.0685151077183804e-05,1.0411819980927481e-07,1.8772121232829818e-05,4.160256069869835e-05,0.5999999999999999
6.832623542223296e-08,1.5372480662005245e-05,3.371200326385768e-05,7.176178118908722e-08,1.5735354027276483e-05,3.4548024494517175e-05,7.532522443986507e-08,1.6101982489897135e-05,3.539422904269753e-05,7.901969622059864e-08,1.647234933247256e-05,3.6250614182893936e-05,8.284836517127699e-08,1.684643784579454e-05,3.711717715681902e-05,8.681443751292336e-08,1.722423132890852e-05,3.799391517341193e-05,9.09211570345187e-08,1.7605713089180696e-05,3.888082540884773e-05,9.517180507977193e-08,1.799086644236521e-05,3.97779050065467e-05,9.956970053373672e-08,1.83796747126712e-05,4.0685151077183804e-05,1.0411819980927481e-07,1.8772121232829818e-05,4.160256069869835e-05,0.5999999999999999
6.832623542223296e-08,1.5372480662005245e-05,3.371200326385768e-05,7.176178118908722e-08,1.5735354027276483e-05,3.4548024494517175e-05,7.532522443986507e-08,1.6101982489897135e-05,3.539422904269753e-05,7.901969622059864e-08,1.647234933247256e-05,3.6250614182893936e-05,8.284836517127699e-08,1.684643784579454e-05,3.711717715681902e-05,8.681443751292336e-08,1.722423132890852e-05,3.799391517341193e-05,9.09211570345187e-08,1.7605713089180696e-05,3.888082540884773e-05,9.517180507977193e-08,1.799086644236521e-05,3.97779050065467e-05,9.956970053373672e-08,1.83796747126712e-05,4.0685151077183804e-05,1.0411819980927481e-07,1.8772121232829818e-05,4.160256069869835e-05,0.5999999999999999
6.832623542223296e-08,1.5372480662005245e-05,3.371200326385768e-05,7.176178118908722e-08,1.5735354027276483e-05,3.4548024494517175e-05,7.532522443986507e-08,1.6101982489897135e-05,3.539422904269753e-05,7.901969622059864e-08,1.647234933247256e-05,3.6250614182893936e-05,8.284836517127699e-08,1.684643784579454e-05,3.711717715681902e-05,8.681443751292336e-08,1.722423132890852e-05,3.799391517341193e-05,9.09211570345187e-08,1.7605713089180696e-05,3.888082540884773e-05,9.517180507977193e-08,1.799086644236521e-05,3.97779050065467e-05,9.956970053373672e-08,1.83796747126712e-05,4.0685151077183804e-05,1.0411819980927481e-07,1.8772121232829818e-05,4.160256069869835e-05,0.5999999999999999
6.832623542223296e-08,1.5372480662005245e-05,3.371200326385768e-05,7.176178118908722e-08,1.5735354027276483e-05,3.4548024494517175e-05,7.532522443986507e-08,1.6101982489897135e-05,3.539422904269753e-05,7.901969622059864e-08,1.647234933247256e-05,3.6250614182893936e-05,8.284836517127699e-08,1.684643784579454e-05,3.711717715681902e-05,8.681443751292336e-08,1.722423132890852e-05,3.799391517341193e-05,9.09211570345187e-08,1.7605713089180696e-05,3.888082540884773e-05,9.517180507977193e-08,1.799086644236521e-05,3.97779050065467e-05,9.956970053373672e-08,1.83796747126712e-05,4.0685151077183804e-05,1.0411819980927481e-07,1.8772121232829818e-05,4.160256069869835e-05,0.5999999999999999
6.832623542223296e-08,1.5372480662005245e-05,3.371200326385768e-05,7.176178118908722e-08,1.5735354027276483e-05,3.4548024494517175e-05,7.532522443986507e-08,1.6101982489897135e-05,3.539422904269753e-05,7.901969622059864e-08,1.647234933247256e-05,3.6250614182893936e-05,8.284836517127699e-08,1.684643784579454e-05,3.711717715681902e-05,8.681443751292336e-08,1.722423132890852e-05,3.799391517341193e-05,9.09211570345187e-08,1.7605713089180696e-05,3.888082540884773e-05,9.517180507977193e-08,1.799086644236521e-05,3.97779050065467e-05,9.956970053373672e-08,1.83796747126712e-05,4.0685151077183804e-05,1.0411819980927481e-07,1.8772121232829818e-05,4.160256069869835e-05,0.5999999999999999
6.832623542223296e-08,1.5372480662005245e-05,3.371200326385768e-05,7.176178118908722e-08,1.5735354027276483e-05,3.4548024494517175e-05,7.532522443986507e-08,1.6101982489897135e-05,3.539422904269753e-05,7.901969622059864e-08,1.647234933247256e-05,3.6250614182893936e-05,8.284836517127699e-08,1.684643784579454e-05,3.711717715681902e-05,8.681443751292336e-08,1.722423132890852e-05,3.799391517341193e-05,9.09211570345187e-08,1.7605713089180696e-05,3.888082540884773e-05,9.517180507977193e-08,1.799086644236521e-05,3.97779050065467e-05,9.956970053373672e-08,1.83796747126712e-05,4.0685151077183804e-05,1.0411819980927481e-07,1.8772121232829818e-05,4.160256069869835e-05,0.5999999999999999
6.832623542223296e-08,1.5372480662005245e-05,3.371200326385768e-05,7.176178118908722e-08,1.5735354027276483e-05,3.4548024494517175e-05,7.532522443986507e-08,1.6101982489897135e-05,3.539422904269753e-05,7.901969622059864e-08,1.647234933247256e-05,3.6250614182893936e-05,8.284836517127699e-08,1.684643784579454e-05,3.711717715681902e-05,8.681443751292336e-08,1.722423132890852e-05,3.799391517341193e-05,9.09211570345187e-08,1.7605713089180696e-05,3.888082540884773e-05,9.517180507977193e-08,1.799086644236521e-05,3.97779050065467e-05,9.956970053373672e-08,1.83796747126712e-05,4.0685151077183804e-05,1.0411819980927481e-07,1.8772121232829818e-05,4.160256069869835e-05,0.5999999999999999
6.832623542223296e-08,1.5372480662005245e-05,3.371200326385768e-05,7.176178118908722e-08,1.5735354027276483e-05,3.4548024494517175e-05,7.532522443986507e-08,1.6101982489897135e-05,3.539422904269753e-05,7.901969622059864e-08,1.647234933247256e-05,3.6250614182893936e-05,8.284836517127699e-08,1.684643784579454e-05,3.711717715681902e-05,8.681443751292336e-08,1.722423132890852e-05,3.799391517341193e-05,9.09211570345187e-08,1.7605713089180696e-05,3.888082540884773e-05,9.517180507977193e-08,1.799086644236521e-05,3.97779050065467e-05,9.956970053373672e-08,1.83796747126712e-05,4.0685151077183804e-05,1.0411819980927481e-07,1.8772121232829818e-05,4.160256069869835e-05,0.5999999999999999
6.832623542223296e-08,1.5372480662005245e-05,3.371200326385768e-05,7.176178118908722e-08,1.5735354027276483e-05,3.4548024494517175e-05,7.532522443986507e-08,1.6101982489897135e-05,3.539422904269753e-05,7.901969622059864e-08,1.647234933247256e-05,3.6250614182893936e-05,8.284836517127699e-08,1.684643784579454e-05,3.711717715681902e-05,8.681443751292336e-08,1.722423132890852e-05,3.799391517341193e-05,9.09211570345187e-08,1.7605713089180696e-05,3.888082540884773e-05,9.517180507977193e-08,1.799086644236521e-05,3.97779050065467e-05,9.956970053373672e-08,1.83796747126712e-05,4.0685151077183804e-05,1.0411819980927481e-07,1.8772121232829818e-05,4.160256069869835e-05,0.5999999999999999
6.832623542223296e-08,1.5372480662005245e-05,3.371200326385768e-05,7.176178118908722e-08,1.5735354027276483e-05,3.4548024494517175e-05,7.532522443986507e-08,1.6101982489897135e-05,3.539422904269753e-05,7.901969622059864e-08,1.647234933247256e-05,3.6250614182893936e-05,8.284836517127699e-08,1.684643784579454e-05,3.711717715681902e-05,8.681443751292336e-08,1.722423132890852e-05,3.799391517341193e-05,9.09211570345187e-08,1.7605713089180696e-05,3.888082540884773e-05,9.517180507977193e-08,1.799086644236521e-05,3.97779050065467e-05,9.956970053373672e-08,1.83796747126712e-05,4.0685151077183804e-05,1.0411819980927481e-07,1.8772121232829818e-05,4.160256069869835e-05,0.5999999999999999
6.832623542223296e-08,1.5372480662005245e-05,3.371200326385768e-05,7.176178118908722e-08,1.5735354027276483e-05,3.4548024494517175e-05,7.532522443986507e-08,1.6101982489897135e-05,3.539422904269753e-05,7.901969622059864e-08,1.647234933247256e-05,3.6250614182893936e-05,8.284836517127699e-08,1.684643784579454e-05,3.711717715681902e-05,8.681443751292336e-08,1.722423132890852e-05,3.799391517341193e-05,9.09211570345187e-08,1.7605713089180696e-05,3.888082540884773e-05,9.517180507977193e-08,1.799086644236521e-05,3.97779050065467e-05,9.956970053373672e-08,1.83796747126712e-05,4.0685151077183804e-05,1.0411819980927481e-07,1.8772121232829818e-05,4.160256069869835e-05,0.5999999999999999
6.832623542223296e-08,1.5372480662005245e-05,3.371200326385768e-05,7.176178118908722e-08,1.5735354027276483e-05,3.4548024494517175e-05,7.532522443986507e-08,1.6101982489897135e-05,3.539422904269753e-05,7.901969622059864e-08,1.647234933247256e-05,3.6250614182893936e-05,8.284836517127699e-08,1.684643784579454e-05,3.711717715681902e-05,8.681443751292336e-08,1.722423132890852e-05,3.799391517341193e-05,9.09211570345187e-08,1.7605713089180696e-05,3.888082540884773e-05,9.517180507977193e-08,1.799086644236521e-05,3.97779050065467e-05,9.956970053373672e-08,1.83796747126712e-05,4.0685151077183804e-05,1.0411819980927481e-07,1.8772121232829818e-05,4.160256069869835e-05,0.5999999999999999
6.832623542223296e-08,1.5372480662005245e-05,3.371200326385768e-05,7.176178118908722e-08,1.5735354027276483e-05,3.4548024494517175e-05,7.532522443986507e-08,1.6101982489897135e-05,3.539422904269753e-05,7.901969622059864e-08,1.647234933247256e-05,3.6250614182893936e-05,8.284836517127699e-08,1.684643784579454e-05,3.711717715681902e-05,8.681443751292336e-08,1.722423132890852e-05,3.799391517341193e-05,9.09211570345187e-08,1.7605713089180696e-05,3.888082540884773e-05,9.517180507977193e-08,1.799086644236521e-05,3.97779050065467e-05,9.956970053373672e-08,1.83796747126712e-05,4.0685151077183804e-05,1.0411819980927481e-07,1.8772121232829818e-05,4.160256069869835e-05,0.5999999999999999
6.832623542223296e-08,1.5372480662005245e-05,3.371200326385768e-05,7.176178118908722e-08,1.5735354027276483e-05,3.4548024494517175e-05,7.532522443986507e-08,1.6101982489897135e-05,3.539422904269753e-05,7.901969622059864e-08,1.647234933247256e-05,3.6250614182893936e-05,8.284836517127699e-08,1.684643784579454e-05,3.711717715681902e-05,8.681443751292336e-08,1.722423132890852e-05,3.799391517341193e-05,9.09211570345187e-08,1.7605713089180696e-05,3.888082540884773e-05,9.517180507977193e-08,1.799086644236521e-05,3.97779050065467e-05,9.956970053373672e-08,1.83796747126712e-05,4.0685151077183804e-05,1.0411819980927481e-07,1.8772121232829818e-05,4.160256069869835e-05,0.5999999999999999
6.832623542223296e-08,1.5372480662005245e-05,3.371200326385768e-05,7.176178118908722e-08,1.5735354027276483e-05,3.4548024494517175e-05,7.532522443986507e-08,1.6101982489897135e-05,3.539422904269753e-05,7.901969622059864e-08,1.647234933247256e-05,3.6250614182893936e-05,8.284836517127699e-08,1.684643784579454e-05,3.711717715681902e-05,8.681443751292336e-08,1.722423132890852e-05,3.799391517341193e-05,9.09211570345187e-08,1.7605713089180696e-05,3.888082540884773e-05,9.517180507977193e-08,1.799086644236521e-05,3.97779050065467e-05,9.956970053373672e-08,1.83796747126712e-05,4.0685151077183804e-05,1.0411819980927481e-07,1.8772121232829818e-05,4.160256069869835e-05,0.5999999999999999
6.832623542223296e-08,1.5372480662005245e-05,3.371200326385768e-05,7.176178118908722e-08,1.5735354027276483e-05,3.4548024494517175e-05,7.532522443986507e-08,1.6101982489897135e-05,3.539422904269753e-05,7.901969622059864e-08,1.647234933247256e-05,3.6250614182893936e-05,8.284836517127699e-08,1.684643784579454e-05,3.711717715681902e-05,8.681443751292336e-08,1.722423132890852e-05,3.799391517341193e-05,9.09211570345187e-08,1.7605713089180696e-05,3.888082540884773e-05,9.517180507977193e-08,1.799086644236521e-05,3.97779050065467e-05,9.956970053373672e-08,1.83796747126712e-05,4.0685151077183804e-05,1.0411819980927481e-07,1.8772121232829818e-05,4.160256069869835e-05,0.5999999999999999
6.832623542223296e-08,1.5372480662005245e-05,3.371200326385768e-05,7.176178118908722e-08,1.5735354027276483e-05,3.4548024494517175e-05,7.532522443986507e-08,1.6101982489897135e-05,3.539422904269753e-05,7.901969622059864e-08,1.647234933247256e-05,3.6250614182893936e-05,8.284836517127699e-08,1.684643784579454e-05,3.711717715681902e-05,8.681443751292336e-08,1.722423132890852e-05,3.799391517341193e-05,9.09211570345187e-08,1.7605713089180696e-05,3.888082540884773e-05,9.517180507977193e-08,1.799086644236521e-05,3.97779050065467e-05,9.956970053373672e-08,1.83796747126712e-05,4.0685151077183804e-05,1.0411819980927481e-07,1.8772121232829818e-05,4.160256069869835e-05,0.5999999999999999
6.832623542223296e-08,1.5372480662005245e-05,3.371200326385768e-05,7.176178118908722e-08,1.5735354027276483e-05,3.4548024494517175e-05,7.532522443986507e-08,1.6101982489897135e-05,3.539422904269753e-05,7.901969622059864e-08,1.647234933247256e-05,3.6250614182893936e-05,8.284836517127699e-08,1.684643784579454e-05,3.711717715681902e-05,8.681443751292336e-08,1.722423132890852e-05,3.799391517341193e-05,9.09211570345187e-08,1.7605713089180696e-05,3.888082540884773e-05,9.517180507977193e-08,1.799086644236521e-05,3.97779050065467e-05,9.956970053373672e-08,1.83796747126712e-05,4.0685151077183804e-05,1.0411819980927481e-07,1.8772121232829818e-05,4.160256069869835e-05,0.5999999999999999
6.832623542223296e-08,1.5372480662005245e-05,3.371200326385768e-05,7.176178118908722e-08,1.5735354027276483e-05,3.4548024494517175e-05,7.532522443986507e-08,1.6101982489897135e-05,3.539422904269753e-05,7.901969622059864e-08,1.647234933247256e-05,3.6250614182893936e-05,8.284836517127699e-08,1.684643784579454e-05,3.711717715681902e-05,8.681443751292336e-08,1.722423132890852e-05,3.799391517341193e-05,9.09211570345187e-08,1.7605713089180696e-05,3.888082540884773e-05,9.517180507977193e-08,1.799086644236521e-05,3.97779050065467e-05,9.956970053373672e-08,1.83796747126712e-05,4.0685151077183804e-05,1.0411819980927481e-07,1.8772121232829818e-05,4.160256069869835e-05,0.5999999999999999
6.832623542223296e-08,1.5372480662005245e-05,3.371200326385768e-05,7.176178118908722e-08,1.5735354027276483e-05,3.4548024494517175e-05,7.532522443986507e-08,1.6101982489897135e-05,3.539422904269753e-05,7.901969622059864e-08,1.647234933247256e-05,3.6250614182893936e-05,8.284836517127699e-08,1.684643784579454e-05,3.711717715681902e-05,8.681443751292336e-08,1.722423132890852e-05,3.799391517341193e-05,9.09211570345187e-08,1.7605713089180696e-05,3.888082540884773e-05,9.517180507977193e-08,1.799086644236521e-05,3.97779050065467e-05,9.956970053373672e-08,1.83796747126712e-05,4.0685151077183804e-05,1.0411819980927481e-07,1.8772121232829818e-05,4.160256069869835e-05,0.5999999999999999
6.832623542223296e-08,1.5372480662005245e-05,3.371200326385768e-05,7.176178118908722e-08,1.5735354027276483e-05,3.4548024494517175e-05,7.532522443986507e-08,1.6101982489897135e-05,3.539422904269753e-05,7.901969622059864e-08,1.647234933247256e-05,3.6250614182893936e-05,8.284836517127699e-08,1.684643784579454e-05,3.711717715681902e-05,8.681443751292336e-08,1.722423132890852e-05,3.799391517341193e-05,9.09211570345187e-08,1.7605713089180696e-05,3.888082540884773e-05,9.517180507977193e-08,1.799086644236521e-05,3.97779050065467e-05,9.956970053373672e-08,1.83796747126712e-05,4.0685151077183804e-05,1.0411819980927481e-07,1.8772121232829818e-05,4.160256069869835e-05,0.5999999999999999
6.832623542223296e-08,1.5372480662005245e-05,3.371200326385768e-05,7.176178118908722e-08,1.5735354027276483e-05,3.4548024494517175e-05,7.532522443986507e-08,1.6101982489897135e-05,3.539422904269753e-05,7.901969622059864e-08,1.647234933247256e-05,3.6250614182893936e-05,8.284836517127699e-08,1.684643784579454e-05,3.711717715681902e-05,8.681443751292336e-08,1.722423132890852e-05,3.799391517341193e-05,9.09211570345187e-08,1.7605713089180696e-05,3.888082540884773e-05,9.517180507977193e-08,1.799086644236521e-05,3.97779050065467e-05,9.956970053373672e-08,1.83796747126712e-05,4.0685151077183804e-05,1.0411819980927481e-07,1.8772121232829818e-05,4.160256069869835e-05,0.5999999999999999
6.832623542223296e-08,1.5372480662005245e-05,3.371200326385768e-05,7.176178118908722e-08,1.5735354027276483e-05,3.4548024494517175e-05,7.532522443986507e-08,1.6101982489897135e-05,3.539422904269753e-05,7.901969622059864e-08,1.647234933247256e-05,3.6250614182893936e-05,8.284836517127699e-08,1.684643784579454e-05,3.711717715681902e-05,8.681443751292336e-08,1.722423132890852e-05,3.799391517341193e-05,9.09211570345187e-08,1.7605713089180696e-05,3.888082540884773e-05,9.517180507977193e-08,1.799086644236521e-05,3.97779050065467e-05,9.956970053373672e-08,1.83796747126712e-05,4.0685151077183804e-05,1.0411819980927481e-07,1.8772121232829818e-05,4.160256069869835e-05,0.5999999999999999
6.832623542223296e-08,1.5372480662005245e-05,3.371200326385768e-05,7.176178118908722e-08,1.5735354027276483e-05,3.4548024494517175e-05,7.532522443986507e-08,1.6101982489897135e-05,3.539422904269753e-05,7.901969622059864e-08,1.647234933247256e-05,3.6250614182893936e-05,8.284836517127699e-08,1.684643784579454e-05,3.711717715681902e-05,8.681443751292336e-08,1.722423132890852e-05,3.799391517341193e-05,9.09211570345187e-08,1.7605713089180696e-05,3.888082540884773e-05,9.517180507977193e-08,1.799086644236521e-05,3.97779050065467e-05,9.956970053373672e-08,1.83796747126712e-05,4.0685151077183804e-05,1.0411819980927481e-07,1.8772121232829818e-05,4.160256069869835e-05,0.5999999999999999
6.832623542223296e-08,1.5372480662005245e-05,3.371200326385768e-05,7.176178118908722e-08,1.5735354027276483e-05,3.4548024494517175e-05,7.532522443986507e-08,1.6101982489897135e-05,3.539422904269753e-05,7.901969622059864e-08,1.647234933247256e-05,3.6250614182893936e-05,8.284836517127699e-08,1.684643784579454e-05,3.711717715681902e-05,8.681443751292336e-08,1.722423132890852e-05,3.799391517341193e-05,9.09211570345187e-08,1.7605713089180696e-05,3.888082540884773e-05,9.517180507977193e-08,1.799086644236521e-05,3.97779050065467e-05,9.956970053373672e-08,1.83796747126712e-05,4.0685151077183804e-05,1.0411819980927481e-07,1.8772121232829818e-05,4.160256069869835e-05,0.5999999999999999
6.832623542223296e-08,1.5372480662005245e-05,3.371200326385768e-05,7.176178118908722e-08,1.5735354027276483e-05,3.4548024494517175e-05,7.532522443986507e-08,1.6101982489897135e-05,3.539422904269753e-05,7.901969622059864e-08,1.647234933247256e-05,3.6250614182893936e-05,8.284836517127699e-08,1.684643784579454e-05,3.711717715681902e-05,8.681443751292336e-08,1.722423132890852e-05,3.799391517341193e-05,9.09211570345187e-08,1.7605713089180696e-05,3.888082540884773e-05,9.517180507977193e-08,1.799086644236521e-05,3.97779050065467e-05,9.956970053373672e-08,1.83796747126712e-05,4.0685151077183804e-05,1.0411819980927481e-07,1.8772121232829818e-05,4.160256069869835e-05,0.5999999999999999
6.832623542223296e-08,1.5372480662005245e-05,3.371200326385768e-05,7.176178118908722e-08,1.5735354027276483e-05,3.4548024494517175e-05,7.532522443986507e-08,1.6101982489897135e-05,3.539422904269753e-05,7.901969622059864e-08,1.647234933247256e-05,3.6250614182893936e-05,8.284836517127699e-08,1.684643784579454e-05,3.711717715681902e-05,8.681443751292336e-08,1.722423132890852e-05,3.799391517341193e-05,9.09211570345187e-08,1.7605713089180696e-05,3.888082540884773e-05,9.517180507977193e-08,1.799086644236521e-05,3.97779050065467e-05,9.956970053373672e-08,1.83796747126712e-05,4.0685151077183804e-05,1.0411819980927481e-07,1.8772121232829818e-05,4.160256069869835e-05,0.5999999999999999
6.832623542223296e-08,1.5372480662005245e-05,3.371200326385768e-05,7.176178118908722e-08,1.5735354027276483e-05,3.4548024494517175e-05,7.532522443986507e-08,1.6101982489897135e-05,3.539422904269753e-05,7.901969622059864e-08,1.647234933247256e-05,3.6250614182893936e-05,8.284836517127699e-08,1.684643784579454e-05,3.711717715681902e-05,8.681443751292336e-08,1.722423132890852e-05,3.799391517341193e-05,9.09211570345187e-08,1.7605713089180696e-05,3.888082540884773e-05,9.517180507977193e-08,1.799086644236521e-05,3.97779050065467e-05,9.956970053373672e-08,1.83796747126712e-05,4.0685151077183804e-05,1.0411819980927481e-07,1.8772121232829818e-05,4.160256069869835e-05,0.5999999999999999
6.832623542223296e-08,1.5372480662005245e-05,3.371200326385768e-05,7.176178118908722e-08,1.5735354027276483e-05,3.4548024494517175e-05,7.532522443986507e-08,1.6101982489897135e-05,3.539422904269753e-05,7.901969622059864e-08,1.647234933247256e-05,3.6250614182893936e-05,8.284836517127699e-08,1.684643784579454e-05,3.711717715681902e-05,8.681443751292336e-08,1.722423132890852e-05,3.799391517341193e-05,9.09211570345187e-08,1.7605713089180696e-05,3.888082540884773e-05,9.517180507977193e-08,1.799086644236521e-05,3.97779050065467e-05,9.956970053373672e-08,1.83796747126712e-05,4.0685151077183804e-05,1.0411819980927481e-07,1.8772121232829818e-05,4.160256069869835e-05,0.5999999999999999
6.832623542223296e-08,1.5372480662005245e-05,3.371200326385768e-05,7.176178118908722e-08,1.5735354027276483e-05,3.4548024494517175e-05,7.532522443986507e-08,1.6101982489897135e-05,3.539422904269753e-05,7.901969622059864e-08,1.647234933247256e-05,3.6250614182893936e-05,8.284836517127699e-08,1.684643784579454e-05,3.711717715681902e-05,8.681443751292336e-08,1.722423132890852e-05,3.799391517341193e-05,9.09211570345187e-08,1.7605713089180696e-05,3.888082540884773e-05,9.517180507977193e-08,1.799086644236521e-05,3.97779050065467e-05,9.956970053373672e-08,1.83796747126712e-05,4.0685151077183804e-05,1.0411819980927481e-07,1.8772121232829818e-05,4.160256069869835e-05,0.5999999999999999
6.832623542223296e-08,1.5372480662005245e-05,3.371200326385768e-05,7.176178118908722e-08,1.5735354027276483e-05,3.4548024494517175e-05,7.532522443986507e-08,1.6101982489897135e-05,3.539422904269753e-05,7.901969622059864e-08,1.647234933247256e-05,3.6250614182893936e-05,8.284836517127699e-08,1.684643784579454e-05,3.711717715681902e-05,8.681443751292336e-08,1.722423132890852e-05,3.799391517341193e-05,9.09211570345187e-08,1.7605713089180696e-05,3.888082540884773e-05,9.517180507977193e-08,1.799086644236521e-05,3.97779050065467e-05,9.956970053373672e-08,1.83796747126712e-05,4.0685151077183804e-05,1.0411819980927481e-07,1.8772121232829818e-05,4.160256069869835e-05,0.5999999999999999
6.832623542223296e-08,1.5372480662005245e-05,3.371200326385768e-05,7.176178118908722e-08,1.5735354027276483e-05,3.4548024494517175e-05,7.532522443986507e-08,1.6101982489897135e-05,3.539422904269753e-05,7.901969622059864e-08,1.647234933247256e-05,3.6250614182893936e-05,8.284836517127699e-08,1.684643784579454e-05,3.711717715681902e-05,8.681443751292336e-08,1.722423132890852e-05,3.799391517341193e-05,9.09211570345187e-08,1.7605713089180696e-05,3.888082540884773e-05,9.517180507977193e-08,1.799086644236521e-05,3.97779050065467e-05,9.956970053373672e-08,1.83796747126712e-05,4.0685151077183804e-05,1.0411819980927481e-07,1.8772121232829818e-05,4.160256069869835e-05,0.5999999999999999
6.832623542223296e-08,1.5372480662005245e-05,3.371200326385768e-05,7.176178118908722e-08,1.5735354027276483e-05,3.4548024494517175e-05,7.532522443986507e-08,1.6101982489897135e-05,3.539422904269753e-05,7.901969622059864e-08,1.647234933247256e-05,3.6250614182893936e-05,8.284836517127699e-08,1.684643784579454e-05,3.711717715681902e-05,8.681443751292336e-08,1.722423132890852e-05,3.799391517341193e-05,9.09211570345187e-08,1.7605713089180696e-05,3.888082540884773e-05,9.517180507977193e-08,1.799086644236521e-05,3.97779050065467e-05,9.956970053373672e-08,1.83796747126712e-05,4.0685151077183804e-05,1.0411819980927481e-07,1.8772121232829818e-05,4.160256069869835e-05,0.5999999999999999
6.832623542223296e-08,1.5372480662005245e-05,3.371200326385768e-05,7.176178118908722e-08,1.5735354027276483e-05,3.4548024494517175e-05,7.532522443986507e-08,1.6101982489897135e-05,3.539422904269753e-05,7.901969622059864e-08,1.647234933247256e-05,3.6250614182893936e-05,8.284836517127699e-08,1.684643784579454e-05,3.711717715681902e-05,8.681443751292336e-08,1.722423132890852e-05,3.799391517341193e-05,9.09211570345187e-08,1.7605713089180696e-05,3.888082540884773e-05,9.517180507977193e-08,1.799086644236521e-05,3.97779050065467e-05,9.956970053373672e-08,1.83796747126712e-05,4.0685151077183804e-05,1.0411819980927481e-07,1.8772121232829818e-05,4.160256069869835e-05,0.5999999999999999
6.832623542223296e-08,1.5372480662005245e-05,3.371200326385768e-05,7.176178118908722e-08,1.5735354027276483e-05,3.4548024494517175e-05,7.532522443986507e-08,1.6101982489897135e-05,3.539422904269753e-05,7.901969622059864e-08,1.647234933247256e-05,3.6250614182893936e-05,8.284836517127699e-08,1.684643784579454e-05,3.711717715681902e-05,8.681443751292336e-08,1.722423132890852e-05,3.799391517341193e-05,9.09211570345187e-08,1.7605713089180696e-05,3.888082540884773e-05,9.517180507977193e-08,1.799086644236521e-05,3.97779050065467e-05,9.956970053373672e-08,1.83796747126712e-05,4.0685151077183804e-05,1.0411819980927481e-07,1.8772121232829818e-05,4.160256069869835e-05,0.5999999999999999
6.832623542223296e-08,1.5372480662005245e-05,3.371200326385768e-05,7.176178118908722e-08,1.5735354027276483e-05,3.4548024494517175e-05,7.532522443986507e-08,1.6101982489897135e-05,3.539422904269753e-05,7.901969622059864e-08,1.647234933247256e-05,3.6250614182893936e-05,8.284836517127699e-08,1.684643784579454e-05,3.711717715681902e-05,8.681443751292336e-08,1.722423132890852e-05,3.799391517341193e-05,9.09211570345187e-08,1.7605713089180696e-05,3.888082540884773e-05,9.517180507977193e-08,1.799086644236521e-05,3.97779050065467e-05,9.956970053373672e-08,1.83796747126712e-05,4.0685151077183804e-05,1.0411819980927481e-07,1.8772121232829818e-05,4.160256069869835e-05,0.5999999999999999
6.832623542223296e-08,1.5372480662005245e-05,3.371200326385768e-05,7.176178118908722e-08,1.5735354027276483e-05,3.4548024494517175e-05,7.532522443986507e-08,1.6101982489897135e-05,3.539422904269753e-05,7.901969622059864e-08,1.647234933247256e-05,3.6250614182893936e-05,8.284836517127699e-08,1.684643784579454e-05,3.711717715681902e-05,8.681443751292336e-08,1.722423132890852e-05,3.799391517341193e-05,9.09211570345187e-08,1.7605713089180696e-05,3.888082540884773e-05,9.517180507977193e-08,1.799086644236521e-05,3.97779050065467e-05,9.956970053373672e-08,1.83796747126712e-05,4.0685151077183804e-05,1.0411819980927481e-07,1.8772121232829818e-05,4.160256069869835e-05,0.5999999999999999
6.832623542223296e-08,1.5372480662005245e-05,3.371200326385768e-05,7.176178118908722e-08,1.5735354027276483e-05,3.4548024494517175e-05,7.532522443986507e-08,1.6101982489897135e-05,3.539422904269753e-05,7.901969622059864e-08,1.647234933247256e-05,3.6250614182893936e-05,8.284836517127699e-08,1.684643784579454e-05,3.711717715681902e-05,8.681443751292336e-08,1.722423132890852e-05,3.799391517341193e-05,9.09211570345187e-08,1.7605713089180696e-05,3.888082540884773e-05,9.517180507977193e-08,1.799086644236521e-05,3.97779050065467e-05,9.956970053373672e-08,1.83796747126712e-05,4.0685151077183804e-05,1.0411819980927481e-07,1.8772121232829818e-05,4.160256069869835e-05,0.5999999999999999
6.832623542223296e-08,1.5372480662005245e-05,3.371200326385768e-05,7.176178118908722e-08,1.5735354027276483e-05,3.4548024494517175e-05,7.532522443986507e-08,1.6101982489897135e-05,3.539422904269753e-05,7.901969622059864e-08,1.647234933247256e-05,3.6250614182893936e-05,8.284836517127699e-08,1.684643784579454e-05,3.711717715681902e-05,8.681443751292336e-08,1.722423132890852e-05,3.799391517341193e-05,9.09211570345187e-08,1.7605713089180696e-05,3.888082540884773e-05,9.517180507977193e-08,1.799086644236521e-05,3.97779050065467e-05,9.956970053373672e-08,1.83796747126712e-05,4.0685151077183804e-05,1.0411819980927481e-07,1.8772121232829818e-05,4.160256069869835e-05,0.5999999999999999
6.832623542223296e-08,1.5372480662005245e-05,3.371200326385768e-05,7.176178118908722e-08,1.5735354027276483e-05,3.4548024494517175e-05,7.532522443986507e-08,1.6101982489897135e-05,3.539422904269753e-05,7.901969622059864e-08,1.647234933247256e-05,3.6250614182893936e-05,8.284836517127699e-08,1.684643784579454e-05,3.711717715681902e-05,8.681443751292336e-08,1.722423132890852e-05,3.799391517341193e-05,9.09211570345187e-08,1.7605713089180696e-05,3.888082540884773e-05,9.517180507977193e-08,1.799086644236521e-05,3.97779050065467e-05,9.956970053373672e-08,1.83796747126712e-05,4.0685151077183804e-05,1.0411819980927481e-07,1.8772121232829818e-05,4.160256069869835e-05,0.5999999999999999
6.832623542223296e-08,1.5372480662005245e-05,3.371200326385768e-05,7.176178118908722e-08,1.5735354027276483e-05,3.4548024494517175e-05,7.532522443986507e-08,1.6101982489897135e-05,3.539422904269753e-05,7.901969622059864e-08,1.647234933247256e-05,3.6250614182893936e-05,8.284836517127699e-08,1.684643784579454e-05,3.711717715681902e-05,8.681443751292336e-08,1.722423132890852e-05,3.799391517341193e-05,9.09211570345187e-08,1.7605713089180696e-05,3.888082540884773e-05,9.517180507977193e-08,1.799086644236521e-05,3.97779050065467e-05,9.956970053373672e-08,1.83796747126712e-05,4.0685151077183804e-05,1.0411819980927481e-07,1.8772121232829818e-05,4.160256069869835e-05,0.5999999999999999
6.832623542223296e-08,1.5372480662005245e-05,3.371200326385768e-05,7.176178118908722e-08,1.5735354027276483e-05,3.4548024494517175e-05,7.532522443986507e-08,1.6101982489897135e-05,3.539422904269753e-05,7.901969622059864e-08,1.647234933247256e-05,3.6250614182893936e-05,8.284836517127699e-08,1.684643784579454e-05,3.711717715681902e-05,8.681443751292336e-08,1.722423132890852e-05,3.799391517341193e-05,9.09211570345187e-08,1.7605713089180696e-05,3.888082540884773e-05,9.517180507977193e-08,1.799086644236521e-05,3.97779050065467e-05,9.956970053373672e-08,1.83796747126712e-05,4.0685151077183804e-05,1.0411819980927481e-07,1.8772121232829818e-05,4.160256069869835e-05,0.5999999999999999
6.832623542223296e-08,1.5372480662005245e-05,3.371200326385768e-05,7.176178118908722e-08,1.5735354027276483e-05,3.4548024494517175e-05,7.532522443986507e-08,1.6101982489897135e-05,3.539422904269753e-05,7.901969622059864e-08,1.647234933247256e-05,3.6250614182893936e-05,8.284836517127699e-08,1.684643784579454e-05,3.711717715681902e-05,8.681443751292336e-08,1.722423132890852e-05,3.799391517341193e-05,9.09211570345187e-08,1.7605713089180696e-05,3.888082540884773e-05,9.517180507977193e-08,1.799086644236521e-05,3.97779050065467e-05,9.956970053373672e-08,1.83796747126712e-05,4.0685151077183804e-05,1.0411819980927481e-07,1.8772121232829818e-05,4.160256069869835e-05,0.5999999999999999
6.832623542223296e-08,1.5372480662005245e-05,3.371200326385768e-05,7.176178118908722e-08,1.5735354027276483e-05,3.4548024494517175e-05,7.532522443986507e-08,1.6101982489897135e-05,3.539422904269753e-05,7.901969622059864e-08,1.647234933247256e-05,3.6250614182893936e-05,8.284836517127699e-08,1.684643784579454e-05,3.711717715681902e-05,8.681443751292336e-08,1.722423132890852e-05,3.799391517341193e-05,9.09211570345187e-08,1.7605713089180696e-05,3.888082540884773e-05,9.517180507977193e-08,1.799086644236521e-05,3.97779050065467e-05,9.956970053373672e-08,1.83796747126712e-05,4.0685151077183804e-05,1.0411819980927481e-07,1.8772121232829818e-05,4.160256069869835e-05,0.5999999999999999
6.832623542223296e-08,1.5372480662005245e-05,3.371200326385768e-05,7.176178118908722e-08,1.5735354027276483e-05,3.4548024494517175e-05,7.532522443986507e-08,1.6101982489897135e-05,3.539422904269753e-05,7.901969622059864e-08,1.647234933247256e-05,3.6250614182893936e-05,8.284836517127699e-08,1.684643784579454e-05,3.711717715681902e-05,8.681443751292336e-08,1.722423132890852e-05,3.799391517341193e-05,9.09211570345187e-08,1.7605713089180696e-05,3.888082540884773e-05,9.517180507977193e-08,1.799086644236521e-05,3.97779050065467e-05,9.956970053373672e-08,1.83796747126712e-05,4.0685151077183804e-05,1.0411819980927481e-07,1.8772121232829818e-05,4.160256069869835e-05,0.5999999999999999
6.832623542223296e-08,1.5372480662005245e-05,3.371200326385768e-05,7.176178118908722e-08,1.5735354027276483e-05,3.4548024494517175e-05,7.532522443986507e-08,1.6101982489897135e-05,3.539422904269753e-05,7.901969622059864e-08,1.647234933247256e-05,3.6250614182893936e-05,8.284836517127699e-08,1.684643784579454e-05,3.711717715681902e-05,8.681443751292336e-08,1.722423132890852e-05,3.799391517341193e-05,9.09211570345187e-08,1.7605713089180696e-05,3.888082540884773e-05,9.517180507977193e-08,1.799086644236521e-05,3.97779050065467e-05,9.956970053373672e-08,1.83796747126712e-05,4.0685151077183804e-05,1.0411819980927481e-07,1.8772121232829818e-05,4.160256069869835e-05,0.5999999999999999
6.832623542223296e-08,1.5372480662005245e-05,3.371200326385768e-05,7.176178118908722e-08,1.5735354027276483e-05,3.4548024494517175e-05,7.532522443986507e-08,1.6101982489897135e-05,3.539422904269753e-05,7.901969622059864e-08,1.647234933247256e-05,3.6250614182893936e-05,8.284836517127699e-08,1.684643784579454e-05,3.711717715681902e-05,8.681443751292336e-08,1.722423132890852e-05,3.799391517341193e-05,9.09211570345187e-08,1.7605713089180696e-05,3.888082540884773e-05,9.517180507977193e-08,1.799086644236521e-05,3.97779050065467e-05,9.956970053373672e-08,1.83796747126712e-05,4.0685151077183804e-05,1.0411819980927481e-07,1.8772121232829818e-05,4.160256069869835e-05,0.5999999999999999
6.832623542223296e-08,1.5372480662005245e-05,3.371200326385768e-05,7.176178118908722e-08,1.5735354027276483e-05,3.4548024494517175e-05,7.532522443986507e-08,1.6101982489897135e-05,3.539422904269753e-05,7.901969622059864e-08,1.647234933247256e-05,3.6250614182893936e-05,8.284836517127699e-08,1.684643784579454e-05,3.711717715681902e-05,8.681443751292336e-08,1.722423132890852e-05,3.799391517341193e-05,9.09211570345187e-08,1.7605713089180696e-05,3.888082540884773e-05,9.517180507977193e-08,1.799086644236521e-05,3.97779050065467e-05,9.956970053373672e-08,1.83796747126712e-05,4.0685151077183804e-05,1.0411819980927481e-07,1.8772121232829818e-05,4.160256069869835e-05,0.5999999999999999
6.832623542223296e-08,1.5372480662005245e-05,3.371200326385768e-05,7.176178118908722e-08,1.5735354027276483e-05,3.4548024494517175e-05,7.532522443986507e-08,1.6101982489897135e-05,3.539422904269753e-05,7.901969622059864e-08,1.647234933247256e-05,3.6250614182893936e-05,8.284836517127699e-08,1.684643784579454e-05,3.711717715681902e-05,8.681443751292336e-08,1.722423132890852e-05,3.799391517341193e-05,9.09211570345187e-08,1.7605713089180696e-05,3.888082540884773e-05,9.517180507977193e-08,1.799086644236521e-05,3.97779050065467e-05,9.956970053373672e-08,1.83796747126712e-05,4.0685151077183804e-05,1.0411819980927481e-07,1.8772121232829818e-05,4.160256069869835e-05,0.5999999999999999
6.832623542223296e-08,1.5372480662005245e-05,3.371200326385768e-05,7.176178118908722e-08,1.5735354027276483e-05,3.4548024494517175e-05,7.532522443986507e-08,1.6101982489897135e-05,3.539422904269753e-05,7.901969622059864e-08,1.647234933247256e-05,3.6250614182893936e-05,8.284836517127699e-08,1.684643784579454e-05,3.711717715681902e-05,8.681443751292336e-08,1.722423132890852e-05,3.799391517341193e-05,9.09211570345187e-08,1.7605713089180696e-05,3.888082540884773e-05,9.517180507977193e-08,1.799086644236521e-05,3.97779050065467e-05,9.956970053373672e-08,1.83796747126712e-05,4.0685151077183804e-05,1.0411819980927481e-07,1.8772121232829818e-05,4.160256069869835e-05,0.5999999999999999
6.832623542223296e-08,1.5372480662005245e-05,3.371200326385768e-05,7.176178118908722e-08,1.5735354027276483e-05,3.4548024494517175e-05,7.532522443986507e-08,1.6101982489897135e-05,3.539422904269753e-05,7.901969622059864e-08,1.647234933247256e-05,3.6250614182893936e-05,8.284836517127699e-08,1.684643784579454e-05,3.711717715681902e-05,8.681443751292336e-08,1.722423132890852e-05,3.799391517341193e-05,9.09211570345187e-08,1.7605713089180696e-05,3.888082540884773e-05,9.517180507977193e-08,1.799086644236521e-05,3.97779050065467e-05,9.956970053373672e-08,1.83796747126712e-05,4.0685151077183804e-05,1.0411819980927481e-07,1.8772121232829818e-05,4.160256069869835e-05,0.5999999999999999
6.832623542223296e-08,1.5372480662005245e-05,3.371200326385768e-05,7.176178118908722e-08,1.5735354027276483e-05,3.4548024494517175e-05,7.532522443986507e-08,1.6101982489897135e-05,3.539422904269753e-05,7.901969622059864e-08,1.647234933247256e-05,3.6250614182893936e-05,8.284836517127699e-08,1.684643784579454e-05,3.711717715681902e-05,8.681443751292336e-08,1.722423132890852e-05,3.799391517341193e-05,9.09211570345187e-08,1.7605713089180696e-05,3.888082540884773e-05,9.517180507977193e-08,1.799086644236521e-05,3.97779050065467e-05,9.956970053373672e-08,1.83796747126712e-05,4.0685151077183804e-05,1.0411819980927481e-07,1.8772121232829818e-05,4.160256069869835e-05,0.5999999999999999
6.832623542223296e-08,1.5372480662005245e-05,3.371200326385768e-05,7.176178118908722e-08,1.5735354027276483e-05,3.4548024494517175e-05,7.532522443986507e-08,1.6101982489897135e-05,3.539422904269753e-05,7.901969622059864e-08,1.647234933247256e-05,3.6250614182893936e-05,8.284836517127699e-08,1.684643784579454e-05,3.711717715681902e-05,8.681443751292336e-08,1.722423132890852e-05,3.799391517341193e-05,9.09211570345187e-08,1.7605713089180696e-05,3.888082540884773e-05,9.517180507977193e-08,1.799086644236521e-05,3.97779050065467e-05,9.956970053373672e-08,1.83796747126712e-05,4.0685151077183804e-05,1.0411819980927481e-07,1.8772121232829818e-05,4.160256069869835e-05,0.5999999999999999
6.832623542223296e-08,1.5372480662005245e-05,3.371200326385768e-05,7.176178118908722e-08,1.5735354027276483e-05,3.4548024494517175e-05,7.532522443986507e-08,1.6101982489897135e-05,3.539422904269753e-05,7.901969622059864e-08,1.647234933247256e-05,3.6250614182893936e-05,8.284836517127699e-08,1.684643784579454e-05,3.711717715681902e-05,8.681443751292336e-08,1.722423132890852e-05,3.799391517341193e-05,9.09211570345187e-08,1.7605713089180696e-05,3.888082540884773e-05,9.517180507977193e-08,1.799086644236521e-05,3.97779050065467e-05,9.956970053373672e-08,1.83796747126712e-05,4.0685151077183804e-05,1.0411819980927481e-07,1.8772121232829818e-05,4.160256069869835e-05,0.5999999999999999
6.832623542223296e-08,1.5372480662005245e-05,3.371200326385768e-05,7.176178118908722e-08,1.5735354027276483e-05,3.4548024494517175e-05,7.532522443986507e-08,1.6101982489897135e-05,3.539422904269753e-05,7.901969622059864e-08,1.647234933247256e-05,3.6250614182893936e-05,8.284836517127699e-08,1.684643784579454e-05,3.711717715681902e-05,8.681443751292336e-08,1.722423132890852e-05,3.799391517341193e-05,9.09211570345187e-08,1.7605713089180696e-05,3.888082540884773e-05,9.517180507977193e-08,1.799086644236521e-05,3.97779050065467e-05,9.956970053373672e-08,1.83796747126712e-05,4.0685151077183804e-05,1.0411819980927481e-07,1.8772121232829818e-05,4.160256069869835e-05,0.5999999999999999
6.832623542223296e-08,1.5372480662005245e-05,3.371200326385768e-05,7.176178118908722e-08,1.5735354027276483e-05,3.4548024494517175e-05,7.532522443986507e-08,1.6101982489897135e-05,3.539422904269753e-05,7.901969622059864e-08,1.647234933247256e-05,3.6250614182893936e-05,8.284836517127699e-08,1.684643784579454e-05,3.711717715681902e-05,8.681443751292336e-08,1.722423132890852e-05,3.799391517341193e-05,9.09211570345187e-08,1.7605713089180696e-05,3.888082540884773e-05,9.517180507977193e-08,1.799086644236521e-05,3.97779050065467e-05,9.956970053373672e-08,1.83796747126712e-05,4.0685151077183804e-05,1.0411819980927481e-07,1.8772121232829818e-05,4.160256069869835e-05,0.5999999999999999
6.832623542223296e-08,1.5372480662005245e-05,3.371200326385768e-05,7.176178118908722e-08,1.5735354027276483e-05,3.4548024494517175e-05,7.532522443986507e-08,1.6101982489897135e-05,3.539422904269753e-05,7.901969622059864e-08,1.647234933247256e-05,3.6250614182893936e-05,8.284836517127699e-08,1.684643784579454e-05,3.711717715681902e-05,8.681443751292336e-08,1.722423132890852e-05,3.799391517341193e-05,9.09211570345187e-08,1.7605713089180696e-05,3.888082540884773e-05,9.517180507977193e-08,1.799086644236521e-05,3.97779050065467e-05,9.956970053373672e-08,1.83796747126712e-05,4.0685151077183804e-05,1.0411819980927481e-07,1.8772121232829818e-05,4.160256069869835e-05,0.5999999999999999
6.832623542223296e-08,1.5372480662005245e-05,3.371200326385768e-05,7.176178118908722e-08,1.5735354027276483e-05,3.4548024494517175e-05,7.532522443986507e-08,1.6101982489897135e-05,3.539422904269753e-05,7.901969622059864e-08,1.647234933247256e-05,3.6250614182893936e-05,8.284836517127699e-08,1.684643784579454e-05,3.711717715681902e-05,8.681443751292336e-08,1.722423132890852e-05,3.799391517341193e-05,9.09211570345187e-08,1.7605713089180696e-05,3.888082540884773e-05,9.517180507977193e-08,1.799086644236521e-05,3.97779050065467e-05,9.956970053373672e-08,1.83796747126712e-05,4.0685151077183804e-05,1.0411819980927481e-07,1.8772121232829818e-05,4.160256069869835e-05,0.5999999999999999
6.832623542223296e-08,1.5372480662005245e-05,3.371200326385768e-05,7.176178118908722e-08,1.5735354027276483e-05,3.4548024494517175e-05,7.532522443986507e-08,1.6101982489897135e-05,3.539422904269753e-05,7.901969622059864e-08,1.647234933247256e-05,3.6250614182893936e-05,8.284836517127699e-08,1.684643784579454e-05,3.711717715681902e-05,8.681443751292336e-08,1.722423132890852e-05,3.799391517341193e-05,9.09211570345187e-08,1.7605713089180696e-05,3.888082540884773e-05,9.517180507977193e-08,1.799086644236521e-05,3.97779050065467e-05,9.956970053373672e-08,1.83796747126712e-05,4.0685151077183804e-05,1.0411819980927481e-07,1.8772121232829818e-05,4.160256069869835e-05,0.5999999999999999
6.832623542223296e-08,1.5372480662005245e-05,3.371200326385768e-05,7.176178118908722e-08,1.5735354027276483e-05,3.4548024494517175e-05,7.532522443986507e-08,1.6101982489897135e-05,3.539422904269753e-05,7.901969622059864e-08,1.647234933247256e-05,3.6250614182893936e-05,8.284836517127699e-08,1.684643784579454e-05,3.711717715681902e-05,8.681443751292336e-08,1.722423132890852e-05,3.799391517341193e-05,9.09211570345187e-08,1.7605713089180696e-05,3.888082540884773e-05,9.517180507977193e-08,1.799086644236521e-05,3.97779050065467e-05,9.956970053373672e-08,1.83796747126712e-05,4.0685151077183804e-05,1.0411819980927481e-07,1.8772121232829818e-05,4.160256069869835e-05,0.5999999999999999
6.832623542223296e-08,1.5372480662005245e-05,3.371200326385768e-05,7.176178118908722e-08,1.5735354027276483e-05,3.4548024494517175e-05,7.532522443986507e-08,1.6101982489897135e-05,3.539422904269753e-05,7.901969622059864e-08,1.647234933247256e-05,3.6250614182893936e-05,8.284836517127699e-08,1.684643784579454e-05,3.711717715681902e-05,8.681443751292336e-08,1.722423132890852e-05,3.799391517341193e-05,9.09211570345187e-08,1.7605713089180696e-05,3.888082540884773e-05,9.517180507977193e-08,1.799086644236521e-05,3.97779050065467e-05,9.956970053373672e-08,1.83796747126712e-05,4.0685151077183804e-05,1.0411819980927481e-07,1.8772121232829818e-05,4.160256069869835e-05,0.5999999999999999
6.832623542223296e-08,1.5372480662005245e-05,3.371200326385768e-05,7.176178118908722e-08,1.5735354027276483e-05,3.4548024494517175e-05,7.532522443986507e-08,1.6101982489897135e-05,3.539422904269753e-05,7.901969622059864e-08,1.647234933247256e-05,3.6250614182893936e-05,8.284836517127699e-08,1.684643784579454e-05,3.711717715681902e-05,8.681443751292336e-08,1.722423132890852e-05,3.799391517341193e-05,9.09211570345187e-08,1.7605713089180696e-05,3.888082540884773e-05,9.517180507977193e-08,1.799086644236521e-05,3.97779050065467e-05,9.956970053373672e-08,1.83796747126712e-05,4.0685151077183804e-05,1.0411819980927481e-07,1.8772121232829818e-05,4.160256069869835e-05,0.5999999999999999
6.832623542223296e-08,1.5372480662005245e-05,3.371200326385768e-05,7.176178118908722e-08,1.5735354027276483e-05,3.4548024494517175e-05,7.532522443986507e-08,1.6101982489897135e-05,3.539422904269753e-05,7.901969622059864e-08,1.647234933247256e-05,3.6250614182893936e-05,8.284836517127699e-08,1.684643784579454e-05,3.711717715681902e-05,8.681443751292336e-08,1.722423132890852e-05,3.799391517341193e-05,9.09211570345187e-08,1.7605713089180696e-05,3.888082540884773e-05,9.517180507977193e-08,1.799086644236521e-05,3.97779050065467e-05,9.956970053373672e-08,1.83796747126712e-05,4.0685151077183804e-05,1.0411819980927481e-07,1.8772121232829818e-05,4.160256069869835e-05,0.5999999999999999
6.832623542223296e-08,1.5372480662005245e-05,3.371200326385768e-05,7.176178118908722e-08,1.5735354027276483e-05,3.4548024494517175e-05,7.532522443986507e-08,1.6101982489897135e-05,3.539422904269753e-05,7.901969622059864e-08,1.647234933247256e-05,3.6250614182893936e-05,8.284836517127699e-08,1.684643784579454e-05,3.711717715681902e-05,8.681443751292336e-08,1.722423132890852e-05,3.799391517341193e-05,9.09211570345187e-08,1.7605713089180696e-05,3.888082540884773e-05,9.517180507977193e-08,1.799086644236521e-05,3.97779050065467e-05,9.956970053373672e-08,1.83796747126712e-05,4.0685151077183804e-05,1.0411819980927481e-07,1.8772121232829818e-05,4.160256069869835e-05,0.5999999999999999
6.832623542223296e-08,1.5372480662005245e-05,3.371200326385768e-05,7.176178118908722e-08,1.5735354027276483e-05,3.4548024494517175e-05,7.532522443986507e-08,1.6101982489897135e-05,3.539422904269753e-05,7.901969622059864e-08,1.647234933247256e-05,3.6250614182893936e-05,8.284836517127699e-08,1.684643784579454e-05,3.711717715681902e-05,8.681443751292336e-08,1.722423132890852e-05,3.799391517341193e-05,9.09211570345187e-08,1.7605713089180696e-05,3.888082540884773e-05,9.517180507977193e-08,1.799086644236521e-05,3.97779050065467e-05,9.956970053373672e-08,1.83796747126712e-05,4.0685151077183804e-05,1.0411819980927481e-07,1.8772121232829818e-05,4.160256069869835e-05,0.5999999999999999
6.832623542223296e-08,1.5372480662005245e-05,3.371200326385768e-05,7.176178118908722e-08,1.5735354027276483e-05,3.4548024494517175e-05,7.532522443986507e-08,1.6101982489897135e-05,3.539422904269753e-05,7.901969622059864e-08,1.647234933247256e-05,3.6250614182893936e-05,8.284836517127699e-08,1.684643784579454e-05,3.711717715681902e-05,8.681443751292336e-08,1.722423132890852e-05,3.799391517341193e-05,9.09211570345187e-08,1.7605713089180696e-05,3.888082540884773e-05,9.517180507977193e-08,1.799086644236521e-05,3.97779050065467e-05,9.956970053373672e-08,1.83796747126712e-05,4.0685151077183804e-05,1.0411819980927481e-07,1.8772121232829818e-05,4.160256069869835e-05,0.5999999999999999
6.832623542223296e-08,1.5372480662005245e-05,3.371200326385768e-05,7.176178118908722e-08,1.5735354027276483e-05,3.4548024494517175e-05,7.532522443986507e-08,1.6101982489897135e-05,3.539422904269753e-05,7.901969622059864e-08,1.647234933247256e-05,3.6250614182893936e-05,8.284836517127699e-08,1.684643784579454e-05,3.711717715681902e-05,8.681443751292336e-08,1.722423132890852e-05,3.799391517341193e-05,9.09211570345187e-08,1.7605713089180696e-05,3.888082540884773e-05,9.517180507977193e-08,1.799086644236521e-05,3.97779050065467e-05,9.956970053373672e-08,1.83796747126712e-05,4.0685151077183804e-05,1.0411819980927481e-07,1.8772121232829818e-05,4.160256069869835e-05,0.5999999999999999
6.832623542223296e-08,1.5372480662005245e-05,3.371200326385768e-05,7.176178118908722e-08,1.5735354027276483e-05,3.4548024494517175e-05,7.532522443986507e-08,1.6101982489897135e-05,3.539422904269753e-05,7.901969622059864e-08,1.647234933247256e-05,3.6250614182893936e-05,8.284836517127699e-08,1.684643784579454e-05,3.711717715681902e-05,8.681443751292336e-08,1.722423132890852e-05,3.799391517341193e-05,9.09211570345187e-08,1.7605713089180696e-05,3.888082540884773e-05,9.517180507977193e-08,1.799086644236521e-05,3.97779050065467e-05,9.956970053373672e-08,1.83796747126712e-05,4.0685151077183804e-05,1.0411819980927481e-07,1.8772121232829818e-05,4.160256069869835e-05,0.5999999999999999
6.832623542223296e-08,1.5372480662005245e-05,3.371200326385768e-05,7.176178118908722e-08,1.5735354027276483e-05,3.4548024494517175e-05,7.532522443986507e-08,1.6101982489897135e-05,3.539422904269753e-05,7.901969622059864e-08,1.647234933247256e-05,3.6250614182893936e-05,8.284836517127699e-08,1.684643784579454e-05,3.711717715681902e-05,8.681443751292336e-08,1.722423132890852e-05,3.799391517341193e-05,9.09211570345187e-08,1.7605713089180696e-05,3.888082540884773e-05,9.517180507977193e-08,1.799086644236521e-05,3.97779050065467e-05,9.956970053373672e-08,1.83796747126712e-05,4.0685151077183804e-05,1.0411819980927481e-07,1.8772121232829818e-05,4.160256069869835e-05,0.5999999999999999
6.832623542223296e-08,1.5372480662005245e-05,3.371200326385768e-05,7.176178118908722e-08,1.5735354027276483e-05,3.4548024494517175e-05,7.532522443986507e-08,1.6101982489897135e-05,3.539422904269753e-05,7.901969622059864e-08,1.647234933247256e-05,3.6250614182893936e-05,8.284836517127699e-08,1.684643784579454e-05,3.711717715681902e-05,8.681443751292336e-08,1.722423132890852e-05,3.799391517341193e-05,9.09211570345187e-08,1.7605713089180696e-05,3.888082540884773e-05,9.517180507977193e-08,1.799086644236521e-05,3.97779050065467e-05,9.956970053373672e-08,1.83796747126712e-05,4.0685151077183804e-05,1.0411819980927481e-07,1.8772121232829818e-05,4.160256069869835e-05,0.5999999999999999
6.832623542223296e-08,1.5372480662005245e-05,3.371200326385768e-05,7.176178118908722e-08,1.5735354027276483e-05,3.4548024494517175e-05,7.532522443986507e-08,1.6101982489897135e-05,3.539422904269753e-05,7.901969622059864e-08,1.647234933247256e-05,3.6250614182893936e-05,8.284836517127699e-08,1.684643784579454e-05,3.711717715681902e-05,8.681443751292336e-08,1.722423132890852e-05,3.799391517341193e-05,9.09211570345187e-08,1.7605713089180696e-05,3.888082540884773e-05,9.517180507977193e-08,1.799086644236521e-05,3.97779050065467e-05,9.956970053373672e-08,1.83796747126712e-05,4.0685151077183804e-05,1.0411819980927481e-07,1.8772121232829818e-05,4.160256069869835e-05,0.5999999999999999
6.832623542223296e-08,1.5372480662005245e-05,3.371200326385768e-05,7.176178118908722e-08,1.5735354027276483e-05,3.4548024494517175e-05,7.532522443986507e-08,1.6101982489897135e-05,3.539422904269753e-05,7.901969622059864e-08,1.647234933247256e-05,3.6250614182893936e-05,8.284836517127699e-08,1.684643784579454e-05,3.711717715681902e-05,8.681443751292336e-08,1.722423132890852e-05,3.799391517341193e-05,9.09211570345187e-08,1.7605713089180696e-05,3.888082540884773e-05,9.517180507977193e-08,1.799086644236521e-05,3.97779050065467e-05,9.956970053373672e-08,1.83796747126712e-05,4.0685151077183804e-05,1.0411819980927481e-07,1.8772121232829818e-05,4.160256069869835e-05,0.5999999999999999
6.832623542223296e-08,1.5372480662005245e-05,3.371200326385768e-05,7.176178118908722e-08,1.5735354027276483e-05,3.4548024494517175e-05,7.532522443986507e-08,1.6101982489897135e-05,3.539422904269753e-05,7.901969622059864e-08,1.647234933247256e-05,3.6250614182893936e-05,8.284836517127699e-08,1.684643784579454e-05,3.711717715681902e-05,8.681443751292336e-08,1.722423132890852e-05,3.799391517341193e-05,9.09211570345187e-08,1.7605713089180696e-05,3.888082540884773e-05,9.517180507977193e-08,1.799086644236521e-05,3.97779050065467e-05,9.956970053373672e-08,1.83796747126712e-05,4.0685151077183804e-05,1.0411819980927481e-07,1.8772121232829818e-05,4.160256069869835e-05,0.5999999999999999
6.832623542223296e-08,1.5372480662005245e-05,3.371200326385768e-05,7.176178118908722e-08,1.5735354027276483e-05,3.4548024494517175e-05,7.532522443986507e-08,1.6101982489897135e-05,3.539422904269753e-05,7.901969622059864e-08,1.647234933247256e-05,3.6250614182893936e-05,8.284836517127699e-08,1.684643784579454e-05,3.711717715681902e-05,8.681443751292336e-08,1.722423132890852e-05,3.799391517341193e-05,9.09211570345187e-08,1.7605713089180696e-05,3.888082540884773e-05,9.517180507977193e-08,1.799086644236521e-05,3.97779050065467e-05,9.956970053373672e-08,1.83796747126712e-05,4.0685151077183804e-05,1.0411819980927481e-07,1.8772121232829818e-05,4.160256069869835e-05,0.5999999999999999
6.832623542223296e-08,1.5372480662005245e-05,3.371200326385768e-05,7.176178118908722e-08,1.5735354027276483e-05,3.4548024494517175e-05,7.532522443986507e-08,1.6101982489897135e-05,3.539422904269753e-05,7.901969622059864e-08,1.647234933247256e-05,3.6250614182893936e-05,8.284836517127699e-08,1.684643784579454e-05,3.711717715681902e-05,8.681443751292336e-08,1.722423132890852e-05,3.799391517341193e-05,9.09211570345187e-08,1.7605713089180696e-05,3.888082540884773e-05,9.517180507977193e-08,1.799086644236521e-05,3.97779050065467e-05,9.956970053373672e-08,1.83796747126712e-05,4.0685151077183804e-05,1.0411819980927481e-07,1.8772121232829818e-05,4.160256069869835e-05,0.5999999999999999
6.832623542223296e-08,1.5372480662005245e-05,3.371200326385768e-05,7.176178118908722e-08,1.5735354027276483e-05,3.4548024494517175e-05,7.532522443986507e-08,1.6101982489897135e-05,3.539422904269753e-05,7.901969622059864e-08,1.647234933247256e-05,3.6250614182893936e-05,8.284836517127699e-08,1.684643784579454e-05,3.711717715681902e-05,8.681443751292336e-08,1.722423132890852e-05,3.799391517341193e-05,9.09211570345187e-08,1.7605713089180696e-05,3.888082540884773e-05,9.517180507977193e-08,1.799086644236521e-05,3.97779050065467e-05,9.956970053373672e-08,1.83796747126712e-05,4.0685151077183804e-05,1.0411819980927481e-07,1.8772121232829818e-05,4.160256069869835e-05,0.5999999999999999
6.832623542223296e-08,1.5372480662005245e-05,3.371200326385768e-05,7.176178118908722e-08,1.5735354027276483e-05,3.4548024494517175e-05,7.532522443986507e-08,1.6101982489897135e-05,3.539422904269753e-05,7.901969622059864e-08,1.647234933247256e-05,3.6250614182893936e-05,8.284836517127699e-08,1.684643784579454e-05,3.711717715681902e-05,8.681443751292336e-08,1.722423132890852e-05,3.799391517341193e-05,9.09211570345187e-08,1.7605713089180696e-05,3.888082540884773e-05,9.517180507977193e-08,1.799086644236521e-05,3.97779050065467e-05,9.956970053373672e-08,1.83796747126712e-05,4.0685151077183804e-05,1.0411819980927481e-07,1.8772121232829818e-05,4.160256069869835e-05,0.5999999999999999
6.832623542223296e-08,1.5372480662005245e-05,3.371200326385768e-05,7.176178118908722e-08,1.5735354027276483e-05,3.4548024494517175e-05,7.532522443986507e-08,1.6101982489897135e-05,3.539422904269753e-05,7.901969622059864e-08,1.647234933247256e-05,3.6250614182893936e-05,8.284836517127699e-08,1.684643784579454e-05,3.711717715681902e-05,8.681443751292336e-08,1.722423132890852e-05,3.799391517341193e-05,9.09211570345187e-08,1.7605713089180696e-05,3.888082540884773e-05,9.517180507977193e-08,1.799086644236521e-05,3.97779050065467e-05,9.956970053373672e-08,1.83796747126712e-05,4.0685151077183804e-05,1.0411819980927481e-07,1.8772121232829818e-05,4.160256069869835e-05,0.5999999999999999
6.832623542223296e-08,1.5372480662005245e-05,3.371200326385768e-05,7.176178118908722e-08,1.5735354027276483e-05,3.4548024494517175e-05,7.532522443986507e-08,1.6101982489897135e-05,3.539422904269753e-05,7.901969622059864e-08,1.647234933247256e-05,3.6250614182893936e-05,8.284836517127699e-08,1.684643784579454e-05,3.711717715681902e-05,8.681443751292336e-08,1.722423132890852e-05,3.799391517341193e-05,9.09211570345187e-08,1.7605713089180696e-05,3.888082540884773e-05,9.517180507977193e-08,1.799086644236521e-05,3.97779050065467e-05,9.956970053373672e-08,1.83796747126712e-05,4.0685151077183804e-05,1.0411819980927481e-07,1.8772121232829818e-05,4.160256069869835e-05,0.5999999999999999
6.832623542223296e-08,1.5372480662005245e-05,3.371200326385768e-05,7.176178118908722e-08,1.5735354027276483e-05,3.4548024494517175e-05,7.532522443986507e-08,1.6101982489897135e-05,3.539422904269753e-05,7.901969622059864e-08,1.647234933247256e-05,3.6250614182893936e-05,8.284836517127699e-08,1.684643784579454e-05,3.711717715681902e-05,8.681443751292336e-08,1.722423132890852e-05,3.799391517341193e-05,9.09211570345187e-08,1.7605713089180696e-05,3.888082540884773e-05,9.517180507977193e-08,1.799086644236521e-05,3.97779050065467e-05,9.956970053373672e-08,1.83796747126712e-05,4.0685151077183804e-05,1.0411819980927481e-07,1.8772121232829818e-05,4.160256069869835e-05,0.5999999999999999
6.832623542223296e-08,1.5372480662005245e-05,3.371200326385768e-05,7.176178118908722e-08,1.5735354027276483e-05,3.4548024494517175e-05,7.532522443986507e-08,1.6101982489897135e-05,3.539422904269753e-05,7.901969622059864e-08,1.647234933247256e-05,3.6250614182893936e-05,8.284836517127699e-08,1.684643784579454e-05,3.711717715681902e-05,8.681443751292336e-08,1.722423132890852e-05,3.799391517341193e-05,9.09211570345187e-08,1.7605713089180696e-05,3.888082540884773e-05,9.517180507977193e-08,1.799086644236521e-05,3.97779050065467e-05,9.956970053373672e-08,1.83796747126712e-05,4.0685151077183804e-05,1.0411819980927481e-07,1.8772121232829818e-05,4.160256069869835e-05,0.5999999999999999
6.832623542223296e-08,1.5372480662005245e-05,3.371200326385768e-05,7.176178118908722e-08,1.5735354027276483e-05,3.4548024494517175e-05,7.532522443986507e-08,1.6101982489897135e-05,3.539422904269753e-05,7.901969622059864e-08,1.647234933247256e-05,3.6250614182893936e-05,8.284836517127699e-08,1.684643784579454e-05,3.711717715681902e-05,8.681443751292336e-08,1.722423132890852e-05,3.799391517341193e-05,9.09211570345187e-08,1.7605713089180696e-05,3.888082540884773e-05,9.517180507977193e-08,1.799086644236521e-05,3.97779050065467e-05,9.956970053373672e-08,1.83796747126712e-05,4.0685151077183804e-05,1.0411819980927481e-07,1.8772121232829818e-05,4.160256069869835e-05,0.5999999999999999
6.832623542223296e-08,1.5372480662005245e-05,3.371200326385768e-05,7.176178118908722e-08,1.5735354027276483e-05,3.4548024494517175e-05,7.532522443986507e-08,1.6101982489897135e-05,3.539422904269753e-05,7.901969622059864e-08,1.647234933247256e-05,3.6250614182893936e-05,8.284836517127699e-08,1.684643784579454e-05,3.711717715681902e-05,8.681443751292336e-08,1.722423132890852e-05,3.799391517341193e-05,9.09211570345187e-08,1.7605713089180696e-05,3.888082540884773e-05,9.517180507977193e-08,1.799086644236521e-05,3.97779050065467e-05,9.956970053373672e-08,1.83796747126712e-05,4.0685151077183804e-05,1.0411819980927481e-07,1.8772121232829818e-05,4.160256069869835e-05,0.5999999999999999
6.832623542223296e-08,1.5372480662005245e-05,3.371200326385768e-05,7.176178118908722e-08,1.5735354027276483e-05,3.4548024494517175e-05,7.532522443986507e-08,1.6101982489897135e-05,3.539422904269753e-05,7.901969622059864e-08,1.647234933247256e-05,3.6250614182893936e-05,8.284836517127699e-08,1.684643784579454e-05,3.711717715681902e-05,8.681443751292336e-08,1.722423132890852e-05,3.799391517341193e-05,9.09211570345187e-08,1.7605713089180696e-05,3.888082540884773e-05,9.517180507977193e-08,1.799086644236521e-05,3.97779050065467e-05,9.956970053373672e-08,1.83796747126712e-05,4.0685151077183804e-05,1.0411819980927481e-07,1.8772121232829818e-05,4.160256069869835e-05,0.5999999999999999
6.832623542223296e-08,1.5372480662005245e-05,3.371200326385768e-05,7.176178118908722e-08,1.5735354027276483e-05,3.4548024494517175e-05,7.532522443986507e-08,1.6101982489897135e-05,3.539422904269753e-05,7.901969622059864e-08,1.647234933247256e-05,3.6250614182893936e-05,8.284836517127699e-08,1.684643784579454e-05,3.711717715681902e-05,8.681443751292336e-08,1.722423132890852e-05,3.799391517341193e-05,9.09211570345187e-08,1.7605713089180696e-05,3.888082540884773e-05,9.517180507977193e-08,1.799086644236521e-05,3.97779050065467e-05,9.956970053373672e-08,1.83796747126712e-05,4.0685151077183804e-05,1.0411819980927481e-07,1.8772121232829818e-05,4.160256069869835e-05,0.5999999999999999
6.832623542223296e-08,1.5372480662005245e-05,3.371200326385768e-05,7.176178118908722e-08,1.5735354027276483e-05,3.4548024494517175e-05,7.532522443986507e-08,1.6101982489897135e-05,3.539422904269753e-05,7.901969622059864e-08,1.647234933247256e-05,3.6250614182893936e-05,8.284836517127699e-08,1.684643784579454e-05,3.711717715681902e-05,8.681443751292336e-08,1.722423132890852e-05,3.799391517341193e-05,9.09211570345187e-08,1.7605713089180696e-05,3.888082540884773e-05,9.517180507977193e-08,1.799086644236521e-05,3.97779050065467e-05,9.956970053373672e-08,1.83796747126712e-05,4.0685151077183804e-05,1.0411819980927481e-07,1.8772121232829818e-05,4.160256069869835e-05,0.5999999999999999
6.832623542223296e-08,1.5372480662005245e-05,3.371200326385768e-05,7.176178118908722e-08,1.5735354027276483e-05,3.4548024494517175e-05,7.532522443986507e-08,1.6101982489897135e-05,3.539422904269753e-05,7.901969622059864e-08,1.647234933247256e-05,3.6250614182893936e-05,8.284836517127699e-08,1.684643784579454e-05,3.711717715681902e-05,8.681443751292336e-08,1.722423132890852e-05,3.799391517341193e-05,9.09211570345187e-08,1.7605713089180696e-05,3.888082540884773e-05,9.517180507977193e-08,1.799086644236521e-05,3.97779050065467e-05,9.956970053373672e-08,1.83796747126712e-05,4.0685151077183804e-05,1.0411819980927481e-07,1.8772121232829818e-05,4.160256069869835e-05,0.5999999999999999
6.832623542223296e-08,1.5372480662005245e-05,3.371200326385768e-05,7.176178118908722e-08,1.5735354027276483e-05,3.4548024494517175e-05,7.532522443986507e-08,1.6101982489897135e-05,3.539422904269753e-05,7.901969622059864e-08,1.647234933247256e-05,3.6250614182893936e-05,8.284836517127699e-08,1.684643784579454e-05,3.711717715681902e-05,8.681443751292336e-08,1.722423132890852e-05,3.799391517341193e-05,9.09211570345187e-08,1.7605713089180696e-05,3.888082540884773e-05,9.517180507977193e-08,1.799086644236521e-05,3.97779050065467e-05,9.956970053373672e-08,1.83796747126712e-05,4.0685151077183804e-05,1.0411819980927481e-07,1.8772121232829818e-05,4.160256069869835e-05,0.5999999999999999
6.832623542223296e-08,1.5372480662005245e-05,3.371200326385768e-05,7.176178118908722e-08,1.5735354027276483e-05,3.4548024494517175e-05,7.532522443986507e-08,1.6101982489897135e-05,3.539422904269753e-05,7.901969622059864e-08,1.647234933247256e-05,3.6250614182893936e-05,8.284836517127699e-08,1.684643784579454e-05,3.711717715681902e-05,8.681443751292336e-08,1.722423132890852e-05,3.799391517341193e-05,9.09211570345187e-08,1.7605713089180696e-05,3.888082540884773e-05,9.517180507977193e-08,1.799086644236521e-05,3.97779050065467e-05,9.956970053373672e-08,1.83796747126712e-05,4.0685151077183804e-05,1.0411819980927481e-07,1.8772121232829818e-05,4.160256069869835e-05,0.5999999999999999
6.832623542223296e-08,1.5372480662005245e-05,3.371200326385768e-05,7.176178118908722e-08,1.5735354027276483e-05,3.4548024494517175e-05,7.532522443986507e-08,1.6101982489897135e-05,3.539422904269753e-05,7.901969622059864e-08,1.647234933247256e-05,3.6250614182893936e-05,8.284836517127699e-08,1.684643784579454e-05,3.711717715681902e-05,8.681443751292336e-08,1.722423132890852e-05,3.799391517341193e-05,9.09211570345187e-08,1.7605713089180696e-05,3.888082540884773e-05,9.517180507977193e-08,1.799086644236521e-05,3.97779050065467e-05,9.956970053373672e-08,1.83796747126712e-05,4.0685151077183804e-05,1.0411819980927481e-07,1.8772121232829818e-05,4.160256069869835e-05,0.5999999999999999
6.832623542223296e-08,1.5372480662005245e-05,3.371200326385768e-05,7.176178118908722e-08,1.5735354027276483e-05,3.4548024494517175e-05,7.532522443986507e-08,1.6101982489897135e-05,3.539422904269753e-05,7.901969622059864e-08,1.647234933247256e-05,3.6250614182893936e-05,8.284836517127699e-08,1.684643784579454e-05,3.711717715681902e-05,8.681443751292336e-08,1.722423132890852e-05,3.799391517341193e-05,9.09211570345187e-08,1.7605713089180696e-05,3.888082540884773e-05,9.517180507977193e-08,1.799086644236521e-05,3.97779050065467e-05,9.956970053373672e-08,1.83796747126712e-05,4.0685151077183804e-05,1.0411819980927481e-07,1.8772121232829818e-05,4.160256069869835e-05,0.5999999999999999
6.832623542223296e-08,1.5372480662005245e-05,3.371200326385768e-05,7.176178118908722e-08,1.5735354027276483e-05,3.4548024494517175e-05,7.532522443986507e-08,1.6101982489897135e-05,3.539422904269753e-05,7.901969622059864e-08,1.647234933247256e-05,3.6250614182893936e-05,8.284836517127699e-08,1.684643784579454e-05,3.711717715681902e-05,8.681443751292336e-08,1.722423132890852e-05,3.799391517341193e-05,9.09211570345187e-08,1.7605713089180696e-05,3.888082540884773e-05,9.517180507977193e-08,1.799086644236521e-05,3.97779050065467e-05,9.956970053373672e-08,1.83796747126712e-05,4.0685151077183804e-05,1.0411819980927481e-07,1.8772121232829818e-05,4.160256069869835e-05,0.5999999999999999
6.832623542223296e-08,1.5372480662005245e-05,3.371200326385768e-05,7.176178118908722e-08,1.5735354027276483e-05,3.4548024494517175e-05,7.532522443986507e-08,1.6101982489897135e-05,3.539422904269753e-05,7.901969622059864e-08,1.647234933247256e-05,3.6250614182893936e-05,8.284836517127699e-08,1.684643784579454e-05,3.711717715681902e-05,8.681443751292336e-08,1.722423132890852e-05,3.799391517341193e-05,9.09211570345187e-08,1.7605713089180696e-05,3.888082540884773e-05,9.517180507977193e-08,1.799086644236521e-05,3.97779050065467e-05,9.956970053373672e-08,1.83796747126712e-05,4.0685151077183804e-05,1.0411819980927481e-07,1.8772121232829818e-05,4.160256069869835e-05,0.5999999999999999
6.832623542223296e-08,1.5372480662005245e-05,3.371200326385768e-05,7.176178118908722e-08,1.5735354027276483e-05,3.4548024494517175e-05,7.532522443986507e-08,1.6101982489897135e-05,3.539422904269753e-05,7.901969622059864e-08,1.647234933247256e-05,3.6250614182893936e-05,8.284836517127699e-08,1.684643784579454e-05,3.711717715681902e-05,8.681443751292336e-08,1.722423132890852e-05,3.799391517341193e-05,9.09211570345187e-08,1.7605713089180696e-05,3.888082540884773e-05,9.517180507977193e-08,1.799086644236521e-05,3.97779050065467e-05,9.956970053373672e-08,1.83796747126712e-05,4.0685151077183804e-05,1.0411819980927481e-07,1.8772121232829818e-05,4.160256069869835e-05,0.5999999999999999
6.832623542223296e-08,1.5372480662005245e-05,3.371200326385768e-05,7.176178118908722e-08,1.5735354027276483e-05,3.4548024494517175e-05,7.532522443986507e-08,1.6101982489897135e-05,3.539422904269753e-05,7.901969622059864e-08,1.647234933247256e-05,3.6250614182893936e-05,8.284836517127699e-08,1.684643784579454e-05,3.711717715681902e-05,8.681443751292336e-08,1.722423132890852e-05,3.799391517341193e-05,9.09211570345187e-08,1.7605713089180696e-05,3.888082540884773e-05,9.517180507977193e-08,1.799086644236521e-05,3.97779050065467e-05,9.956970053373672e-08,1.83796747126712e-05,4.0685151077183804e-05,1.0411819980927481e-07,1.8772121232829818e-05,4.160256069869835e-05,0.5999999999999999
6.832623542223296e-08,1.5372480662005245e-05,3.371200326385768e-05,7.176178118908722e-08,1.5735354027276483e-05,3.4548024494517175e-05,7.532522443986507e-08,1.6101982489897135e-05,3.539422904269753e-05,7.901969622059864e-08,1.647234933247256e-05,3.6250614182893936e-05,8.284836517127699e-08,1.684643784579454e-05,3.711717715681902e-05,8.681443751292336e-08,1.722423132890852e-05,3.799391517341193e-05,9.09211570345187e-08,1.7605713089180696e-05,3.888082540884773e-05,9.517180507977193e-08,1.799086644236521e-05,3.97779050065467e-05,9.956970053373672e-08,1.83796747126712e-05,4.0685151077183804e-05,1.0411819980927481e-07,1.8772121232829818e-05,4.160256069869835e-05,0.5999999999999999
6.832623542223296e-08,1.5372480662005245e-05,3.371200326385768e-05,7.176178118908722e-08,1.5735354027276483e-05,3.4548024494517175e-05,7.532522443986507e-08,1.6101982489897135e-05,3.539422904269753e-05,7.901969622059864e-08,1.647234933247256e-05,3.6250614182893936e-05,8.284836517127699e-08,1.684643784579454e-05,3.711717715681902e-05,8.681443751292336e-08,1.722423132890852e-05,3.799391517341193e-05,9.09211570345187e-08,1.7605713089180696e-05,3.888082540884773e-05,9.517180507977193e-08,1.799086644236521e-05,3.97779050065467e-05,9.956970053373672e-08,1.83796747126712e-05,4.0685151077183804e-05,1.0411819980927481e-07,1.8772121232829818e-05,4.160256069869835e-05,0.5999999999999999
6.832623542223296e-08,1.5372480662005245e-05,3.371200326385768e-05,7.176178118908722e-08,1.5735354027276483e-05,3.4548024494517175e-05,7.532522443986507e-08,1.6101982489897135e-05,3.539422904269753e-05,7.901969622059864e-08,1.647234933247256e-05,3.6250614182893936e-05,8.284836517127699e-08,1.684643784579454e-05,3.711717715681902e-05,8.681443751292336e-08,1.722423132890852e-05,3.799391517341193e-05,9.09211570345187e-08,1.7605713089180696e-05,3.888082540884773e-05,9.517180507977193e-08,1.799086644236521e-05,3.97779050065467e-05,9.956970053373672e-08,1.83796747126712e-05,4.0685151077183804e-05,1.0411819980927481e-07,1.8772121232829818e-05,4.160256069869835e-05,0.5999999999999999
6.832623542223296e-08,1.5372480662005245e-05,3.371200326385768e-05,7.176178118908722e-08,1.5735354027276483e-05,3.4548024494517175e-05,7.532522443986507e-08,1.6101982489897135e-05,3.539422904269753e-05,7.901969622059864e-08,1.647234933247256e-05,3.6250614182893936e-05,8.284836517127699e-08,1.684643784579454e-05,3.711717715681902e-05,8.681443751292336e-08,1.722423132890852e-05,3.799391517341193e-05,9.09211570345187e-08,1.7605713089180696e-05,3.888082540884773e-05,9.517180507977193e-08,1.799086644236521e-05,3.97779050065467e-05,9.956970053373672e-08,1.83796747126712e-05,4.0685151077183804e-05,1.0411819980927481e-07,1.8772121232829818e-05,4.160256069869835e-05,0.5999999999999999
6.832623542223296e-08,1.5372480662005245e-05,3.371200326385768e-05,7.176178118908722e-08,1.5735354027276483e-05,3.4548024494517175e-05,7.532522443986507e-08,1.6101982489897135e-05,3.539422904269753e-05,7.901969622059864e-08,1.647234933247256e-05,3.6250614182893936e-05,8.284836517127699e-08,1.684643784579454e-05,3.711717715681902e-05,8.681443751292336e-08,1.722423132890852e-05,3.799391517341193e-05,9.09211570345187e-08,1.7605713089180696e-05,3.888082540884773e-05,9.517180507977193e-08,1.799086644236521e-05,3.97779050065467e-05,9.956970053373672e-08,1.83796747126712e-05,4.0685151077183804e-05,1.0411819980927481e-07,1.8772121232829818e-05,4.160256069869835e-05,0.5999999999999999
6.832623542223296e-08,1.5372480662005245e-05,3.371200326385768e-05,7.176178118908722e-08,1.5735354027276483e-05,3.4548024494517175e-05,7.532522443986507e-08,1.6101982489897135e-05,3.539422904269753e-05,7.901969622059864e-08,1.647234933247256e-05,3.6250614182893936e-05,8.284836517127699e-08,1.684643784579454e-05,3.711717715681902e-05,8.681443751292336e-08,1.722423132890852e-05,3.799391517341193e-05,9.09211570345187e-08,1.7605713089180696e-05,3.888082540884773e-05,9.517180507977193e-08,1.799086644236521e-05,3.97779050065467e-05,9.956970053373672e-08,1.83796747126712e-05,4.0685151077183804e-05,1.0411819980927481e-07,1.8772121232829818e-05,4.160256069869835e-05,0.5999999999999999
6.832623542223296e-08,1.5372480662005245e-05,3.371200326385768e-05,7.176178118908722e-08,1.5735354027276483e-05,3.4548024494517175e-05,7.532522443986507e-08,1.6101982489897135e-05,3.539422904269753e-05,7.901969622059864e-08,1.647234933247256e-05,3.6250614182893936e-05,8.284836517127699e-08,1.684643784579454e-05,3.711717715681902e-05,8.681443751292336e-08,1.722423132890852e-05,3.799391517341193e-05,9.09211570345187e-08,1.7605713089180696e-05,3.888082540884773e-05,9.517180507977193e-08,1.799086644236521e-05,3.97779050065467e-05,9.956970053373672e-08,1.83796747126712e-05,4.0685151077183804e-05,1.0411819980927481e-07,1.8772121232829818e-05,4.160256069869835e-05,0.5999999999999999
6.832623542223296e-08,1.5372480662005245e-05,3.371200326385768e-05,7.176178118908722e-08,1.5735354027276483e-05,3.4548024494517175e-05,7.532522443986507e-08,1.6101982489897135e-05,3.539422904269753e-05,7.901969622059864e-08,1.647234933247256e-05,3.6250614182893936e-05,8.284836517127699e-08,1.684643784579454e-05,3.711717715681902e-05,8.681443751292336e-08,1.722423132890852e-05,3.799391517341193e-05,9.09211570345187e-08,1.7605713089180696e-05,3.888082540884773e-05,9.517180507977193e-08,1.799086644236521e-05,3.97779050065467e-05,9.956970053373672e-08,1.83796747126712e-05,4.0685151077183804e-05,1.0411819980927481e-07,1.8772121232829818e-05,4.160256069869835e-05,0.5999999999999999
6.832623542223296e-08,1.5372480662005245e-05,3.371200326385768e-05,7.176178118908722e-08,1.5735354027276483e-05,3.4548024494517175e-05,7.532522443986507e-08,1.6101982489897135e-05,3.539422904269753e-05,7.901969622059864e-08,1.647234933247256e-05,3.6250614182893936e-05,8.284836517127699e-08,1.684643784579454e-05,3.711717715681902e-05,8.681443751292336e-08,1.722423132890852e-05,3.799391517341193e-05,9.09211570345187e-08,1.7605713089180696e-05,3.888082540884773e-05,9.517180507977193e-08,1.799086644236521e-05,3.97779050065467e-05,9.956970053373672e-08,1.83796747126712e-05,4.0685151077183804e-05,1.0411819980927481e-07,1.8772121232829818e-05,4.160256069869835e-05,0.5999999999999999
6.832623542223296e-08,1.5372480662005245e-05,3.371200326385768e-05,7.176178118908722e-08,1.5735354027276483e-05,3.4548024494517175e-05,7.532522443986507e-08,1.6101982489897135e-05,3.539422904269753e-05,7.901969622059864e-08,1.647234933247256e-05,3.6250614182893936e-05,8.284836517127699e-08,1.684643784579454e-05,3.711717715681902e-05,8.681443751292336e-08,1.722423132890852e-05,3.799391517341193e-05,9.09211570345187e-08,1.7605713089180696e-05,3.888082540884773e-05,9.517180507977193e-08,1.799086644236521e-05,3.97779050065467e-05,9.956970053373672e-08,1.83796747126712e-05,4.0685151077183804e-05,1.0411819980927481e-07,1.8772121232829818e-05,4.160256069869835e-05,0.5999999999999999
6.832623542223296e-08,1.5372480662005245e-05,3.371200326385768e-05,7.176178118908722e-08,1.5735354027276483e-05,3.4548024494517175e-05,7.532522443986507e-08,1.6101982489897135e-05,3.539422904269753e-05,7.901969622059864e-08,1.647234933247256e-05,3.6250614182893936e-05,8.284836517127699e-08,1.684643784579454e-05,3.711717715681902e-05,8.681443751292336e-08,1.722423132890852e-05,3.799391517341193e-05,9.09211570345187e-08,1.7605713089180696e-05,3.888082540884773e-05,9.517180507977193e-08,1.799086644236521e-05,3.97779050065467e-05,9.956970053373672e-08,1.83796747126712e-05,4.0685151077183804e-05,1.0411819980927481e-07,1.8772121232829818e-05,4.160256069869835e-05,0.5999999999999999
6.832623542223296e-08,1.5372480662005245e-05,3.371200326385768e-05,7.176178118908722e-08,1.5735354027276483e-05,3.4548024494517175e-05,7.532522443986507e-08,1.6101982489897135e-05,3.539422904269753e-05,7.901969622059864e-08,1.647234933247256e-05,3.6250614182893936e-05,8.284836517127699e-08,1.684643784579454e-05,3.711717715681902e-05,8.681443751292336e-08,1.722423132890852e-05,3.799391517341193e-05,9.09211570345187e-08,1.7605713089180696e-05,3.888082540884773e-05,9.517180507977193e-08,1.799086644236521e-05,3.97779050065467e-05,9.956970053373672e-08,1.83796747126712e-05,4.0685151077183804e-05,1.0411819980927481e-07,1.8772121232829818e-05,4.160256069869835e-05,0.5999999999999999
6.832623542223296e-08,1.5372480662005245e-05,3.371200326385768e-05,7.176178118908722e-08,1.5735354027276483e-05,3.4548024494517175e-05,7.532522443986507e-08,1.6101982489897135e-05,3.539422904269753e-05,7.901969622059864e-08,1.647234933247256e-05,3.6250614182893936e-05,8.284836517127699e-08,1.684643784579454e-05,3.711717715681902e-05,8.681443751292336e-08,1.722423132890852e-05,3.799391517341193e-05,9.09211570345187e-08,1.7605713089180696e-05,3.888082540884773e-05,9.517180507977193e-08,1.799086644236521e-05,3.97779050065467e-05,9.956970053373672e-08,1.83796747126712e-05,4.0685151077183804e-05,1.0411819980927481e-07,1.8772121232829818e-05,4.160256069869835e-05,0.5999999999999999
6.832623542223296e-08,1.5372480662005245e-05,3.371200326385768e-05,7.176178118908722e-08,1.5735354027276483e-05,3.4548024494517175e-05,7.532522443986507e-08,1.6101982489897135e-05,3.539422904269753e-05,7.901969622059864e-08,1.647234933247256e-05,3.6250614182893936e-05,8.284836517127699e-08,1.684643784579454e-05,3.711717715681902e-05,8.681443751292336e-08,1.722423132890852e-05,3.799391517341193e-05,9.09211570345187e-08,1.7605713089180696e-05,3.888082540884773e-05,9.517180507977193e-08,1.799086644236521e-05,3.97779050065467e-05,9.956970053373672e-08,1.83796747126712e-05,4.0685151077183804e-05,1.0411819980927481e-07,1.8772121232829818e-05,4.160256069869835e-05,0.5999999999999999
6.832623542223296e-08,1.5372480662005245e-05,3.371200326385768e-05,7.176178118908722e-08,1.5735354027276483e-05,3.4548024494517175e-05,7.532522443986507e-08,1.6101982489897135e-05,3.539422904269753e-05,7.901969622059864e-08,1.647234933247256e-05,3.6250614182893936e-05,8.284836517127699e-08,1.684643784579454e-05,3.711717715681902e-05,8.681443751292336e-08,1.722423132890852e-05,3.799391517341193e-05,9.09211570345187e-08,1.7605713089180696e-05,3.888082540884773e-05,9.517180507977193e-08,1.799086644236521e-05,3.97779050065467e-05,9.956970053373672e-08,1.83796747126712e-05,4.0685151077183804e-05,1.0411819980927481e-07,1.8772121232829818e-05,4.160256069869835e-05,0.5999999999999999
6.832623542223296e-08,1.5372480662005245e-05,3.371200326385768e-05,7.176178118908722e-08,1.5735354027276483e-05,3.4548024494517175e-05,7.532522443986507e-08,1.6101982489897135e-05,3.539422904269753e-05,7.901969622059864e-08,1.647234933247256e-05,3.6250614182893936e-05,8.284836517127699e-08,1.684643784579454e-05,3.711717715681902e-05,8.681443751292336e-08,1.722423132890852e-05,3.799391517341193e-05,9.09211570345187e-08,1.7605713089180696e-05,3.888082540884773e-05,9.517180507977193e-08,1.799086644236521e-05,3.97779050065467e-05,9.956970053373672e-08,1.83796747126712e-05,4.0685151077183804e-05,1.0411819980927481e-07,1.8772121232829818e-05,4.160256069869835e-05,0.5999999999999999
6.832623542223296e-08,1.5372480662005245e-05,3.371200326385768e-05,7.176178118908722e-08,1.5735354027276483e-05,3.4548024494517175e-05,7.532522443986507e-08,1.6101982489897135e-05,3.539422904269753e-05,7.901969622059864e-08,1.647234933247256e-05,3.6250614182893936e-05,8.284836517127699e-08,1.684643784579454e-05,3.711717715681902e-05,8.681443751292336e-08,1.722423132890852e-05,3.799391517341193e-05,9.09211570345187e-08,1.7605713089180696e-05,3.888082540884773e-05,9.517180507977193e-08,1.799086644236521e-05,3.97779050065467e-05,9.956970053373672e-08,1.83796747126712e-05,4.0685151077183804e-05,1.0411819980927481e-07,1.8772121232829818e-05,4.160256069869835e-05,0.5999999999999999
6.832623542223296e-08,1.5372480662005245e-05,3.371200326385768e-05,7.176178118908722e-08,1.5735354027276483e-05,3.4548024494517175e-05,7.532522443986507e-08,1.6101982489897135e-05,3.539422904269753e-05,7.901969622059864e-08,1.647234933247256e-05,3.6250614182893936e-05,8.284836517127699e-08,1.684643784579454e-05,3.711717715681902e-05,8.681443751292336e-08,1.722423132890852e-05,3.799391517341193e-05,9.09211570345187e-08,1.7605713089180696e-05,3.888082540884773e-05,9.517180507977193e-08,1.799086644236521e-05,3.97779050065467e-05,9.956970053373672e-08,1.83796747126712e-05,4.0685151077183804e-05,1.0411819980927481e-07,1.8772121232829818e-05,4.160256069869835e-05,0.5999999999999999
6.832623542223296e-08,1.5372480662005245e-05,3.371200326385768e-05,7.176178118908722e-08,1.5735354027276483e-05,3.4548024494517175e-05,7.532522443986507e-08,1.6101982489897135e-05,3.539422904269753e-05,7.901969622059864e-08,1.647234933247256e-05,3.6250614182893936e-05,8.284836517127699e-08,1.684643784579454e-05,3.711717715681902e-05,8.681443751292336e-08,1.722423132890852e-05,3.799391517341193e-05,9.09211570345187e-08,1.7605713089180696e-05,3.888082540884773e-05,9.517180507977193e-08,1.799086644236521e-05,3.97779050065467e-05,9.956970053373672e-08,1.83796747126712e-05,4.0685151077183804e-05,1.0411819980927481e-07,1.8772121232829818e-05,4.160256069869835e-05,0.5999999999999999
6.832623542223296e-08,1.5372480662005245e-05,3.371200326385768e-05,7.176178118908722e-08,1.5735354027276483e-05,3.4548024494517175e-05,7.532522443986507e-08,1.6101982489897135e-05,3.539422904269753e-05,7.901969622059864e-08,1.647234933247256e-05,3.6250614182893936e-05,8.284836517127699e-08,1.684643784579454e-05,3.711717715681902e-05,8.681443751292336e-08,1.722423132890852e-05,3.799391517341193e-05,9.09211570345187e-08,1.7605713089180696e-05,3.888082540884773e-05,9.517180507977193e-08,1.799086644236521e-05,3.97779050065467e-05,9.956970053373672e-08,1.83796747126712e-05,4.0685151077183804e-05,1.0411819980927481e-07,1.8772121232829818e-05,4.160256069869835e-05,0.5999999999999999
6.832623542223296e-08,1.5372480662005245e-05,3.371200326385768e-05,7.176178118908722e-08,1.5735354027276483e-05,3.4548024494517175e-05,7.532522443986507e-08,1.6101982489897135e-05,3.539422904269753e-05,7.901969622059864e-08,1.647234933247256e-05,3.6250614182893936e-05,8.284836517127699e-08,1.684643784579454e-05,3.711717715681902e-05,8.681443751292336e-08,1.722423132890852e-05,3.799391517341193e-05,9.09211570345187e-08,1.7605713089180696e-05,3.888082540884773e-05,9.517180507977193e-08,1.799086644236521e-05,3.97779050065467e-05,9.956970053373672e-08,1.83796747126712e-05,4.0685151077183804e-05,1.0411819980927481e-07,1.8772121232829818e-05,4.160256069869835e-05,0.5999999999999999
6.832623542223296e-08,1.5372480662005245e-05,3.371200326385768e-05,7.176178118908722e-08,1.5735354027276483e-05,3.4548024494517175e-05,7.532522443986507e-08,1.6101982489897135e-05,3.539422904269753e-05,7.901969622059864e-08,1.647234933247256e-05,3.6250614182893936e-05,8.284836517127699e-08,1.684643784579454e-05,3.711717715681902e-05,8.681443751292336e-08,1.722423132890852e-05,3.799391517341193e-05,9.09211570345187e-08,1.7605713089180696e-05,3.888082540884773e-05,9.517180507977193e-08,1.799086644236521e-05,3.97779050065467e-05,9.956970053373672e-08,1.83796747126712e-05,4.0685151077183804e-05,1.0411819980927481e-07,1.8772121232829818e-05,4.160256069869835e-05,0.5999999999999999
6.832623542223296e-08,1.5372480662005245e-05,3.371200326385768e-05,7.176178118908722e-08,1.5735354027276483e-05,3.4548024494517175e-05,7.532522443986507e-08,1.6101982489897135e-05,3.539422904269753e-05,7.901969622059864e-08,1.647234933247256e-05,3.6250614182893936e-05,8.284836517127699e-08,1.684643784579454e-05,3.711717715681902e-05,8.681443751292336e-08,1.722423132890852e-05,3.799391517341193e-05,9.09211570345187e-08,1.7605713089180696e-05,3.888082540884773e-05,9.517180507977193e-08,1.799086644236521e-05,3.97779050065467e-05,9.956970053373672e-08,1.83796747126712e-05,4.0685151077183804e-05,1.0411819980927481e-07,1.8772121232829818e-05,4.160256069869835e-05,0.5999999999999999
6.832623542223296e-08,1.5372480662005245e-05,3.371200326385768e-05,7.176178118908722e-08,1.5735354027276483e-05,3.4548024494517175e-05,7.532522443986507e-08,1.6101982489897135e-05,3.539422904269753e-05,7.901969622059864e-08,1.647234933247256e-05,3.6250614182893936e-05,8.284836517127699e-08,1.684643784579454e-05,3.711717715681902e-05,8.681443751292336e-08,1.722423132890852e-05,3.799391517341193e-05,9.09211570345187e-08,1.7605713089180696e-05,3.888082540884773e-05,9.517180507977193e-08,1.799086644236521e-05,3.97779050065467e-05,9.956970053373672e-08,1.83796747126712e-05,4.0685151077183804e-05,1.0411819980927481e-07,1.8772121232829818e-05,4.160256069869835e-05,0.5999999999999999
6.832623542223296e-08,1.5372480662005245e-05,3.371200326385768e-05,7.176178118908722e-08,1.5735354027276483e-05,3.4548024494517175e-05,7.532522443986507e-08,1.6101982489897135e-05,3.539422904269753e-05,7.901969622059864e-08,1.647234933247256e-05,3.6250614182893936e-05,8.284836517127699e-08,1.684643784579454e-05,3.711717715681902e-05,8.681443751292336e-08,1.722423132890852e-05,3.799391517341193e-05,9.09211570345187e-08,1.7605713089180696e-05,3.888082540884773e-05,9.517180507977193e-08,1.799086644236521e-05,3.97779050065467e-05,9.956970053373672e-08,1.83796747126712e-05,4.0685151077183804e-05,1.0411819980927481e-07,1.8772121232829818e-05,4.160256069869835e-05,0.5999999999999999
6.832623542223296e-08,1.5372480662005245e-05,3.371200326385768e-05,7.176178118908722e-08,1.5735354027276483e-05,3.4548024494517175e-05,7.532522443986507e-08,1.6101982489897135e-05,3.539422904269753e-05,7.901969622059864e-08,1.647234933247256e-05,3.6250614182893936e-05,8.284836517127699e-08,1.684643784579454e-05,3.711717715681902e-05,8.681443751292336e-08,1.722423132890852e-05,3.799391517341193e-05,9.09211570345187e-08,1.7605713089180696e-05,3.888082540884773e-05,9.517180507977193e-08,1.799086644236521e-05,3.97779050065467e-05,9.956970053373672e-08,1.83796747126712e-05,4.0685151077183804e-05,1.0411819980927481e-07,1.8772121232829818e-05,4.160256069869835e-05,0.5999999999999999
6.832623542223296e-08,1.5372480662005245e-05,3.371200326385768e-05,7.176178118908722e-08,1.5735354027276483e-05,3.4548024494517175e-05,7.532522443986507e-08,1.6101982489897135e-05,3.539422904269753e-05,7.901969622059864e-08,1.647234933247256e-05,3.6250614182893936e-05,8.284836517127699e-08,1.684643784579454e-05,3.711717715681902e-05,8.681443751292336e-08,1.722423132890852e-05,3.799391517341193e-05,9.09211570345187e-08,1.7605713089180696e-05,3.888082540884773e-05,9.517180507977193e-08,1.799086644236521e-05,3.97779050065467e-05,9.956970053373672e-08,1.83796747126712e-05,4.0685151077183804e-05,1.0411819980927481e-07,1.8772121232829818e-05,4.160256069869835e-05,0.5999999999999999
6.832623542223296e-08,1.5372480662005245e-05,3.371200326385768e-05,7.176178118908722e-08,1.5735354027276483e-05,3.4548024494517175e-05,7.532522443986507e-08,1.6101982489897135e-05,3.539422904269753e-05,7.901969622059864e-08,1.647234933247256e-05,3.6250614182893936e-05,8.284836517127699e-08,1.684643784579454e-05,3.711717715681902e-05,8.681443751292336e-08,1.722423132890852e-05,3.799391517341193e-05,9.09211570345187e-08,1.7605713089180696e-05,3.888082540884773e-05,9.517180507977193e-08,1.799086644236521e-05,3.97779050065467e-05,9.956970053373672e-08,1.83796747126712e-05,4.0685151077183804e-05,1.0411819980927481e-07,1.8772121232829818e-05,4.160256069869835e-05,0.5999999999999999
6.832623542223296e-08,1.5372480662005245e-05,3.371200326385768e-05,7.176178118908722e-08,1.5735354027276483e-05,3.4548024494517175e-05,7.532522443986507e-08,1.6101982489897135e-05,3.539422904269753e-05,7.901969622059864e-08,1.647234933247256e-05,3.6250614182893936e-05,8.284836517127699e-08,1.684643784579454e-05,3.711717715681902e-05,8.681443751292336e-08,1.722423132890852e-05,3.799391517341193e-05,9.09211570345187e-08,1.7605713089180696e-05,3.888082540884773e-05,9.517180507977193e-08,1.799086644236521e-05,3.97779050065467e-05,9.956970053373672e-08,1.83796747126712e-05,4.0685151077183804e-05,1.0411819980927481e-07,1.8772121232829818e-05,4.160256069869835e-05,0.5999999999999999
6.832623542223296e-08,1.5372480662005245e-05,3.371200326385768e-05,7.176178118908722e-08,1.5735354027276483e-05,3.4548024494517175e-05,7.532522443986507e-08,1.6101982489897135e-05,3.539422904269753e-05,7.901969622059864e-08,1.647234933247256e-05,3.6250614182893936e-05,8.284836517127699e-08,1.684643784579454e-05,3.711717715681902e-05,8.681443751292336e-08,1.722423132890852e-05,3.799391517341193e-05,9.09211570345187e-08,1.7605713089180696e-05,3.888082540884773e-05,9.517180507977193e-08,1.799086644236521e-05,3.97779050065467e-05,9.956970053373672e-08,1.83796747126712e-05,4.0685151077183804e-05,1.0411819980927481e-07,1.8772121232829818e-05,4.160256069869835e-05,0.5999999999999999
6.832623542223296e-08,1.5372480662005245e-05,3.371200326385768e-05,7.176178118908722e-08,1.5735354027276483e-05,3.4548024494517175e-05,7.532522443986507e-08,1.6101982489897135e-05,3.539422904269753e-05,7.901969622059864e-08,1.647234933247256e-05,3.6250614182893936e-05,8.284836517127699e-08,1.684643784579454e-05,3.711717715681902e-05,8.681443751292336e-08,1.722423132890852e-05,3.799391517341193e-05,9.09211570345187e-08,1.7605713089180696e-05,3.888082540884773e-05,9.517180507977193e-08,1.799086644236521e-05,3.97779050065467e-05,9.956970053373672e-08,1.83796747126712e-05,4.0685151077183804e-05,1.0411819980927481e-07,1.8772121232829818e-05,4.160256069869835e-05,0.5999999999999999
6.832623542223296e-08,1.5372480662005245e-05,3.371200326385768e-05,7.176178118908722e-08,1.5735354027276483e-05,3.4548024494517175e-05,7.532522443986507e-08,1.6101982489897135e-05,3.539422904269753e-05,7.901969622059864e-08,1.647234933247256e-05,3.6250614182893936e-05,8.284836517127699e-08,1.684643784579454e-05,3.711717715681902e-05,8.681443751292336e-08,1.722423132890852e-05,3.799391517341193e-05,9.09211570345187e-08,1.7605713089180696e-05,3.888082540884773e-05,9.517180507977193e-08,1.799086644236521e-05,3.97779050065467e-05,9.956970053373672e-08,1.83796747126712e-05,4.0685151077183804e-05,1.0411819980927481e-07,1.8772121232829818e-05,4.160256069869835e-05,0.5999999999999999
6.832623542223296e-08,1.5372480662005245e-05,3.371200326385768e-05,7.176178118908722e-08,1.5735354027276483e-05,3.4548024494517175e-05,7.532522443986507e-08,1.6101982489897135e-05,3.539422904269753e-05,7.901969622059864e-08,1.647234933247256e-05,3.6250614182893936e-05,8.284836517127699e-08,1.684643784579454e-05,3.711717715681902e-05,8.681443751292336e-08,1.722423132890852e-05,3.799391517341193e-05,9.09211570345187e-08,1.7605713089180696e-05,3.888082540884773e-05,9.517180507977193e-08,1.799086644236521e-05,3.97779050065467e-05,9.956970053373672e-08,1.83796747126712e-05,4.0685151077183804e-05,1.0411819980927481e-07,1.8772121232829818e-05,4.160256069869835e-05,0.5999999999999999
6.832623542223296e-08,1.5372480662005245e-05,3.371200326385768e-05,7.176178118908722e-08,1.5735354027276483e-05,3.4548024494517175e-05,7.532522443986507e-08,1.6101982489897135e-05,3.539422904269753e-05,7.901969622059864e-08,1.647234933247256e-05,3.6250614182893936e-05,8.284836517127699e-08,1.684643784579454e-05,3.711717715681902e-05,8.681443751292336e-08,1.722423132890852e-05,3.799391517341193e-05,9.09211570345187e-08,1.7605713089180696e-05,3.888082540884773e-05,9.517180507977193e-08,1.799086644236521e-05,3.97779050065467e-05,9.956970053373672e-08,1.83796747126712e-05,4.0685151077183804e-05,1.0411819980927481e-07,1.8772121232829818e-05,4.160256069869835e-05,0.5999999999999999
6.832623542223296e-08,1.5372480662005245e-05,3.371200326385768e-05,7.176178118908722e-08,1.5735354027276483e-05,3.4548024494517175e-05,7.532522443986507e-08,1.6101982489897135e-05,3.539422904269753e-05,7.901969622059864e-08,1.647234933247256e-05,3.6250614182893936e-05,8.284836517127699e-08,1.684643784579454e-05,3.711717715681902e-05,8.681443751292336e-08,1.722423132890852e-05,3.799391517341193e-05,9.09211570345187e-08,1.7605713089180696e-05,3.888082540884773e-05,9.517180507977193e-08,1.799086644236521e-05,3.97779050065467e-05,9.956970053373672e-08,1.83796747126712e-05,4.0685151077183804e-05,1.0411819980927481e-07,1.8772121232829818e-05,4.160256069869835e-05,0.5999999999999999
6.832623542223296e-08,1.5372480662005245e-05,3.371200326385768e-05,7.176178118908722e-08,1.5735354027276483e-05,3.4548024494517175e-05,7.532522443986507e-08,1.6101982489897135e-05,3.539422904269753e-05,7.901969622059864e-08,1.647234933247256e-05,3.6250614182893936e-05,8.284836517127699e-08,1.684643784579454e-05,3.711717715681902e-05,8.681443751292336e-08,1.722423132890852e-05,3.799391517341193e-05,9.09211570345187e-08,1.7605713089180696e-05,3.888082540884773e-05,9.517180507977193e-08,1.799086644236521e-05,3.97779050065467e-05,9.956970053373672e-08,1.83796747126712e-05,4.0685151077183804e-05,1.0411819980927481e-07,1.8772121232829818e-05,4.160256069869835e-05,0.5999999999999999
6.832623542223296e-08,1.5372480662005245e-05,3.371200326385768e-05,7.176178118908722e-08,1.5735354027276483e-05,3.4548024494517175e-05,7.532522443986507e-08,1.6101982489897135e-05,3.539422904269753e-05,7.901969622059864e-08,1.647234933247256e-05,3.6250614182893936e-05,8.284836517127699e-08,1.684643784579454e-05,3.711717715681902e-05,8.681443751292336e-08,1.722423132890852e-05,3.799391517341193e-05,9.09211570345187e-08,1.7605713089180696e-05,3.888082540884773e-05,9.517180507977193e-08,1.799086644236521e-05,3.97779050065467e-05,9.956970053373672e-08,1.83796747126712e-05,4.0685151077183804e-05,1.0411819980927481e-07,1.8772121232829818e-05,4.160256069869835e-05,0.5999999999999999
6.832623542223296e-08,1.5372480662005245e-05,3.371200326385768e-05,7.176178118908722e-08,1.5735354027276483e-05,3.4548024494517175e-05,7.532522443986507e-08,1.6101982489897135e-05,3.539422904269753e-05,7.901969622059864e-08,1.647234933247256e-05,3.6250614182893936e-05,8.284836517127699e-08,1.684643784579454e-05,3.711717715681902e-05,8.681443751292336e-08,1.722423132890852e-05,3.799391517341193e-05,9.09211570345187e-08,1.7605713089180696e-05,3.888082540884773e-05,9.517180507977193e-08,1.799086644236521e-05,3.97779050065467e-05,9.956970053373672e-08,1.83796747126712e-05,4.0685151077183804e-05,1.0411819980927481e-07,1.8772121232829818e-05,4.160256069869835e-05,0.5999999999999999
6.832623542223296e-08,1.5372480662005245e-05,3.371200326385768e-05,7.176178118908722e-08,1.5735354027276483e-05,3.4548024494517175e-05,7.532522443986507e-08,1.6101982489897135e-05,3.539422904269753e-05,7.901969622059864e-08,1.647234933247256e-05,3.6250614182893936e-05,8.284836517127699e-08,1.684643784579454e-05,3.711717715681902e-05,8.681443751292336e-08,1.722423132890852e-05,3.799391517341193e-05,9.09211570345187e-08,1.7605713089180696e-05,3.888082540884773e-05,9.517180507977193e-08,1.799086644236521e-05,3.97779050065467e-05,9.956970053373672e-08,1.83796747126712e-05,4.0685151077183804e-05,1.0411819980927481e-07,1.8772121232829818e-05,4.160256069869835e-05,0.5999999999999999
6.832623542223296e-08,1.5372480662005245e-05,3.371200326385768e-05,7.176178118908722e-08,1.5735354027276483e-05,3.4548024494517175e-05,7.532522443986507e-08,1.6101982489897135e-05,3.539422904269753e-05,7.901969622059864e-08,1.647234933247256e-05,3.6250614182893936e-05,8.284836517127699e-08,1.684643784579454e-05,3.711717715681902e-05,8.681443751292336e-08,1.722423132890852e-05,3.799391517341193e-05,9.09211570345187e-08,1.7605713089180696e-05,3.888082540884773e-05,9.517180507977193e-08,1.799086644236521e-05,3.97779050065467e-05,9.956970053373672e-08,1.83796747126712e-05,4.0685151077183804e-05,1.0411819980927481e-07,1.8772121232829818e-05,4.160256069869835e-05,0.5999999999999999
6.832623542223296e-08,1.5372480662005245e-05,3.371200326385768e-05,7.176178118908722e-08,1.5735354027276483e-05,3.4548024494517175e-05,7.532522443986507e-08,1.6101982489897135e-05,3.539422904269753e-05,7.901969622059864e-08,1.647234933247256e-05,3.6250614182893936e-05,8.284836517127699e-08,1.684643784579454e-05,3.711717715681902e-05,8.681443751292336e-08,1.722423132890852e-05,3.799391517341193e-05,9.09211570345187e-08,1.7605713089180696e-05,3.888082540884773e-05,9.517180507977193e-08,1.799086644236521e-05,3.97779050065467e-05,9.956970053373672e-08,1.83796747126712e-05,4.0685151077183804e-05,1.0411819980927481e-07,1.8772121232829818e-05,4.160256069869835e-05,0.5999999999999999
6.832623542223296e-08,1.5372480662005245e-05,3.371200326385768e-05,7.176178118908722e-08,1.5735354027276483e-05,3.4548024494517175e-05,7.532522443986507e-08,1.6101982489897135e-05,3.539422904269753e-05,7.901969622059864e-08,1.647234933247256e-05,3.6250614182893936e-05,8.284836517127699e-08,1.684643784579454e-05,3.711717715681902e-05,8.681443751292336e-08,1.722423132890852e-05,3.799391517341193e-05,9.09211570345187e-08,1.7605713089180696e-05,3.888082540884773e-05,9.517180507977193e-08,1.799086644236521e-05,3.97779050065467e-05,9.956970053373672e-08,1.83796747126712e-05,4.0685151077183804e-05,1.0411819980927481e-07,1.8772121232829818e-05,4.160256069869835e-05,0.5999999999999999
6.832623542223296e-08,1.5372480662005245e-05,3.371200326385768e-05,7.176178118908722e-08,1.5735354027276483e-05,3.4548024494517175e-05,7.532522443986507e-08,1.6101982489897135e-05,3.539422904269753e-05,7.901969622059864e-08,1.647234933247256e-05,3.6250614182893936e-05,8.284836517127699e-08,1.684643784579454e-05,3.711717715681902e-05,8.681443751292336e-08,1.722423132890852e-05,3.799391517341193e-05,9.09211570345187e-08,1.7605713089180696e-05,3.888082540884773e-05,9.517180507977193e-08,1.799086644236521e-05,3.97779050065467e-05,9.956970053373672e-08,1.83796747126712e-05,4.0685151077183804e-05,1.0411819980927481e-07,1.8772121232829818e-05,4.160256069869835e-05,0.5999999999999999
6.832623542223296e-08,1.5372480662005245e-05,3.371200326385768e-05,7.176178118908722e-08,1.5735354027276483e-05,3.4548024494517175e-05,7.532522443986507e-08,1.6101982489897135e-05,3.539422904269753e-05,7.901969622059864e-08,1.647234933247256e-05,3.6250614182893936e-05,8.284836517127699e-08,1.684643784579454e-05,3.711717715681902e-05,8.681443751292336e-08,1.722423132890852e-05,3.799391517341193e-05,9.09211570345187e-08,1.7605713089180696e-05,3.888082540884773e-05,9.517180507977193e-08,1.799086644236521e-05,3.97779050065467e-05,9.956970053373672e-08,1.83796747126712e-05,4.0685151077183804e-05,1.0411819980927481e-07,1.8772121232829818e-05,4.160256069869835e-05,0.5999999999999999
6.832623542223296e-08,1.5372480662005245e-05,3.371200326385768e-05,7.176178118908722e-08,1.5735354027276483e-05,3.4548024494517175e-05,7.532522443986507e-08,1.6101982489897135e-05,3.539422904269753e-05,7.901969622059864e-08,1.647234933247256e-05,3.6250614182893936e-05,8.284836517127699e-08,1.684643784579454e-05,3.711717715681902e-05,8.681443751292336e-08,1.722423132890852e-05,3.799391517341193e-05,9.09211570345187e-08,1.7605713089180696e-05,3.888082540884773e-05,9.517180507977193e-08,1.799086644236521e-05,3.97779050065467e-05,9.956970053373672e-08,1.83796747126712e-05,4.0685151077183804e-05,1.0411819980927481e-07,1.8772121232829818e-05,4.160256069869835e-05,0.5999999999999999
6.832623542223296e-08,1.5372480662005245e-05,3.371200326385768e-05,7.176178118908722e-08,1.5735354027276483e-05,3.4548024494517175e-05,7.532522443986507e-08,1.6101982489897135e-05,3.539422904269753e-05,7.901969622059864e-08,1.647234933247256e-05,3.6250614182893936e-05,8.284836517127699e-08,1.684643784579454e-05,3.711717715681902e-05,8.681443751292336e-08,1.722423132890852e-05,3.799391517341193e-05,9.09211570345187e-08,1.7605713089180696e-05,3.888082540884773e-05,9.517180507977193e-08,1.799086644236521e-05,3.97779050065467e-05,9.956970053373672e-08,1.83796747126712e-05,4.0685151077183804e-05,1.0411819980927481e-07,1.8772121232829818e-05,4.160256069869835e-05,0.5999999999999999
6.832623542223296e-08,1.5372480662005245e-05,3.371200326385768e-05,7.176178118908722e-08,1.5735354027276483e-05,3.4548024494517175e-05,7.532522443986507e-08,1.6101982489897135e-05,3.539422904269753e-05,7.901969622059864e-08,1.647234933247256e-05,3.6250614182893936e-05,8.284836517127699e-08,1.684643784579454e-05,3.711717715681902e-05,8.681443751292336e-08,1.722423132890852e-05,3.799391517341193e-05,9.09211570345187e-08,1.7605713089180696e-05,3.888082540884773e-05,9.517180507977193e-08,1.799086644236521e-05,3.97779050065467e-05,9.956970053373672e-08,1.83796747126712e-05,4.0685151077183804e-05,1.0411819980927481e-07,1.8772121232829818e-05,4.160256069869835e-05,0.5999999999999999
6.832623542223296e-08,1.5372480662005245e-05,3.371200326385768e-05,7.176178118908722e-08,1.5735354027276483e-05,3.4548024494517175e-05,7.532522443986507e-08,1.6101982489897135e-05,3.539422904269753e-05,7.901969622059864e-08,1.647234933247256e-05,3.6250614182893936e-05,8.284836517127699e-08,1.684643784579454e-05,3.711717715681902e-05,8.681443751292336e-08,1.722423132890852e-05,3.799391517341193e-05,9.09211570345187e-08,1.7605713089180696e-05,3.888082540884773e-05,9.517180507977193e-08,1.799086644236521e-05,3.97779050065467e-05,9.956970053373672e-08,1.83796747126712e-05,4.0685151077183804e-05,1.0411819980927481e-07,1.8772121232829818e-05,4.160256069869835e-05,0.5999999999999999
6.832623542223296e-08,1.5372480662005245e-05,3.371200326385768e-05,7.176178118908722e-08,1.5735354027276483e-05,3.4548024494517175e-05,7.532522443986507e-08,1.6101982489897135e-05,3.539422904269753e-05,7.901969622059864e-08,1.647234933247256e-05,3.6250614182893936e-05,8.284836517127699e-08,1.684643784579454e-05,3.711717715681902e-05,8.681443751292336e-08,1.722423132890852e-05,3.799391517341193e-05,9.09211570345187e-08,1.7605713089180696e-05,3.888082540884773e-05,9.517180507977193e-08,1.799086644236521e-05,3.97779050065467e-05,9.956970053373672e-08,1.83796747126712e-05,4.0685151077183804e-05,1.0411819980927481e-07,1.8772121232829818e-05,4.160256069869835e-05,0.5999999999999999
6.832623542223296e-08,1.5372480662005245e-05,3.371200326385768e-05,7.176178118908722e-08,1.5735354027276483e-05,3.4548024494517175e-05,7.532522443986507e-08,1.6101982489897135e-05,3.539422904269753e-05,7.901969622059864e-08,1.647234933247256e-05,3.6250614182893936e-05,8.284836517127699e-08,1.684643784579454e-05,3.711717715681902e-05,8.681443751292336e-08,1.722423132890852e-05,3.799391517341193e-05,9.09211570345187e-08,1.7605713089180696e-05,3.888082540884773e-05,9.517180507977193e-08,1.799086644236521e-05,3.97779050065467e-05,9.956970053373672e-08,1.83796747126712e-05,4.0685151077183804e-05,1.0411819980927481e-07,1.8772121232829818e-05,4.160256069869835e-05,0.5999999999999999
6.832623542223296e-08,1.5372480662005245e-05,3.371200326385768e-05,7.176178118908722e-08,1.5735354027276483e-05,3.4548024494517175e-05,7.532522443986507e-08,1.6101982489897135e-05,3.539422904269753e-05,7.901969622059864e-08,1.647234933247256e-05,3.6250614182893936e-05,8.284836517127699e-08,1.684643784579454e-05,3.711717715681902e-05,8.681443751292336e-08,1.722423132890852e-05,3.799391517341193e-05,9.09211570345187e-08,1.7605713089180696e-05,3.888082540884773e-05,9.517180507977193e-08,1.799086644236521e-05,3.97779050065467e-05,9.956970053373672e-08,1.83796747126712e-05,4.0685151077183804e-05,1.0411819980927481e-07,1.8772121232829818e-05,4.160256069869835e-05,0.5999999999999999
6.832623542223296e-08,1.5372480662005245e-05,3.371200326385768e-05,7.176178118908722e-08,1.5735354027276483e-05,3.4548024494517175e-05,7.532522443986507e-08,1.6101982489897135e-05,3.539422904269753e-05,7.901969622059864e-08,1.647234933247256e-05,3.6250614182893936e-05,8.284836517127699e-08,1.684643784579454e-05,3.711717715681902e-05,8.681443751292336e-08,1.722423132890852e-05,3.799391517341193e-05,9.09211570345187e-08,1.7605713089180696e-05,3.888082540884773e-05,9.517180507977193e-08,1.799086644236521e-05,3.97779050065467e-05,9.956970053373672e-08,1.83796747126712e-05,4.0685151077183804e-05,1.0411819980927481e-07,1.8772121232829818e-05,4.160256069869835e-05,0.5999999999999999
6.832623542223296e-08,1.5372480662005245e-05,3.371200326385768e-05,7.176178118908722e-08,1.5735354027276483e-05,3.4548024494517175e-05,7.532522443986507e-08,1.6101982489897135e-05,3.539422904269753e-05,7.901969622059864e-08,1.647234933247256e-05,3.6250614182893936e-05,8.284836517127699e-08,1.684643784579454e-05,3.711717715681902e-05,8.681443751292336e-08,1.722423132890852e-05,3.799391517341193e-05,9.09211570345187e-08,1.7605713089180696e-05,3.888082540884773e-05,9.517180507977193e-08,1.799086644236521e-05,3.97779050065467e-05,9.956970053373672e-08,1.83796747126712e-05,4.0685151077183804e-05,1.0411819980927481e-07,1.8772121232829818e-05,4.160256069869835e-05,0.5999999999999999
6.832623542223296e-08,1.5372480662005245e-05,3.371200326385768e-05,7.176178118908722e-08,1.5735354027276483e-05,3.4548024494517175e-05,7.532522443986507e-08,1.6101982489897135e-05,3.539422904269753e-05,7.901969622059864e-08,1.647234933247256e-05,3.6250614182893936e-05,8.284836517127699e-08,1.684643784579454e-05,3.711717715681902e-05,8.681443751292336e-08,1.722423132890852e-05,3.799391517341193e-05,9.09211570345187e-08,1.7605713089180696e-05,3.888082540884773e-05,9.517180507977193e-08,1.799086644236521e-05,3.97779050065467e-05,9.956970053373672e-08,1.83796747126712e-05,4.0685151077183804e-05,1.0411819980927481e-07,1.8772121232829818e-05,4.160256069869835e-05,0.5999999999999999
6.832623542223296e-08,1.5372480662005245e-05,3.371200326385768e-05,7.176178118908722e-08,1.5735354027276483e-05,3.4548024494517175e-05,7.532522443986507e-08,1.6101982489897135e-05,3.539422904269753e-05,7.901969622059864e-08,1.647234933247256e-05,3.6250614182893936e-05,8.284836517127699e-08,1.684643784579454e-05,3.711717715681902e-05,8.681443751292336e-08,1.722423132890852e-05,3.799391517341193e-05,9.09211570345187e-08,1.7605713089180696e-05,3.888082540884773e-05,9.517180507977193e-08,1.799086644236521e-05,3.97779050065467e-05,9.956970053373672e-08,1.83796747126712e-05,4.0685151077183804e-05,1.0411819980927481e-07,1.8772121232829818e-05,4.160256069869835e-05,0.5999999999999999
6.832623542223296e-08,1.5372480662005245e-05,3.371200326385768e-05,7.176178118908722e-08,1.5735354027276483e-05,3.4548024494517175e-05,7.532522443986507e-08,1.6101982489897135e-05,3.539422904269753e-05,7.901969622059864e-08,1.647234933247256e-05,3.6250614182893936e-05,8.284836517127699e-08,1.684643784579454e-05,3.711717715681902e-05,8.681443751292336e-08,1.722423132890852e-05,3.799391517341193e-05,9.09211570345187e-08,1.7605713089180696e-05,3.888082540884773e-05,9.517180507977193e-08,1.799086644236521e-05,3.97779050065467e-05,9.956970053373672e-08,1.83796747126712e-05,4.0685151077183804e-05,1.0411819980927481e-07,1.8772121232829818e-05,4.160256069869835e-05,0.5999999999999999
6.832623542223296e-08,1.5372480662005245e-05,3.371200326385768e-05,7.176178118908722e-08,1.5735354027276483e-05,3.4548024494517175e-05,7.532522443986507e-08,1.6101982489897135e-05,3.539422904269753e-05,7.901969622059864e-08,1.647234933247256e-05,3.6250614182893936e-05,8.284836517127699e-08,1.684643784579454e-05,3.711717715681902e-05,8.681443751292336e-08,1.722423132890852e-05,3.799391517341193e-05,9.09211570345187e-08,1.7605713089180696e-05,3.888082540884773e-05,9.517180507977193e-08,1.799086644236521e-05,3.97779050065467e-05,9.956970053373672e-08,1.83796747126712e-05,4.0685151077183804e-05,1.0411819980927481e-07,1.8772121232829818e-05,4.160256069869835e-05,0.5999999999999999
6.832623542223296e-08,1.5372480662005245e-05,3.371200326385768e-05,7.176178118908722e-08,1.5735354027276483e-05,3.4548024494517175e-05,7.532522443986507e-08,1.6101982489897135e-05,3.539422904269753e-05,7.901969622059864e-08,1.647234933247256e-05,3.6250614182893936e-05,8.284836517127699e-08,1.684643784579454e-05,3.711717715681902e-05,8.681443751292336e-08,1.722423132890852e-05,3.799391517341193e-05,9.09211570345187e-08,1.7605713089180696e-05,3.888082540884773e-05,9.517180507977193e-08,1.799086644236521e-05,3.97779050065467e-05,9.956970053373672e-08,1.83796747126712e-05,4.0685151077183804e-05,1.0411819980927481e-07,1.8772121232829818e-05,4.160256069869835e-05,0.5999999999999999
6.832623542223296e-08,1.5372480662005245e-05,3.371200326385768e-05,7.176178118908722e-08,1.5735354027276483e-05,3.4548024494517175e-05,7.532522443986507e-08,1.6101982489897135e-05,3.539422904269753e-05,7.901969622059864e-08,1.647234933247256e-05,3.6250614182893936e-05,8.284836517127699e-08,1.684643784579454e-05,3.711717715681902e-05,8.681443751292336e-08,1.722423132890852e-05,3.799391517341193e-05,9.09211570345187e-08,1.7605713089180696e-05,3.888082540884773e-05,9.517180507977193e-08,1.799086644236521e-05,3.97779050065467e-05,9.956970053373672e-08,1.83796747126712e-05,4.0685151077183804e-05,1.0411819980927481e-07,1.8772121232829818e-05,4.160256069869835e-05,0.5999999999999999
6.832623542223296e-08,1.5372480662005245e-05,3.371200326385768e-05,7.176178118908722e-08,1.5735354027276483e-05,3.4548024494517175e-05,7.532522443986507e-08,1.6101982489897135e-05,3.539422904269753e-05,7.901969622059864e-08,1.647234933247256e-05,3.6250614182893936e-05,8.284836517127699e-08,1.684643784579454e-05,3.711717715681902e-05,8.681443751292336e-08,1.722423132890852e-05,3.799391517341193e-05,9.09211570345187e-08,1.7605713089180696e-05,3.888082540884773e-05,9.517180507977193e-08,1.799086644236521e-05,3.97779050065467e-05,9.956970053373672e-08,1.83796747126712e-05,4.0685151077183804e-05,1.0411819980927481e-07,1.8772121232829818e-05,4.160256069869835e-05,0.5999999999999999
6.832623542223296e-08,1.5372480662005245e-05,3.371200326385768e-05,7.176178118908722e-08,1.5735354027276483e-05,3.4548024494517175e-05,7.532522443986507e-08,1.6101982489897135e-05,3.539422904269753e-05,7.901969622059864e-08,1.647234933247256e-05,3.6250614182893936e-05,8.284836517127699e-08,1.684643784579454e-05,3.711717715681902e-05,8.681443751292336e-08,1.722423132890852e-05,3.799391517341193e-05,9.09211570345187e-08,1.7605713089180696e-05,3.888082540884773e-05,9.517180507977193e-08,1.799086644236521e-05,3.97779050065467e-05,9.956970053373672e-08,1.83796747126712e-05,4.0685151077183804e-05,1.0411819980927481e-07,1.8772121232829818e-05,4.160256069869835e-05,0.5999999999999999
6.832623542223296e-08,1.5372480662005245e-05,3.371200326385768e-05,7.176178118908722e-08,1.5735354027276483e-05,3.4548024494517175e-05,7.532522443986507e-08,1.6101982489897135e-05,3.539422904269753e-05,7.901969622059864e-08,1.647234933247256e-05,3.6250614182893936e-05,8.284836517127699e-08,1.684643784579454e-05,3.711717715681902e-05,8.681443751292336e-08,1.722423132890852e-05,3.799391517341193e-05,9.09211570345187e-08,1.7605713089180696e-05,3.888082540884773e-05,9.517180507977193e-08,1.799086644236521e-05,3.97779050065467e-05,9.956970053373672e-08,1.83796747126712e-05,4.0685151077183804e-05,1.0411819980927481e-07,1.8772121232829818e-05,4.160256069869835e-05,0.5999999999999999
6.832623542223296e-08,1.5372480662005245e-05,3.371200326385768e-05,7.176178118908722e-08,1.5735354027276483e-05,3.4548024494517175e-05,7.532522443986507e-08,1.6101982489897135e-05,3.539422904269753e-05,7.901969622059864e-08,1.647234933247256e-05,3.6250614182893936e-05,8.284836517127699e-08,1.684643784579454e-05,3.711717715681902e-05,8.681443751292336e-08,1.722423132890852e-05,3.799391517341193e-05,9.09211570345187e-08,1.7605713089180696e-05,3.888082540884773e-05,9.517180507977193e-08,1.799086644236521e-05,3.97779050065467e-05,9.956970053373672e-08,1.83796747126712e-05,4.0685151077183804e-05,1.0411819980927481e-07,1.8772121232829818e-05,4.160256069869835e-05,0.5999999999999999
6.832623542223296e-08,1.5372480662005245e-05,3.371200326385768e-05,7.176178118908722e-08,1.5735354027276483e-05,3.4548024494517175e-05,7.532522443986507e-08,1.6101982489897135e-05,3.539422904269753e-05,7.901969622059864e-08,1.647234933247256e-05,3.6250614182893936e-05,8.284836517127699e-08,1.684643784579454e-05,3.711717715681902e-05,8.681443751292336e-08,1.722423132890852e-05,3.799391517341193e-05,9.09211570345187e-08,1.7605713089180696e-05,3.888082540884773e-05,9.517180507977193e-08,1.799086644236521e-05,3.97779050065467e-05,9.956970053373672e-08,1.83796747126712e-05,4.0685151077183804e-05,1.0411819980927481e-07,1.8772121232829818e-05,4.160256069869835e-05,0.5999999999999999
6.832623542223296e-08,1.5372480662005245e-05,3.371200326385768e-05,7.176178118908722e-08,1.5735354027276483e-05,3.4548024494517175e-05,7.532522443986507e-08,1.6101982489897135e-05,3.539422904269753e-05,7.901969622059864e-08,1.647234933247256e-05,3.6250614182893936e-05,8.284836517127699e-08,1.684643784579454e-05,3.711717715681902e-05,8.681443751292336e-08,1.722423132890852e-05,3.799391517341193e-05,9.09211570345187e-08,1.7605713089180696e-05,3.888082540884773e-05,9.517180507977193e-08,1.799086644236521e-05,3.97779050065467e-05,9.956970053373672e-08,1.83796747126712e-05,4.0685151077183804e-05,1.0411819980927481e-07,1.8772121232829818e-05,4.160256069869835e-05,0.5999999999999999
6.832623542223296e-08,1.5372480662005245e-05,3.371200326385768e-05,7.176178118908722e-08,1.5735354027276483e-05,3.4548024494517175e-05,7.532522443986507e-08,1.6101982489897135e-05,3.539422904269753e-05,7.901969622059864e-08,1.647234933247256e-05,3.6250614182893936e-05,8.284836517127699e-08,1.684643784579454e-05,3.711717715681902e-05,8.681443751292336e-08,1.722423132890852e-05,3.799391517341193e-05,9.09211570345187e-08,1.7605713089180696e-05,3.888082540884773e-05,9.517180507977193e-08,1.799086644236521e-05,3.97779050065467e-05,9.956970053373672e-08,1.83796747126712e-05,4.0685151077183804e-05,1.0411819980927481e-07,1.8772121232829818e-05,4.160256069869835e-05,0.5999999999999999
6.832623542223296e-08,1.5372480662005245e-05,3.371200326385768e-05,7.176178118908722e-08,1.5735354027276483e-05,3.4548024494517175e-05,7.532522443986507e-08,1.6101982489897135e-05,3.539422904269753e-05,7.901969622059864e-08,1.647234933247256e-05,3.6250614182893936e-05,8.284836517127699e-08,1.684643784579454e-05,3.711717715681902e-05,8.681443751292336e-08,1.722423132890852e-05,3.799391517341193e-05,9.09211570345187e-08,1.7605713089180696e-05,3.888082540884773e-05,9.517180507977193e-08,1.799086644236521e-05,3.97779050065467e-05,9.956970053373672e-08,1.83796747126712e-05,4.0685151077183804e-05,1.0411819980927481e-07,1.8772121232829818e-05,4.160256069869835e-05,0.5999999999999999
6.832623542223296e-08,1.5372480662005245e-05,3.371200326385768e-05,7.176178118908722e-08,1.5735354027276483e-05,3.4548024494517175e-05,7.532522443986507e-08,1.6101982489897135e-05,3.539422904269753e-05,7.901969622059864e-08,1.647234933247256e-05,3.6250614182893936e-05,8.284836517127699e-08,1.684643784579454e-05,3.711717715681902e-05,8.681443751292336e-08,1.722423132890852e-05,3.799391517341193e-05,9.09211570345187e-08,1.7605713089180696e-05,3.888082540884773e-05,9.517180507977193e-08,1.799086644236521e-05,3.97779050065467e-05,9.956970053373672e-08,1.83796747126712e-05,4.0685151077183804e-05,1.0411819980927481e-07,1.8772121232829818e-05,4.160256069869835e-05,0.5999999999999999
6.832623542223296e-08,1.5372480662005245e-05,3.371200326385768e-05,7.176178118908722e-08,1.5735354027276483e-05,3.4548024494517175e-05,7.532522443986507e-08,1.6101982489897135e-05,3.539422904269753e-05,7.901969622059864e-08,1.647234933247256e-05,3.6250614182893936e-05,8.284836517127699e-08,1.684643784579454e-05,3.711717715681902e-05,8.681443751292336e-08,1.722423132890852e-05,3.799391517341193e-05,9.09211570345187e-08,1.7605713089180696e-05,3.888082540884773e-05,9.517180507977193e-08,1.799086644236521e-05,3.97779050065467e-05,9.956970053373672e-08,1.83796747126712e-05,4.0685151077183804e-05,1.0411819980927481e-07,1.8772121232829818e-05,4.160256069869835e-05,0.5999999999999999
6.832623542223296e-08,1.5372480662005245e-05,3.371200326385768e-05,7.176178118908722e-08,1.5735354027276483e-05,3.4548024494517175e-05,7.532522443986507e-08,1.6101982489897135e-05,3.539422904269753e-05,7.901969622059864e-08,1.647234933247256e-05,3.6250614182893936e-05,8.284836517127699e-08,1.684643784579454e-05,3.711717715681902e-05,8.681443751292336e-08,1.722423132890852e-05,3.799391517341193e-05,9.09211570345187e-08,1.7605713089180696e-05,3.888082540884773e-05,9.517180507977193e-08,1.799086644236521e-05,3.97779050065467e-05,9.956970053373672e-08,1.83796747126712e-05,4.0685151077183804e-05,1.0411819980927481e-07,1.8772121232829818e-05,4.160256069869835e-05,0.5999999999999999
6.832623542223296e-08,1.5372480662005245e-05,3.371200326385768e-05,7.176178118908722e-08,1.5735354027276483e-05,3.4548024494517175e-05,7.532522443986507e-08,1.6101982489897135e-05,3.539422904269753e-05,7.901969622059864e-08,1.647234933247256e-05,3.6250614182893936e-05,8.284836517127699e-08,1.684643784579454e-05,3.711717715681902e-05,8.681443751292336e-08,1.722423132890852e-05,3.799391517341193e-05,9.09211570345187e-08,1.7605713089180696e-05,3.888082540884773e-05,9.517180507977193e-08,1.799086644236521e-05,3.97779050065467e-05,9.956970053373672e-08,1.83796747126712e-05,4.0685151077183804e-05,1.0411819980927481e-07,1.8772121232829818e-05,4.160256069869835e-05,0.5999999999999999
6.832623542223296e-08,1.5372480662005245e-05,3.371200326385768e-05,7.176178118908722e-08,1.5735354027276483e-05,3.4548024494517175e-05,7.532522443986507e-08,1.6101982489897135e-05,3.539422904269753e-05,7.901969622059864e-08,1.647234933247256e-05,3.6250614182893936e-05,8.284836517127699e-08,1.684643784579454e-05,3.711717715681902e-05,8.681443751292336e-08,1.722423132890852e-05,3.799391517341193e-05,9.09211570345187e-08,1.7605713089180696e-05,3.888082540884773e-05,9.517180507977193e-08,1.799086644236521e-05,3.97779050065467e-05,9.956970053373672e-08,1.83796747126712e-05,4.0685151077183804e-05,1.0411819980927481e-07,1.8772121232829818e-05,4.160256069869835e-05,0.5999999999999999
6.832623542223296e-08,1.5372480662005245e-05,3.371200326385768e-05,7.176178118908722e-08,1.5735354027276483e-05,3.4548024494517175e-05,7.532522443986507e-08,1.6101982489897135e-05,3.539422904269753e-05,7.901969622059864e-08,1.647234933247256e-05,3.6250614182893936e-05,8.284836517127699e-08,1.684643784579454e-05,3.711717715681902e-05,8.681443751292336e-08,1.722423132890852e-05,3.799391517341193e-05,9.09211570345187e-08,1.7605713089180696e-05,3.888082540884773e-05,9.517180507977193e-08,1.799086644236521e-05,3.97779050065467e-05,9.956970053373672e-08,1.83796747126712e-05,4.0685151077183804e-05,1.0411819980927481e-07,1.8772121232829818e-05,4.160256069869835e-05,0.5999999999999999
6.832623542223296e-08,1.5372480662005245e-05,3.371200326385768e-05,7.176178118908722e-08,1.5735354027276483e-05,3.4548024494517175e-05,7.532522443986507e-08,1.6101982489897135e-05,3.539422904269753e-05,7.901969622059864e-08,1.647234933247256e-05,3.6250614182893936e-05,8.284836517127699e-08,1.684643784579454e-05,3.711717715681902e-05,8.681443751292336e-08,1.722423132890852e-05,3.799391517341193e-05,9.09211570345187e-08,1.7605713089180696e-05,3.888082540884773e-05,9.517180507977193e-08,1.799086644236521e-05,3.97779050065467e-05,9.956970053373672e-08,1.83796747126712e-05,4.0685151077183804e-05,1.0411819980927481e-07,1.8772121232829818e-05,4.160256069869835e-05,0.5999999999999999
6.832623542223296e-08,1.5372480662005245e-05,3.371200326385768e-05,7.176178118908722e-08,1.5735354027276483e-05,3.4548024494517175e-05,7.532522443986507e-08,1.6101982489897135e-05,3.539422904269753e-05,7.901969622059864e-08,1.647234933247256e-05,3.6250614182893936e-05,8.284836517127699e-08,1.684643784579454e-05,3.711717715681902e-05,8.681443751292336e-08,1.722423132890852e-05,3.799391517341193e-05,9.09211570345187e-08,1.7605713089180696e-05,3.888082540884773e-05,9.517180507977193e-08,1.799086644236521e-05,3.97779050065467e-05,9.956970053373672e-08,1.83796747126712e-05,4.0685151077183804e-05,1.0411819980927481e-07,1.8772121232829818e-05,4.160256069869835e-05,0.5999999999999999
6.832623542223296e-08,1.5372480662005245e-05,3.371200326385768e-05,7.176178118908722e-08,1.5735354027276483e-05,3.4548024494517175e-05,7.532522443986507e-08,1.6101982489897135e-05,3.539422904269753e-05,7.901969622059864e-08,1.647234933247256e-05,3.6250614182893936e-05,8.284836517127699e-08,1.684643784579454e-05,3.711717715681902e-05,8.681443751292336e-08,1.722423132890852e-05,3.799391517341193e-05,9.09211570345187e-08,1.7605713089180696e-05,3.888082540884773e-05,9.517180507977193e-08,1.799086644236521e-05,3.97779050065467e-05,9.956970053373672e-08,1.83796747126712e-05,4.0685151077183804e-05,1.0411819980927481e-07,1.8772121232829818e-05,4.160256069869835e-05,0.5999999999999999
6.832623542223296e-08,1.5372480662005245e-05,3.371200326385768e-05,7.176178118908722e-08,1.5735354027276483e-05,3.4548024494517175e-05,7.532522443986507e-08,1.6101982489897135e-05,3.539422904269753e-05,7.901969622059864e-08,1.647234933247256e-05,3.6250614182893936e-05,8.284836517127699e-08,1.684643784579454e-05,3.711717715681902e-05,8.681443751292336e-08,1.722423132890852e-05,3.799391517341193e-05,9.09211570345187e-08,1.7605713089180696e-05,3.888082540884773e-05,9.517180507977193e-08,1.799086644236521e-05,3.97779050065467e-05,9.956970053373672e-08,1.83796747126712e-05,4.0685151077183804e-05,1.0411819980927481e-07,1.8772121232829818e-05,4.160256069869835e-05,0.5999999999999999
6.832623542223296e-08,1.5372480662005245e-05,3.371200326385768e-05,7.176178118908722e-08,1.5735354027276483e-05,3.4548024494517175e-05,7.532522443986507e-08,1.6101982489897135e-05,3.539422904269753e-05,7.901969622059864e-08,1.647234933247256e-05,3.6250614182893936e-05,8.284836517127699e-08,1.684643784579454e-05,3.711717715681902e-05,8.681443751292336e-08,1.722423132890852e-05,3.799391517341193e-05,9.09211570345187e-08,1.7605713089180696e-05,3.888082540884773e-05,9.517180507977193e-08,1.799086644236521e-05,3.97779050065467e-05,9.956970053373672e-08,1.83796747126712e-05,4.0685151077183804e-05,1.0411819980927481e-07,1.8772121232829818e-05,4.160256069869835e-05,0.5999999999999999
6.832623542223296e-08,1.5372480662005245e-05,3.371200326385768e-05,7.176178118908722e-08,1.5735354027276483e-05,3.4548024494517175e-05,7.532522443986507e-08,1.6101982489897135e-05,3.539422904269753e-05,7.901969622059864e-08,1.647234933247256e-05,3.6250614182893936e-05,8.284836517127699e-08,1.684643784579454e-05,3.711717715681902e-05,8.681443751292336e-08,1.722423132890852e-05,3.799391517341193e-05,9.09211570345187e-08,1.7605713089180696e-05,3.888082540884773e-05,9.517180507977193e-08,1.799086644236521e-05,3.97779050065467e-05,9.956970053373672e-08,1.83796747126712e-05,4.0685151077183804e-05,1.0411819980927481e-07,1.8772121232829818e-05,4.160256069869835e-05,0.5999999999999999
6.832623542223296e-08,1.5372480662005245e-05,3.371200326385768e-05,7.176178118908722e-08,1.5735354027276483e-05,3.4548024494517175e-05,7.532522443986507e-08,1.6101982489897135e-05,3.539422904269753e-05,7.901969622059864e-08,1.647234933247256e-05,3.6250614182893936e-05,8.284836517127699e-08,1.684643784579454e-05,3.711717715681902e-05,8.681443751292336e-08,1.722423132890852e-05,3.799391517341193e-05,9.09211570345187e-08,1.7605713089180696e-05,3.888082540884773e-05,9.517180507977193e-08,1.799086644236521e-05,3.97779050065467e-05,9.956970053373672e-08,1.83796747126712e-05,4.0685151077183804e-05,1.0411819980927481e-07,1.8772121232829818e-05,4.160256069869835e-05,0.5999999999999999
6.832623542223296e-08,1.5372480662005245e-05,3.371200326385768e-05,7.176178118908722e-08,1.5735354027276483e-05,3.4548024494517175e-05,7.532522443986507e-08,1.6101982489897135e-05,3.539422904269753e-05,7.901969622059864e-08,1.647234933247256e-05,3.6250614182893936e-05,8.284836517127699e-08,1.684643784579454e-05,3.711717715681902e-05,8.681443751292336e-08,1.722423132890852e-05,3.799391517341193e-05,9.09211570345187e-08,1.7605713089180696e-05,3.888082540884773e-05,9.517180507977193e-08,1.799086644236521e-05,3.97779050065467e-05,9.956970053373672e-08,1.83796747126712e-05,4.0685151077183804e-05,1.0411819980927481e-07,1.8772121232829818e-05,4.160256069869835e-05,0.5999999999999999
6.832623542223296e-08,1.5372480662005245e-05,3.371200326385768e-05,7.176178118908722e-08,1.5735354027276483e-05,3.4548024494517175e-05,7.532522443986507e-08,1.6101982489897135e-05,3.539422904269753e-05,7.901969622059864e-08,1.647234933247256e-05,3.6250614182893936e-05,8.284836517127699e-08,1.684643784579454e-05,3.711717715681902e-05,8.681443751292336e-08,1.722423132890852e-05,3.799391517341193e-05,9.09211570345187e-08,1.7605713089180696e-05,3.888082540884773e-05,9.517180507977193e-08,1.799086644236521e-05,3.97779050065467e-05,9.956970053373672e-08,1.83796747126712e-05,4.0685151077183804e-05,1.0411819980927481e-07,1.8772121232829818e-05,4.160256069869835e-05,0.5999999999999999
6.832623542223296e-08,1.5372480662005245e-05,3.371200326385768e-05,7.176178118908722e-08,1.5735354027276483e-05,3.4548024494517175e-05,7.532522443986507e-08,1.6101982489897135e-05,3.539422904269753e-05,7.901969622059864e-08,1.647234933247256e-05,3.6250614182893936e-05,8.284836517127699e-08,1.684643784579454e-05,3.711717715681902e-05,8.681443751292336e-08,1.722423132890852e-05,3.799391517341193e-05,9.09211570345187e-08,1.7605713089180696e-05,3.888082540884773e-05,9.517180507977193e-08,1.799086644236521e-05,3.97779050065467e-05,9.956970053373672e-08,1.83796747126712e-05,4.0685151077183804e-05,1.0411819980927481e-07,1.8772121232829818e-05,4.160256069869835e-05,0.5999999999999999
6.832623542223296e-08,1.5372480662005245e-05,3.371200326385768e-05,7.176178118908722e-08,1.5735354027276483e-05,3.4548024494517175e-05,7.532522443986507e-08,1.6101982489897135e-05,3.539422904269753e-05,7.901969622059864e-08,1.647234933247256e-05,3.6250614182893936e-05,8.284836517127699e-08,1.684643784579454e-05,3.711717715681902e-05,8.681443751292336e-08,1.722423132890852e-05,3.799391517341193e-05,9.09211570345187e-08,1.7605713089180696e-05,3.888082540884773e-05,9.517180507977193e-08,1.799086644236521e-05,3.97779050065467e-05,9.956970053373672e-08,1.83796747126712e-05,4.0685151077183804e-05,1.0411819980927481e-07,1.8772121232829818e-05,4.160256069869835e-05,0.5999999999999999
6.832623542223296e-08,1.5372480662005245e-05,3.371200326385768e-05,7.176178118908722e-08,1.5735354027276483e-05,3.4548024494517175e-05,7.532522443986507e-08,1.6101982489897135e-05,3.539422904269753e-05,7.901969622059864e-08,1.647234933247256e-05,3.6250614182893936e-05,8.284836517127699e-08,1.684643784579454e-05,3.711717715681902e-05,8.681443751292336e-08,1.722423132890852e-05,3.799391517341193e-05,9.09211570345187e-08,1.7605713089180696e-05,3.888082540884773e-05,9.517180507977193e-08,1.799086644236521e-05,3.97779050065467e-05,9.956970053373672e-08,1.83796747126712e-05,4.0685151077183804e-05,1.0411819980927481e-07,1.8772121232829818e-05,4.160256069869835e-05,0.5999999999999999
6.832623542223296e-08,1.5372480662005245e-05,3.371200326385768e-05,7.176178118908722e-08,1.5735354027276483e-05,3.4548024494517175e-05,7.532522443986507e-08,1.6101982489897135e-05,3.539422904269753e-05,7.901969622059864e-08,1.647234933247256e-05,3.6250614182893936e-05,8.284836517127699e-08,1.684643784579454e-05,3.711717715681902e-05,8.681443751292336e-08,1.722423132890852e-05,3.799391517341193e-05,9.09211570345187e-08,1.7605713089180696e-05,3.888082540884773e-05,9.517180507977193e-08,1.799086644236521e-05,3.97779050065467e-05,9.956970053373672e-08,1.83796747126712e-05,4.0685151077183804e-05,1.0411819980927481e-07,1.8772121232829818e-05,4.160256069869835e-05,0.5999999999999999
6.832623542223296e-08,1.5372480662005245e-05,3.371200326385768e-05,7.176178118908722e-08,1.5735354027276483e-05,3.4548024494517175e-05,7.532522443986507e-08,1.6101982489897135e-05,3.539422904269753e-05,7.901969622059864e-08,1.647234933247256e-05,3.6250614182893936e-05,8.284836517127699e-08,1.684643784579454e-05,3.711717715681902e-05,8.681443751292336e-08,1.722423132890852e-05,3.799391517341193e-05,9.09211570345187e-08,1.7605713089180696e-05,3.888082540884773e-05,9.517180507977193e-08,1.799086644236521e-05,3.97779050065467e-05,9.956970053373672e-08,1.83796747126712e-05,4.0685151077183804e-05,1.0411819980927481e-07,1.8772121232829818e-05,4.160256069869835e-05,0.5999999999999999
6.832623542223296e-08,1.5372480662005245e-05,3.371200326385768e-05,7.176178118908722e-08,1.5735354027276483e-05,3.4548024494517175e-05,7.532522443986507e-08,1.6101982489897135e-05,3.539422904269753e-05,7.901969622059864e-08,1.647234933247256e-05,3.6250614182893936e-05,8.284836517127699e-08,1.684643784579454e-05,3.711717715681902e-05,8.681443751292336e-08,1.722423132890852e-05,3.799391517341193e-05,9.09211570345187e-08,1.7605713089180696e-05,3.888082540884773e-05,9.517180507977193e-08,1.799086644236521e-05,3.97779050065467e-05,9.956970053373672e-08,1.83796747126712e-05,4.0685151077183804e-05,1.0411819980927481e-07,1.8772121232829818e-05,4.160256069869835e-05,0.5999999999999999
6.832623542223296e-08,1.5372480662005245e-05,3.371200326385768e-05,7.176178118908722e-08,1.5735354027276483e-05,3.4548024494517175e-05,7.532522443986507e-08,1.6101982489897135e-05,3.539422904269753e-05,7.901969622059864e-08,1.647234933247256e-05,3.6250614182893936e-05,8.284836517127699e-08,1.684643784579454e-05,3.711717715681902e-05,8.681443751292336e-08,1.722423132890852e-05,3.799391517341193e-05,9.09211570345187e-08,1.7605713089180696e-05,3.888082540884773e-05,9.517180507977193e-08,1.799086644236521e-05,3.97779050065467e-05,9.956970053373672e-08,1.83796747126712e-05,4.0685151077183804e-05,1.0411819980927481e-07,1.8772121232829818e-05,4.160256069869835e-05,0.5999999999999999
6.832623542223296e-08,1.5372480662005245e-05,3.371200326385768e-05,7.176178118908722e-08,1.5735354027276483e-05,3.4548024494517175e-05,7.532522443986507e-08,1.6101982489897135e-05,3.539422904269753e-05,7.901969622059864e-08,1.647234933247256e-05,3.6250614182893936e-05,8.284836517127699e-08,1.684643784579454e-05,3.711717715681902e-05,8.681443751292336e-08,1.722423132890852e-05,3.799391517341193e-05,9.09211570345187e-08,1.7605713089180696e-05,3.888082540884773e-05,9.517180507977193e-08,1.799086644236521e-05,3.97779050065467e-05,9.956970053373672e-08,1.83796747126712e-05,4.0685151077183804e-05,1.0411819980927481e-07,1.8772121232829818e-05,4.160256069869835e-05,0.5999999999999999
6.832623542223296e-08,1.5372480662005245e-05,3.371200326385768e-05,7.176178118908722e-08,1.5735354027276483e-05,3.4548024494517175e-05,7.532522443986507e-08,1.6101982489897135e-05,3.539422904269753e-05,7.901969622059864e-08,1.647234933247256e-05,3.6250614182893936e-05,8.284836517127699e-08,1.684643784579454e-05,3.711717715681902e-05,8.681443751292336e-08,1.722423132890852e-05,3.799391517341193e-05,9.09211570345187e-08,1.7605713089180696e-05,3.888082540884773e-05,9.517180507977193e-08,1.799086644236521e-05,3.97779050065467e-05,9.956970053373672e-08,1.83796747126712e-05,4.0685151077183804e-05,1.0411819980927481e-07,1.8772121232829818e-05,4.160256069869835e-05,0.5999999999999999
6.832623542223296e-08,1.5372480662005245e-05,3.371200326385768e-05,7.176178118908722e-08,1.5735354027276483e-05,3.4548024494517175e-05,7.532522443986507e-08,1.6101982489897135e-05,3.539422904269753e-05,7.901969622059864e-08,1.647234933247256e-05,3.6250614182893936e-05,8.284836517127699e-08,1.684643784579454e-05,3.711717715681902e-05,8.681443751292336e-08,1.722423132890852e-05,3.799391517341193e-05,9.09211570345187e-08,1.7605713089180696e-05,3.888082540884773e-05,9.517180507977193e-08,1.799086644236521e-05,3.97779050065467e-05,9.956970053373672e-08,1.83796747126712e-05,4.0685151077183804e-05,1.0411819980927481e-07,1.8772121232829818e-05,4.160256069869835e-05,0.5999999999999999
6.832623542223296e-08,1.5372480662005245e-05,3.371200326385768e-05,7.176178118908722e-08,1.5735354027276483e-05,3.4548024494517175e-05,7.532522443986507e-08,1.6101982489897135e-05,3.539422904269753e-05,7.901969622059864e-08,1.647234933247256e-05,3.6250614182893936e-05,8.284836517127699e-08,1.684643784579454e-05,3.711717715681902e-05,8.681443751292336e-08,1.722423132890852e-05,3.799391517341193e-05,9.09211570345187e-08,1.7605713089180696e-05,3.888082540884773e-05,9.517180507977193e-08,1.799086644236521e-05,3.97779050065467e-05,9.956970053373672e-08,1.83796747126712e-05,4.0685151077183804e-05,1.0411819980927481e-07,1.8772121232829818e-05,4.160256069869835e-05,0.5999999999999999
6.832623542223296e-08,1.5372480662005245e-05,3.371200326385768e-05,7.176178118908722e-08,1.5735354027276483e-05,3.4548024494517175e-05,7.532522443986507e-08,1.6101982489897135e-05,3.539422904269753e-05,7.901969622059864e-08,1.647234933247256e-05,3.6250614182893936e-05,8.284836517127699e-08,1.684643784579454e-05,3.711717715681902e-05,8.681443751292336e-08,1.722423132890852e-05,3.799391517341193e-05,9.09211570345187e-08,1.7605713089180696e-05,3.888082540884773e-05,9.517180507977193e-08,1.799086644236521e-05,3.97779050065467e-05,9.956970053373672e-08,1.83796747126712e-05,4.0685151077183804e-05,1.0411819980927481e-07,1.8772121232829818e-05,4.160256069869835e-05,0.5999999999999999
6.832623542223296e-08,1.5372480662005245e-05,3.371200326385768e-05,7.176178118908722e-08,1.5735354027276483e-05,3.4548024494517175e-05,7.532522443986507e-08,1.6101982489897135e-05,3.539422904269753e-05,7.901969622059864e-08,1.647234933247256e-05,3.6250614182893936e-05,8.284836517127699e-08,1.684643784579454e-05,3.711717715681902e-05,8.681443751292336e-08,1.722423132890852e-05,3.799391517341193e-05,9.09211570345187e-08,1.7605713089180696e-05,3.888082540884773e-05,9.517180507977193e-08,1.799086644236521e-05,3.97779050065467e-05,9.956970053373672e-08,1.83796747126712e-05,4.0685151077183804e-05,1.0411819980927481e-07,1.8772121232829818e-05,4.160256069869835e-05,0.5999999999999999
6.832623542223296e-08,1.5372480662005245e-05,3.371200326385768e-05,7.176178118908722e-08,1.5735354027276483e-05,3.4548024494517175e-05,7.532522443986507e-08,1.6101982489897135e-05,3.539422904269753e-05,7.901969622059864e-08,1.647234933247256e-05,3.6250614182893936e-05,8.284836517127699e-08,1.684643784579454e-05,3.711717715681902e-05,8.681443751292336e-08,1.722423132890852e-05,3.799391517341193e-05,9.09211570345187e-08,1.7605713089180696e-05,3.888082540884773e-05,9.517180507977193e-08,1.799086644236521e-05,3.97779050065467e-05,9.956970053373672e-08,1.83796747126712e-05,4.0685151077183804e-05,1.0411819980927481e-07,1.8772121232829818e-05,4.160256069869835e-05,0.5999999999999999
6.832623542223296e-08,1.5372480662005245e-05,3.371200326385768e-05,7.176178118908722e-08,1.5735354027276483e-05,3.4548024494517175e-05,7.532522443986507e-08,1.6101982489897135e-05,3.539422904269753e-05,7.901969622059864e-08,1.647234933247256e-05,3.6250614182893936e-05,8.284836517127699e-08,1.684643784579454e-05,3.711717715681902e-05,8.681443751292336e-08,1.722423132890852e-05,3.799391517341193e-05,9.09211570345187e-08,1.7605713089180696e-05,3.888082540884773e-05,9.517180507977193e-08,1.799086644236521e-05,3.97779050065467e-05,9.956970053373672e-08,1.83796747126712e-05,4.0685151077183804e-05,1.0411819980927481e-07,1.8772121232829818e-05,4.160256069869835e-05,0.5999999999999999
6.832623542223296e-08,1.5372480662005245e-05,3.371200326385768e-05,7.176178118908722e-08,1.5735354027276483e-05,3.4548024494517175e-05,7.532522443986507e-08,1.6101982489897135e-05,3.539422904269753e-05,7.901969622059864e-08,1.647234933247256e-05,3.6250614182893936e-05,8.284836517127699e-08,1.684643784579454e-05,3.711717715681902e-05,8.681443751292336e-08,1.722423132890852e-05,3.799391517341193e-05,9.09211570345187e-08,1.7605713089180696e-05,3.888082540884773e-05,9.517180507977193e-08,1.799086644236521e-05,3.97779050065467e-05,9.956970053373672e-08,1.83796747126712e-05,4.0685151077183804e-05,1.0411819980927481e-07,1.8772121232829818e-05,4.160256069869835e-05,0.5999999999999999
6.832623542223296e-08,1.5372480662005245e-05,3.371200326385768e-05,7.176178118908722e-08,1.5735354027276483e-05,3.4548024494517175e-05,7.532522443986507e-08,1.6101982489897135e-05,3.539422904269753e-05,7.901969622059864e-08,1.647234933247256e-05,3.6250614182893936e-05,8.284836517127699e-08,1.684643784579454e-05,3.711717715681902e-05,8.681443751292336e-08,1.722423132890852e-05,3.799391517341193e-05,9.09211570345187e-08,1.7605713089180696e-05,3.888082540884773e-05,9.517180507977193e-08,1.799086644236521e-05,3.97779050065467e-05,9.956970053373672e-08,1.83796747126712e-05,4.0685151077183804e-05,1.0411819980927481e-07,1.8772121232829818e-05,4.160256069869835e-05,0.5999999999999999
6.832623542223296e-08,1.5372480662005245e-05,3.371200326385768e-05,7.176178118908722e-08,1.5735354027276483e-05,3.4548024494517175e-05,7.532522443986507e-08,1.6101982489897135e-05,3.539422904269753e-05,7.901969622059864e-08,1.647234933247256e-05,3.6250614182893936e-05,8.284836517127699e-08,1.684643784579454e-05,3.711717715681902e-05,8.681443751292336e-08,1.722423132890852e-05,3.799391517341193e-05,9.09211570345187e-08,1.7605713089180696e-05,3.888082540884773e-05,9.517180507977193e-08,1.799086644236521e-05,3.97779050065467e-05,9.956970053373672e-08,1.83796747126712e-05,4.0685151077183804e-05,1.0411819980927481e-07,1.8772121232829818e-05,4.160256069869835e-05,0.5999999999999999
6.832623542223296e-08,1.5372480662005245e-05,3.371200326385768e-05,7.176178118908722e-08,1.5735354027276483e-05,3.4548024494517175e-05,7.532522443986507e-08,1.6101982489897135e-05,3.539422904269753e-05,7.901969622059864e-08,1.647234933247256e-05,3.6250614182893936e-05,8.284836517127699e-08,1.684643784579454e-05,3.711717715681902e-05,8.681443751292336e-08,1.722423132890852e-05,3.799391517341193e-05,9.09211570345187e-08,1.7605713089180696e-05,3.888082540884773e-05,9.517180507977193e-08,1.799086644236521e-05,3.97779050065467e-05,9.956970053373672e-08,1.83796747126712e-05,4.0685151077183804e-05,1.0411819980927481e-07,1.8772121232829818e-05,4.160256069869835e-05,0.5999999999999999
6.832623542223296e-08,1.5372480662005245e-05,3.371200326385768e-05,7.176178118908722e-08,1.5735354027276483e-05,3.4548024494517175e-05,7.532522443986507e-08,1.6101982489897135e-05,3.539422904269753e-05,7.901969622059864e-08,1.647234933247256e-05,3.6250614182893936e-05,8.284836517127699e-08,1.684643784579454e-05,3.711717715681902e-05,8.681443751292336e-08,1.722423132890852e-05,3.799391517341193e-05,9.09211570345187e-08,1.7605713089180696e-05,3.888082540884773e-05,9.517180507977193e-08,1.799086644236521e-05,3.97779050065467e-05,9.956970053373672e-08,1.83796747126712e-05,4.0685151077183804e-05,1.0411819980927481e-07,1.8772121232829818e-05,4.160256069869835e-05,0.5999999999999999
6.832623542223296e-08,1.5372480662005245e-05,3.371200326385768e-05,7.176178118908722e-08,1.5735354027276483e-05,3.4548024494517175e-05,7.532522443986507e-08,1.6101982489897135e-05,3.539422904269753e-05,7.901969622059864e-08,1.647234933247256e-05,3.6250614182893936e-05,8.284836517127699e-08,1.684643784579454e-05,3.711717715681902e-05,8.681443751292336e-08,1.722423132890852e-05,3.799391517341193e-05,9.09211570345187e-08,1.7605713089180696e-05,3.888082540884773e-05,9.517180507977193e-08,1.799086644236521e-05,3.97779050065467e-05,9.956970053373672e-08,1.83796747126712e-05,4.0685151077183804e-05,1.0411819980927481e-07,1.8772121232829818e-05,4.160256069869835e-05,0.5999999999999999
6.832623542223296e-08,1.5372480662005245e-05,3.371200326385768e-05,7.176178118908722e-08,1.5735354027276483e-05,3.4548024494517175e-05,7.532522443986507e-08,1.6101982489897135e-05,3.539422904269753e-05,7.901969622059864e-08,1.647234933247256e-05,3.6250614182893936e-05,8.284836517127699e-08,1.684643784579454e-05,3.711717715681902e-05,8.681443751292336e-08,1.722423132890852e-05,3.799391517341193e-05,9.09211570345187e-08,1.7605713089180696e-05,3.888082540884773e-05,9.517180507977193e-08,1.799086644236521e-05,3.97779050065467e-05,9.956970053373672e-08,1.83796747126712e-05,4.0685151077183804e-05,1.0411819980927481e-07,1.8772121232829818e-05,4.160256069869835e-05,0.5999999999999999
6.832623542223296e-08,1.5372480662005245e-05,3.371200326385768e-05,7.176178118908722e-08,1.5735354027276483e-05,3.4548024494517175e-05,7.532522443986507e-08,1.6101982489897135e-05,3.539422904269753e-05,7.901969622059864e-08,1.647234933247256e-05,3.6250614182893936e-05,8.284836517127699e-08,1.684643784579454e-05,3.711717715681902e-05,8.681443751292336e-08,1.722423132890852e-05,3.799391517341193e-05,9.09211570345187e-08,1.7605713089180696e-05,3.888082540884773e-05,9.517180507977193e-08,1.799086644236521e-05,3.97779050065467e-05,9.956970053373672e-08,1.83796747126712e-05,4.0685151077183804e-05,1.0411819980927481e-07,1.8772121232829818e-05,4.160256069869835e-05,0.5999999999999999
6.832623542223296e-08,1.5372480662005245e-05,3.371200326385768e-05,7.176178118908722e-08,1.5735354027276483e-05,3.4548024494517175e-05,7.532522443986507e-08,1.6101982489897135e-05,3.539422904269753e-05,7.901969622059864e-08,1.647234933247256e-05,3.6250614182893936e-05,8.284836517127699e-08,1.684643784579454e-05,3.711717715681902e-05,8.681443751292336e-08,1.722423132890852e-05,3.799391517341193e-05,9.09211570345187e-08,1.7605713089180696e-05,3.888082540884773e-05,9.517180507977193e-08,1.799086644236521e-05,3.97779050065467e-05,9.956970053373672e-08,1.83796747126712e-05,4.0685151077183804e-05,1.0411819980927481e-07,1.8772121232829818e-05,4.160256069869835e-05,0.5999999999999999
6.832623542223296e-08,1.5372480662005245e-05,3.371200326385768e-05,7.176178118908722e-08,1.5735354027276483e-05,3.4548024494517175e-05,7.532522443986507e-08,1.6101982489897135e-05,3.539422904269753e-05,7.901969622059864e-08,1.647234933247256e-05,3.6250614182893936e-05,8.284836517127699e-08,1.684643784579454e-05,3.711717715681902e-05,8.681443751292336e-08,1.722423132890852e-05,3.799391517341193e-05,9.09211570345187e-08,1.7605713089180696e-05,3.888082540884773e-05,9.517180507977193e-08,1.799086644236521e-05,3.97779050065467e-05,9.956970053373672e-08,1.83796747126712e-05,4.0685151077183804e-05,1.0411819980927481e-07,1.8772121232829818e-05,4.160256069869835e-05,0.5999999999999999
6.832623542223296e-08,1.5372480662005245e-05,3.371200326385768e-05,7.176178118908722e-08,1.5735354027276483e-05,3.4548024494517175e-05,7.532522443986507e-08,1.6101982489897135e-05,3.539422904269753e-05,7.901969622059864e-08,1.647234933247256e-05,3.6250614182893936e-05,8.284836517127699e-08,1.684643784579454e-05,3.711717715681902e-05,8.681443751292336e-08,1.722423132890852e-05,3.799391517341193e-05,9.09211570345187e-08,1.7605713089180696e-05,3.888082540884773e-05,9.517180507977193e-08,1.799086644236521e-05,3.97779050065467e-05,9.956970053373672e-08,1.83796747126712e-05,4.0685151077183804e-05,1.0411819980927481e-07,1.8772121232829818e-05,4.160256069869835e-05,0.5999999999999999
6.832623542223296e-08,1.5372480662005245e-05,3.371200326385768e-05,7.176178118908722e-08,1.5735354027276483e-05,3.4548024494517175e-05,7.532522443986507e-08,1.6101982489897135e-05,3.539422904269753e-05,7.901969622059864e-08,1.647234933247256e-05,3.6250614182893936e-05,8.284836517127699e-08,1.684643784579454e-05,3.711717715681902e-05,8.681443751292336e-08,1.722423132890852e-05,3.799391517341193e-05,9.09211570345187e-08,1.7605713089180696e-05,3.888082540884773e-05,9.517180507977193e-08,1.799086644236521e-05,3.97779050065467e-05,9.956970053373672e-08,1.83796747126712e-05,4.0685151077183804e-05,1.0411819980927481e-07,1.8772121232829818e-05,4.160256069869835e-05,0.5999999999999999
6.832623542223296e-08,1.5372480662005245e-05,3.371200326385768e-05,7.176178118908722e-08,1.5735354027276483e-05,3.4548024494517175e-05,7.532522443986507e-08,1.6101982489897135e-05,3.539422904269753e-05,7.901969622059864e-08,1.647234933247256e-05,3.6250614182893936e-05,8.284836517127699e-08,1.684643784579454e-05,3.711717715681902e-05,8.681443751292336e-08,1.722423132890852e-05,3.799391517341193e-05,9.09211570345187e-08,1.7605713089180696e-05,3.888082540884773e-05,9.517180507977193e-08,1.799086644236521e-05,3.97779050065467e-05,9.956970053373672e-08,1.83796747126712e-05,4.0685151077183804e-05,1.0411819980927481e-07,1.8772121232829818e-05,4.160256069869835e-05,0.5999999999999999
6.832623542223296e-08,1.5372480662005245e-05,3.371200326385768e-05,7.176178118908722e-08,1.5735354027276483e-05,3.4548024494517175e-05,7.532522443986507e-08,1.6101982489897135e-05,3.539422904269753e-05,7.901969622059864e-08,1.647234933247256e-05,3.6250614182893936e-05,8.284836517127699e-08,1.684643784579454e-05,3.711717715681902e-05,8.681443751292336e-08,1.722423132890852e-05,3.799391517341193e-05,9.09211570345187e-08,1.7605713089180696e-05,3.888082540884773e-05,9.517180507977193e-08,1.799086644236521e-05,3.97779050065467e-05,9.956970053373672e-08,1.83796747126712e-05,4.0685151077183804e-05,1.0411819980927481e-07,1.8772121232829818e-05,4.160256069869835e-05,0.5999999999999999
6.832623542223296e-08,1.5372480662005245e-05,3.371200326385768e-05,7.176178118908722e-08,1.5735354027276483e-05,3.4548024494517175e-05,7.532522443986507e-08,1.6101982489897135e-05,3.539422904269753e-05,7.901969622059864e-08,1.647234933247256e-05,3.6250614182893936e-05,8.284836517127699e-08,1.684643784579454e-05,3.711717715681902e-05,8.681443751292336e-08,1.722423132890852e-05,3.799391517341193e-05,9.09211570345187e-08,1.7605713089180696e-05,3.888082540884773e-05,9.517180507977193e-08,1.799086644236521e-05,3.97779050065467e-05,9.956970053373672e-08,1.83796747126712e-05,4.0685151077183804e-05,1.0411819980927481e-07,1.8772121232829818e-05,4.160256069869835e-05,0.5999999999999999
6.832623542223296e-08,1.5372480662005245e-05,3.371200326385768e-05,7.176178118908722e-08,1.5735354027276483e-05,3.4548024494517175e-05,7.532522443986507e-08,1.6101982489897135e-05,3.539422904269753e-05,7.901969622059864e-08,1.647234933247256e-05,3.6250614182893936e-05,8.284836517127699e-08,1.684643784579454e-05,3.711717715681902e-05,8.681443751292336e-08,1.722423132890852e-05,3.799391517341193e-05,9.09211570345187e-08,1.7605713089180696e-05,3.888082540884773e-05,9.517180507977193e-08,1.799086644236521e-05,3.97779050065467e-05,9.956970053373672e-08,1.83796747126712e-05,4.0685151077183804e-05,1.0411819980927481e-07,1.8772121232829818e-05,4.160256069869835e-05,0.5999999999999999
6.832623542223296e-08,1.5372480662005245e-05,3.371200326385768e-05,7.176178118908722e-08,1.5735354027276483e-05,3.4548024494517175e-05,7.532522443986507e-08,1.6101982489897135e-05,3.539422904269753e-05,7.901969622059864e-08,1.647234933247256e-05,3.6250614182893936e-05,8.284836517127699e-08,1.684643784579454e-05,3.711717715681902e-05,8.681443751292336e-08,1.722423132890852e-05,3.799391517341193e-05,9.09211570345187e-08,1.7605713089180696e-05,3.888082540884773e-05,9.517180507977193e-08,1.799086644236521e-05,3.97779050065467e-05,9.956970053373672e-08,1.83796747126712e-05,4.0685151077183804e-05,1.0411819980927481e-07,1.8772121232829818e-05,4.160256069869835e-05,0.5999999999999999
6.832623542223296e-08,1.5372480662005245e-05,3.371200326385768e-05,7.176178118908722e-08,1.5735354027276483e-05,3.4548024494517175e-05,7.532522443986507e-08,1.6101982489897135e-05,3.539422904269753e-05,7.901969622059864e-08,1.647234933247256e-05,3.6250614182893936e-05,8.284836517127699e-08,1.684643784579454e-05,3.711717715681902e-05,8.681443751292336e-08,1.722423132890852e-05,3.799391517341193e-05,9.09211570345187e-08,1.7605713089180696e-05,3.888082540884773e-05,9.517180507977193e-08,1.799086644236521e-05,3.97779050065467e-05,9.956970053373672e-08,1.83796747126712e-05,4.0685151077183804e-05,1.0411819980927481e-07,1.8772121232829818e-05,4.160256069869835e-05,0.5999999999999999
6.832623542223296e-08,1.5372480662005245e-05,3.371200326385768e-05,7.176178118908722e-08,1.5735354027276483e-05,3.4548024494517175e-05,7.532522443986507e-08,1.6101982489897135e-05,3.539422904269753e-05,7.901969622059864e-08,1.647234933247256e-05,3.6250614182893936e-05,8.284836517127699e-08,1.684643784579454e-05,3.711717715681902e-05,8.681443751292336e-08,1.722423132890852e-05,3.799391517341193e-05,9.09211570345187e-08,1.7605713089180696e-05,3.888082540884773e-05,9.517180507977193e-08,1.799086644236521e-05,3.97779050065467e-05,9.956970053373672e-08,1.83796747126712e-05,4.0685151077183804e-05,1.0411819980927481e-07,1.8772121232829818e-05,4.160256069869835e-05,0.5999999999999999
6.832623542223296e-08,1.5372480662005245e-05,3.371200326385768e-05,7.176178118908722e-08,1.5735354027276483e-05,3.4548024494517175e-05,7.532522443986507e-08,1.6101982489897135e-05,3.539422904269753e-05,7.901969622059864e-08,1.647234933247256e-05,3.6250614182893936e-05,8.284836517127699e-08,1.684643784579454e-05,3.711717715681902e-05,8.681443751292336e-08,1.722423132890852e-05,3.799391517341193e-05,9.09211570345187e-08,1.7605713089180696e-05,3.888082540884773e-05,9.517180507977193e-08,1.799086644236521e-05,3.97779050065467e-05,9.956970053373672e-08,1.83796747126712e-05,4.0685151077183804e-05,1.0411819980927481e-07,1.8772121232829818e-05,4.160256069869835e-05,0.5999999999999999
6.832623542223296e-08,1.5372480662005245e-05,3.371200326385768e-05,7.176178118908722e-08,1.5735354027276483e-05,3.4548024494517175e-05,7.532522443986507e-08,1.6101982489897135e-05,3.539422904269753e-05,7.901969622059864e-08,1.647234933247256e-05,3.6250614182893936e-05,8.284836517127699e-08,1.684643784579454e-05,3.711717715681902e-05,8.681443751292336e-08,1.722423132890852e-05,3.799391517341193e-05,9.09211570345187e-08,1.7605713089180696e-05,3.888082540884773e-05,9.517180507977193e-08,1.799086644236521e-05,3.97779050065467e-05,9.956970053373672e-08,1.83796747126712e-05,4.0685151077183804e-05,1.0411819980927481e-07,1.8772121232829818e-05,4.160256069869835e-05,0.5999999999999999
6.832623542223296e-08,1.5372480662005245e-05,3.371200326385768e-05,7.176178118908722e-08,1.5735354027276483e-05,3.4548024494517175e-05,7.532522443986507e-08,1.6101982489897135e-05,3.539422904269753e-05,7.901969622059864e-08,1.647234933247256e-05,3.6250614182893936e-05,8.284836517127699e-08,1.684643784579454e-05,3.711717715681902e-05,8.681443751292336e-08,1.722423132890852e-05,3.799391517341193e-05,9.09211570345187e-08,1.7605713089180696e-05,3.888082540884773e-05,9.517180507977193e-08,1.799086644236521e-05,3.97779050065467e-05,9.956970053373672e-08,1.83796747126712e-05,4.0685151077183804e-05,1.0411819980927481e-07,1.8772121232829818e-05,4.160256069869835e-05,0.5999999999999999
6.832623542223296e-08,1.5372480662005245e-05,3.371200326385768e-05,7.176178118908722e-08,1.5735354027276483e-05,3.4548024494517175e-05,7.532522443986507e-08,1.6101982489897135e-05,3.539422904269753e-05,7.901969622059864e-08,1.647234933247256e-05,3.6250614182893936e-05,8.284836517127699e-08,1.684643784579454e-05,3.711717715681902e-05,8.681443751292336e-08,1.722423132890852e-05,3.799391517341193e-05,9.09211570345187e-08,1.7605713089180696e-05,3.888082540884773e-05,9.517180507977193e-08,1.799086644236521e-05,3.97779050065467e-05,9.956970053373672e-08,1.83796747126712e-05,4.0685151077183804e-05,1.0411819980927481e-07,1.8772121232829818e-05,4.160256069869835e-05,0.5999999999999999
6.832623542223296e-08,1.5372480662005245e-05,3.371200326385768e-05,7.176178118908722e-08,1.5735354027276483e-05,3.4548024494517175e-05,7.532522443986507e-08,1.6101982489897135e-05,3.539422904269753e-05,7.901969622059864e-08,1.647234933247256e-05,3.6250614182893936e-05,8.284836517127699e-08,1.684643784579454e-05,3.711717715681902e-05,8.681443751292336e-08,1.722423132890852e-05,3.799391517341193e-05,9.09211570345187e-08,1.7605713089180696e-05,3.888082540884773e-05,9.517180507977193e-08,1.799086644236521e-05,3.97779050065467e-05,9.956970053373672e-08,1.83796747126712e-05,4.0685151077183804e-05,1.0411819980927481e-07,1.8772121232829818e-05,4.160256069869835e-05,0.5999999999999999
6.832623542223296e-08,1.5372480662005245e-05,3.371200326385768e-05,7.176178118908722e-08,1.5735354027276483e-05,3.4548024494517175e-05,7.532522443986507e-08,1.6101982489897135e-05,3.539422904269753e-05,7.901969622059864e-08,1.647234933247256e-05,3.6250614182893936e-05,8.284836517127699e-08,1.684643784579454e-05,3.711717715681902e-05,8.681443751292336e-08,1.722423132890852e-05,3.799391517341193e-05,9.09211570345187e-08,1.7605713089180696e-05,3.888082540884773e-05,9.517180507977193e-08,1.799086644236521e-05,3.97779050065467e-05,9.956970053373672e-08,1.83796747126712e-05,4.0685151077183804e-05,1.0411819980927481e-07,1.8772121232829818e-05,4.160256069869835e-05,0.5999999999999999
6.832623542223296e-08,1.5372480662005245e-05,3.371200326385768e-05,7.176178118908722e-08,1.5735354027276483e-05,3.4548024494517175e-05,7.532522443986507e-08,1.6101982489897135e-05,3.539422904269753e-05,7.901969622059864e-08,1.647234933247256e-05,3.6250614182893936e-05,8.284836517127699e-08,1.684643784579454e-05,3.711717715681902e-05,8.681443751292336e-08,1.722423132890852e-05,3.799391517341193e-05,9.09211570345187e-08,1.7605713089180696e-05,3.888082540884773e-05,9.517180507977193e-08,1.799086644236521e-05,3.97779050065467e-05,9.956970053373672e-08,1.83796747126712e-05,4.0685151077183804e-05,1.0411819980927481e-07,1.8772121232829818e-05,4.160256069869835e-05,0.5999999999999999
6.832623542223296e-08,1.5372480662005245e-05,3.371200326385768e-05,7.176178118908722e-08,1.5735354027276483e-05,3.4548024494517175e-05,7.532522443986507e-08,1.6101982489897135e-05,3.539422904269753e-05,7.901969622059864e-08,1.647234933247256e-05,3.6250614182893936e-05,8.284836517127699e-08,1.684643784579454e-05,3.711717715681902e-05,8.681443751292336e-08,1.722423132890852e-05,3.799391517341193e-05,9.09211570345187e-08,1.7605713089180696e-05,3.888082540884773e-05,9.517180507977193e-08,1.799086644236521e-05,3.97779050065467e-05,9.956970053373672e-08,1.83796747126712e-05,4.0685151077183804e-05,1.0411819980927481e-07,1.8772121232829818e-05,4.160256069869835e-05,0.5999999999999999
6.832623542223296e-08,1.5372480662005245e-05,3.371200326385768e-05,7.176178118908722e-08,1.5735354027276483e-05,3.4548024494517175e-05,7.532522443986507e-08,1.6101982489897135e-05,3.539422904269753e-05,7.901969622059864e-08,1.647234933247256e-05,3.6250614182893936e-05,8.284836517127699e-08,1.684643784579454e-05,3.711717715681902e-05,8.681443751292336e-08,1.722423132890852e-05,3.799391517341193e-05,9.09211570345187e-08,1.7605713089180696e-05,3.888082540884773e-05,9.517180507977193e-08,1.799086644236521e-05,3.97779050065467e-05,9.956970053373672e-08,1.83796747126712e-05,4.0685151077183804e-05,1.0411819980927481e-07,1.8772121232829818e-05,4.160256069869835e-05,0.5999999999999999
6.832623542223296e-08,1.5372480662005245e-05,3.371200326385768e-05,7.176178118908722e-08,1.5735354027276483e-05,3.4548024494517175e-05,7.532522443986507e-08,1.6101982489897135e-05,3.539422904269753e-05,7.901969622059864e-08,1.647234933247256e-05,3.6250614182893936e-05,8.284836517127699e-08,1.684643784579454e-05,3.711717715681902e-05,8.681443751292336e-08,1.722423132890852e-05,3.799391517341193e-05,9.09211570345187e-08,1.7605713089180696e-05,3.888082540884773e-05,9.517180507977193e-08,1.799086644236521e-05,3.97779050065467e-05,9.956970053373672e-08,1.83796747126712e-05,4.0685151077183804e-05,1.0411819980927481e-07,1.8772121232829818e-05,4.160256069869835e-05,0.5999999999999999
6.832623542223296e-08,1.5372480662005245e-05,3.371200326385768e-05,7.176178118908722e-08,1.5735354027276483e-05,3.4548024494517175e-05,7.532522443986507e-08,1.6101982489897135e-05,3.539422904269753e-05,7.901969622059864e-08,1.647234933247256e-05,3.6250614182893936e-05,8.284836517127699e-08,1.684643784579454e-05,3.711717715681902e-05,8.681443751292336e-08,1.722423132890852e-05,3.799391517341193e-05,9.09211570345187e-08,1.7605713089180696e-05,3.888082540884773e-05,9.517180507977193e-08,1.799086644236521e-05,3.97779050065467e-05,9.956970053373672e-08,1.83796747126712e-05,4.0685151077183804e-05,1.0411819980927481e-07,1.8772121232829818e-05,4.160256069869835e-05,0.5999999999999999
6.832623542223296e-08,1.5372480662005245e-05,3.371200326385768e-05,7.176178118908722e-08,1.5735354027276483e-05,3.4548024494517175e-05,7.532522443986507e-08,1.6101982489897135e-05,3.539422904269753e-05,7.901969622059864e-08,1.647234933247256e-05,3.6250614182893936e-05,8.284836517127699e-08,1.684643784579454e-05,3.711717715681902e-05,8.681443751292336e-08,1.722423132890852e-05,3.799391517341193e-05,9.09211570345187e-08,1.7605713089180696e-05,3.888082540884773e-05,9.517180507977193e-08,1.799086644236521e-05,3.97779050065467e-05,9.956970053373672e-08,1.83796747126712e-05,4.0685151077183804e-05,1.0411819980927481e-07,1.8772121232829818e-05,4.160256069869835e-05,0.5999999999999999
6.832623542223296e-08,1.5372480662005245e-05,3.371200326385768e-05,7.176178118908722e-08,1.5735354027276483e-05,3.4548024494517175e-05,7.532522443986507e-08,1.6101982489897135e-05,3.539422904269753e-05,7.901969622059864e-08,1.647234933247256e-05,3.6250614182893936e-05,8.284836517127699e-08,1.684643784579454e-05,3.711717715681902e-05,8.681443751292336e-08,1.722423132890852e-05,3.799391517341193e-05,9.09211570345187e-08,1.7605713089180696e-05,3.888082540884773e-05,9.517180507977193e-08,1.799086644236521e-05,3.97779050065467e-05,9.956970053373672e-08,1.83796747126712e-05,4.0685151077183804e-05,1.0411819980927481e-07,1.8772121232829818e-05,4.160256069869835e-05,0.5999999999999999
6.832623542223296e-08,1.5372480662005245e-05,3.371200326385768e-05,7.176178118908722e-08,1.5735354027276483e-05,3.4548024494517175e-05,7.532522443986507e-08,1.6101982489897135e-05,3.539422904269753e-05,7.901969622059864e-08,1.647234933247256e-05,3.6250614182893936e-05,8.284836517127699e-08,1.684643784579454e-05,3.711717715681902e-05,8.681443751292336e-08,1.722423132890852e-05,3.799391517341193e-05,9.09211570345187e-08,1.7605713089180696e-05,3.888082540884773e-05,9.517180507977193e-08,1.799086644236521e-05,3.97779050065467e-05,9.956970053373672e-08,1.83796747126712e-05,4.0685151077183804e-05,1.0411819980927481e-07,1.8772121232829818e-05,4.160256069869835e-05,0.5999999999999999
6.832623542223296e-08,1.5372480662005245e-05,3.371200326385768e-05,7.176178118908722e-08,1.5735354027276483e-05,3.4548024494517175e-05,7.532522443986507e-08,1.6101982489897135e-05,3.539422904269753e-05,7.901969622059864e-08,1.647234933247256e-05,3.6250614182893936e-05,8.284836517127699e-08,1.684643784579454e-05,3.711717715681902e-05,8.681443751292336e-08,1.722423132890852e-05,3.799391517341193e-05,9.09211570345187e-08,1.7605713089180696e-05,3.888082540884773e-05,9.517180507977193e-08,1.799086644236521e-05,3.97779050065467e-05,9.956970053373672e-08,1.83796747126712e-05,4.0685151077183804e-05,1.0411819980927481e-07,1.8772121232829818e-05,4.160256069869835e-05,0.5999999999999999
6.832623542223296e-08,1.5372480662005245e-05,3.371200326385768e-05,7.176178118908722e-08,1.5735354027276483e-05,3.4548024494517175e-05,7.532522443986507e-08,1.6101982489897135e-05,3.539422904269753e-05,7.901969622059864e-08,1.647234933247256e-05,3.6250614182893936e-05,8.284836517127699e-08,1.684643784579454e-05,3.711717715681902e-05,8.681443751292336e-08,1.722423132890852e-05,3.799391517341193e-05,9.09211570345187e-08,1.7605713089180696e-05,3.888082540884773e-05,9.517180507977193e-08,1.799086644236521e-05,3.97779050065467e-05,9.956970053373672e-08,1.83796747126712e-05,4.0685151077183804e-05,1.0411819980927481e-07,1.8772121232829818e-05,4.160256069869835e-05,0.5999999999999999
6.832623542223296e-08,1.5372480662005245e-05,3.371200326385768e-05,7.176178118908722e-08,1.5735354027276483e-05,3.4548024494517175e-05,7.532522443986507e-08,1.6101982489897135e-05,3.539422904269753e-05,7.901969622059864e-08,1.647234933247256e-05,3.6250614182893936e-05,8.284836517127699e-08,1.684643784579454e-05,3.711717715681902e-05,8.681443751292336e-08,1.722423132890852e-05,3.799391517341193e-05,9.09211570345187e-08,1.7605713089180696e-05,3.888082540884773e-05,9.517180507977193e-08,1.799086644236521e-05,3.97779050065467e-05,9.956970053373672e-08,1.83796747126712e-05,4.0685151077183804e-05,1.0411819980927481e-07,1.8772121232829818e-05,4.160256069869835e-05,0.5999999999999999
6.832623542223296e-08,1.5372480662005245e-05,3.371200326385768e-05,7.176178118908722e-08,1.5735354027276483e-05,3.4548024494517175e-05,7.532522443986507e-08,1.6101982489897135e-05,3.539422904269753e-05,7.901969622059864e-08,1.647234933247256e-05,3.6250614182893936e-05,8.284836517127699e-08,1.684643784579454e-05,3.711717715681902e-05,8.681443751292336e-08,1.722423132890852e-05,3.799391517341193e-05,9.09211570345187e-08,1.7605713089180696e-05,3.888082540884773e-05,9.517180507977193e-08,1.799086644236521e-05,3.97779050065467e-05,9.956970053373672e-08,1.83796747126712e-05,4.0685151077183804e-05,1.0411819980927481e-07,1.8772121232829818e-05,4.160256069869835e-05,0.5999999999999999
6.832623542223296e-08,1.5372480662005245e-05,3.371200326385768e-05,7.176178118908722e-08,1.5735354027276483e-05,3.4548024494517175e-05,7.532522443986507e-08,1.6101982489897135e-05,3.539422904269753e-05,7.901969622059864e-08,1.647234933247256e-05,3.6250614182893936e-05,8.284836517127699e-08,1.684643784579454e-05,3.711717715681902e-05,8.681443751292336e-08,1.722423132890852e-05,3.799391517341193e-05,9.09211570345187e-08,1.7605713089180696e-05,3.888082540884773e-05,9.517180507977193e-08,1.799086644236521e-05,3.97779050065467e-05,9.956970053373672e-08,1.83796747126712e-05,4.0685151077183804e-05,1.0411819980927481e-07,1.8772121232829818e-05,4.160256069869835e-05,0.5999999999999999
6.832623542223296e-08,1.5372480662005245e-05,3.371200326385768e-05,7.176178118908722e-08,1.5735354027276483e-05,3.4548024494517175e-05,7.532522443986507e-08,1.6101982489897135e-05,3.539422904269753e-05,7.901969622059864e-08,1.647234933247256e-05,3.6250614182893936e-05,8.284836517127699e-08,1.684643784579454e-05,3.711717715681902e-05,8.681443751292336e-08,1.722423132890852e-05,3.799391517341193e-05,9.09211570345187e-08,1.7605713089180696e-05,3.888082540884773e-05,9.517180507977193e-08,1.799086644236521e-05,3.97779050065467e-05,9.956970053373672e-08,1.83796747126712e-05,4.0685151077183804e-05,1.0411819980927481e-07,1.8772121232829818e-05,4.160256069869835e-05,0.5999999999999999
6.832623542223296e-08,1.5372480662005245e-05,3.371200326385768e-05,7.176178118908722e-08,1.5735354027276483e-05,3.4548024494517175e-05,7.532522443986507e-08,1.6101982489897135e-05,3.539422904269753e-05,7.901969622059864e-08,1.647234933247256e-05,3.6250614182893936e-05,8.284836517127699e-08,1.684643784579454e-05,3.711717715681902e-05,8.681443751292336e-08,1.722423132890852e-05,3.799391517341193e-05,9.09211570345187e-08,1.7605713089180696e-05,3.888082540884773e-05,9.517180507977193e-08,1.799086644236521e-05,3.97779050065467e-05,9.956970053373672e-08,1.83796747126712e-05,4.0685151077183804e-05,1.0411819980927481e-07,1.8772121232829818e-05,4.160256069869835e-05,0.5999999999999999
6.832623542223296e-08,1.5372480662005245e-05,3.371200326385768e-05,7.176178118908722e-08,1.5735354027276483e-05,3.4548024494517175e-05,7.532522443986507e-08,1.6101982489897135e-05,3.539422904269753e-05,7.901969622059864e-08,1.647234933247256e-05,3.6250614182893936e-05,8.284836517127699e-08,1.684643784579454e-05,3.711717715681902e-05,8.681443751292336e-08,1.722423132890852e-05,3.799391517341193e-05,9.09211570345187e-08,1.7605713089180696e-05,3.888082540884773e-05,9.517180507977193e-08,1.799086644236521e-05,3.97779050065467e-05,9.956970053373672e-08,1.83796747126712e-05,4.0685151077183804e-05,1.0411819980927481e-07,1.8772121232829818e-05,4.160256069869835e-05,0.5999999999999999
6.832623542223296e-08,1.5372480662005245e-05,3.371200326385768e-05,7.176178118908722e-08,1.5735354027276483e-05,3.4548024494517175e-05,7.532522443986507e-08,1.6101982489897135e-05,3.539422904269753e-05,7.901969622059864e-08,1.647234933247256e-05,3.6250614182893936e-05,8.284836517127699e-08,1.684643784579454e-05,3.711717715681902e-05,8.681443751292336e-08,1.722423132890852e-05,3.799391517341193e-05,9.09211570345187e-08,1.7605713089180696e-05,3.888082540884773e-05,9.517180507977193e-08,1.799086644236521e-05,3.97779050065467e-05,9.956970053373672e-08,1.83796747126712e-05,4.0685151077183804e-05,1.0411819980927481e-07,1.8772121232829818e-05,4.160256069869835e-05,0.5999999999999999
6.832623542223296e-08,1.5372480662005245e-05,3.371200326385768e-05,7.176178118908722e-08,1.5735354027276483e-05,3.4548024494517175e-05,7.532522443986507e-08,1.6101982489897135e-05,3.539422904269753e-05,7.901969622059864e-08,1.647234933247256e-05,3.6250614182893936e-05,8.284836517127699e-08,1.684643784579454e-05,3.711717715681902e-05,8.681443751292336e-08,1.722423132890852e-05,3.799391517341193e-05,9.09211570345187e-08,1.7605713089180696e-05,3.888082540884773e-05,9.517180507977193e-08,1.799086644236521e-05,3.97779050065467e-05,9.956970053373672e-08,1.83796747126712e-05,4.0685151077183804e-05,1.0411819980927481e-07,1.8772121232829818e-05,4.160256069869835e-05,0.5999999999999999
6.832623542223296e-08,1.5372480662005245e-05,3.371200326385768e-05,7.176178118908722e-08,1.5735354027276483e-05,3.4548024494517175e-05,7.532522443986507e-08,1.6101982489897135e-05,3.539422904269753e-05,7.901969622059864e-08,1.647234933247256e-05,3.6250614182893936e-05,8.284836517127699e-08,1.684643784579454e-05,3.711717715681902e-05,8.681443751292336e-08,1.722423132890852e-05,3.799391517341193e-05,9.09211570345187e-08,1.7605713089180696e-05,3.888082540884773e-05,9.517180507977193e-08,1.799086644236521e-05,3.97779050065467e-05,9.956970053373672e-08,1.83796747126712e-05,4.0685151077183804e-05,1.0411819980927481e-07,1.8772121232829818e-05,4.160256069869835e-05,0.5999999999999999
6.832623542223296e-08,1.5372480662005245e-05,3.371200326385768e-05,7.176178118908722e-08,1.5735354027276483e-05,3.4548024494517175e-05,7.532522443986507e-08,1.6101982489897135e-05,3.539422904269753e-05,7.901969622059864e-08,1.647234933247256e-05,3.6250614182893936e-05,8.284836517127699e-08,1.684643784579454e-05,3.711717715681902e-05,8.681443751292336e-08,1.722423132890852e-05,3.799391517341193e-05,9.09211570345187e-08,1.7605713089180696e-05,3.888082540884773e-05,9.517180507977193e-08,1.799086644236521e-05,3.97779050065467e-05,9.956970053373672e-08,1.83796747126712e-05,4.0685151077183804e-05,1.0411819980927481e-07,1.8772121232829818e-05,4.160256069869835e-05,0.5999999999999999
6.832623542223296e-08,1.5372480662005245e-05,3.371200326385768e-05,7.176178118908722e-08,1.5735354027276483e-05,3.4548024494517175e-05,7.532522443986507e-08,1.6101982489897135e-05,3.539422904269753e-05,7.901969622059864e-08,1.647234933247256e-05,3.6250614182893936e-05,8.284836517127699e-08,1.684643784579454e-05,3.711717715681902e-05,8.681443751292336e-08,1.722423132890852e-05,3.799391517341193e-05,9.09211570345187e-08,1.7605713089180696e-05,3.888082540884773e-05,9.517180507977193e-08,1.799086644236521e-05,3.97779050065467e-05,9.956970053373672e-08,1.83796747126712e-05,4.0685151077183804e-05,1.0411819980927481e-07,1.8772121232829818e-05,4.160256069869835e-05,0.5999999999999999
6.832623542223296e-08,1.5372480662005245e-05,3.371200326385768e-05,7.176178118908722e-08,1.5735354027276483e-05,3.4548024494517175e-05,7.532522443986507e-08,1.6101982489897135e-05,3.539422904269753e-05,7.901969622059864e-08,1.647234933247256e-05,3.6250614182893936e-05,8.284836517127699e-08,1.684643784579454e-05,3.711717715681902e-05,8.681443751292336e-08,1.722423132890852e-05,3.799391517341193e-05,9.09211570345187e-08,1.7605713089180696e-05,3.888082540884773e-05,9.517180507977193e-08,1.799086644236521e-05,3.97779050065467e-05,9.956970053373672e-08,1.83796747126712e-05,4.0685151077183804e-05,1.0411819980927481e-07,1.8772121232829818e-05,4.160256069869835e-05,0.5999999999999999
6.832623542223296e-08,1.5372480662005245e-05,3.371200326385768e-05,7.176178118908722e-08,1.5735354027276483e-05,3.4548024494517175e-05,7.532522443986507e-08,1.6101982489897135e-05,3.539422904269753e-05,7.901969622059864e-08,1.647234933247256e-05,3.6250614182893936e-05,8.284836517127699e-08,1.684643784579454e-05,3.711717715681902e-05,8.681443751292336e-08,1.722423132890852e-05,3.799391517341193e-05,9.09211570345187e-08,1.7605713089180696e-05,3.888082540884773e-05,9.517180507977193e-08,1.799086644236521e-05,3.97779050065467e-05,9.956970053373672e-08,1.83796747126712e-05,4.0685151077183804e-05,1.0411819980927481e-07,1.8772121232829818e-05,4.160256069869835e-05,0.5999999999999999
6.832623542223296e-08,1.5372480662005245e-05,3.371200326385768e-05,7.176178118908722e-08,1.5735354027276483e-05,3.4548024494517175e-05,7.532522443986507e-08,1.6101982489897135e-05,3.539422904269753e-05,7.901969622059864e-08,1.647234933247256e-05,3.6250614182893936e-05,8.284836517127699e-08,1.684643784579454e-05,3.711717715681902e-05,8.681443751292336e-08,1.722423132890852e-05,3.799391517341193e-05,9.09211570345187e-08,1.7605713089180696e-05,3.888082540884773e-05,9.517180507977193e-08,1.799086644236521e-05,3.97779050065467e-05,9.956970053373672e-08,1.83796747126712e-05,4.0685151077183804e-05,1.0411819980927481e-07,1.8772121232829818e-05,4.160256069869835e-05,0.5999999999999999
6.832623542223296e-08,1.5372480662005245e-05,3.371200326385768e-05,7.176178118908722e-08,1.5735354027276483e-05,3.4548024494517175e-05,7.532522443986507e-08,1.6101982489897135e-05,3.539422904269753e-05,7.901969622059864e-08,1.647234933247256e-05,3.6250614182893936e-05,8.284836517127699e-08,1.684643784579454e-05,3.711717715681902e-05,8.681443751292336e-08,1.722423132890852e-05,3.799391517341193e-05,9.09211570345187e-08,1.7605713089180696e-05,3.888082540884773e-05,9.517180507977193e-08,1.799086644236521e-05,3.97779050065467e-05,9.956970053373672e-08,1.83796747126712e-05,4.0685151077183804e-05,1.0411819980927481e-07,1.8772121232829818e-05,4.160256069869835e-05,0.5999999999999999
6.832623542223296e-08,1.5372480662005245e-05,3.371200326385768e-05,7.176178118908722e-08,1.5735354027276483e-05,3.4548024494517175e-05,7.532522443986507e-08,1.6101982489897135e-05,3.539422904269753e-05,7.901969622059864e-08,1.647234933247256e-05,3.6250614182893936e-05,8.284836517127699e-08,1.684643784579454e-05,3.711717715681902e-05,8.681443751292336e-08,1.722423132890852e-05,3.799391517341193e-05,9.09211570345187e-08,1.7605713089180696e-05,3.888082540884773e-05,9.517180507977193e-08,1.799086644236521e-05,3.97779050065467e-05,9.956970053373672e-08,1.83796747126712e-05,4.0685151077183804e-05,1.0411819980927481e-07,1.8772121232829818e-05,4.160256069869835e-05,0.5999999999999999
6.832623542223296e-08,1.5372480662005245e-05,3.371200326385768e-05,7.176178118908722e-08,1.5735354027276483e-05,3.4548024494517175e-05,7.532522443986507e-08,1.6101982489897135e-05,3.539422904269753e-05,7.901969622059864e-08,1.647234933247256e-05,3.6250614182893936e-05,8.284836517127699e-08,1.684643784579454e-05,3.711717715681902e-05,8.681443751292336e-08,1.722423132890852e-05,3.799391517341193e-05,9.09211570345187e-08,1.7605713089180696e-05,3.888082540884773e-05,9.517180507977193e-08,1.799086644236521e-05,3.97779050065467e-05,9.956970053373672e-08,1.83796747126712e-05,4.0685151077183804e-05,1.0411819980927481e-07,1.8772121232829818e-05,4.160256069869835e-05,0.5999999999999999
6.832623542223296e-08,1.5372480662005245e-05,3.371200326385768e-05,7.176178118908722e-08,1.5735354027276483e-05,3.4548024494517175e-05,7.532522443986507e-08,1.6101982489897135e-05,3.539422904269753e-05,7.901969622059864e-08,1.647234933247256e-05,3.6250614182893936e-05,8.284836517127699e-08,1.684643784579454e-05,3.711717715681902e-05,8.681443751292336e-08,1.722423132890852e-05,3.799391517341193e-05,9.09211570345187e-08,1.7605713089180696e-05,3.888082540884773e-05,9.517180507977193e-08,1.799086644236521e-05,3.97779050065467e-05,9.956970053373672e-08,1.83796747126712e-05,4.0685151077183804e-05,1.0411819980927481e-07,1.8772121232829818e-05,4.160256069869835e-05,0.5999999999999999
6.832623542223296e-08,1.5372480662005245e-05,3.371200326385768e-05,7.176178118908722e-08,1.5735354027276483e-05,3.4548024494517175e-05,7.532522443986507e-08,1.6101982489897135e-05,3.539422904269753e-05,7.901969622059864e-08,1.647234933247256e-05,3.6250614182893936e-05,8.284836517127699e-08,1.684643784579454e-05,3.711717715681902e-05,8.681443751292336e-08,1.722423132890852e-05,3.799391517341193e-05,9.09211570345187e-08,1.7605713089180696e-05,3.888082540884773e-05,9.517180507977193e-08,1.799086644236521e-05,3.97779050065467e-05,9.956970053373672e-08,1.83796747126712e-05,4.0685151077183804e-05,1.0411819980927481e-07,1.8772121232829818e-05,4.160256069869835e-05,0.5999999999999999
6.832623542223296e-08,1.5372480662005245e-05,3.371200326385768e-05,7.176178118908722e-08,1.5735354027276483e-05,3.4548024494517175e-05,7.532522443986507e-08,1.6101982489897135e-05,3.539422904269753e-05,7.901969622059864e-08,1.647234933247256e-05,3.6250614182893936e-05,8.284836517127699e-08,1.684643784579454e-05,3.711717715681902e-05,8.681443751292336e-08,1.722423132890852e-05,3.799391517341193e-05,9.09211570345187e-08,1.7605713089180696e-05,3.888082540884773e-05,9.517180507977193e-08,1.799086644236521e-05,3.97779050065467e-05,9.956970053373672e-08,1.83796747126712e-05,4.0685151077183804e-05,1.0411819980927481e-07,1.8772121232829818e-05,4.160256069869835e-05,0.5999999999999999
6.832623542223296e-08,1.5372480662005245e-05,3.371200326385768e-05,7.176178118908722e-08,1.5735354027276483e-05,3.4548024494517175e-05,7.532522443986507e-08,1.6101982489897135e-05,3.539422904269753e-05,7.901969622059864e-08,1.647234933247256e-05,3.6250614182893936e-05,8.284836517127699e-08,1.684643784579454e-05,3.711717715681902e-05,8.681443751292336e-08,1.722423132890852e-05,3.799391517341193e-05,9.09211570345187e-08,1.7605713089180696e-05,3.888082540884773e-05,9.517180507977193e-08,1.799086644236521e-05,3.97779050065467e-05,9.956970053373672e-08,1.83796747126712e-05,4.0685151077183804e-05,1.0411819980927481e-07,1.8772121232829818e-05,4.160256069869835e-05,0.5999999999999999
6.832623542223296e-08,1.5372480662005245e-05,3.371200326385768e-05,7.176178118908722e-08,1.5735354027276483e-05,3.4548024494517175e-05,7.532522443986507e-08,1.6101982489897135e-05,3.539422904269753e-05,7.901969622059864e-08,1.647234933247256e-05,3.6250614182893936e-05,8.284836517127699e-08,1.684643784579454e-05,3.711717715681902e-05,8.681443751292336e-08,1.722423132890852e-05,3.799391517341193e-05,9.09211570345187e-08,1.7605713089180696e-05,3.888082540884773e-05,9.517180507977193e-08,1.799086644236521e-05,3.97779050065467e-05,9.956970053373672e-08,1.83796747126712e-05,4.0685151077183804e-05,1.0411819980927481e-07,1.8772121232829818e-05,4.160256069869835e-05,0.5999999999999999
6.832623542223296e-08,1.5372480662005245e-05,3.371200326385768e-05,7.176178118908722e-08,1.5735354027276483e-05,3.4548024494517175e-05,7.532522443986507e-08,1.6101982489897135e-05,3.539422904269753e-05,7.901969622059864e-08,1.647234933247256e-05,3.6250614182893936e-05,8.284836517127699e-08,1.684643784579454e-05,3.711717715681902e-05,8.681443751292336e-08,1.722423132890852e-05,3.799391517341193e-05,9.09211570345187e-08,1.7605713089180696e-05,3.888082540884773e-05,9.517180507977193e-08,1.799086644236521e-05,3.97779050065467e-05,9.956970053373672e-08,1.83796747126712e-05,4.0685151077183804e-05,1.0411819980927481e-07,1.8772121232829818e-05,4.160256069869835e-05,0.5999999999999999
6.832623542223296e-08,1.5372480662005245e-05,3.371200326385768e-05,7.176178118908722e-08,1.5735354027276483e-05,3.4548024494517175e-05,7.532522443986507e-08,1.6101982489897135e-05,3.539422904269753e-05,7.901969622059864e-08,1.647234933247256e-05,3.6250614182893936e-05,8.284836517127699e-08,1.684643784579454e-05,3.711717715681902e-05,8.681443751292336e-08,1.722423132890852e-05,3.799391517341193e-05,9.09211570345187e-08,1.7605713089180696e-05,3.888082540884773e-05,9.517180507977193e-08,1.799086644236521e-05,3.97779050065467e-05,9.956970053373672e-08,1.83796747126712e-05,4.0685151077183804e-05,1.0411819980927481e-07,1.8772121232829818e-05,4.160256069869835e-05,0.5999999999999999
6.832623542223296e-08,1.5372480662005245e-05,3.371200326385768e-05,7.176178118908722e-08,1.5735354027276483e-05,3.4548024494517175e-05,7.532522443986507e-08,1.6101982489897135e-05,3.539422904269753e-05,7.901969622059864e-08,1.647234933247256e-05,3.6250614182893936e-05,8.284836517127699e-08,1.684643784579454e-05,3.711717715681902e-05,8.681443751292336e-08,1.722423132890852e-05,3.799391517341193e-05,9.09211570345187e-08,1.7605713089180696e-05,3.888082540884773e-05,9.517180507977193e-08,1.799086644236521e-05,3.97779050065467e-05,9.956970053373672e-08,1.83796747126712e-05,4.0685151077183804e-05,1.0411819980927481e-07,1.8772121232829818e-05,4.160256069869835e-05,0.5999999999999999
6.832623542223296e-08,1.5372480662005245e-05,3.371200326385768e-05,7.176178118908722e-08,1.5735354027276483e-05,3.4548024494517175e-05,7.532522443986507e-08,1.6101982489897135e-05,3.539422904269753e-05,7.901969622059864e-08,1.647234933247256e-05,3.6250614182893936e-05,8.284836517127699e-08,1.684643784579454e-05,3.711717715681902e-05,8.681443751292336e-08,1.722423132890852e-05,3.799391517341193e-05,9.09211570345187e-08,1.7605713089180696e-05,3.888082540884773e-05,9.517180507977193e-08,1.799086644236521e-05,3.97779050065467e-05,9.956970053373672e-08,1.83796747126712e-05,4.0685151077183804e-05,1.0411819980927481e-07,1.8772121232829818e-05,4.160256069869835e-05,0.5999999999999999
6.832623542223296e-08,1.5372480662005245e-05,3.371200326385768e-05,7.176178118908722e-08,1.5735354027276483e-05,3.4548024494517175e-05,7.532522443986507e-08,1.6101982489897135e-05,3.539422904269753e-05,7.901969622059864e-08,1.647234933247256e-05,3.6250614182893936e-05,8.284836517127699e-08,1.684643784579454e-05,3.711717715681902e-05,8.681443751292336e-08,1.722423132890852e-05,3.799391517341193e-05,9.09211570345187e-08,1.7605713089180696e-05,3.888082540884773e-05,9.517180507977193e-08,1.799086644236521e-05,3.97779050065467e-05,9.956970053373672e-08,1.83796747126712e-05,4.0685151077183804e-05,1.0411819980927481e-07,1.8772121232829818e-05,4.160256069869835e-05,0.5999999999999999
6.832623542223296e-08,1.5372480662005245e-05,3.371200326385768e-05,7.176178118908722e-08,1.5735354027276483e-05,3.4548024494517175e-05,7.532522443986507e-08,1.6101982489897135e-05,3.539422904269753e-05,7.901969622059864e-08,1.647234933247256e-05,3.6250614182893936e-05,8.284836517127699e-08,1.684643784579454e-05,3.711717715681902e-05,8.681443751292336e-08,1.722423132890852e-05,3.799391517341193e-05,9.09211570345187e-08,1.7605713089180696e-05,3.888082540884773e-05,9.517180507977193e-08,1.799086644236521e-05,3.97779050065467e-05,9.956970053373672e-08,1.83796747126712e-05,4.0685151077183804e-05,1.0411819980927481e-07,1.8772121232829818e-05,4.160256069869835e-05,0.5999999999999999
6.832623542223296e-08,1.5372480662005245e-05,3.371200326385768e-05,7.176178118908722e-08,1.5735354027276483e-05,3.4548024494517175e-05,7.532522443986507e-08,1.6101982489897135e-05,3.539422904269753e-05,7.901969622059864e-08,1.647234933247256e-05,3.6250614182893936e-05,8.284836517127699e-08,1.684643784579454e-05,3.711717715681902e-05,8.681443751292336e-08,1.722423132890852e-05,3.799391517341193e-05,9.09211570345187e-08,1.7605713089180696e-05,3.888082540884773e-05,9.517180507977193e-08,1.799086644236521e-05,3.97779050065467e-05,9.956970053373672e-08,1.83796747126712e-05,4.0685151077183804e-05,1.0411819980927481e-07,1.8772121232829818e-05,4.160256069869835e-05,0.5999999999999999
6.832623542223296e-08,1.5372480662005245e-05,3.371200326385768e-05,7.176178118908722e-08,1.5735354027276483e-05,3.4548024494517175e-05,7.532522443986507e-08,1.6101982489897135e-05,3.539422904269753e-05,7.901969622059864e-08,1.647234933247256e-05,3.6250614182893936e-05,8.284836517127699e-08,1.684643784579454e-05,3.711717715681902e-05,8.681443751292336e-08,1.722423132890852e-05,3.799391517341193e-05,9.09211570345187e-08,1.7605713089180696e-05,3.888082540884773e-05,9.517180507977193e-08,1.799086644236521e-05,3.97779050065467e-05,9.956970053373672e-08,1.83796747126712e-05,4.0685151077183804e-05,1.0411819980927481e-07,1.8772121232829818e-05,4.160256069869835e-05,0.5999999999999999
6.832623542223296e-08,1.5372480662005245e-05,3.371200326385768e-05,7.176178118908722e-08,1.5735354027276483e-05,3.4548024494517175e-05,7.532522443986507e-08,1.6101982489897135e-05,3.539422904269753e-05,7.901969622059864e-08,1.647234933247256e-05,3.6250614182893936e-05,8.284836517127699e-08,1.684643784579454e-05,3.711717715681902e-05,8.681443751292336e-08,1.722423132890852e-05,3.799391517341193e-05,9.09211570345187e-08,1.7605713089180696e-05,3.888082540884773e-05,9.517180507977193e-08,1.799086644236521e-05,3.97779050065467e-05,9.956970053373672e-08,1.83796747126712e-05,4.0685151077183804e-05,1.0411819980927481e-07,1.8772121232829818e-05,4.160256069869835e-05,0.5999999999999999
6.832623542223296e-08,1.5372480662005245e-05,3.371200326385768e-05,7.176178118908722e-08,1.5735354027276483e-05,3.4548024494517175e-05,7.532522443986507e-08,1.6101982489897135e-05,3.539422904269753e-05,7.901969622059864e-08,1.647234933247256e-05,3.6250614182893936e-05,8.284836517127699e-08,1.684643784579454e-05,3.711717715681902e-05,8.681443751292336e-08,1.722423132890852e-05,3.799391517341193e-05,9.09211570345187e-08,1.7605713089180696e-05,3.888082540884773e-05,9.517180507977193e-08,1.799086644236521e-05,3.97779050065467e-05,9.956970053373672e-08,1.83796747126712e-05,4.0685151077183804e-05,1.0411819980927481e-07,1.8772121232829818e-05,4.160256069869835e-05,0.5999999999999999
6.832623542223296e-08,1.5372480662005245e-05,3.371200326385768e-05,7.176178118908722e-08,1.5735354027276483e-05,3.4548024494517175e-05,7.532522443986507e-08,1.6101982489897135e-05,3.539422904269753e-05,7.901969622059864e-08,1.647234933247256e-05,3.6250614182893936e-05,8.284836517127699e-08,1.684643784579454e-05,3.711717715681902e-05,8.681443751292336e-08,1.722423132890852e-05,3.799391517341193e-05,9.09211570345187e-08,1.7605713089180696e-05,3.888082540884773e-05,9.517180507977193e-08,1.799086644236521e-05,3.97779050065467e-05,9.956970053373672e-08,1.83796747126712e-05,4.0685151077183804e-05,1.0411819980927481e-07,1.8772121232829818e-05,4.160256069869835e-05,0.5999999999999999
6.832623542223296e-08,1.5372480662005245e-05,3.371200326385768e-05,7.176178118908722e-08,1.5735354027276483e-05,3.4548024494517175e-05,7.532522443986507e-08,1.6101982489897135e-05,3.539422904269753e-05,7.901969622059864e-08,1.647234933247256e-05,3.6250614182893936e-05,8.284836517127699e-08,1.684643784579454e-05,3.711717715681902e-05,8.681443751292336e-08,1.722423132890852e-05,3.799391517341193e-05,9.09211570345187e-08,1.7605713089180696e-05,3.888082540884773e-05,9.517180507977193e-08,1.799086644236521e-05,3.97779050065467e-05,9.956970053373672e-08,1.83796747126712e-05,4.0685151077183804e-05,1.0411819980927481e-07,1.8772121232829818e-05,4.160256069869835e-05,0.5999999999999999
6.832623542223296e-08,1.5372480662005245e-05,3.371200326385768e-05,7.176178118908722e-08,1.5735354027276483e-05,3.4548024494517175e-05,7.532522443986507e-08,1.6101982489897135e-05,3.539422904269753e-05,7.901969622059864e-08,1.647234933247256e-05,3.6250614182893936e-05,8.284836517127699e-08,1.684643784579454e-05,3.711717715681902e-05,8.681443751292336e-08,1.722423132890852e-05,3.799391517341193e-05,9.09211570345187e-08,1.7605713089180696e-05,3.888082540884773e-05,9.517180507977193e-08,1.799086644236521e-05,3.97779050065467e-05,9.956970053373672e-08,1.83796747126712e-05,4.0685151077183804e-05,1.0411819980927481e-07,1.8772121232829818e-05,4.160256069869835e-05,0.5999999999999999
6.832623542223296e-08,1.5372480662005245e-05,3.371200326385768e-05,7.176178118908722e-08,1.5735354027276483e-05,3.4548024494517175e-05,7.532522443986507e-08,1.6101982489897135e-05,3.539422904269753e-05,7.901969622059864e-08,1.647234933247256e-05,3.6250614182893936e-05,8.284836517127699e-08,1.684643784579454e-05,3.711717715681902e-05,8.681443751292336e-08,1.722423132890852e-05,3.799391517341193e-05,9.09211570345187e-08,1.7605713089180696e-05,3.888082540884773e-05,9.517180507977193e-08,1.799086644236521e-05,3.97779050065467e-05,9.956970053373672e-08,1.83796747126712e-05,4.0685151077183804e-05,1.0411819980927481e-07,1.8772121232829818e-05,4.160256069869835e-05,0.5999999999999999
6.832623542223296e-08,1.5372480662005245e-05,3.371200326385768e-05,7.176178118908722e-08,1.5735354027276483e-05,3.4548024494517175e-05,7.532522443986507e-08,1.6101982489897135e-05,3.539422904269753e-05,7.901969622059864e-08,1.647234933247256e-05,3.6250614182893936e-05,8.284836517127699e-08,1.684643784579454e-05,3.711717715681902e-05,8.681443751292336e-08,1.722423132890852e-05,3.799391517341193e-05,9.09211570345187e-08,1.7605713089180696e-05,3.888082540884773e-05,9.517180507977193e-08,1.799086644236521e-05,3.97779050065467e-05,9.956970053373672e-08,1.83796747126712e-05,4.0685151077183804e-05,1.0411819980927481e-07,1.8772121232829818e-05,4.160256069869835e-05,0.5999999999999999
6.832623542223296e-08,1.5372480662005245e-05,3.371200326385768e-05,7.176178118908722e-08,1.5735354027276483e-05,3.4548024494517175e-05,7.532522443986507e-08,1.6101982489897135e-05,3.539422904269753e-05,7.901969622059864e-08,1.647234933247256e-05,3.6250614182893936e-05,8.284836517127699e-08,1.684643784579454e-05,3.711717715681902e-05,8.681443751292336e-08,1.722423132890852e-05,3.799391517341193e-05,9.09211570345187e-08,1.7605713089180696e-05,3.888082540884773e-05,9.517180507977193e-08,1.799086644236521e-05,3.97779050065467e-05,9.956970053373672e-08,1.83796747126712e-05,4.0685151077183804e-05,1.0411819980927481e-07,1.8772121232829818e-05,4.160256069869835e-05,0.5999999999999999
6.832623542223296e-08,1.5372480662005245e-05,3.371200326385768e-05,7.176178118908722e-08,1.5735354027276483e-05,3.4548024494517175e-05,7.532522443986507e-08,1.6101982489897135e-05,3.539422904269753e-05,7.901969622059864e-08,1.647234933247256e-05,3.6250614182893936e-05,8.284836517127699e-08,1.684643784579454e-05,3.711717715681902e-05,8.681443751292336e-08,1.722423132890852e-05,3.799391517341193e-05,9.09211570345187e-08,1.7605713089180696e-05,3.888082540884773e-05,9.517180507977193e-08,1.799086644236521e-05,3.97779050065467e-05,9.956970053373672e-08,1.83796747126712e-05,4.0685151077183804e-05,1.0411819980927481e-07,1.8772121232829818e-05,4.160256069869835e-05,0.5999999999999999
6.832623542223296e-08,1.5372480662005245e-05,3.371200326385768e-05,7.176178118908722e-08,1.5735354027276483e-05,3.4548024494517175e-05,7.532522443986507e-08,1.6101982489897135e-05,3.539422904269753e-05,7.901969622059864e-08,1.647234933247256e-05,3.6250614182893936e-05,8.284836517127699e-08,1.684643784579454e-05,3.711717715681902e-05,8.681443751292336e-08,1.722423132890852e-05,3.799391517341193e-05,9.09211570345187e-08,1.7605713089180696e-05,3.888082540884773e-05,9.517180507977193e-08,1.799086644236521e-05,3.97779050065467e-05,9.956970053373672e-08,1.83796747126712e-05,4.0685151077183804e-05,1.0411819980927481e-07,1.8772121232829818e-05,4.160256069869835e-05,0.5999999999999999
6.832623542223296e-08,1.5372480662005245e-05,3.371200326385768e-05,7.176178118908722e-08,1.5735354027276483e-05,3.4548024494517175e-05,7.532522443986507e-08,1.6101982489897135e-05,3.539422904269753e-05,7.901969622059864e-08,1.647234933247256e-05,3.6250614182893936e-05,8.284836517127699e-08,1.684643784579454e-05,3.711717715681902e-05,8.681443751292336e-08,1.722423132890852e-05,3.799391517341193e-05,9.09211570345187e-08,1.7605713089180696e-05,3.888082540884773e-05,9.517180507977193e-08,1.799086644236521e-05,3.97779050065467e-05,9.956970053373672e-08,1.83796747126712e-05,4.0685151077183804e-05,1.0411819980927481e-07,1.8772121232829818e-05,4.160256069869835e-05,0.5999999999999999
6.832623542223296e-08,1.5372480662005245e-05,3.371200326385768e-05,7.176178118908722e-08,1.5735354027276483e-05,3.4548024494517175e-05,7.532522443986507e-08,1.6101982489897135e-05,3.539422904269753e-05,7.901969622059864e-08,1.647234933247256e-05,3.6250614182893936e-05,8.284836517127699e-08,1.684643784579454e-05,3.711717715681902e-05,8.681443751292336e-08,1.722423132890852e-05,3.799391517341193e-05,9.09211570345187e-08,1.7605713089180696e-05,3.888082540884773e-05,9.517180507977193e-08,1.799086644236521e-05,3.97779050065467e-05,9.956970053373672e-08,1.83796747126712e-05,4.0685151077183804e-05,1.0411819980927481e-07,1.8772121232829818e-05,4.160256069869835e-05,0.5999999999999999
6.832623542223296e-08,1.5372480662005245e-05,3.371200326385768e-05,7.176178118908722e-08,1.5735354027276483e-05,3.4548024494517175e-05,7.532522443986507e-08,1.6101982489897135e-05,3.539422904269753e-05,7.901969622059864e-08,1.647234933247256e-05,3.6250614182893936e-05,8.284836517127699e-08,1.684643784579454e-05,3.711717715681902e-05,8.681443751292336e-08,1.722423132890852e-05,3.799391517341193e-05,9.09211570345187e-08,1.7605713089180696e-05,3.888082540884773e-05,9.517180507977193e-08,1.799086644236521e-05,3.97779050065467e-05,9.956970053373672e-08,1.83796747126712e-05,4.0685151077183804e-05,1.0411819980927481e-07,1.8772121232829818e-05,4.160256069869835e-05,0.5999999999999999
6.832623542223296e-08,1.5372480662005245e-05,3.371200326385768e-05,7.176178118908722e-08,1.5735354027276483e-05,3.4548024494517175e-05,7.532522443986507e-08,1.6101982489897135e-05,3.539422904269753e-05,7.901969622059864e-08,1.647234933247256e-05,3.6250614182893936e-05,8.284836517127699e-08,1.684643784579454e-05,3.711717715681902e-05,8.681443751292336e-08,1.722423132890852e-05,3.799391517341193e-05,9.09211570345187e-08,1.7605713089180696e-05,3.888082540884773e-05,9.517180507977193e-08,1.799086644236521e-05,3.97779050065467e-05,9.956970053373672e-08,1.83796747126712e-05,4.0685151077183804e-05,1.0411819980927481e-07,1.8772121232829818e-05,4.160256069869835e-05,0.5999999999999999
6.832623542223296e-08,1.5372480662005245e-05,3.371200326385768e-05,7.176178118908722e-08,1.5735354027276483e-05,3.4548024494517175e-05,7.532522443986507e-08,1.6101982489897135e-05,3.539422904269753e-05,7.901969622059864e-08,1.647234933247256e-05,3.6250614182893936e-05,8.284836517127699e-08,1.684643784579454e-05,3.711717715681902e-05,8.681443751292336e-08,1.722423132890852e-05,3.799391517341193e-05,9.09211570345187e-08,1.7605713089180696e-05,3.888082540884773e-05,9.517180507977193e-08,1.799086644236521e-05,3.97779050065467e-05,9.956970053373672e-08,1.83796747126712e-05,4.0685151077183804e-05,1.0411819980927481e-07,1.8772121232829818e-05,4.160256069869835e-05,0.5999999999999999
6.832623542223296e-08,1.5372480662005245e-05,3.371200326385768e-05,7.176178118908722e-08,1.5735354027276483e-05,3.4548024494517175e-05,7.532522443986507e-08,1.6101982489897135e-05,3.539422904269753e-05,7.901969622059864e-08,1.647234933247256e-05,3.6250614182893936e-05,8.284836517127699e-08,1.684643784579454e-05,3.711717715681902e-05,8.681443751292336e-08,1.722423132890852e-05,3.799391517341193e-05,9.09211570345187e-08,1.7605713089180696e-05,3.888082540884773e-05,9.517180507977193e-08,1.799086644236521e-05,3.97779050065467e-05,9.956970053373672e-08,1.83796747126712e-05,4.0685151077183804e-05,1.0411819980927481e-07,1.8772121232829818e-05,4.160256069869835e-05,0.5999999999999999
6.832623542223296e-08,1.5372480662005245e-05,3.371200326385768e-05,7.176178118908722e-08,1.5735354027276483e-05,3.4548024494517175e-05,7.532522443986507e-08,1.6101982489897135e-05,3.539422904269753e-05,7.901969622059864e-08,1.647234933247256e-05,3.6250614182893936e-05,8.284836517127699e-08,1.684643784579454e-05,3.711717715681902e-05,8.681443751292336e-08,1.722423132890852e-05,3.799391517341193e-05,9.09211570345187e-08,1.7605713089180696e-05,3.888082540884773e-05,9.517180507977193e-08,1.799086644236521e-05,3.97779050065467e-05,9.956970053373672e-08,1.83796747126712e-05,4.0685151077183804e-05,1.0411819980927481e-07,1.8772121232829818e-05,4.160256069869835e-05,0.5999999999999999
6.832623542223296e-08,1.5372480662005245e-05,3.371200326385768e-05,7.176178118908722e-08,1.5735354027276483e-05,3.4548024494517175e-05,7.532522443986507e-08,1.6101982489897135e-05,3.539422904269753e-05,7.901969622059864e-08,1.647234933247256e-05,3.6250614182893936e-05,8.284836517127699e-08,1.684643784579454e-05,3.711717715681902e-05,8.681443751292336e-08,1.722423132890852e-05,3.799391517341193e-05,9.09211570345187e-08,1.7605713089180696e-05,3.888082540884773e-05,9.517180507977193e-08,1.799086644236521e-05,3.97779050065467e-05,9.956970053373672e-08,1.83796747126712e-05,4.0685151077183804e-05,1.0411819980927481e-07,1.8772121232829818e-05,4.160256069869835e-05,0.5999999999999999
6.832623542223296e-08,1.5372480662005245e-05,3.371200326385768e-05,7.176178118908722e-08,1.5735354027276483e-05,3.4548024494517175e-05,7.532522443986507e-08,1.6101982489897135e-05,3.539422904269753e-05,7.901969622059864e-08,1.647234933247256e-05,3.6250614182893936e-05,8.284836517127699e-08,1.684643784579454e-05,3.711717715681902e-05,8.681443751292336e-08,1.722423132890852e-05,3.799391517341193e-05,9.09211570345187e-08,1.7605713089180696e-05,3.888082540884773e-05,9.517180507977193e-08,1.799086644236521e-05,3.97779050065467e-05,9.956970053373672e-08,1.83796747126712e-05,4.0685151077183804e-05,1.0411819980927481e-07,1.8772121232829818e-05,4.160256069869835e-05,0.5999999999999999
6.832623542223296e-08,1.5372480662005245e-05,3.371200326385768e-05,7.176178118908722e-08,1.5735354027276483e-05,3.4548024494517175e-05,7.532522443986507e-08,1.6101982489897135e-05,3.539422904269753e-05,7.901969622059864e-08,1.647234933247256e-05,3.6250614182893936e-05,8.284836517127699e-08,1.684643784579454e-05,3.711717715681902e-05,8.681443751292336e-08,1.722423132890852e-05,3.799391517341193e-05,9.09211570345187e-08,1.7605713089180696e-05,3.888082540884773e-05,9.517180507977193e-08,1.799086644236521e-05,3.97779050065467e-05,9.956970053373672e-08,1.83796747126712e-05,4.0685151077183804e-05,1.0411819980927481e-07,1.8772121232829818e-05,4.160256069869835e-05,0.5999999999999999
6.832623542223296e-08,1.5372480662005245e-05,3.371200326385768e-05,7.176178118908722e-08,1.5735354027276483e-05,3.4548024494517175e-05,7.532522443986507e-08,1.6101982489897135e-05,3.539422904269753e-05,7.901969622059864e-08,1.647234933247256e-05,3.6250614182893936e-05,8.284836517127699e-08,1.684643784579454e-05,3.711717715681902e-05,8.681443751292336e-08,1.722423132890852e-05,3.799391517341193e-05,9.09211570345187e-08,1.7605713089180696e-05,3.888082540884773e-05,9.517180507977193e-08,1.799086644236521e-05,3.97779050065467e-05,9.956970053373672e-08,1.83796747126712e-05,4.0685151077183804e-05,1.0411819980927481e-07,1.8772121232829818e-05,4.160256069869835e-05,0.5999999999999999
6.832623542223296e-08,1.5372480662005245e-05,3.371200326385768e-05,7.176178118908722e-08,1.5735354027276483e-05,3.4548024494517175e-05,7.532522443986507e-08,1.6101982489897135e-05,3.539422904269753e-05,7.901969622059864e-08,1.647234933247256e-05,3.6250614182893936e-05,8.284836517127699e-08,1.684643784579454e-05,3.711717715681902e-05,8.681443751292336e-08,1.722423132890852e-05,3.799391517341193e-05,9.09211570345187e-08,1.7605713089180696e-05,3.888082540884773e-05,9.517180507977193e-08,1.799086644236521e-05,3.97779050065467e-05,9.956970053373672e-08,1.83796747126712e-05,4.0685151077183804e-05,1.0411819980927481e-07,1.8772121232829818e-05,4.160256069869835e-05,0.5999999999999999
6.832623542223296e-08,1.5372480662005245e-05,3.371200326385768e-05,7.176178118908722e-08,1.5735354027276483e-05,3.4548024494517175e-05,7.532522443986507e-08,1.6101982489897135e-05,3.539422904269753e-05,7.901969622059864e-08,1.647234933247256e-05,3.6250614182893936e-05,8.284836517127699e-08,1.684643784579454e-05,3.711717715681902e-05,8.681443751292336e-08,1.722423132890852e-05,3.799391517341193e-05,9.09211570345187e-08,1.7605713089180696e-05,3.888082540884773e-05,9.517180507977193e-08,1.799086644236521e-05,3.97779050065467e-05,9.956970053373672e-08,1.83796747126712e-05,4.0685151077183804e-05,1.0411819980927481e-07,1.8772121232829818e-05,4.160256069869835e-05,0.5999999999999999
6.832623542223296e-08,1.5372480662005245e-05,3.371200326385768e-05,7.176178118908722e-08,1.5735354027276483e-05,3.4548024494517175e-05,7.532522443986507e-08,1.6101982489897135e-05,3.539422904269753e-05,7.901969622059864e-08,1.647234933247256e-05,3.6250614182893936e-05,8.284836517127699e-08,1.684643784579454e-05,3.711717715681902e-05,8.681443751292336e-08,1.722423132890852e-05,3.799391517341193e-05,9.09211570345187e-08,1.7605713089180696e-05,3.888082540884773e-05,9.517180507977193e-08,1.799086644236521e-05,3.97779050065467e-05,9.956970053373672e-08,1.83796747126712e-05,4.0685151077183804e-05,1.0411819980927481e-07,1.8772121232829818e-05,4.160256069869835e-05,0.5999999999999999
6.832623542223296e-08,1.5372480662005245e-05,3.371200326385768e-05,7.176178118908722e-08,1.5735354027276483e-05,3.4548024494517175e-05,7.532522443986507e-08,1.6101982489897135e-05,3.539422904269753e-05,7.901969622059864e-08,1.647234933247256e-05,3.6250614182893936e-05,8.284836517127699e-08,1.684643784579454e-05,3.711717715681902e-05,8.681443751292336e-08,1.722423132890852e-05,3.799391517341193e-05,9.09211570345187e-08,1.7605713089180696e-05,3.888082540884773e-05,9.517180507977193e-08,1.799086644236521e-05,3.97779050065467e-05,9.956970053373672e-08,1.83796747126712e-05,4.0685151077183804e-05,1.0411819980927481e-07,1.8772121232829818e-05,4.160256069869835e-05,0.5999999999999999
6.832623542223296e-08,1.5372480662005245e-05,3.371200326385768e-05,7.176178118908722e-08,1.5735354027276483e-05,3.4548024494517175e-05,7.532522443986507e-08,1.6101982489897135e-05,3.539422904269753e-05,7.901969622059864e-08,1.647234933247256e-05,3.6250614182893936e-05,8.284836517127699e-08,1.684643784579454e-05,3.711717715681902e-05,8.681443751292336e-08,1.722423132890852e-05,3.799391517341193e-05,9.09211570345187e-08,1.7605713089180696e-05,3.888082540884773e-05,9.517180507977193e-08,1.799086644236521e-05,3.97779050065467e-05,9.956970053373672e-08,1.83796747126712e-05,4.0685151077183804e-05,1.0411819980927481e-07,1.8772121232829818e-05,4.160256069869835e-05,0.5999999999999999
6.832623542223296e-08,1.5372480662005245e-05,3.371200326385768e-05,7.176178118908722e-08,1.5735354027276483e-05,3.4548024494517175e-05,7.532522443986507e-08,1.6101982489897135e-05,3.539422904269753e-05,7.901969622059864e-08,1.647234933247256e-05,3.6250614182893936e-05,8.284836517127699e-08,1.684643784579454e-05,3.711717715681902e-05,8.681443751292336e-08,1.722423132890852e-05,3.799391517341193e-05,9.09211570345187e-08,1.7605713089180696e-05,3.888082540884773e-05,9.517180507977193e-08,1.799086644236521e-05,3.97779050065467e-05,9.956970053373672e-08,1.83796747126712e-05,4.0685151077183804e-05,1.0411819980927481e-07,1.8772121232829818e-05,4.160256069869835e-05,0.5999999999999999
6.832623542223296e-08,1.5372480662005245e-05,3.371200326385768e-05,7.176178118908722e-08,1.5735354027276483e-05,3.4548024494517175e-05,7.532522443986507e-08,1.6101982489897135e-05,3.539422904269753e-05,7.901969622059864e-08,1.647234933247256e-05,3.6250614182893936e-05,8.284836517127699e-08,1.684643784579454e-05,3.711717715681902e-05,8.681443751292336e-08,1.722423132890852e-05,3.799391517341193e-05,9.09211570345187e-08,1.7605713089180696e-05,3.888082540884773e-05,9.517180507977193e-08,1.799086644236521e-05,3.97779050065467e-05,9.956970053373672e-08,1.83796747126712e-05,4.0685151077183804e-05,1.0411819980927481e-07,1.8772121232829818e-05,4.160256069869835e-05,0.5999999999999999
6.832623542223296e-08,1.5372480662005245e-05,3.371200326385768e-05,7.176178118908722e-08,1.5735354027276483e-05,3.4548024494517175e-05,7.532522443986507e-08,1.6101982489897135e-05,3.539422904269753e-05,7.901969622059864e-08,1.647234933247256e-05,3.6250614182893936e-05,8.284836517127699e-08,1.684643784579454e-05,3.711717715681902e-05,8.681443751292336e-08,1.722423132890852e-05,3.799391517341193e-05,9.09211570345187e-08,1.7605713089180696e-05,3.888082540884773e-05,9.517180507977193e-08,1.799086644236521e-05,3.97779050065467e-05,9.956970053373672e-08,1.83796747126712e-05,4.0685151077183804e-05,1.0411819980927481e-07,1.8772121232829818e-05,4.160256069869835e-05,0.5999999999999999
6.832623542223296e-08,1.5372480662005245e-05,3.371200326385768e-05,7.176178118908722e-08,1.5735354027276483e-05,3.4548024494517175e-05,7.532522443986507e-08,1.6101982489897135e-05,3.539422904269753e-05,7.901969622059864e-08,1.647234933247256e-05,3.6250614182893936e-05,8.284836517127699e-08,1.684643784579454e-05,3.711717715681902e-05,8.681443751292336e-08,1.722423132890852e-05,3.799391517341193e-05,9.09211570345187e-08,1.7605713089180696e-05,3.888082540884773e-05,9.517180507977193e-08,1.799086644236521e-05,3.97779050065467e-05,9.956970053373672e-08,1.83796747126712e-05,4.0685151077183804e-05,1.0411819980927481e-07,1.8772121232829818e-05,4.160256069869835e-05,0.5999999999999999
6.832623542223296e-08,1.5372480662005245e-05,3.371200326385768e-05,7.176178118908722e-08,1.5735354027276483e-05,3.4548024494517175e-05,7.532522443986507e-08,1.6101982489897135e-05,3.539422904269753e-05,7.901969622059864e-08,1.647234933247256e-05,3.6250614182893936e-05,8.284836517127699e-08,1.684643784579454e-05,3.711717715681902e-05,8.681443751292336e-08,1.722423132890852e-05,3.799391517341193e-05,9.09211570345187e-08,1.7605713089180696e-05,3.888082540884773e-05,9.517180507977193e-08,1.799086644236521e-05,3.97779050065467e-05,9.956970053373672e-08,1.83796747126712e-05,4.0685151077183804e-05,1.0411819980927481e-07,1.8772121232829818e-05,4.160256069869835e-05,0.5999999999999999
6.832623542223296e-08,1.5372480662005245e-05,3.371200326385768e-05,7.176178118908722e-08,1.5735354027276483e-05,3.4548024494517175e-05,7.532522443986507e-08,1.6101982489897135e-05,3.539422904269753e-05,7.901969622059864e-08,1.647234933247256e-05,3.6250614182893936e-05,8.284836517127699e-08,1.684643784579454e-05,3.711717715681902e-05,8.681443751292336e-08,1.722423132890852e-05,3.799391517341193e-05,9.09211570345187e-08,1.7605713089180696e-05,3.888082540884773e-05,9.517180507977193e-08,1.799086644236521e-05,3.97779050065467e-05,9.956970053373672e-08,1.83796747126712e-05,4.0685151077183804e-05,1.0411819980927481e-07,1.8772121232829818e-05,4.160256069869835e-05,0.5999999999999999
6.832623542223296e-08,1.5372480662005245e-05,3.371200326385768e-05,7.176178118908722e-08,1.5735354027276483e-05,3.4548024494517175e-05,7.532522443986507e-08,1.6101982489897135e-05,3.539422904269753e-05,7.901969622059864e-08,1.647234933247256e-05,3.6250614182893936e-05,8.284836517127699e-08,1.684643784579454e-05,3.711717715681902e-05,8.681443751292336e-08,1.722423132890852e-05,3.799391517341193e-05,9.09211570345187e-08,1.7605713089180696e-05,3.888082540884773e-05,9.517180507977193e-08,1.799086644236521e-05,3.97779050065467e-05,9.956970053373672e-08,1.83796747126712e-05,4.0685151077183804e-05,1.0411819980927481e-07,1.8772121232829818e-05,4.160256069869835e-05,0.5999999999999999
6.832623542223296e-08,1.5372480662005245e-05,3.371200326385768e-05,7.176178118908722e-08,1.5735354027276483e-05,3.4548024494517175e-05,7.532522443986507e-08,1.6101982489897135e-05,3.539422904269753e-05,7.901969622059864e-08,1.647234933247256e-05,3.6250614182893936e-05,8.284836517127699e-08,1.684643784579454e-05,3.711717715681902e-05,8.681443751292336e-08,1.722423132890852e-05,3.799391517341193e-05,9.09211570345187e-08,1.7605713089180696e-05,3.888082540884773e-05,9.517180507977193e-08,1.799086644236521e-05,3.97779050065467e-05,9.956970053373672e-08,1.83796747126712e-05,4.0685151077183804e-05,1.0411819980927481e-07,1.8772121232829818e-05,4.160256069869835e-05,0.5999999999999999
6.832623542223296e-08,1.5372480662005245e-05,3.371200326385768e-05,7.176178118908722e-08,1.5735354027276483e-05,3.4548024494517175e-05,7.532522443986507e-08,1.6101982489897135e-05,3.539422904269753e-05,7.901969622059864e-08,1.647234933247256e-05,3.6250614182893936e-05,8.284836517127699e-08,1.684643784579454e-05,3.711717715681902e-05,8.681443751292336e-08,1.722423132890852e-05,3.799391517341193e-05,9.09211570345187e-08,1.7605713089180696e-05,3.888082540884773e-05,9.517180507977193e-08,1.799086644236521e-05,3.97779050065467e-05,9.956970053373672e-08,1.83796747126712e-05,4.0685151077183804e-05,1.0411819980927481e-07,1.8772121232829818e-05,4.160256069869835e-05,0.5999999999999999
6.832623542223296e-08,1.5372480662005245e-05,3.371200326385768e-05,7.176178118908722e-08,1.5735354027276483e-05,3.4548024494517175e-05,7.532522443986507e-08,1.6101982489897135e-05,3.539422904269753e-05,7.901969622059864e-08,1.647234933247256e-05,3.6250614182893936e-05,8.284836517127699e-08,1.684643784579454e-05,3.711717715681902e-05,8.681443751292336e-08,1.722423132890852e-05,3.799391517341193e-05,9.09211570345187e-08,1.7605713089180696e-05,3.888082540884773e-05,9.517180507977193e-08,1.799086644236521e-05,3.97779050065467e-05,9.956970053373672e-08,1.83796747126712e-05,4.0685151077183804e-05,1.0411819980927481e-07,1.8772121232829818e-05,4.160256069869835e-05,0.5999999999999999
6.832623542223296e-08,1.5372480662005245e-05,3.371200326385768e-05,7.176178118908722e-08,1.5735354027276483e-05,3.4548024494517175e-05,7.532522443986507e-08,1.6101982489897135e-05,3.539422904269753e-05,7.901969622059864e-08,1.647234933247256e-05,3.6250614182893936e-05,8.284836517127699e-08,1.684643784579454e-05,3.711717715681902e-05,8.681443751292336e-08,1.722423132890852e-05,3.799391517341193e-05,9.09211570345187e-08,1.7605713089180696e-05,3.888082540884773e-05,9.517180507977193e-08,1.799086644236521e-05,3.97779050065467e-05,9.956970053373672e-08,1.83796747126712e-05,4.0685151077183804e-05,1.0411819980927481e-07,1.8772121232829818e-05,4.160256069869835e-05,0.5999999999999999
6.832623542223296e-08,1.5372480662005245e-05,3.371200326385768e-05,7.176178118908722e-08,1.5735354027276483e-05,3.4548024494517175e-05,7.532522443986507e-08,1.6101982489897135e-05,3.539422904269753e-05,7.901969622059864e-08,1.647234933247256e-05,3.6250614182893936e-05,8.284836517127699e-08,1.684643784579454e-05,3.711717715681902e-05,8.681443751292336e-08,1.722423132890852e-05,3.799391517341193e-05,9.09211570345187e-08,1.7605713089180696e-05,3.888082540884773e-05,9.517180507977193e-08,1.799086644236521e-05,3.97779050065467e-05,9.956970053373672e-08,1.83796747126712e-05,4.0685151077183804e-05,1.0411819980927481e-07,1.8772121232829818e-05,4.160256069869835e-05,0.5999999999999999
6.832623542223296e-08,1.5372480662005245e-05,3.371200326385768e-05,7.176178118908722e-08,1.5735354027276483e-05,3.4548024494517175e-05,7.532522443986507e-08,1.6101982489897135e-05,3.539422904269753e-05,7.901969622059864e-08,1.647234933247256e-05,3.6250614182893936e-05,8.284836517127699e-08,1.684643784579454e-05,3.711717715681902e-05,8.681443751292336e-08,1.722423132890852e-05,3.799391517341193e-05,9.09211570345187e-08,1.7605713089180696e-05,3.888082540884773e-05,9.517180507977193e-08,1.799086644236521e-05,3.97779050065467e-05,9.956970053373672e-08,1.83796747126712e-05,4.0685151077183804e-05,1.0411819980927481e-07,1.8772121232829818e-05,4.160256069869835e-05,0.5999999999999999
6.832623542223296e-08,1.5372480662005245e-05,3.371200326385768e-05,7.176178118908722e-08,1.5735354027276483e-05,3.4548024494517175e-05,7.532522443986507e-08,1.6101982489897135e-05,3.539422904269753e-05,7.901969622059864e-08,1.647234933247256e-05,3.6250614182893936e-05,8.284836517127699e-08,1.684643784579454e-05,3.711717715681902e-05,8.681443751292336e-08,1.722423132890852e-05,3.799391517341193e-05,9.09211570345187e-08,1.7605713089180696e-05,3.888082540884773e-05,9.517180507977193e-08,1.799086644236521e-05,3.97779050065467e-05,9.956970053373672e-08,1.83796747126712e-05,4.0685151077183804e-05,1.0411819980927481e-07,1.8772121232829818e-05,4.160256069869835e-05,0.5999999999999999
6.832623542223296e-08,1.5372480662005245e-05,3.371200326385768e-05,7.176178118908722e-08,1.5735354027276483e-05,3.4548024494517175e-05,7.532522443986507e-08,1.6101982489897135e-05,3.539422904269753e-05,7.901969622059864e-08,1.647234933247256e-05,3.6250614182893936e-05,8.284836517127699e-08,1.684643784579454e-05,3.711717715681902e-05,8.681443751292336e-08,1.722423132890852e-05,3.799391517341193e-05,9.09211570345187e-08,1.7605713089180696e-05,3.888082540884773e-05,9.517180507977193e-08,1.799086644236521e-05,3.97779050065467e-05,9.956970053373672e-08,1.83796747126712e-05,4.0685151077183804e-05,1.0411819980927481e-07,1.8772121232829818e-05,4.160256069869835e-05,0.5999999999999999
6.832623542223296e-08,1.5372480662005245e-05,3.371200326385768e-05,7.176178118908722e-08,1.5735354027276483e-05,3.4548024494517175e-05,7.532522443986507e-08,1.6101982489897135e-05,3.539422904269753e-05,7.901969622059864e-08,1.647234933247256e-05,3.6250614182893936e-05,8.284836517127699e-08,1.684643784579454e-05,3.711717715681902e-05,8.681443751292336e-08,1.722423132890852e-05,3.799391517341193e-05,9.09211570345187e-08,1.7605713089180696e-05,3.888082540884773e-05,9.517180507977193e-08,1.799086644236521e-05,3.97779050065467e-05,9.956970053373672e-08,1.83796747126712e-05,4.0685151077183804e-05,1.0411819980927481e-07,1.8772121232829818e-05,4.160256069869835e-05,0.5999999999999999
6.832623542223296e-08,1.5372480662005245e-05,3.371200326385768e-05,7.176178118908722e-08,1.5735354027276483e-05,3.4548024494517175e-05,7.532522443986507e-08,1.6101982489897135e-05,3.539422904269753e-05,7.901969622059864e-08,1.647234933247256e-05,3.6250614182893936e-05,8.284836517127699e-08,1.684643784579454e-05,3.711717715681902e-05,8.681443751292336e-08,1.722423132890852e-05,3.799391517341193e-05,9.09211570345187e-08,1.7605713089180696e-05,3.888082540884773e-05,9.517180507977193e-08,1.799086644236521e-05,3.97779050065467e-05,9.956970053373672e-08,1.83796747126712e-05,4.0685151077183804e-05,1.0411819980927481e-07,1.8772121232829818e-05,4.160256069869835e-05,0.5999999999999999
6.832623542223296e-08,1.5372480662005245e-05,3.371200326385768e-05,7.176178118908722e-08,1.5735354027276483e-05,3.4548024494517175e-05,7.532522443986507e-08,1.6101982489897135e-05,3.539422904269753e-05,7.901969622059864e-08,1.647234933247256e-05,3.6250614182893936e-05,8.284836517127699e-08,1.684643784579454e-05,3.711717715681902e-05,8.681443751292336e-08,1.722423132890852e-05,3.799391517341193e-05,9.09211570345187e-08,1.7605713089180696e-05,3.888082540884773e-05,9.517180507977193e-08,1.799086644236521e-05,3.97779050065467e-05,9.956970053373672e-08,1.83796747126712e-05,4.0685151077183804e-05,1.0411819980927481e-07,1.8772121232829818e-05,4.160256069869835e-05,0.5999999999999999
6.832623542223296e-08,1.5372480662005245e-05,3.371200326385768e-05,7.176178118908722e-08,1.5735354027276483e-05,3.4548024494517175e-05,7.532522443986507e-08,1.6101982489897135e-05,3.539422904269753e-05,7.901969622059864e-08,1.647234933247256e-05,3.6250614182893936e-05,8.284836517127699e-08,1.684643784579454e-05,3.711717715681902e-05,8.681443751292336e-08,1.722423132890852e-05,3.799391517341193e-05,9.09211570345187e-08,1.7605713089180696e-05,3.888082540884773e-05,9.517180507977193e-08,1.799086644236521e-05,3.97779050065467e-05,9.956970053373672e-08,1.83796747126712e-05,4.0685151077183804e-05,1.0411819980927481e-07,1.8772121232829818e-05,4.160256069869835e-05,0.5999999999999999
6.832623542223296e-08,1.5372480662005245e-05,3.371200326385768e-05,7.176178118908722e-08,1.5735354027276483e-05,3.4548024494517175e-05,7.532522443986507e-08,1.6101982489897135e-05,3.539422904269753e-05,7.901969622059864e-08,1.647234933247256e-05,3.6250614182893936e-05,8.284836517127699e-08,1.684643784579454e-05,3.711717715681902e-05,8.681443751292336e-08,1.722423132890852e-05,3.799391517341193e-05,9.09211570345187e-08,1.7605713089180696e-05,3.888082540884773e-05,9.517180507977193e-08,1.799086644236521e-05,3.97779050065467e-05,9.956970053373672e-08,1.83796747126712e-05,4.0685151077183804e-05,1.0411819980927481e-07,1.8772121232829818e-05,4.160256069869835e-05,0.5999999999999999
6.832623542223296e-08,1.5372480662005245e-05,3.371200326385768e-05,7.176178118908722e-08,1.5735354027276483e-05,3.4548024494517175e-05,7.532522443986507e-08,1.6101982489897135e-05,3.539422904269753e-05,7.901969622059864e-08,1.647234933247256e-05,3.6250614182893936e-05,8.284836517127699e-08,1.684643784579454e-05,3.711717715681902e-05,8.681443751292336e-08,1.722423132890852e-05,3.799391517341193e-05,9.09211570345187e-08,1.7605713089180696e-05,3.888082540884773e-05,9.517180507977193e-08,1.799086644236521e-05,3.97779050065467e-05,9.956970053373672e-08,1.83796747126712e-05,4.0685151077183804e-05,1.0411819980927481e-07,1.8772121232829818e-05,4.160256069869835e-05,0.5999999999999999
6.832623542223296e-08,1.5372480662005245e-05,3.371200326385768e-05,7.176178118908722e-08,1.5735354027276483e-05,3.4548024494517175e-05,7.532522443986507e-08,1.6101982489897135e-05,3.539422904269753e-05,7.901969622059864e-08,1.647234933247256e-05,3.6250614182893936e-05,8.284836517127699e-08,1.684643784579454e-05,3.711717715681902e-05,8.681443751292336e-08,1.722423132890852e-05,3.799391517341193e-05,9.09211570345187e-08,1.7605713089180696e-05,3.888082540884773e-05,9.517180507977193e-08,1.799086644236521e-05,3.97779050065467e-05,9.956970053373672e-08,1.83796747126712e-05,4.0685151077183804e-05,1.0411819980927481e-07,1.8772121232829818e-05,4.160256069869835e-05,0.5999999999999999
6.832623542223296e-08,1.5372480662005245e-05,3.371200326385768e-05,7.176178118908722e-08,1.5735354027276483e-05,3.4548024494517175e-05,7.532522443986507e-08,1.6101982489897135e-05,3.539422904269753e-05,7.901969622059864e-08,1.647234933247256e-05,3.6250614182893936e-05,8.284836517127699e-08,1.684643784579454e-05,3.711717715681902e-05,8.681443751292336e-08,1.722423132890852e-05,3.799391517341193e-05,9.09211570345187e-08,1.7605713089180696e-05,3.888082540884773e-05,9.517180507977193e-08,1.799086644236521e-05,3.97779050065467e-05,9.956970053373672e-08,1.83796747126712e-05,4.0685151077183804e-05,1.0411819980927481e-07,1.8772121232829818e-05,4.160256069869835e-05,0.5999999999999999
6.832623542223296e-08,1.5372480662005245e-05,3.371200326385768e-05,7.176178118908722e-08,1.5735354027276483e-05,3.4548024494517175e-05,7.532522443986507e-08,1.6101982489897135e-05,3.539422904269753e-05,7.901969622059864e-08,1.647234933247256e-05,3.6250614182893936e-05,8.284836517127699e-08,1.684643784579454e-05,3.711717715681902e-05,8.681443751292336e-08,1.722423132890852e-05,3.799391517341193e-05,9.09211570345187e-08,1.7605713089180696e-05,3.888082540884773e-05,9.517180507977193e-08,1.799086644236521e-05,3.97779050065467e-05,9.956970053373672e-08,1.83796747126712e-05,4.0685151077183804e-05,1.0411819980927481e-07,1.8772121232829818e-05,4.160256069869835e-05,0.5999999999999999
6.832623542223296e-08,1.5372480662005245e-05,3.371200326385768e-05,7.176178118908722e-08,1.5735354027276483e-05,3.4548024494517175e-05,7.532522443986507e-08,1.6101982489897135e-05,3.539422904269753e-05,7.901969622059864e-08,1.647234933247256e-05,3.6250614182893936e-05,8.284836517127699e-08,1.684643784579454e-05,3.711717715681902e-05,8.681443751292336e-08,1.722423132890852e-05,3.799391517341193e-05,9.09211570345187e-08,1.7605713089180696e-05,3.888082540884773e-05,9.517180507977193e-08,1.799086644236521e-05,3.97779050065467e-05,9.956970053373672e-08,1.83796747126712e-05,4.0685151077183804e-05,1.0411819980927481e-07,1.8772121232829818e-05,4.160256069869835e-05,0.5999999999999999
6.832623542223296e-08,1.5372480662005245e-05,3.371200326385768e-05,7.176178118908722e-08,1.5735354027276483e-05,3.4548024494517175e-05,7.532522443986507e-08,1.6101982489897135e-05,3.539422904269753e-05,7.901969622059864e-08,1.647234933247256e-05,3.6250614182893936e-05,8.284836517127699e-08,1.684643784579454e-05,3.711717715681902e-05,8.681443751292336e-08,1.722423132890852e-05,3.799391517341193e-05,9.09211570345187e-08,1.7605713089180696e-05,3.888082540884773e-05,9.517180507977193e-08,1.799086644236521e-05,3.97779050065467e-05,9.956970053373672e-08,1.83796747126712e-05,4.0685151077183804e-05,1.0411819980927481e-07,1.8772121232829818e-05,4.160256069869835e-05,0.5999999999999999
6.832623542223296e-08,1.5372480662005245e-05,3.371200326385768e-05,7.176178118908722e-08,1.5735354027276483e-05,3.4548024494517175e-05,7.532522443986507e-08,1.6101982489897135e-05,3.539422904269753e-05,7.901969622059864e-08,1.647234933247256e-05,3.6250614182893936e-05,8.284836517127699e-08,1.684643784579454e-05,3.711717715681902e-05,8.681443751292336e-08,1.722423132890852e-05,3.799391517341193e-05,9.09211570345187e-08,1.7605713089180696e-05,3.888082540884773e-05,9.517180507977193e-08,1.799086644236521e-05,3.97779050065467e-05,9.956970053373672e-08,1.83796747126712e-05,4.0685151077183804e-05,1.0411819980927481e-07,1.8772121232829818e-05,4.160256069869835e-05,0.5999999999999999
6.832623542223296e-08,1.5372480662005245e-05,3.371200326385768e-05,7.176178118908722e-08,1.5735354027276483e-05,3.4548024494517175e-05,7.532522443986507e-08,1.6101982489897135e-05,3.539422904269753e-05,7.901969622059864e-08,1.647234933247256e-05,3.6250614182893936e-05,8.284836517127699e-08,1.684643784579454e-05,3.711717715681902e-05,8.681443751292336e-08,1.722423132890852e-05,3.799391517341193e-05,9.09211570345187e-08,1.7605713089180696e-05,3.888082540884773e-05,9.517180507977193e-08,1.799086644236521e-05,3.97779050065467e-05,9.956970053373672e-08,1.83796747126712e-05,4.0685151077183804e-05,1.0411819980927481e-07,1.8772121232829818e-05,4.160256069869835e-05,0.5999999999999999
6.832623542223296e-08,1.5372480662005245e-05,3.371200326385768e-05,7.176178118908722e-08,1.5735354027276483e-05,3.4548024494517175e-05,7.532522443986507e-08,1.6101982489897135e-05,3.539422904269753e-05,7.901969622059864e-08,1.647234933247256e-05,3.6250614182893936e-05,8.284836517127699e-08,1.684643784579454e-05,3.711717715681902e-05,8.681443751292336e-08,1.722423132890852e-05,3.799391517341193e-05,9.09211570345187e-08,1.7605713089180696e-05,3.888082540884773e-05,9.517180507977193e-08,1.799086644236521e-05,3.97779050065467e-05,9.956970053373672e-08,1.83796747126712e-05,4.0685151077183804e-05,1.0411819980927481e-07,1.8772121232829818e-05,4.160256069869835e-05,0.5999999999999999
6.832623542223296e-08,1.5372480662005245e-05,3.371200326385768e-05,7.176178118908722e-08,1.5735354027276483e-05,3.4548024494517175e-05,7.532522443986507e-08,1.6101982489897135e-05,3.539422904269753e-05,7.901969622059864e-08,1.647234933247256e-05,3.6250614182893936e-05,8.284836517127699e-08,1.684643784579454e-05,3.711717715681902e-05,8.681443751292336e-08,1.722423132890852e-05,3.799391517341193e-05,9.09211570345187e-08,1.7605713089180696e-05,3.888082540884773e-05,9.517180507977193e-08,1.799086644236521e-05,3.97779050065467e-05,9.956970053373672e-08,1.83796747126712e-05,4.0685151077183804e-05,1.0411819980927481e-07,1.8772121232829818e-05,4.160256069869835e-05,0.5999999999999999
6.832623542223296e-08,1.5372480662005245e-05,3.371200326385768e-05,7.176178118908722e-08,1.5735354027276483e-05,3.4548024494517175e-05,7.532522443986507e-08,1.6101982489897135e-05,3.539422904269753e-05,7.901969622059864e-08,1.647234933247256e-05,3.6250614182893936e-05,8.284836517127699e-08,1.684643784579454e-05,3.711717715681902e-05,8.681443751292336e-08,1.722423132890852e-05,3.799391517341193e-05,9.09211570345187e-08,1.7605713089180696e-05,3.888082540884773e-05,9.517180507977193e-08,1.799086644236521e-05,3.97779050065467e-05,9.956970053373672e-08,1.83796747126712e-05,4.0685151077183804e-05,1.0411819980927481e-07,1.8772121232829818e-05,4.160256069869835e-05,0.5999999999999999
6.832623542223296e-08,1.5372480662005245e-05,3.371200326385768e-05,7.176178118908722e-08,1.5735354027276483e-05,3.4548024494517175e-05,7.532522443986507e-08,1.6101982489897135e-05,3.539422904269753e-05,7.901969622059864e-08,1.647234933247256e-05,3.6250614182893936e-05,8.284836517127699e-08,1.684643784579454e-05,3.711717715681902e-05,8.681443751292336e-08,1.722423132890852e-05,3.799391517341193e-05,9.09211570345187e-08,1.7605713089180696e-05,3.888082540884773e-05,9.517180507977193e-08,1.799086644236521e-05,3.97779050065467e-05,9.956970053373672e-08,1.83796747126712e-05,4.0685151077183804e-05,1.0411819980927481e-07,1.8772121232829818e-05,4.160256069869835e-05,0.5999999999999999
6.832623542223296e-08,1.5372480662005245e-05,3.371200326385768e-05,7.176178118908722e-08,1.5735354027276483e-05,3.4548024494517175e-05,7.532522443986507e-08,1.6101982489897135e-05,3.539422904269753e-05,7.901969622059864e-08,1.647234933247256e-05,3.6250614182893936e-05,8.284836517127699e-08,1.684643784579454e-05,3.711717715681902e-05,8.681443751292336e-08,1.722423132890852e-05,3.799391517341193e-05,9.09211570345187e-08,1.7605713089180696e-05,3.888082540884773e-05,9.517180507977193e-08,1.799086644236521e-05,3.97779050065467e-05,9.956970053373672e-08,1.83796747126712e-05,4.0685151077183804e-05,1.0411819980927481e-07,1.8772121232829818e-05,4.160256069869835e-05,0.5999999999999999
6.832623542223296e-08,1.5372480662005245e-05,3.371200326385768e-05,7.176178118908722e-08,1.5735354027276483e-05,3.4548024494517175e-05,7.532522443986507e-08,1.6101982489897135e-05,3.539422904269753e-05,7.901969622059864e-08,1.647234933247256e-05,3.6250614182893936e-05,8.284836517127699e-08,1.684643784579454e-05,3.711717715681902e-05,8.681443751292336e-08,1.722423132890852e-05,3.799391517341193e-05,9.09211570345187e-08,1.7605713089180696e-05,3.888082540884773e-05,9.517180507977193e-08,1.799086644236521e-05,3.97779050065467e-05,9.956970053373672e-08,1.83796747126712e-05,4.0685151077183804e-05,1.0411819980927481e-07,1.8772121232829818e-05,4.160256069869835e-05,0.5999999999999999
6.832623542223296e-08,1.5372480662005245e-05,3.371200326385768e-05,7.176178118908722e-08,1.5735354027276483e-05,3.4548024494517175e-05,7.532522443986507e-08,1.6101982489897135e-05,3.539422904269753e-05,7.901969622059864e-08,1.647234933247256e-05,3.6250614182893936e-05,8.284836517127699e-08,1.684643784579454e-05,3.711717715681902e-05,8.681443751292336e-08,1.722423132890852e-05,3.799391517341193e-05,9.09211570345187e-08,1.7605713089180696e-05,3.888082540884773e-05,9.517180507977193e-08,1.799086644236521e-05,3.97779050065467e-05,9.956970053373672e-08,1.83796747126712e-05,4.0685151077183804e-05,1.0411819980927481e-07,1.8772121232829818e-05,4.160256069869835e-05,0.5999999999999999
6.832623542223296e-08,1.5372480662005245e-05,3.371200326385768e-05,7.176178118908722e-08,1.5735354027276483e-05,3.4548024494517175e-05,7.532522443986507e-08,1.6101982489897135e-05,3.539422904269753e-05,7.901969622059864e-08,1.647234933247256e-05,3.6250614182893936e-05,8.284836517127699e-08,1.684643784579454e-05,3.711717715681902e-05,8.681443751292336e-08,1.722423132890852e-05,3.799391517341193e-05,9.09211570345187e-08,1.7605713089180696e-05,3.888082540884773e-05,9.517180507977193e-08,1.799086644236521e-05,3.97779050065467e-05,9.956970053373672e-08,1.83796747126712e-05,4.0685151077183804e-05,1.0411819980927481e-07,1.8772121232829818e-05,4.160256069869835e-05,0.5999999999999999
6.832623542223296e-08,1.5372480662005245e-05,3.371200326385768e-05,7.176178118908722e-08,1.5735354027276483e-05,3.4548024494517175e-05,7.532522443986507e-08,1.6101982489897135e-05,3.539422904269753e-05,7.901969622059864e-08,1.647234933247256e-05,3.6250614182893936e-05,8.284836517127699e-08,1.684643784579454e-05,3.711717715681902e-05,8.681443751292336e-08,1.722423132890852e-05,3.799391517341193e-05,9.09211570345187e-08,1.7605713089180696e-05,3.888082540884773e-05,9.517180507977193e-08,1.799086644236521e-05,3.97779050065467e-05,9.956970053373672e-08,1.83796747126712e-05,4.0685151077183804e-05,1.0411819980927481e-07,1.8772121232829818e-05,4.160256069869835e-05,0.5999999999999999
6.832623542223296e-08,1.5372480662005245e-05,3.371200326385768e-05,7.176178118908722e-08,1.5735354027276483e-05,3.4548024494517175e-05,7.532522443986507e-08,1.6101982489897135e-05,3.539422904269753e-05,7.901969622059864e-08,1.647234933247256e-05,3.6250614182893936e-05,8.284836517127699e-08,1.684643784579454e-05,3.711717715681902e-05,8.681443751292336e-08,1.722423132890852e-05,3.799391517341193e-05,9.09211570345187e-08,1.7605713089180696e-05,3.888082540884773e-05,9.517180507977193e-08,1.799086644236521e-05,3.97779050065467e-05,9.956970053373672e-08,1.83796747126712e-05,4.0685151077183804e-05,1.0411819980927481e-07,1.8772121232829818e-05,4.160256069869835e-05,0.5999999999999999
6.832623542223296e-08,1.5372480662005245e-05,3.371200326385768e-05,7.176178118908722e-08,1.5735354027276483e-05,3.4548024494517175e-05,7.532522443986507e-08,1.6101982489897135e-05,3.539422904269753e-05,7.901969622059864e-08,1.647234933247256e-05,3.6250614182893936e-05,8.284836517127699e-08,1.684643784579454e-05,3.711717715681902e-05,8.681443751292336e-08,1.722423132890852e-05,3.799391517341193e-05,9.09211570345187e-08,1.7605713089180696e-05,3.888082540884773e-05,9.517180507977193e-08,1.799086644236521e-05,3.97779050065467e-05,9.956970053373672e-08,1.83796747126712e-05,4.0685151077183804e-05,1.0411819980927481e-07,1.8772121232829818e-05,4.160256069869835e-05,0.5999999999999999
6.832623542223296e-08,1.5372480662005245e-05,3.371200326385768e-05,7.176178118908722e-08,1.5735354027276483e-05,3.4548024494517175e-05,7.532522443986507e-08,1.6101982489897135e-05,3.539422904269753e-05,7.901969622059864e-08,1.647234933247256e-05,3.6250614182893936e-05,8.284836517127699e-08,1.684643784579454e-05,3.711717715681902e-05,8.681443751292336e-08,1.722423132890852e-05,3.799391517341193e-05,9.09211570345187e-08,1.7605713089180696e-05,3.888082540884773e-05,9.517180507977193e-08,1.799086644236521e-05,3.97779050065467e-05,9.956970053373672e-08,1.83796747126712e-05,4.0685151077183804e-05,1.0411819980927481e-07,1.8772121232829818e-05,4.160256069869835e-05,0.5999999999999999
6.832623542223296e-08,1.5372480662005245e-05,3.371200326385768e-05,7.176178118908722e-08,1.5735354027276483e-05,3.4548024494517175e-05,7.532522443986507e-08,1.6101982489897135e-05,3.539422904269753e-05,7.901969622059864e-08,1.647234933247256e-05,3.6250614182893936e-05,8.284836517127699e-08,1.684643784579454e-05,3.711717715681902e-05,8.681443751292336e-08,1.722423132890852e-05,3.799391517341193e-05,9.09211570345187e-08,1.7605713089180696e-05,3.888082540884773e-05,9.517180507977193e-08,1.799086644236521e-05,3.97779050065467e-05,9.956970053373672e-08,1.83796747126712e-05,4.0685151077183804e-05,1.0411819980927481e-07,1.8772121232829818e-05,4.160256069869835e-05,0.5999999999999999
6.832623542223296e-08,1.5372480662005245e-05,3.371200326385768e-05,7.176178118908722e-08,1.5735354027276483e-05,3.4548024494517175e-05,7.532522443986507e-08,1.6101982489897135e-05,3.539422904269753e-05,7.901969622059864e-08,1.647234933247256e-05,3.6250614182893936e-05,8.284836517127699e-08,1.684643784579454e-05,3.711717715681902e-05,8.681443751292336e-08,1.722423132890852e-05,3.799391517341193e-05,9.09211570345187e-08,1.7605713089180696e-05,3.888082540884773e-05,9.517180507977193e-08,1.799086644236521e-05,3.97779050065467e-05,9.956970053373672e-08,1.83796747126712e-05,4.0685151077183804e-05,1.0411819980927481e-07,1.8772121232829818e-05,4.160256069869835e-05,0.5999999999999999
6.832623542223296e-08,1.5372480662005245e-05,3.371200326385768e-05,7.176178118908722e-08,1.5735354027276483e-05,3.4548024494517175e-05,7.532522443986507e-08,1.6101982489897135e-05,3.539422904269753e-05,7.901969622059864e-08,1.647234933247256e-05,3.6250614182893936e-05,8.284836517127699e-08,1.684643784579454e-05,3.711717715681902e-05,8.681443751292336e-08,1.722423132890852e-05,3.799391517341193e-05,9.09211570345187e-08,1.7605713089180696e-05,3.888082540884773e-05,9.517180507977193e-08,1.799086644236521e-05,3.97779050065467e-05,9.956970053373672e-08,1.83796747126712e-05,4.0685151077183804e-05,1.0411819980927481e-07,1.8772121232829818e-05,4.160256069869835e-05,0.5999999999999999
6.832623542223296e-08,1.5372480662005245e-05,3.371200326385768e-05,7.176178118908722e-08,1.5735354027276483e-05,3.4548024494517175e-05,7.532522443986507e-08,1.6101982489897135e-05,3.539422904269753e-05,7.901969622059864e-08,1.647234933247256e-05,3.6250614182893936e-05,8.284836517127699e-08,1.684643784579454e-05,3.711717715681902e-05,8.681443751292336e-08,1.722423132890852e-05,3.799391517341193e-05,9.09211570345187e-08,1.7605713089180696e-05,3.888082540884773e-05,9.517180507977193e-08,1.799086644236521e-05,3.97779050065467e-05,9.956970053373672e-08,1.83796747126712e-05,4.0685151077183804e-05,1.0411819980927481e-07,1.8772121232829818e-05,4.160256069869835e-05,0.5999999999999999
6.832623542223296e-08,1.5372480662005245e-05,3.371200326385768e-05,7.176178118908722e-08,1.5735354027276483e-05,3.4548024494517175e-05,7.532522443986507e-08,1.6101982489897135e-05,3.539422904269753e-05,7.901969622059864e-08,1.647234933247256e-05,3.6250614182893936e-05,8.284836517127699e-08,1.684643784579454e-05,3.711717715681902e-05,8.681443751292336e-08,1.722423132890852e-05,3.799391517341193e-05,9.09211570345187e-08,1.7605713089180696e-05,3.888082540884773e-05,9.517180507977193e-08,1.799086644236521e-05,3.97779050065467e-05,9.956970053373672e-08,1.83796747126712e-05,4.0685151077183804e-05,1.0411819980927481e-07,1.8772121232829818e-05,4.160256069869835e-05,0.5999999999999999
6.832623542223296e-08,1.5372480662005245e-05,3.371200326385768e-05,7.176178118908722e-08,1.5735354027276483e-05,3.4548024494517175e-05,7.532522443986507e-08,1.6101982489897135e-05,3.539422904269753e-05,7.901969622059864e-08,1.647234933247256e-05,3.6250614182893936e-05,8.284836517127699e-08,1.684643784579454e-05,3.711717715681902e-05,8.681443751292336e-08,1.722423132890852e-05,3.799391517341193e-05,9.09211570345187e-08,1.7605713089180696e-05,3.888082540884773e-05,9.517180507977193e-08,1.799086644236521e-05,3.97779050065467e-05,9.956970053373672e-08,1.83796747126712e-05,4.0685151077183804e-05,1.0411819980927481e-07,1.8772121232829818e-05,4.160256069869835e-05,0.5999999999999999
6.832623542223296e-08,1.5372480662005245e-05,3.371200326385768e-05,7.176178118908722e-08,1.5735354027276483e-05,3.4548024494517175e-05,7.532522443986507e-08,1.6101982489897135e-05,3.539422904269753e-05,7.901969622059864e-08,1.647234933247256e-05,3.6250614182893936e-05,8.284836517127699e-08,1.684643784579454e-05,3.711717715681902e-05,8.681443751292336e-08,1.722423132890852e-05,3.799391517341193e-05,9.09211570345187e-08,1.7605713089180696e-05,3.888082540884773e-05,9.517180507977193e-08,1.799086644236521e-05,3.97779050065467e-05,9.956970053373672e-08,1.83796747126712e-05,4.0685151077183804e-05,1.0411819980927481e-07,1.8772121232829818e-05,4.160256069869835e-05,0.5999999999999999
6.832623542223296e-08,1.5372480662005245e-05,3.371200326385768e-05,7.176178118908722e-08,1.5735354027276483e-05,3.4548024494517175e-05,7.532522443986507e-08,1.6101982489897135e-05,3.539422904269753e-05,7.901969622059864e-08,1.647234933247256e-05,3.6250614182893936e-05,8.284836517127699e-08,1.684643784579454e-05,3.711717715681902e-05,8.681443751292336e-08,1.722423132890852e-05,3.799391517341193e-05,9.09211570345187e-08,1.7605713089180696e-05,3.888082540884773e-05,9.517180507977193e-08,1.799086644236521e-05,3.97779050065467e-05,9.956970053373672e-08,1.83796747126712e-05,4.0685151077183804e-05,1.0411819980927481e-07,1.8772121232829818e-05,4.160256069869835e-05,0.5999999999999999
6.832623542223296e-08,1.5372480662005245e-05,3.371200326385768e-05,7.176178118908722e-08,1.5735354027276483e-05,3.4548024494517175e-05,7.532522443986507e-08,1.6101982489897135e-05,3.539422904269753e-05,7.901969622059864e-08,1.647234933247256e-05,3.6250614182893936e-05,8.284836517127699e-08,1.684643784579454e-05,3.711717715681902e-05,8.681443751292336e-08,1.722423132890852e-05,3.799391517341193e-05,9.09211570345187e-08,1.7605713089180696e-05,3.888082540884773e-05,9.517180507977193e-08,1.799086644236521e-05,3.97779050065467e-05,9.956970053373672e-08,1.83796747126712e-05,4.0685151077183804e-05,1.0411819980927481e-07,1.8772121232829818e-05,4.160256069869835e-05,0.5999999999999999
6.832623542223296e-08,1.5372480662005245e-05,3.371200326385768e-05,7.176178118908722e-08,1.5735354027276483e-05,3.4548024494517175e-05,7.532522443986507e-08,1.6101982489897135e-05,3.539422904269753e-05,7.901969622059864e-08,1.647234933247256e-05,3.6250614182893936e-05,8.284836517127699e-08,1.684643784579454e-05,3.711717715681902e-05,8.681443751292336e-08,1.722423132890852e-05,3.799391517341193e-05,9.09211570345187e-08,1.7605713089180696e-05,3.888082540884773e-05,9.517180507977193e-08,1.799086644236521e-05,3.97779050065467e-05,9.956970053373672e-08,1.83796747126712e-05,4.0685151077183804e-05,1.0411819980927481e-07,1.8772121232829818e-05,4.160256069869835e-05,0.5999999999999999
6.832623542223296e-08,1.5372480662005245e-05,3.371200326385768e-05,7.176178118908722e-08,1.5735354027276483e-05,3.4548024494517175e-05,7.532522443986507e-08,1.6101982489897135e-05,3.539422904269753e-05,7.901969622059864e-08,1.647234933247256e-05,3.6250614182893936e-05,8.284836517127699e-08,1.684643784579454e-05,3.711717715681902e-05,8.681443751292336e-08,1.722423132890852e-05,3.799391517341193e-05,9.09211570345187e-08,1.7605713089180696e-05,3.888082540884773e-05,9.517180507977193e-08,1.799086644236521e-05,3.97779050065467e-05,9.956970053373672e-08,1.83796747126712e-05,4.0685151077183804e-05,1.0411819980927481e-07,1.8772121232829818e-05,4.160256069869835e-05,0.5999999999999999
6.832623542223296e-08,1.5372480662005245e-05,3.371200326385768e-05,7.176178118908722e-08,1.5735354027276483e-05,3.4548024494517175e-05,7.532522443986507e-08,1.6101982489897135e-05,3.539422904269753e-05,7.901969622059864e-08,1.647234933247256e-05,3.6250614182893936e-05,8.284836517127699e-08,1.684643784579454e-05,3.711717715681902e-05,8.681443751292336e-08,1.722423132890852e-05,3.799391517341193e-05,9.09211570345187e-08,1.7605713089180696e-05,3.888082540884773e-05,9.517180507977193e-08,1.799086644236521e-05,3.97779050065467e-05,9.956970053373672e-08,1.83796747126712e-05,4.0685151077183804e-05,1.0411819980927481e-07,1.8772121232829818e-05,4.160256069869835e-05,0.5999999999999999
6.832623542223296e-08,1.5372480662005245e-05,3.371200326385768e-05,7.176178118908722e-08,1.5735354027276483e-05,3.4548024494517175e-05,7.532522443986507e-08,1.6101982489897135e-05,3.539422904269753e-05,7.901969622059864e-08,1.647234933247256e-05,3.6250614182893936e-05,8.284836517127699e-08,1.684643784579454e-05,3.711717715681902e-05,8.681443751292336e-08,1.722423132890852e-05,3.799391517341193e-05,9.09211570345187e-08,1.7605713089180696e-05,3.888082540884773e-05,9.517180507977193e-08,1.799086644236521e-05,3.97779050065467e-05,9.956970053373672e-08,1.83796747126712e-05,4.0685151077183804e-05,1.0411819980927481e-07,1.8772121232829818e-05,4.160256069869835e-05,0.5999999999999999
6.832623542223296e-08,1.5372480662005245e-05,3.371200326385768e-05,7.176178118908722e-08,1.5735354027276483e-05,3.4548024494517175e-05,7.532522443986507e-08,1.6101982489897135e-05,3.539422904269753e-05,7.901969622059864e-08,1.647234933247256e-05,3.6250614182893936e-05,8.284836517127699e-08,1.684643784579454e-05,3.711717715681902e-05,8.681443751292336e-08,1.722423132890852e-05,3.799391517341193e-05,9.09211570345187e-08,1.7605713089180696e-05,3.888082540884773e-05,9.517180507977193e-08,1.799086644236521e-05,3.97779050065467e-05,9.956970053373672e-08,1.83796747126712e-05,4.0685151077183804e-05,1.0411819980927481e-07,1.8772121232829818e-05,4.160256069869835e-05,0.5999999999999999
6.832623542223296e-08,1.5372480662005245e-05,3.371200326385768e-05,7.176178118908722e-08,1.5735354027276483e-05,3.4548024494517175e-05,7.532522443986507e-08,1.6101982489897135e-05,3.539422904269753e-05,7.901969622059864e-08,1.647234933247256e-05,3.6250614182893936e-05,8.284836517127699e-08,1.684643784579454e-05,3.711717715681902e-05,8.681443751292336e-08,1.722423132890852e-05,3.799391517341193e-05,9.09211570345187e-08,1.7605713089180696e-05,3.888082540884773e-05,9.517180507977193e-08,1.799086644236521e-05,3.97779050065467e-05,9.956970053373672e-08,1.83796747126712e-05,4.0685151077183804e-05,1.0411819980927481e-07,1.8772121232829818e-05,4.160256069869835e-05,0.5999999999999999
6.832623542223296e-08,1.5372480662005245e-05,3.371200326385768e-05,7.176178118908722e-08,1.5735354027276483e-05,3.4548024494517175e-05,7.532522443986507e-08,1.6101982489897135e-05,3.539422904269753e-05,7.901969622059864e-08,1.647234933247256e-05,3.6250614182893936e-05,8.284836517127699e-08,1.684643784579454e-05,3.711717715681902e-05,8.681443751292336e-08,1.722423132890852e-05,3.799391517341193e-05,9.09211570345187e-08,1.7605713089180696e-05,3.888082540884773e-05,9.517180507977193e-08,1.799086644236521e-05,3.97779050065467e-05,9.956970053373672e-08,1.83796747126712e-05,4.0685151077183804e-05,1.0411819980927481e-07,1.8772121232829818e-05,4.160256069869835e-05,0.5999999999999999
6.832623542223296e-08,1.5372480662005245e-05,3.371200326385768e-05,7.176178118908722e-08,1.5735354027276483e-05,3.4548024494517175e-05,7.532522443986507e-08,1.6101982489897135e-05,3.539422904269753e-05,7.901969622059864e-08,1.647234933247256e-05,3.6250614182893936e-05,8.284836517127699e-08,1.684643784579454e-05,3.711717715681902e-05,8.681443751292336e-08,1.722423132890852e-05,3.799391517341193e-05,9.09211570345187e-08,1.7605713089180696e-05,3.888082540884773e-05,9.517180507977193e-08,1.799086644236521e-05,3.97779050065467e-05,9.956970053373672e-08,1.83796747126712e-05,4.0685151077183804e-05,1.0411819980927481e-07,1.8772121232829818e-05,4.160256069869835e-05,0.5999999999999999
6.832623542223296e-08,1.5372480662005245e-05,3.371200326385768e-05,7.176178118908722e-08,1.5735354027276483e-05,3.4548024494517175e-05,7.532522443986507e-08,1.6101982489897135e-05,3.539422904269753e-05,7.901969622059864e-08,1.647234933247256e-05,3.6250614182893936e-05,8.284836517127699e-08,1.684643784579454e-05,3.711717715681902e-05,8.681443751292336e-08,1.722423132890852e-05,3.799391517341193e-05,9.09211570345187e-08,1.7605713089180696e-05,3.888082540884773e-05,9.517180507977193e-08,1.799086644236521e-05,3.97779050065467e-05,9.956970053373672e-08,1.83796747126712e-05,4.0685151077183804e-05,1.0411819980927481e-07,1.8772121232829818e-05,4.160256069869835e-05,0.5999999999999999
6.832623542223296e-08,1.5372480662005245e-05,3.371200326385768e-05,7.176178118908722e-08,1.5735354027276483e-05,3.4548024494517175e-05,7.532522443986507e-08,1.6101982489897135e-05,3.539422904269753e-05,7.901969622059864e-08,1.647234933247256e-05,3.6250614182893936e-05,8.284836517127699e-08,1.684643784579454e-05,3.711717715681902e-05,8.681443751292336e-08,1.722423132890852e-05,3.799391517341193e-05,9.09211570345187e-08,1.7605713089180696e-05,3.888082540884773e-05,9.517180507977193e-08,1.799086644236521e-05,3.97779050065467e-05,9.956970053373672e-08,1.83796747126712e-05,4.0685151077183804e-05,1.0411819980927481e-07,1.8772121232829818e-05,4.160256069869835e-05,0.5999999999999999
6.832623542223296e-08,1.5372480662005245e-05,3.371200326385768e-05,7.176178118908722e-08,1.5735354027276483e-05,3.4548024494517175e-05,7.532522443986507e-08,1.6101982489897135e-05,3.539422904269753e-05,7.901969622059864e-08,1.647234933247256e-05,3.6250614182893936e-05,8.284836517127699e-08,1.684643784579454e-05,3.711717715681902e-05,8.681443751292336e-08,1.722423132890852e-05,3.799391517341193e-05,9.09211570345187e-08,1.7605713089180696e-05,3.888082540884773e-05,9.517180507977193e-08,1.799086644236521e-05,3.97779050065467e-05,9.956970053373672e-08,1.83796747126712e-05,4.0685151077183804e-05,1.0411819980927481e-07,1.8772121232829818e-05,4.160256069869835e-05,0.5999999999999999
6.832623542223296e-08,1.5372480662005245e-05,3.371200326385768e-05,7.176178118908722e-08,1.5735354027276483e-05,3.4548024494517175e-05,7.532522443986507e-08,1.6101982489897135e-05,3.539422904269753e-05,7.901969622059864e-08,1.647234933247256e-05,3.6250614182893936e-05,8.284836517127699e-08,1.684643784579454e-05,3.711717715681902e-05,8.681443751292336e-08,1.722423132890852e-05,3.799391517341193e-05,9.09211570345187e-08,1.7605713089180696e-05,3.888082540884773e-05,9.517180507977193e-08,1.799086644236521e-05,3.97779050065467e-05,9.956970053373672e-08,1.83796747126712e-05,4.0685151077183804e-05,1.0411819980927481e-07,1.8772121232829818e-05,4.160256069869835e-05,0.5999999999999999
6.832623542223296e-08,1.5372480662005245e-05,3.371200326385768e-05,7.176178118908722e-08,1.5735354027276483e-05,3.4548024494517175e-05,7.532522443986507e-08,1.6101982489897135e-05,3.539422904269753e-05,7.901969622059864e-08,1.647234933247256e-05,3.6250614182893936e-05,8.284836517127699e-08,1.684643784579454e-05,3.711717715681902e-05,8.681443751292336e-08,1.722423132890852e-05,3.799391517341193e-05,9.09211570345187e-08,1.7605713089180696e-05,3.888082540884773e-05,9.517180507977193e-08,1.799086644236521e-05,3.97779050065467e-05,9.956970053373672e-08,1.83796747126712e-05,4.0685151077183804e-05,1.0411819980927481e-07,1.8772121232829818e-05,4.160256069869835e-05,0.5999999999999999
6.832623542223296e-08,1.5372480662005245e-05,3.371200326385768e-05,7.176178118908722e-08,1.5735354027276483e-05,3.4548024494517175e-05,7.532522443986507e-08,1.6101982489897135e-05,3.539422904269753e-05,7.901969622059864e-08,1.647234933247256e-05,3.6250614182893936e-05,8.284836517127699e-08,1.684643784579454e-05,3.711717715681902e-05,8.681443751292336e-08,1.722423132890852e-05,3.799391517341193e-05,9.09211570345187e-08,1.7605713089180696e-05,3.888082540884773e-05,9.517180507977193e-08,1.799086644236521e-05,3.97779050065467e-05,9.956970053373672e-08,1.83796747126712e-05,4.0685151077183804e-05,1.0411819980927481e-07,1.8772121232829818e-05,4.160256069869835e-05,0.5999999999999999
6.832623542223296e-08,1.5372480662005245e-05,3.371200326385768e-05,7.176178118908722e-08,1.5735354027276483e-05,3.4548024494517175e-05,7.532522443986507e-08,1.6101982489897135e-05,3.539422904269753e-05,7.901969622059864e-08,1.647234933247256e-05,3.6250614182893936e-05,8.284836517127699e-08,1.684643784579454e-05,3.711717715681902e-05,8.681443751292336e-08,1.722423132890852e-05,3.799391517341193e-05,9.09211570345187e-08,1.7605713089180696e-05,3.888082540884773e-05,9.517180507977193e-08,1.799086644236521e-05,3.97779050065467e-05,9.956970053373672e-08,1.83796747126712e-05,4.0685151077183804e-05,1.0411819980927481e-07,1.8772121232829818e-05,4.160256069869835e-05,0.5999999999999999
6.832623542223296e-08,1.5372480662005245e-05,3.371200326385768e-05,7.176178118908722e-08,1.5735354027276483e-05,3.4548024494517175e-05,7.532522443986507e-08,1.6101982489897135e-05,3.539422904269753e-05,7.901969622059864e-08,1.647234933247256e-05,3.6250614182893936e-05,8.284836517127699e-08,1.684643784579454e-05,3.711717715681902e-05,8.681443751292336e-08,1.722423132890852e-05,3.799391517341193e-05,9.09211570345187e-08,1.7605713089180696e-05,3.888082540884773e-05,9.517180507977193e-08,1.799086644236521e-05,3.97779050065467e-05,9.956970053373672e-08,1.83796747126712e-05,4.0685151077183804e-05,1.0411819980927481e-07,1.8772121232829818e-05,4.160256069869835e-05,0.5999999999999999
6.832623542223296e-08,1.5372480662005245e-05,3.371200326385768e-05,7.176178118908722e-08,1.5735354027276483e-05,3.4548024494517175e-05,7.532522443986507e-08,1.6101982489897135e-05,3.539422904269753e-05,7.901969622059864e-08,1.647234933247256e-05,3.6250614182893936e-05,8.284836517127699e-08,1.684643784579454e-05,3.711717715681902e-05,8.681443751292336e-08,1.722423132890852e-05,3.799391517341193e-05,9.09211570345187e-08,1.7605713089180696e-05,3.888082540884773e-05,9.517180507977193e-08,1.799086644236521e-05,3.97779050065467e-05,9.956970053373672e-08,1.83796747126712e-05,4.0685151077183804e-05,1.0411819980927481e-07,1.8772121232829818e-05,4.160256069869835e-05,0.5999999999999999
6.832623542223296e-08,1.5372480662005245e-05,3.371200326385768e-05,7.176178118908722e-08,1.5735354027276483e-05,3.4548024494517175e-05,7.532522443986507e-08,1.6101982489897135e-05,3.539422904269753e-05,7.901969622059864e-08,1.647234933247256e-05,3.6250614182893936e-05,8.284836517127699e-08,1.684643784579454e-05,3.711717715681902e-05,8.681443751292336e-08,1.722423132890852e-05,3.799391517341193e-05,9.09211570345187e-08,1.7605713089180696e-05,3.888082540884773e-05,9.517180507977193e-08,1.799086644236521e-05,3.97779050065467e-05,9.956970053373672e-08,1.83796747126712e-05,4.0685151077183804e-05,1.0411819980927481e-07,1.8772121232829818e-05,4.160256069869835e-05,0.5999999999999999
6.832623542223296e-08,1.5372480662005245e-05,3.371200326385768e-05,7.176178118908722e-08,1.5735354027276483e-05,3.4548024494517175e-05,7.532522443986507e-08,1.6101982489897135e-05,3.539422904269753e-05,7.901969622059864e-08,1.647234933247256e-05,3.6250614182893936e-05,8.284836517127699e-08,1.684643784579454e-05,3.711717715681902e-05,8.681443751292336e-08,1.722423132890852e-05,3.799391517341193e-05,9.09211570345187e-08,1.7605713089180696e-05,3.888082540884773e-05,9.517180507977193e-08,1.799086644236521e-05,3.97779050065467e-05,9.956970053373672e-08,1.83796747126712e-05,4.0685151077183804e-05,1.0411819980927481e-07,1.8772121232829818e-05,4.160256069869835e-05,0.5999999999999999
6.832623542223296e-08,1.5372480662005245e-05,3.371200326385768e-05,7.176178118908722e-08,1.5735354027276483e-05,3.4548024494517175e-05,7.532522443986507e-08,1.6101982489897135e-05,3.539422904269753e-05,7.901969622059864e-08,1.647234933247256e-05,3.6250614182893936e-05,8.284836517127699e-08,1.684643784579454e-05,3.711717715681902e-05,8.681443751292336e-08,1.722423132890852e-05,3.799391517341193e-05,9.09211570345187e-08,1.7605713089180696e-05,3.888082540884773e-05,9.517180507977193e-08,1.799086644236521e-05,3.97779050065467e-05,9.956970053373672e-08,1.83796747126712e-05,4.0685151077183804e-05,1.0411819980927481e-07,1.8772121232829818e-05,4.160256069869835e-05,0.5999999999999999
6.832623542223296e-08,1.5372480662005245e-05,3.371200326385768e-05,7.176178118908722e-08,1.5735354027276483e-05,3.4548024494517175e-05,7.532522443986507e-08,1.6101982489897135e-05,3.539422904269753e-05,7.901969622059864e-08,1.647234933247256e-05,3.6250614182893936e-05,8.284836517127699e-08,1.684643784579454e-05,3.711717715681902e-05,8.681443751292336e-08,1.722423132890852e-05,3.799391517341193e-05,9.09211570345187e-08,1.7605713089180696e-05,3.888082540884773e-05,9.517180507977193e-08,1.799086644236521e-05,3.97779050065467e-05,9.956970053373672e-08,1.83796747126712e-05,4.0685151077183804e-05,1.0411819980927481e-07,1.8772121232829818e-05,4.160256069869835e-05,0.5999999999999999
6.832623542223296e-08,1.5372480662005245e-05,3.371200326385768e-05,7.176178118908722e-08,1.5735354027276483e-05,3.4548024494517175e-05,7.532522443986507e-08,1.6101982489897135e-05,3.539422904269753e-05,7.901969622059864e-08,1.647234933247256e-05,3.6250614182893936e-05,8.284836517127699e-08,1.684643784579454e-05,3.711717715681902e-05,8.681443751292336e-08,1.722423132890852e-05,3.799391517341193e-05,9.09211570345187e-08,1.7605713089180696e-05,3.888082540884773e-05,9.517180507977193e-08,1.799086644236521e-05,3.97779050065467e-05,9.956970053373672e-08,1.83796747126712e-05,4.0685151077183804e-05,1.0411819980927481e-07,1.8772121232829818e-05,4.160256069869835e-05,0.5999999999999999
6.832623542223296e-08,1.5372480662005245e-05,3.371200326385768e-05,7.176178118908722e-08,1.5735354027276483e-05,3.4548024494517175e-05,7.532522443986507e-08,1.6101982489897135e-05,3.539422904269753e-05,7.901969622059864e-08,1.647234933247256e-05,3.6250614182893936e-05,8.284836517127699e-08,1.684643784579454e-05,3.711717715681902e-05,8.681443751292336e-08,1.722423132890852e-05,3.799391517341193e-05,9.09211570345187e-08,1.7605713089180696e-05,3.888082540884773e-05,9.517180507977193e-08,1.799086644236521e-05,3.97779050065467e-05,9.956970053373672e-08,1.83796747126712e-05,4.0685151077183804e-05,1.0411819980927481e-07,1.8772121232829818e-05,4.160256069869835e-05,0.5999999999999999
6.832623542223296e-08,1.5372480662005245e-05,3.371200326385768e-05,7.176178118908722e-08,1.5735354027276483e-05,3.4548024494517175e-05,7.532522443986507e-08,1.6101982489897135e-05,3.539422904269753e-05,7.901969622059864e-08,1.647234933247256e-05,3.6250614182893936e-05,8.284836517127699e-08,1.684643784579454e-05,3.711717715681902e-05,8.681443751292336e-08,1.722423132890852e-05,3.799391517341193e-05,9.09211570345187e-08,1.7605713089180696e-05,3.888082540884773e-05,9.517180507977193e-08,1.799086644236521e-05,3.97779050065467e-05,9.956970053373672e-08,1.83796747126712e-05,4.0685151077183804e-05,1.0411819980927481e-07,1.8772121232829818e-05,4.160256069869835e-05,0.5999999999999999
6.832623542223296e-08,1.5372480662005245e-05,3.371200326385768e-05,7.176178118908722e-08,1.5735354027276483e-05,3.4548024494517175e-05,7.532522443986507e-08,1.6101982489897135e-05,3.539422904269753e-05,7.901969622059864e-08,1.647234933247256e-05,3.6250614182893936e-05,8.284836517127699e-08,1.684643784579454e-05,3.711717715681902e-05,8.681443751292336e-08,1.722423132890852e-05,3.799391517341193e-05,9.09211570345187e-08,1.7605713089180696e-05,3.888082540884773e-05,9.517180507977193e-08,1.799086644236521e-05,3.97779050065467e-05,9.956970053373672e-08,1.83796747126712e-05,4.0685151077183804e-05,1.0411819980927481e-07,1.8772121232829818e-05,4.160256069869835e-05,0.5999999999999999
6.832623542223296e-08,1.5372480662005245e-05,3.371200326385768e-05,7.176178118908722e-08,1.5735354027276483e-05,3.4548024494517175e-05,7.532522443986507e-08,1.6101982489897135e-05,3.539422904269753e-05,7.901969622059864e-08,1.647234933247256e-05,3.6250614182893936e-05,8.284836517127699e-08,1.684643784579454e-05,3.711717715681902e-05,8.681443751292336e-08,1.722423132890852e-05,3.799391517341193e-05,9.09211570345187e-08,1.7605713089180696e-05,3.888082540884773e-05,9.517180507977193e-08,1.799086644236521e-05,3.97779050065467e-05,9.956970053373672e-08,1.83796747126712e-05,4.0685151077183804e-05,1.0411819980927481e-07,1.8772121232829818e-05,4.160256069869835e-05,0.5999999999999999
6.832623542223296e-08,1.5372480662005245e-05,3.371200326385768e-05,7.176178118908722e-08,1.5735354027276483e-05,3.4548024494517175e-05,7.532522443986507e-08,1.6101982489897135e-05,3.539422904269753e-05,7.901969622059864e-08,1.647234933247256e-05,3.6250614182893936e-05,8.284836517127699e-08,1.684643784579454e-05,3.711717715681902e-05,8.681443751292336e-08,1.722423132890852e-05,3.799391517341193e-05,9.09211570345187e-08,1.7605713089180696e-05,3.888082540884773e-05,9.517180507977193e-08,1.799086644236521e-05,3.97779050065467e-05,9.956970053373672e-08,1.83796747126712e-05,4.0685151077183804e-05,1.0411819980927481e-07,1.8772121232829818e-05,4.160256069869835e-05,0.5999999999999999
6.832623542223296e-08,1.5372480662005245e-05,3.371200326385768e-05,7.176178118908722e-08,1.5735354027276483e-05,3.4548024494517175e-05,7.532522443986507e-08,1.6101982489897135e-05,3.539422904269753e-05,7.901969622059864e-08,1.647234933247256e-05,3.6250614182893936e-05,8.284836517127699e-08,1.684643784579454e-05,3.711717715681902e-05,8.681443751292336e-08,1.722423132890852e-05,3.799391517341193e-05,9.09211570345187e-08,1.7605713089180696e-05,3.888082540884773e-05,9.517180507977193e-08,1.799086644236521e-05,3.97779050065467e-05,9.956970053373672e-08,1.83796747126712e-05,4.0685151077183804e-05,1.0411819980927481e-07,1.8772121232829818e-05,4.160256069869835e-05,0.5999999999999999
6.832623542223296e-08,1.5372480662005245e-05,3.371200326385768e-05,7.176178118908722e-08,1.5735354027276483e-05,3.4548024494517175e-05,7.532522443986507e-08,1.6101982489897135e-05,3.539422904269753e-05,7.901969622059864e-08,1.647234933247256e-05,3.6250614182893936e-05,8.284836517127699e-08,1.684643784579454e-05,3.711717715681902e-05,8.681443751292336e-08,1.722423132890852e-05,3.799391517341193e-05,9.09211570345187e-08,1.7605713089180696e-05,3.888082540884773e-05,9.517180507977193e-08,1.799086644236521e-05,3.97779050065467e-05,9.956970053373672e-08,1.83796747126712e-05,4.0685151077183804e-05,1.0411819980927481e-07,1.8772121232829818e-05,4.160256069869835e-05,0.5999999999999999
6.832623542223296e-08,1.5372480662005245e-05,3.371200326385768e-05,7.176178118908722e-08,1.5735354027276483e-05,3.4548024494517175e-05,7.532522443986507e-08,1.6101982489897135e-05,3.539422904269753e-05,7.901969622059864e-08,1.647234933247256e-05,3.6250614182893936e-05,8.284836517127699e-08,1.684643784579454e-05,3.711717715681902e-05,8.681443751292336e-08,1.722423132890852e-05,3.799391517341193e-05,9.09211570345187e-08,1.7605713089180696e-05,3.888082540884773e-05,9.517180507977193e-08,1.799086644236521e-05,3.97779050065467e-05,9.956970053373672e-08,1.83796747126712e-05,4.0685151077183804e-05,1.0411819980927481e-07,1.8772121232829818e-05,4.160256069869835e-05,0.5999999999999999
6.832623542223296e-08,1.5372480662005245e-05,3.371200326385768e-05,7.176178118908722e-08,1.5735354027276483e-05,3.4548024494517175e-05,7.532522443986507e-08,1.6101982489897135e-05,3.539422904269753e-05,7.901969622059864e-08,1.647234933247256e-05,3.6250614182893936e-05,8.284836517127699e-08,1.684643784579454e-05,3.711717715681902e-05,8.681443751292336e-08,1.722423132890852e-05,3.799391517341193e-05,9.09211570345187e-08,1.7605713089180696e-05,3.888082540884773e-05,9.517180507977193e-08,1.799086644236521e-05,3.97779050065467e-05,9.956970053373672e-08,1.83796747126712e-05,4.0685151077183804e-05,1.0411819980927481e-07,1.8772121232829818e-05,4.160256069869835e-05,0.5999999999999999
6.832623542223296e-08,1.5372480662005245e-05,3.371200326385768e-05,7.176178118908722e-08,1.5735354027276483e-05,3.4548024494517175e-05,7.532522443986507e-08,1.6101982489897135e-05,3.539422904269753e-05,7.901969622059864e-08,1.647234933247256e-05,3.6250614182893936e-05,8.284836517127699e-08,1.684643784579454e-05,3.711717715681902e-05,8.681443751292336e-08,1.722423132890852e-05,3.799391517341193e-05,9.09211570345187e-08,1.7605713089180696e-05,3.888082540884773e-05,9.517180507977193e-08,1.799086644236521e-05,3.97779050065467e-05,9.956970053373672e-08,1.83796747126712e-05,4.0685151077183804e-05,1.0411819980927481e-07,1.8772121232829818e-05,4.160256069869835e-05,0.5999999999999999
6.832623542223296e-08,1.5372480662005245e-05,3.371200326385768e-05,7.176178118908722e-08,1.5735354027276483e-05,3.4548024494517175e-05,7.532522443986507e-08,1.6101982489897135e-05,3.539422904269753e-05,7.901969622059864e-08,1.647234933247256e-05,3.6250614182893936e-05,8.284836517127699e-08,1.684643784579454e-05,3.711717715681902e-05,8.681443751292336e-08,1.722423132890852e-05,3.799391517341193e-05,9.09211570345187e-08,1.7605713089180696e-05,3.888082540884773e-05,9.517180507977193e-08,1.799086644236521e-05,3.97779050065467e-05,9.956970053373672e-08,1.83796747126712e-05,4.0685151077183804e-05,1.0411819980927481e-07,1.8772121232829818e-05,4.160256069869835e-05,0.5999999999999999
6.832623542223296e-08,1.5372480662005245e-05,3.371200326385768e-05,7.176178118908722e-08,1.5735354027276483e-05,3.4548024494517175e-05,7.532522443986507e-08,1.6101982489897135e-05,3.539422904269753e-05,7.901969622059864e-08,1.647234933247256e-05,3.6250614182893936e-05,8.284836517127699e-08,1.684643784579454e-05,3.711717715681902e-05,8.681443751292336e-08,1.722423132890852e-05,3.799391517341193e-05,9.09211570345187e-08,1.7605713089180696e-05,3.888082540884773e-05,9.517180507977193e-08,1.799086644236521e-05,3.97779050065467e-05,9.956970053373672e-08,1.83796747126712e-05,4.0685151077183804e-05,1.0411819980927481e-07,1.8772121232829818e-05,4.160256069869835e-05,0.5999999999999999
6.832623542223296e-08,1.5372480662005245e-05,3.371200326385768e-05,7.176178118908722e-08,1.5735354027276483e-05,3.4548024494517175e-05,7.532522443986507e-08,1.6101982489897135e-05,3.539422904269753e-05,7.901969622059864e-08,1.647234933247256e-05,3.6250614182893936e-05,8.284836517127699e-08,1.684643784579454e-05,3.711717715681902e-05,8.681443751292336e-08,1.722423132890852e-05,3.799391517341193e-05,9.09211570345187e-08,1.7605713089180696e-05,3.888082540884773e-05,9.517180507977193e-08,1.799086644236521e-05,3.97779050065467e-05,9.956970053373672e-08,1.83796747126712e-05,4.0685151077183804e-05,1.0411819980927481e-07,1.8772121232829818e-05,4.160256069869835e-05,0.5999999999999999
6.832623542223296e-08,1.5372480662005245e-05,3.371200326385768e-05,7.176178118908722e-08,1.5735354027276483e-05,3.4548024494517175e-05,7.532522443986507e-08,1.6101982489897135e-05,3.539422904269753e-05,7.901969622059864e-08,1.647234933247256e-05,3.6250614182893936e-05,8.284836517127699e-08,1.684643784579454e-05,3.711717715681902e-05,8.681443751292336e-08,1.722423132890852e-05,3.799391517341193e-05,9.09211570345187e-08,1.7605713089180696e-05,3.888082540884773e-05,9.517180507977193e-08,1.799086644236521e-05,3.97779050065467e-05,9.956970053373672e-08,1.83796747126712e-05,4.0685151077183804e-05,1.0411819980927481e-07,1.8772121232829818e-05,4.160256069869835e-05,0.5999999999999999
6.832623542223296e-08,1.5372480662005245e-05,3.371200326385768e-05,7.176178118908722e-08,1.5735354027276483e-05,3.4548024494517175e-05,7.532522443986507e-08,1.6101982489897135e-05,3.539422904269753e-05,7.901969622059864e-08,1.647234933247256e-05,3.6250614182893936e-05,8.284836517127699e-08,1.684643784579454e-05,3.711717715681902e-05,8.681443751292336e-08,1.722423132890852e-05,3.799391517341193e-05,9.09211570345187e-08,1.7605713089180696e-05,3.888082540884773e-05,9.517180507977193e-08,1.799086644236521e-05,3.97779050065467e-05,9.956970053373672e-08,1.83796747126712e-05,4.0685151077183804e-05,1.0411819980927481e-07,1.8772121232829818e-05,4.160256069869835e-05,0.5999999999999999
6.832623542223296e-08,1.5372480662005245e-05,3.371200326385768e-05,7.176178118908722e-08,1.5735354027276483e-05,3.4548024494517175e-05,7.532522443986507e-08,1.6101982489897135e-05,3.539422904269753e-05,7.901969622059864e-08,1.647234933247256e-05,3.6250614182893936e-05,8.284836517127699e-08,1.684643784579454e-05,3.711717715681902e-05,8.681443751292336e-08,1.722423132890852e-05,3.799391517341193e-05,9.09211570345187e-08,1.7605713089180696e-05,3.888082540884773e-05,9.517180507977193e-08,1.799086644236521e-05,3.97779050065467e-05,9.956970053373672e-08,1.83796747126712e-05,4.0685151077183804e-05,1.0411819980927481e-07,1.8772121232829818e-05,4.160256069869835e-05,0.5999999999999999
6.832623542223296e-08,1.5372480662005245e-05,3.371200326385768e-05,7.176178118908722e-08,1.5735354027276483e-05,3.4548024494517175e-05,7.532522443986507e-08,1.6101982489897135e-05,3.539422904269753e-05,7.901969622059864e-08,1.647234933247256e-05,3.6250614182893936e-05,8.284836517127699e-08,1.684643784579454e-05,3.711717715681902e-05,8.681443751292336e-08,1.722423132890852e-05,3.799391517341193e-05,9.09211570345187e-08,1.7605713089180696e-05,3.888082540884773e-05,9.517180507977193e-08,1.799086644236521e-05,3.97779050065467e-05,9.956970053373672e-08,1.83796747126712e-05,4.0685151077183804e-05,1.0411819980927481e-07,1.8772121232829818e-05,4.160256069869835e-05,0.5999999999999999
6.832623542223296e-08,1.5372480662005245e-05,3.371200326385768e-05,7.176178118908722e-08,1.5735354027276483e-05,3.4548024494517175e-05,7.532522443986507e-08,1.6101982489897135e-05,3.539422904269753e-05,7.901969622059864e-08,1.647234933247256e-05,3.6250614182893936e-05,8.284836517127699e-08,1.684643784579454e-05,3.711717715681902e-05,8.681443751292336e-08,1.722423132890852e-05,3.799391517341193e-05,9.09211570345187e-08,1.7605713089180696e-05,3.888082540884773e-05,9.517180507977193e-08,1.799086644236521e-05,3.97779050065467e-05,9.956970053373672e-08,1.83796747126712e-05,4.0685151077183804e-05,1.0411819980927481e-07,1.8772121232829818e-05,4.160256069869835e-05,0.5999999999999999
6.832623542223296e-08,1.5372480662005245e-05,3.371200326385768e-05,7.176178118908722e-08,1.5735354027276483e-05,3.4548024494517175e-05,7.532522443986507e-08,1.6101982489897135e-05,3.539422904269753e-05,7.901969622059864e-08,1.647234933247256e-05,3.6250614182893936e-05,8.284836517127699e-08,1.684643784579454e-05,3.711717715681902e-05,8.681443751292336e-08,1.722423132890852e-05,3.799391517341193e-05,9.09211570345187e-08,1.7605713089180696e-05,3.888082540884773e-05,9.517180507977193e-08,1.799086644236521e-05,3.97779050065467e-05,9.956970053373672e-08,1.83796747126712e-05,4.0685151077183804e-05,1.0411819980927481e-07,1.8772121232829818e-05,4.160256069869835e-05,0.5999999999999999
6.832623542223296e-08,1.5372480662005245e-05,3.371200326385768e-05,7.176178118908722e-08,1.5735354027276483e-05,3.4548024494517175e-05,7.532522443986507e-08,1.6101982489897135e-05,3.539422904269753e-05,7.901969622059864e-08,1.647234933247256e-05,3.6250614182893936e-05,8.284836517127699e-08,1.684643784579454e-05,3.711717715681902e-05,8.681443751292336e-08,1.722423132890852e-05,3.799391517341193e-05,9.09211570345187e-08,1.7605713089180696e-05,3.888082540884773e-05,9.517180507977193e-08,1.799086644236521e-05,3.97779050065467e-05,9.956970053373672e-08,1.83796747126712e-05,4.0685151077183804e-05,1.0411819980927481e-07,1.8772121232829818e-05,4.160256069869835e-05,0.5999999999999999
6.832623542223296e-08,1.5372480662005245e-05,3.371200326385768e-05,7.176178118908722e-08,1.5735354027276483e-05,3.4548024494517175e-05,7.532522443986507e-08,1.6101982489897135e-05,3.539422904269753e-05,7.901969622059864e-08,1.647234933247256e-05,3.6250614182893936e-05,8.284836517127699e-08,1.684643784579454e-05,3.711717715681902e-05,8.681443751292336e-08,1.722423132890852e-05,3.799391517341193e-05,9.09211570345187e-08,1.7605713089180696e-05,3.888082540884773e-05,9.517180507977193e-08,1.799086644236521e-05,3.97779050065467e-05,9.956970053373672e-08,1.83796747126712e-05,4.0685151077183804e-05,1.0411819980927481e-07,1.8772121232829818e-05,4.160256069869835e-05,0.5999999999999999
6.832623542223296e-08,1.5372480662005245e-05,3.371200326385768e-05,7.176178118908722e-08,1.5735354027276483e-05,3.4548024494517175e-05,7.532522443986507e-08,1.6101982489897135e-05,3.539422904269753e-05,7.901969622059864e-08,1.647234933247256e-05,3.6250614182893936e-05,8.284836517127699e-08,1.684643784579454e-05,3.711717715681902e-05,8.681443751292336e-08,1.722423132890852e-05,3.799391517341193e-05,9.09211570345187e-08,1.7605713089180696e-05,3.888082540884773e-05,9.517180507977193e-08,1.799086644236521e-05,3.97779050065467e-05,9.956970053373672e-08,1.83796747126712e-05,4.0685151077183804e-05,1.0411819980927481e-07,1.8772121232829818e-05,4.160256069869835e-05,0.5999999999999999
6.832623542223296e-08,1.5372480662005245e-05,3.371200326385768e-05,7.176178118908722e-08,1.5735354027276483e-05,3.4548024494517175e-05,7.532522443986507e-08,1.6101982489897135e-05,3.539422904269753e-05,7.901969622059864e-08,1.647234933247256e-05,3.6250614182893936e-05,8.284836517127699e-08,1.684643784579454e-05,3.711717715681902e-05,8.681443751292336e-08,1.722423132890852e-05,3.799391517341193e-05,9.09211570345187e-08,1.7605713089180696e-05,3.888082540884773e-05,9.517180507977193e-08,1.799086644236521e-05,3.97779050065467e-05,9.956970053373672e-08,1.83796747126712e-05,4.0685151077183804e-05,1.0411819980927481e-07,1.8772121232829818e-05,4.160256069869835e-05,0.5999999999999999
6.832623542223296e-08,1.5372480662005245e-05,3.371200326385768e-05,7.176178118908722e-08,1.5735354027276483e-05,3.4548024494517175e-05,7.532522443986507e-08,1.6101982489897135e-05,3.539422904269753e-05,7.901969622059864e-08,1.647234933247256e-05,3.6250614182893936e-05,8.284836517127699e-08,1.684643784579454e-05,3.711717715681902e-05,8.681443751292336e-08,1.722423132890852e-05,3.799391517341193e-05,9.09211570345187e-08,1.7605713089180696e-05,3.888082540884773e-05,9.517180507977193e-08,1.799086644236521e-05,3.97779050065467e-05,9.956970053373672e-08,1.83796747126712e-05,4.0685151077183804e-05,1.0411819980927481e-07,1.8772121232829818e-05,4.160256069869835e-05,0.5999999999999999
6.832623542223296e-08,1.5372480662005245e-05,3.371200326385768e-05,7.176178118908722e-08,1.5735354027276483e-05,3.4548024494517175e-05,7.532522443986507e-08,1.6101982489897135e-05,3.539422904269753e-05,7.901969622059864e-08,1.647234933247256e-05,3.6250614182893936e-05,8.284836517127699e-08,1.684643784579454e-05,3.711717715681902e-05,8.681443751292336e-08,1.722423132890852e-05,3.799391517341193e-05,9.09211570345187e-08,1.7605713089180696e-05,3.888082540884773e-05,9.517180507977193e-08,1.799086644236521e-05,3.97779050065467e-05,9.956970053373672e-08,1.83796747126712e-05,4.0685151077183804e-05,1.0411819980927481e-07,1.8772121232829818e-05,4.160256069869835e-05,0.5999999999999999
6.832623542223296e-08,1.5372480662005245e-05,3.371200326385768e-05,7.176178118908722e-08,1.5735354027276483e-05,3.4548024494517175e-05,7.532522443986507e-08,1.6101982489897135e-05,3.539422904269753e-05,7.901969622059864e-08,1.647234933247256e-05,3.6250614182893936e-05,8.284836517127699e-08,1.684643784579454e-05,3.711717715681902e-05,8.681443751292336e-08,1.722423132890852e-05,3.799391517341193e-05,9.09211570345187e-08,1.7605713089180696e-05,3.888082540884773e-05,9.517180507977193e-08,1.799086644236521e-05,3.97779050065467e-05,9.956970053373672e-08,1.83796747126712e-05,4.0685151077183804e-05,1.0411819980927481e-07,1.8772121232829818e-05,4.160256069869835e-05,0.5999999999999999
6.832623542223296e-08,1.5372480662005245e-05,3.371200326385768e-05,7.176178118908722e-08,1.5735354027276483e-05,3.4548024494517175e-05,7.532522443986507e-08,1.6101982489897135e-05,3.539422904269753e-05,7.901969622059864e-08,1.647234933247256e-05,3.6250614182893936e-05,8.284836517127699e-08,1.684643784579454e-05,3.711717715681902e-05,8.681443751292336e-08,1.722423132890852e-05,3.799391517341193e-05,9.09211570345187e-08,1.7605713089180696e-05,3.888082540884773e-05,9.517180507977193e-08,1.799086644236521e-05,3.97779050065467e-05,9.956970053373672e-08,1.83796747126712e-05,4.0685151077183804e-05,1.0411819980927481e-07,1.8772121232829818e-05,4.160256069869835e-05,0.5999999999999999
6.832623542223296e-08,1.5372480662005245e-05,3.371200326385768e-05,7.176178118908722e-08,1.5735354027276483e-05,3.4548024494517175e-05,7.532522443986507e-08,1.6101982489897135e-05,3.539422904269753e-05,7.901969622059864e-08,1.647234933247256e-05,3.6250614182893936e-05,8.284836517127699e-08,1.684643784579454e-05,3.711717715681902e-05,8.681443751292336e-08,1.722423132890852e-05,3.799391517341193e-05,9.09211570345187e-08,1.7605713089180696e-05,3.888082540884773e-05,9.517180507977193e-08,1.799086644236521e-05,3.97779050065467e-05,9.956970053373672e-08,1.83796747126712e-05,4.0685151077183804e-05,1.0411819980927481e-07,1.8772121232829818e-05,4.160256069869835e-05,0.5999999999999999
6.832623542223296e-08,1.5372480662005245e-05,3.371200326385768e-05,7.176178118908722e-08,1.5735354027276483e-05,3.4548024494517175e-05,7.532522443986507e-08,1.6101982489897135e-05,3.539422904269753e-05,7.901969622059864e-08,1.647234933247256e-05,3.6250614182893936e-05,8.284836517127699e-08,1.684643784579454e-05,3.711717715681902e-05,8.681443751292336e-08,1.722423132890852e-05,3.799391517341193e-05,9.09211570345187e-08,1.7605713089180696e-05,3.888082540884773e-05,9.517180507977193e-08,1.799086644236521e-05,3.97779050065467e-05,9.956970053373672e-08,1.83796747126712e-05,4.0685151077183804e-05,1.0411819980927481e-07,1.8772121232829818e-05,4.160256069869835e-05,0.5999999999999999
6.832623542223296e-08,1.5372480662005245e-05,3.371200326385768e-05,7.176178118908722e-08,1.5735354027276483e-05,3.4548024494517175e-05,7.532522443986507e-08,1.6101982489897135e-05,3.539422904269753e-05,7.901969622059864e-08,1.647234933247256e-05,3.6250614182893936e-05,8.284836517127699e-08,1.684643784579454e-05,3.711717715681902e-05,8.681443751292336e-08,1.722423132890852e-05,3.799391517341193e-05,9.09211570345187e-08,1.7605713089180696e-05,3.888082540884773e-05,9.517180507977193e-08,1.799086644236521e-05,3.97779050065467e-05,9.956970053373672e-08,1.83796747126712e-05,4.0685151077183804e-05,1.0411819980927481e-07,1.8772121232829818e-05,4.160256069869835e-05,0.5999999999999999
6.832623542223296e-08,1.5372480662005245e-05,3.371200326385768e-05,7.176178118908722e-08,1.5735354027276483e-05,3.4548024494517175e-05,7.532522443986507e-08,1.6101982489897135e-05,3.539422904269753e-05,7.901969622059864e-08,1.647234933247256e-05,3.6250614182893936e-05,8.284836517127699e-08,1.684643784579454e-05,3.711717715681902e-05,8.681443751292336e-08,1.722423132890852e-05,3.799391517341193e-05,9.09211570345187e-08,1.7605713089180696e-05,3.888082540884773e-05,9.517180507977193e-08,1.799086644236521e-05,3.97779050065467e-05,9.956970053373672e-08,1.83796747126712e-05,4.0685151077183804e-05,1.0411819980927481e-07,1.8772121232829818e-05,4.160256069869835e-05,0.5999999999999999
6.832623542223296e-08,1.5372480662005245e-05,3.371200326385768e-05,7.176178118908722e-08,1.5735354027276483e-05,3.4548024494517175e-05,7.532522443986507e-08,1.6101982489897135e-05,3.539422904269753e-05,7.901969622059864e-08,1.647234933247256e-05,3.6250614182893936e-05,8.284836517127699e-08,1.684643784579454e-05,3.711717715681902e-05,8.681443751292336e-08,1.722423132890852e-05,3.799391517341193e-05,9.09211570345187e-08,1.7605713089180696e-05,3.888082540884773e-05,9.517180507977193e-08,1.799086644236521e-05,3.97779050065467e-05,9.956970053373672e-08,1.83796747126712e-05,4.0685151077183804e-05,1.0411819980927481e-07,1.8772121232829818e-05,4.160256069869835e-05,0.5999999999999999
6.832623542223296e-08,1.5372480662005245e-05,3.371200326385768e-05,7.176178118908722e-08,1.5735354027276483e-05,3.4548024494517175e-05,7.532522443986507e-08,1.6101982489897135e-05,3.539422904269753e-05,7.901969622059864e-08,1.647234933247256e-05,3.6250614182893936e-05,8.284836517127699e-08,1.684643784579454e-05,3.711717715681902e-05,8.681443751292336e-08,1.722423132890852e-05,3.799391517341193e-05,9.09211570345187e-08,1.7605713089180696e-05,3.888082540884773e-05,9.517180507977193e-08,1.799086644236521e-05,3.97779050065467e-05,9.956970053373672e-08,1.83796747126712e-05,4.0685151077183804e-05,1.0411819980927481e-07,1.8772121232829818e-05,4.160256069869835e-05,0.5999999999999999
6.832623542223296e-08,1.5372480662005245e-05,3.371200326385768e-05,7.176178118908722e-08,1.5735354027276483e-05,3.4548024494517175e-05,7.532522443986507e-08,1.6101982489897135e-05,3.539422904269753e-05,7.901969622059864e-08,1.647234933247256e-05,3.6250614182893936e-05,8.284836517127699e-08,1.684643784579454e-05,3.711717715681902e-05,8.681443751292336e-08,1.722423132890852e-05,3.799391517341193e-05,9.09211570345187e-08,1.7605713089180696e-05,3.888082540884773e-05,9.517180507977193e-08,1.799086644236521e-05,3.97779050065467e-05,9.956970053373672e-08,1.83796747126712e-05,4.0685151077183804e-05,1.0411819980927481e-07,1.8772121232829818e-05,4.160256069869835e-05,0.5999999999999999
6.832623542223296e-08,1.5372480662005245e-05,3.371200326385768e-05,7.176178118908722e-08,1.5735354027276483e-05,3.4548024494517175e-05,7.532522443986507e-08,1.6101982489897135e-05,3.539422904269753e-05,7.901969622059864e-08,1.647234933247256e-05,3.6250614182893936e-05,8.284836517127699e-08,1.684643784579454e-05,3.711717715681902e-05,8.681443751292336e-08,1.722423132890852e-05,3.799391517341193e-05,9.09211570345187e-08,1.7605713089180696e-05,3.888082540884773e-05,9.517180507977193e-08,1.799086644236521e-05,3.97779050065467e-05,9.956970053373672e-08,1.83796747126712e-05,4.0685151077183804e-05,1.0411819980927481e-07,1.8772121232829818e-05,4.160256069869835e-05,0.5999999999999999
6.832623542223296e-08,1.5372480662005245e-05,3.371200326385768e-05,7.176178118908722e-08,1.5735354027276483e-05,3.4548024494517175e-05,7.532522443986507e-08,1.6101982489897135e-05,3.539422904269753e-05,7.901969622059864e-08,1.647234933247256e-05,3.6250614182893936e-05,8.284836517127699e-08,1.684643784579454e-05,3.711717715681902e-05,8.681443751292336e-08,1.722423132890852e-05,3.799391517341193e-05,9.09211570345187e-08,1.7605713089180696e-05,3.888082540884773e-05,9.517180507977193e-08,1.799086644236521e-05,3.97779050065467e-05,9.956970053373672e-08,1.83796747126712e-05,4.0685151077183804e-05,1.0411819980927481e-07,1.8772121232829818e-05,4.160256069869835e-05,0.5999999999999999
6.832623542223296e-08,1.5372480662005245e-05,3.371200326385768e-05,7.176178118908722e-08,1.5735354027276483e-05,3.4548024494517175e-05,7.532522443986507e-08,1.6101982489897135e-05,3.539422904269753e-05,7.901969622059864e-08,1.647234933247256e-05,3.6250614182893936e-05,8.284836517127699e-08,1.684643784579454e-05,3.711717715681902e-05,8.681443751292336e-08,1.722423132890852e-05,3.799391517341193e-05,9.09211570345187e-08,1.7605713089180696e-05,3.888082540884773e-05,9.517180507977193e-08,1.799086644236521e-05,3.97779050065467e-05,9.956970053373672e-08,1.83796747126712e-05,4.0685151077183804e-05,1.0411819980927481e-07,1.8772121232829818e-05,4.160256069869835e-05,0.5999999999999999
6.832623542223296e-08,1.5372480662005245e-05,3.371200326385768e-05,7.176178118908722e-08,1.5735354027276483e-05,3.4548024494517175e-05,7.532522443986507e-08,1.6101982489897135e-05,3.539422904269753e-05,7.901969622059864e-08,1.647234933247256e-05,3.6250614182893936e-05,8.284836517127699e-08,1.684643784579454e-05,3.711717715681902e-05,8.681443751292336e-08,1.722423132890852e-05,3.799391517341193e-05,9.09211570345187e-08,1.7605713089180696e-05,3.888082540884773e-05,9.517180507977193e-08,1.799086644236521e-05,3.97779050065467e-05,9.956970053373672e-08,1.83796747126712e-05,4.0685151077183804e-05,1.0411819980927481e-07,1.8772121232829818e-05,4.160256069869835e-05,0.5999999999999999
6.832623542223296e-08,1.5372480662005245e-05,3.371200326385768e-05,7.176178118908722e-08,1.5735354027276483e-05,3.4548024494517175e-05,7.532522443986507e-08,1.6101982489897135e-05,3.539422904269753e-05,7.901969622059864e-08,1.647234933247256e-05,3.6250614182893936e-05,8.284836517127699e-08,1.684643784579454e-05,3.711717715681902e-05,8.681443751292336e-08,1.722423132890852e-05,3.799391517341193e-05,9.09211570345187e-08,1.7605713089180696e-05,3.888082540884773e-05,9.517180507977193e-08,1.799086644236521e-05,3.97779050065467e-05,9.956970053373672e-08,1.83796747126712e-05,4.0685151077183804e-05,1.0411819980927481e-07,1.8772121232829818e-05,4.160256069869835e-05,0.5999999999999999
6.832623542223296e-08,1.5372480662005245e-05,3.371200326385768e-05,7.176178118908722e-08,1.5735354027276483e-05,3.4548024494517175e-05,7.532522443986507e-08,1.6101982489897135e-05,3.539422904269753e-05,7.901969622059864e-08,1.647234933247256e-05,3.6250614182893936e-05,8.284836517127699e-08,1.684643784579454e-05,3.711717715681902e-05,8.681443751292336e-08,1.722423132890852e-05,3.799391517341193e-05,9.09211570345187e-08,1.7605713089180696e-05,3.888082540884773e-05,9.517180507977193e-08,1.799086644236521e-05,3.97779050065467e-05,9.956970053373672e-08,1.83796747126712e-05,4.0685151077183804e-05,1.0411819980927481e-07,1.8772121232829818e-05,4.160256069869835e-05,0.5999999999999999
6.832623542223296e-08,1.5372480662005245e-05,3.371200326385768e-05,7.176178118908722e-08,1.5735354027276483e-05,3.4548024494517175e-05,7.532522443986507e-08,1.6101982489897135e-05,3.539422904269753e-05,7.901969622059864e-08,1.647234933247256e-05,3.6250614182893936e-05,8.284836517127699e-08,1.684643784579454e-05,3.711717715681902e-05,8.681443751292336e-08,1.722423132890852e-05,3.799391517341193e-05,9.09211570345187e-08,1.7605713089180696e-05,3.888082540884773e-05,9.517180507977193e-08,1.799086644236521e-05,3.97779050065467e-05,9.956970053373672e-08,1.83796747126712e-05,4.0685151077183804e-05,1.0411819980927481e-07,1.8772121232829818e-05,4.160256069869835e-05,0.5999999999999999
6.832623542223296e-08,1.5372480662005245e-05,3.371200326385768e-05,7.176178118908722e-08,1.5735354027276483e-05,3.4548024494517175e-05,7.532522443986507e-08,1.6101982489897135e-05,3.539422904269753e-05,7.901969622059864e-08,1.647234933247256e-05,3.6250614182893936e-05,8.284836517127699e-08,1.684643784579454e-05,3.711717715681902e-05,8.681443751292336e-08,1.722423132890852e-05,3.799391517341193e-05,9.09211570345187e-08,1.7605713089180696e-05,3.888082540884773e-05,9.517180507977193e-08,1.799086644236521e-05,3.97779050065467e-05,9.956970053373672e-08,1.83796747126712e-05,4.0685151077183804e-05,1.0411819980927481e-07,1.8772121232829818e-05,4.160256069869835e-05,0.5999999999999999
6.832623542223296e-08,1.5372480662005245e-05,3.371200326385768e-05,7.176178118908722e-08,1.5735354027276483e-05,3.4548024494517175e-05,7.532522443986507e-08,1.6101982489897135e-05,3.539422904269753e-05,7.901969622059864e-08,1.647234933247256e-05,3.6250614182893936e-05,8.284836517127699e-08,1.684643784579454e-05,3.711717715681902e-05,8.681443751292336e-08,1.722423132890852e-05,3.799391517341193e-05,9.09211570345187e-08,1.7605713089180696e-05,3.888082540884773e-05,9.517180507977193e-08,1.799086644236521e-05,3.97779050065467e-05,9.956970053373672e-08,1.83796747126712e-05,4.0685151077183804e-05,1.0411819980927481e-07,1.8772121232829818e-05,4.160256069869835e-05,0.5999999999999999
6.832623542223296e-08,1.5372480662005245e-05,3.371200326385768e-05,7.176178118908722e-08,1.5735354027276483e-05,3.4548024494517175e-05,7.532522443986507e-08,1.6101982489897135e-05,3.539422904269753e-05,7.901969622059864e-08,1.647234933247256e-05,3.6250614182893936e-05,8.284836517127699e-08,1.684643784579454e-05,3.711717715681902e-05,8.681443751292336e-08,1.722423132890852e-05,3.799391517341193e-05,9.09211570345187e-08,1.7605713089180696e-05,3.888082540884773e-05,9.517180507977193e-08,1.799086644236521e-05,3.97779050065467e-05,9.956970053373672e-08,1.83796747126712e-05,4.0685151077183804e-05,1.0411819980927481e-07,1.8772121232829818e-05,4.160256069869835e-05,0.5999999999999999
6.832623542223296e-08,1.5372480662005245e-05,3.371200326385768e-05,7.176178118908722e-08,1.5735354027276483e-05,3.4548024494517175e-05,7.532522443986507e-08,1.6101982489897135e-05,3.539422904269753e-05,7.901969622059864e-08,1.647234933247256e-05,3.6250614182893936e-05,8.284836517127699e-08,1.684643784579454e-05,3.711717715681902e-05,8.681443751292336e-08,1.722423132890852e-05,3.799391517341193e-05,9.09211570345187e-08,1.7605713089180696e-05,3.888082540884773e-05,9.517180507977193e-08,1.799086644236521e-05,3.97779050065467e-05,9.956970053373672e-08,1.83796747126712e-05,4.0685151077183804e-05,1.0411819980927481e-07,1.8772121232829818e-05,4.160256069869835e-05,0.5999999999999999
6.832623542223296e-08,1.5372480662005245e-05,3.371200326385768e-05,7.176178118908722e-08,1.5735354027276483e-05,3.4548024494517175e-05,7.532522443986507e-08,1.6101982489897135e-05,3.539422904269753e-05,7.901969622059864e-08,1.647234933247256e-05,3.6250614182893936e-05,8.284836517127699e-08,1.684643784579454e-05,3.711717715681902e-05,8.681443751292336e-08,1.722423132890852e-05,3.799391517341193e-05,9.09211570345187e-08,1.7605713089180696e-05,3.888082540884773e-05,9.517180507977193e-08,1.799086644236521e-05,3.97779050065467e-05,9.956970053373672e-08,1.83796747126712e-05,4.0685151077183804e-05,1.0411819980927481e-07,1.8772121232829818e-05,4.160256069869835e-05,0.5999999999999999
6.832623542223296e-08,1.5372480662005245e-05,3.371200326385768e-05,7.176178118908722e-08,1.5735354027276483e-05,3.4548024494517175e-05,7.532522443986507e-08,1.6101982489897135e-05,3.539422904269753e-05,7.901969622059864e-08,1.647234933247256e-05,3.6250614182893936e-05,8.284836517127699e-08,1.684643784579454e-05,3.711717715681902e-05,8.681443751292336e-08,1.722423132890852e-05,3.799391517341193e-05,9.09211570345187e-08,1.7605713089180696e-05,3.888082540884773e-05,9.517180507977193e-08,1.799086644236521e-05,3.97779050065467e-05,9.956970053373672e-08,1.83796747126712e-05,4.0685151077183804e-05,1.0411819980927481e-07,1.8772121232829818e-05,4.160256069869835e-05,0.5999999999999999
6.832623542223296e-08,1.5372480662005245e-05,3.371200326385768e-05,7.176178118908722e-08,1.5735354027276483e-05,3.4548024494517175e-05,7.532522443986507e-08,1.6101982489897135e-05,3.539422904269753e-05,7.901969622059864e-08,1.647234933247256e-05,3.6250614182893936e-05,8.284836517127699e-08,1.684643784579454e-05,3.711717715681902e-05,8.681443751292336e-08,1.722423132890852e-05,3.799391517341193e-05,9.09211570345187e-08,1.7605713089180696e-05,3.888082540884773e-05,9.517180507977193e-08,1.799086644236521e-05,3.97779050065467e-05,9.956970053373672e-08,1.83796747126712e-05,4.0685151077183804e-05,1.0411819980927481e-07,1.8772121232829818e-05,4.160256069869835e-05,0.5999999999999999
6.832623542223296e-08,1.5372480662005245e-05,3.371200326385768e-05,7.176178118908722e-08,1.5735354027276483e-05,3.4548024494517175e-05,7.532522443986507e-08,1.6101982489897135e-05,3.539422904269753e-05,7.901969622059864e-08,1.647234933247256e-05,3.6250614182893936e-05,8.284836517127699e-08,1.684643784579454e-05,3.711717715681902e-05,8.681443751292336e-08,1.722423132890852e-05,3.799391517341193e-05,9.09211570345187e-08,1.7605713089180696e-05,3.888082540884773e-05,9.517180507977193e-08,1.799086644236521e-05,3.97779050065467e-05,9.956970053373672e-08,1.83796747126712e-05,4.0685151077183804e-05,1.0411819980927481e-07,1.8772121232829818e-05,4.160256069869835e-05,0.5999999999999999
1.0250403677379835e-07,2.3062024599945267e-05,5.0575249738645504e-05,1.076580937363342e-07,2.3606412629708878e-05,5.182946124656074e-05,1.1300402441018278e-07,2.4156434112418925e-05,5.309894991904826e-05,1.185465260372453e-07,2.4712063968389135e-05,5.438371166726093e-05,1.2429035225843665e-07,2.527327713021462e-05,5.568374235317062e-05,1.30240313094298e-07,2.5840048542872718e-05,5.6999037789582025e-05,1.3640127492537991e-07,2.641235316382372e-05,5.8329593740146475e-05,1.4277816047239423e-07,2.699016596311159e-05,5.9675405919376054e-05,1.4937594877613668e-07,2.7573461923464602e-05,6.10364699926579e-05,1.561996751771788e-07,2.8162216040395872e-05,6.241278157626849e-05,0.6499999999999999
1.0250403677379835e-07,2.3062024599945267e-05,5.0575249738645504e-05,1.076580937363342e-07,2.3606412629708878e-05,5.182946124656074e-05,1.1300402441018278e-07,2.4156434112418925e-05,5.309894991904826e-05,1.185465260372453e-07,2.4712063968389135e-05,5.438371166726093e-05,1.2429035225843665e-07,2.527327713021462e-05,5.568374235317062e-05,1.30240313094298e-07,2.5840048542872718e-05,5.6999037789582025e-05,1.3640127492537991e-07,2.641235316382372e-05,5.8329593740146475e-05,1.4277816047239423e-07,2.699016596311159e-05,5.9675405919376054e-05,1.4937594877613668e-07,2.7573461923464602e-05,6.10364699926579e-05,1.561996751771788e-07,2.8162216040395872e-05,6.241278157626849e-05,0.6499999999999999
1.0250403677379835e-07,2.3062024599945267e-05,5.0575249738645504e-05,1.076580937363342e-07,2.3606412629708878e-05,5.182946124656074e-05,1.1300402441018278e-07,2.4156434112418925e-05,5.309894991904826e-05,1.185465260372453e-07,2.4712063968389135e-05,5.438371166726093e-05,1.2429035225843665e-07,2.527327713021462e-05,5.568374235317062e-05,1.30240313094298e-07,2.5840048542872718e-05,5.6999037789582025e-05,1.3640127492537991e-07,2.641235316382372e-05,5.8329593740146475e-05,1.4277816047239423e-07,2.699016596311159e-05,5.9675405919376054e-05,1.4937594877613668e-07,2.7573461923464602e-05,6.10364699926579e-05,1.561996751771788e-07,2.8162216040395872e-05,6.241278157626849e-05,0.6499999999999999
1.0250403677379835e-07,2.3062024599945267e-05,5.0575249738645504e-05,1.076580937363342e-07,2.3606412629708878e-05,5.182946124656074e-05,1.1300402441018278e-07,2.4156434112418925e-05,5.309894991904826e-05,1.185465260372453e-07,2.4712063968389135e-05,5.438371166726093e-05,1.2429035225843665e-07,2.527327713021462e-05,5.568374235317062e-05,1.30240313094298e-07,2.5840048542872718e-05,5.6999037789582025e-05,1.3640127492537991e-07,2.641235316382372e-05,5.8329593740146475e-05,1.4277816047239423e-07,2.699016596311159e-05,5.9675405919376054e-05,1.4937594877613668e-07,2.7573461923464602e-05,6.10364699926579e-05,1.561996751771788e-07,2.8162216040395872e-05,6.241278157626849e-05,0.6499999999999999
1.0250403677379835e-07,2.3062024599945267e-05,5.0575249738645504e-05,1.076580937363342e-07,2.3606412629708878e-05,5.182946124656074e-05,1.1300402441018278e-07,2.4156434112418925e-05,5.309894991904826e-05,1.185465260372453e-07,2.4712063968389135e-05,5.438371166726093e-05,1.2429035225843665e-07,2.527327713021462e-05,5.568374235317062e-05,1.30240313094298e-07,2.5840048542872718e-05,5.6999037789582025e-05,1.3640127492537991e-07,2.641235316382372e-05,5.8329593740146475e-05,1.4277816047239423e-07,2.699016596311159e-05,5.9675405919376054e-05,1.4937594877613668e-07,2.7573461923464602e-05,6.10364699926579e-05,1.561996751771788e-07,2.8162216040395872e-05,6.241278157626849e-05,0.6499999999999999
1.0250403677379835e-07,2.3062024599945267e-05,5.0575249738645504e-05,1.076580937363342e-07,2.3606412629708878e-05,5.182946124656074e-05,1.1300402441018278e-07,2.4156434112418925e-05,5.309894991904826e-05,1.185465260372453e-07,2.4712063968389135e-05,5.438371166726093e-05,1.2429035225843665e-07,2.527327713021462e-05,5.568374235317062e-05,1.30240313094298e-07,2.5840048542872718e-05,5.6999037789582025e-05,1.3640127492537991e-07,2.641235316382372e-05,5.8329593740146475e-05,1.4277816047239423e-07,2.699016596311159e-05,5.9675405919376054e-05,1.4937594877613668e-07,2.7573461923464602e-05,6.10364699926579e-05,1.561996751771788e-07,2.8162216040395872e-05,6.241278157626849e-05,0.6499999999999999
1.0250403677379835e-07,2.3062024599945267e-05,5.0575249738645504e-05,1.076580937363342e-07,2.3606412629708878e-05,5.182946124656074e-05,1.1300402441018278e-07,2.4156434112418925e-05,5.309894991904826e-05,1.185465260372453e-07,2.4712063968389135e-05,5.438371166726093e-05,1.2429035225843665e-07,2.527327713021462e-05,5.568374235317062e-05,1.30240313094298e-07,2.5840048542872718e-05,5.6999037789582025e-05,1.3640127492537991e-07,2.641235316382372e-05,5.8329593740146475e-05,1.4277816047239423e-07,2.699016596311159e-05,5.9675405919376054e-05,1.4937594877613668e-07,2.7573461923464602e-05,6.10364699926579e-05,1.561996751771788e-07,2.8162216040395872e-05,6.241278157626849e-05,0.6499999999999999
1.0250403677379835e-07,2.3062024599945267e-05,5.0575249738645504e-05,1.076580937363342e-07,2.3606412629708878e-05,5.182946124656074e-05,1.1300402441018278e-07,2.4156434112418925e-05,5.309894991904826e-05,1.185465260372453e-07,2.4712063968389135e-05,5.438371166726093e-05,1.2429035225843665e-07,2.527327713021462e-05,5.568374235317062e-05,1.30240313094298e-07,2.5840048542872718e-05,5.6999037789582025e-05,1.3640127492537991e-07,2.641235316382372e-05,5.8329593740146475e-05,1.4277816047239423e-07,2.699016596311159e-05,5.9675405919376054e-05,1.4937594877613668e-07,2.7573461923464602e-05,6.10364699926579e-05,1.561996751771788e-07,2.8162216040395872e-05,6.241278157626849e-05,0.6499999999999999
1.0250403677379835e-07,2.3062024599945267e-05,5.0575249738645504e-05,1.076580937363342e-07,2.3606412629708878e-05,5.182946124656074e-05,1.1300402441018278e-07,2.4156434112418925e-05,5.309894991904826e-05,1.185465260372453e-07,2.4712063968389135e-05,5.438371166726093e-05,1.2429035225843665e-07,2.527327713021462e-05,5.568374235317062e-05,1.30240313094298e-07,2.5840048542872718e-05,5.6999037789582025e-05,1.3640127492537991e-07,2.641235316382372e-05,5.8329593740146475e-05,1.4277816047239423e-07,2.699016596311159e-05,5.9675405919376054e-05,1.4937594877613668e-07,2.7573461923464602e-05,6.10364699926579e-05,1.561996751771788e-07,2.8162216040395872e-05,6.241278157626849e-05,0.6499999999999999
1.0250403677379835e-07,2.3062024599945267e-05,5.0575249738645504e-05,1.076580937363342e-07,2.3606412629708878e-05,5.182946124656074e-05,1.1300402441018278e-07,2.4156434112418925e-05,5.309894991904826e-05,1.185465260372453e-07,2.4712063968389135e-05,5.438371166726093e-05,1.2429035225843665e-07,2.527327713021462e-05,5.568374235317062e-05,1.30240313094298e-07,2.5840048542872718e-05,5.6999037789582025e-05,1.3640127492537991e-07,2.641235316382372e-05,5.8329593740146475e-05,1.4277816047239423e-07,2.699016596311159e-05,5.9675405919376054e-05,1.4937594877613668e-07,2.7573461923464602e-05,6.10364699926579e-05,1.561996751771788e-07,2.8162216040395872e-05,6.241278157626849e-05,0.6499999999999999
1.0250403677379835e-07,2.3062024599945267e-05,5.0575249738645504e-05,1.076580937363342e-07,2.3606412629708878e-05,5.182946124656074e-05,1.1300402441018278e-07,2.4156434112418925e-05,5.309894991904826e-05,1.185465260372453e-07,2.4712063968389135e-05,5.438371166726093e-05,1.2429035225843665e-07,2.527327713021462e-05,5.568374235317062e-05,1.30240313094298e-07,2.5840048542872718e-05,5.6999037789582025e-05,1.3640127492537991e-07,2.641235316382372e-05,5.8329593740146475e-05,1.4277816047239423e-07,2.699016596311159e-05,5.9675405919376054e-05,1.4937594877613668e-07,2.7573461923464602e-05,6.10364699926579e-05,1.561996751771788e-07,2.8162216040395872e-05,6.241278157626849e-05,0.6499999999999999
1.0250403677379835e-07,2.3062024599945267e-05,5.0575249738645504e-05,1.076580937363342e-07,2.3606412629708878e-05,5.182946124656074e-05,1.1300402441018278e-07,2.4156434112418925e-05,5.309894991904826e-05,1.185465260372453e-07,2.4712063968389135e-05,5.438371166726093e-05,1.2429035225843665e-07,2.527327713021462e-05,5.568374235317062e-05,1.30240313094298e-07,2.5840048542872718e-05,5.6999037789582025e-05,1.3640127492537991e-07,2.641235316382372e-05,5.8329593740146475e-05,1.4277816047239423e-07,2.699016596311159e-05,5.9675405919376054e-05,1.4937594877613668e-07,2.7573461923464602e-05,6.10364699926579e-05,1.561996751771788e-07,2.8162216040395872e-05,6.241278157626849e-05,0.6499999999999999
1.0250403677379835e-07,2.3062024599945267e-05,5.0575249738645504e-05,1.076580937363342e-07,2.3606412629708878e-05,5.182946124656074e-05,1.1300402441018278e-07,2.4156434112418925e-05,5.309894991904826e-05,1.185465260372453e-07,2.4712063968389135e-05,5.438371166726093e-05,1.2429035225843665e-07,2.527327713021462e-05,5.568374235317062e-05,1.30240313094298e-07,2.5840048542872718e-05,5.6999037789582025e-05,1.3640127492537991e-07,2.641235316382372e-05,5.8329593740146475e-05,1.4277816047239423e-07,2.699016596311159e-05,5.9675405919376054e-05,1.4937594877613668e-07,2.7573461923464602e-05,6.10364699926579e-05,1.561996751771788e-07,2.8162216040395872e-05,6.241278157626849e-05,0.6499999999999999
1.0250403677379835e-07,2.3062024599945267e-05,5.0575249738645504e-05,1.076580937363342e-07,2.3606412629708878e-05,5.182946124656074e-05,1.1300402441018278e-07,2.4156434112418925e-05,5.309894991904826e-05,1.185465260372453e-07,2.4712063968389135e-05,5.438371166726093e-05,1.2429035225843665e-07,2.527327713021462e-05,5.568374235317062e-05,1.30240313094298e-07,2.5840048542872718e-05,5.6999037789582025e-05,1.3640127492537991e-07,2.641235316382372e-05,5.8329593740146475e-05,1.4277816047239423e-07,2.699016596311159e-05,5.9675405919376054e-05,1.4937594877613668e-07,2.7573461923464602e-05,6.10364699926579e-05,1.561996751771788e-07,2.8162216040395872e-05,6.241278157626849e-05,0.6499999999999999
1.0250403677379835e-07,2.3062024599945267e-05,5.0575249738645504e-05,1.076580937363342e-07,2.3606412629708878e-05,5.182946124656074e-05,1.1300402441018278e-07,2.4156434112418925e-05,5.309894991904826e-05,1.185465260372453e-07,2.4712063968389135e-05,5.438371166726093e-05,1.2429035225843665e-07,2.527327713021462e-05,5.568374235317062e-05,1.30240313094298e-07,2.5840048542872718e-05,5.6999037789582025e-05,1.3640127492537991e-07,2.641235316382372e-05,5.8329593740146475e-05,1.4277816047239423e-07,2.699016596311159e-05,5.9675405919376054e-05,1.4937594877613668e-07,2.7573461923464602e-05,6.10364699926579e-05,1.561996751771788e-07,2.8162216040395872e-05,6.241278157626849e-05,0.6499999999999999
1.0250403677379835e-07,2.3062024599945267e-05,5.0575249738645504e-05,1.076580937363342e-07,2.3606412629708878e-05,5.182946124656074e-05,1.1300402441018278e-07,2.4156434112418925e-05,5.309894991904826e-05,1.185465260372453e-07,2.4712063968389135e-05,5.438371166726093e-05,1.2429035225843665e-07,2.527327713021462e-05,5.568374235317062e-05,1.30240313094298e-07,2.5840048542872718e-05,5.6999037789582025e-05,1.3640127492537991e-07,2.641235316382372e-05,5.8329593740146475e-05,1.4277816047239423e-07,2.699016596311159e-05,5.9675405919376054e-05,1.4937594877613668e-07,2.7573461923464602e-05,6.10364699926579e-05,1.561996751771788e-07,2.8162216040395872e-05,6.241278157626849e-05,0.6499999999999999
1.0250403677379835e-07,2.3062024599945267e-05,5.0575249738645504e-05,1.076580937363342e-07,2.3606412629708878e-05,5.182946124656074e-05,1.1300402441018278e-07,2.4156434112418925e-05,5.309894991904826e-05,1.185465260372453e-07,2.4712063968389135e-05,5.438371166726093e-05,1.2429035225843665e-07,2.527327713021462e-05,5.568374235317062e-05,1.30240313094298e-07,2.5840048542872718e-05,5.6999037789582025e-05,1.3640127492537991e-07,2.641235316382372e-05,5.8329593740146475e-05,1.4277816047239423e-07,2.699016596311159e-05,5.9675405919376054e-05,1.4937594877613668e-07,2.7573461923464602e-05,6.10364699926579e-05,1.561996751771788e-07,2.8162216040395872e-05,6.241278157626849e-05,0.6499999999999999
1.0250403677379835e-07,2.3062024599945267e-05,5.0575249738645504e-05,1.076580937363342e-07,2.3606412629708878e-05,5.182946124656074e-05,1.1300402441018278e-07,2.4156434112418925e-05,5.309894991904826e-05,1.185465260372453e-07,2.4712063968389135e-05,5.438371166726093e-05,1.2429035225843665e-07,2.527327713021462e-05,5.568374235317062e-05,1.30240313094298e-07,2.5840048542872718e-05,5.6999037789582025e-05,1.3640127492537991e-07,2.641235316382372e-05,5.8329593740146475e-05,1.4277816047239423e-07,2.699016596311159e-05,5.9675405919376054e-05,1.4937594877613668e-07,2.7573461923464602e-05,6.10364699926579e-05,1.561996751771788e-07,2.8162216040395872e-05,6.241278157626849e-05,0.6499999999999999
1.0250403677379835e-07,2.3062024599945267e-05,5.0575249738645504e-05,1.076580937363342e-07,2.3606412629708878e-05,5.182946124656074e-05,1.1300402441018278e-07,2.4156434112418925e-05,5.309894991904826e-05,1.185465260372453e-07,2.4712063968389135e-05,5.438371166726093e-05,1.2429035225843665e-07,2.527327713021462e-05,5.568374235317062e-05,1.30240313094298e-07,2.5840048542872718e-05,5.6999037789582025e-05,1.3640127492537991e-07,2.641235316382372e-05,5.8329593740146475e-05,1.4277816047239423e-07,2.699016596311159e-05,5.9675405919376054e-05,1.4937594877613668e-07,2.7573461923464602e-05,6.10364699926579e-05,1.561996751771788e-07,2.8162216040395872e-05,6.241278157626849e-05,0.6499999999999999
1.0250403677379835e-07,2.3062024599945267e-05,5.0575249738645504e-05,1.076580937363342e-07,2.3606412629708878e-05,5.182946124656074e-05,1.1300402441018278e-07,2.4156434112418925e-05,5.309894991904826e-05,1.185465260372453e-07,2.4712063968389135e-05,5.438371166726093e-05,1.2429035225843665e-07,2.527327713021462e-05,5.568374235317062e-05,1.30240313094298e-07,2.5840048542872718e-05,5.6999037789582025e-05,1.3640127492537991e-07,2.641235316382372e-05,5.8329593740146475e-05,1.4277816047239423e-07,2.699016596311159e-05,5.9675405919376054e-05,1.4937594877613668e-07,2.7573461923464602e-05,6.10364699926579e-05,1.561996751771788e-07,2.8162216040395872e-05,6.241278157626849e-05,0.6499999999999999
1.0250403677379835e-07,2.3062024599945267e-05,5.0575249738645504e-05,1.076580937363342e-07,2.3606412629708878e-05,5.182946124656074e-05,1.1300402441018278e-07,2.4156434112418925e-05,5.309894991904826e-05,1.185465260372453e-07,2.4712063968389135e-05,5.438371166726093e-05,1.2429035225843665e-07,2.527327713021462e-05,5.568374235317062e-05,1.30240313094298e-07,2.5840048542872718e-05,5.6999037789582025e-05,1.3640127492537991e-07,2.641235316382372e-05,5.8329593740146475e-05,1.4277816047239423e-07,2.699016596311159e-05,5.9675405919376054e-05,1.4937594877613668e-07,2.7573461923464602e-05,6.10364699926579e-05,1.561996751771788e-07,2.8162216040395872e-05,6.241278157626849e-05,0.6499999999999999
1.0250403677379835e-07,2.3062024599945267e-05,5.0575249738645504e-05,1.076580937363342e-07,2.3606412629708878e-05,5.182946124656074e-05,1.1300402441018278e-07,2.4156434112418925e-05,5.309894991904826e-05,1.185465260372453e-07,2.4712063968389135e-05,5.438371166726093e-05,1.2429035225843665e-07,2.527327713021462e-05,5.568374235317062e-05,1.30240313094298e-07,2.5840048542872718e-05,5.6999037789582025e-05,1.3640127492537991e-07,2.641235316382372e-05,5.8329593740146475e-05,1.4277816047239423e-07,2.699016596311159e-05,5.9675405919376054e-05,1.4937594877613668e-07,2.7573461923464602e-05,6.10364699926579e-05,1.561996751771788e-07,2.8162216040395872e-05,6.241278157626849e-05,0.6499999999999999
1.0250403677379835e-07,2.3062024599945267e-05,5.0575249738645504e-05,1.076580937363342e-07,2.3606412629708878e-05,5.182946124656074e-05,1.1300402441018278e-07,2.4156434112418925e-05,5.309894991904826e-05,1.185465260372453e-07,2.4712063968389135e-05,5.438371166726093e-05,1.2429035225843665e-07,2.527327713021462e-05,5.568374235317062e-05,1.30240313094298e-07,2.5840048542872718e-05,5.6999037789582025e-05,1.3640127492537991e-07,2.641235316382372e-05,5.8329593740146475e-05,1.4277816047239423e-07,2.699016596311159e-05,5.9675405919376054e-05,1.4937594877613668e-07,2.7573461923464602e-05,6.10364699926579e-05,1.561996751771788e-07,2.8162216040395872e-05,6.241278157626849e-05,0.6499999999999999
1.0250403677379835e-07,2.3062024599945267e-05,5.0575249738645504e-05,1.076580937363342e-07,2.3606412629708878e-05,5.182946124656074e-05,1.1300402441018278e-07,2.4156434112418925e-05,5.309894991904826e-05,1.185465260372453e-07,2.4712063968389135e-05,5.438371166726093e-05,1.2429035225843665e-07,2.527327713021462e-05,5.568374235317062e-05,1.30240313094298e-07,2.5840048542872718e-05,5.6999037789582025e-05,1.3640127492537991e-07,2.641235316382372e-05,5.8329593740146475e-05,1.4277816047239423e-07,2.699016596311159e-05,5.9675405919376054e-05,1.4937594877613668e-07,2.7573461923464602e-05,6.10364699926579e-05,1.561996751771788e-07,2.8162216040395872e-05,6.241278157626849e-05,0.6499999999999999
1.0250403677379835e-07,2.3062024599945267e-05,5.0575249738645504e-05,1.076580937363342e-07,2.3606412629708878e-05,5.182946124656074e-05,1.1300402441018278e-07,2.4156434112418925e-05,5.309894991904826e-05,1.185465260372453e-07,2.4712063968389135e-05,5.438371166726093e-05,1.2429035225843665e-07,2.527327713021462e-05,5.568374235317062e-05,1.30240313094298e-07,2.5840048542872718e-05,5.6999037789582025e-05,1.3640127492537991e-07,2.641235316382372e-05,5.8329593740146475e-05,1.4277816047239423e-07,2.699016596311159e-05,5.9675405919376054e-05,1.4937594877613668e-07,2.7573461923464602e-05,6.10364699926579e-05,1.561996751771788e-07,2.8162216040395872e-05,6.241278157626849e-05,0.6499999999999999
1.0250403677379835e-07,2.3062024599945267e-05,5.0575249738645504e-05,1.076580937363342e-07,2.3606412629708878e-05,5.182946124656074e-05,1.1300402441018278e-07,2.4156434112418925e-05,5.309894991904826e-05,1.185465260372453e-07,2.4712063968389135e-05,5.438371166726093e-05,1.2429035225843665e-07,2.527327713021462e-05,5.568374235317062e-05,1.30240313094298e-07,2.5840048542872718e-05,5.6999037789582025e-05,1.3640127492537991e-07,2.641235316382372e-05,5.8329593740146475e-05,1.4277816047239423e-07,2.699016596311159e-05,5.9675405919376054e-05,1.4937594877613668e-07,2.7573461923464602e-05,6.10364699926579e-05,1.561996751771788e-07,2.8162216040395872e-05,6.241278157626849e-05,0.6499999999999999
1.0250403677379835e-07,2.3062024599945267e-05,5.0575249738645504e-05,1.076580937363342e-07,2.3606412629708878e-05,5.182946124656074e-05,1.1300402441018278e-07,2.4156434112418925e-05,5.309894991904826e-05,1.185465260372453e-07,2.4712063968389135e-05,5.438371166726093e-05,1.2429035225843665e-07,2.527327713021462e-05,5.568374235317062e-05,1.30240313094298e-07,2.5840048542872718e-05,5.6999037789582025e-05,1.3640127492537991e-07,2.641235316382372e-05,5.8329593740146475e-05,1.4277816047239423e-07,2.699016596311159e-05,5.9675405919376054e-05,1.4937594877613668e-07,2.7573461923464602e-05,6.10364699926579e-05,1.561996751771788e-07,2.8162216040395872e-05,6.241278157626849e-05,0.6499999999999999
1.0250403677379835e-07,2.3062024599945267e-05,5.0575249738645504e-05,1.076580937363342e-07,2.3606412629708878e-05,5.182946124656074e-05,1.1300402441018278e-07,2.4156434112418925e-05,5.309894991904826e-05,1.185465260372453e-07,2.4712063968389135e-05,5.438371166726093e-05,1.2429035225843665e-07,2.527327713021462e-05,5.568374235317062e-05,1.30240313094298e-07,2.5840048542872718e-05,5.6999037789582025e-05,1.3640127492537991e-07,2.641235316382372e-05,5.8329593740146475e-05,1.4277816047239423e-07,2.699016596311159e-05,5.9675405919376054e-05,1.4937594877613668e-07,2.7573461923464602e-05,6.10364699926579e-05,1.561996751771788e-07,2.8162216040395872e-05,6.241278157626849e-05,0.6499999999999999
1.0250403677379835e-07,2.3062024599945267e-05,5.0575249738645504e-05,1.076580937363342e-07,2.3606412629708878e-05,5.182946124656074e-05,1.1300402441018278e-07,2.4156434112418925e-05,5.309894991904826e-05,1.185465260372453e-07,2.4712063968389135e-05,5.438371166726093e-05,1.2429035225843665e-07,2.527327713021462e-05,5.568374235317062e-05,1.30240313094298e-07,2.5840048542872718e-05,5.6999037789582025e-05,1.3640127492537991e-07,2.641235316382372e-05,5.8329593740146475e-05,1.4277816047239423e-07,2.699016596311159e-05,5.9675405919376054e-05,1.4937594877613668e-07,2.7573461923464602e-05,6.10364699926579e-05,1.561996751771788e-07,2.8162216040395872e-05,6.241278157626849e-05,0.6499999999999999
1.0250403677379835e-07,2.3062024599945267e-05,5.0575249738645504e-05,1.076580937363342e-07,2.3606412629708878e-05,5.182946124656074e-05,1.1300402441018278e-07,2.4156434112418925e-05,5.309894991904826e-05,1.185465260372453e-07,2.4712063968389135e-05,5.438371166726093e-05,1.2429035225843665e-07,2.527327713021462e-05,5.568374235317062e-05,1.30240313094298e-07,2.5840048542872718e-05,5.6999037789582025e-05,1.3640127492537991e-07,2.641235316382372e-05,5.8329593740146475e-05,1.4277816047239423e-07,2.699016596311159e-05,5.9675405919376054e-05,1.4937594877613668e-07,2.7573461923464602e-05,6.10364699926579e-05,1.561996751771788e-07,2.8162216040395872e-05,6.241278157626849e-05,0.6499999999999999
1.0250403677379835e-07,2.3062024599945267e-05,5.0575249738645504e-05,1.076580937363342e-07,2.3606412629708878e-05,5.182946124656074e-05,1.1300402441018278e-07,2.4156434112418925e-05,5.309894991904826e-05,1.185465260372453e-07,2.4712063968389135e-05,5.438371166726093e-05,1.2429035225843665e-07,2.527327713021462e-05,5.568374235317062e-05,1.30240313094298e-07,2.5840048542872718e-05,5.6999037789582025e-05,1.3640127492537991e-07,2.641235316382372e-05,5.8329593740146475e-05,1.4277816047239423e-07,2.699016596311159e-05,5.9675405919376054e-05,1.4937594877613668e-07,2.7573461923464602e-05,6.10364699926579e-05,1.561996751771788e-07,2.8162216040395872e-05,6.241278157626849e-05,0.6499999999999999
1.0250403677379835e-07,2.3062024599945267e-05,5.0575249738645504e-05,1.076580937363342e-07,2.3606412629708878e-05,5.182946124656074e-05,1.1300402441018278e-07,2.4156434112418925e-05,5.309894991904826e-05,1.185465260372453e-07,2.4712063968389135e-05,5.438371166726093e-05,1.2429035225843665e-07,2.527327713021462e-05,5.568374235317062e-05,1.30240313094298e-07,2.5840048542872718e-05,5.6999037789582025e-05,1.3640127492537991e-07,2.641235316382372e-05,5.8329593740146475e-05,1.4277816047239423e-07,2.699016596311159e-05,5.9675405919376054e-05,1.4937594877613668e-07,2.7573461923464602e-05,6.10364699926579e-05,1.561996751771788e-07,2.8162216040395872e-05,6.241278157626849e-05,0.6499999999999999
1.0250403677379835e-07,2.3062024599945267e-05,5.0575249738645504e-05,1.076580937363342e-07,2.3606412629708878e-05,5.182946124656074e-05,1.1300402441018278e-07,2.4156434112418925e-05,5.309894991904826e-05,1.185465260372453e-07,2.4712063968389135e-05,5.438371166726093e-05,1.2429035225843665e-07,2.527327713021462e-05,5.568374235317062e-05,1.30240313094298e-07,2.5840048542872718e-05,5.6999037789582025e-05,1.3640127492537991e-07,2.641235316382372e-05,5.8329593740146475e-05,1.4277816047239423e-07,2.699016596311159e-05,5.9675405919376054e-05,1.4937594877613668e-07,2.7573461923464602e-05,6.10364699926579e-05,1.561996751771788e-07,2.8162216040395872e-05,6.241278157626849e-05,0.6499999999999999
1.0250403677379835e-07,2.3062024599945267e-05,5.0575249738645504e-05,1.076580937363342e-07,2.3606412629708878e-05,5.182946124656074e-05,1.1300402441018278e-07,2.4156434112418925e-05,5.309894991904826e-05,1.185465260372453e-07,2.4712063968389135e-05,5.438371166726093e-05,1.2429035225843665e-07,2.527327713021462e-05,5.568374235317062e-05,1.30240313094298e-07,2.5840048542872718e-05,5.6999037789582025e-05,1.3640127492537991e-07,2.641235316382372e-05,5.8329593740146475e-05,1.4277816047239423e-07,2.699016596311159e-05,5.9675405919376054e-05,1.4937594877613668e-07,2.7573461923464602e-05,6.10364699926579e-05,1.561996751771788e-07,2.8162216040395872e-05,6.241278157626849e-05,0.6499999999999999
1.0250403677379835e-07,2.3062024599945267e-05,5.0575249738645504e-05,1.076580937363342e-07,2.3606412629708878e-05,5.182946124656074e-05,1.1300402441018278e-07,2.4156434112418925e-05,5.309894991904826e-05,1.185465260372453e-07,2.4712063968389135e-05,5.438371166726093e-05,1.2429035225843665e-07,2.527327713021462e-05,5.568374235317062e-05,1.30240313094298e-07,2.5840048542872718e-05,5.6999037789582025e-05,1.3640127492537991e-07,2.641235316382372e-05,5.8329593740146475e-05,1.4277816047239423e-07,2.699016596311159e-05,5.9675405919376054e-05,1.4937594877613668e-07,2.7573461923464602e-05,6.10364699926579e-05,1.561996751771788e-07,2.8162216040395872e-05,6.241278157626849e-05,0.6499999999999999
1.0250403677379835e-07,2.3062024599945267e-05,5.0575249738645504e-05,1.076580937363342e-07,2.3606412629708878e-05,5.182946124656074e-05,1.1300402441018278e-07,2.4156434112418925e-05,5.309894991904826e-05,1.185465260372453e-07,2.4712063968389135e-05,5.438371166726093e-05,1.2429035225843665e-07,2.527327713021462e-05,5.568374235317062e-05,1.30240313094298e-07,2.5840048542872718e-05,5.6999037789582025e-05,1.3640127492537991e-07,2.641235316382372e-05,5.8329593740146475e-05,1.4277816047239423e-07,2.699016596311159e-05,5.9675405919376054e-05,1.4937594877613668e-07,2.7573461923464602e-05,6.10364699926579e-05,1.561996751771788e-07,2.8162216040395872e-05,6.241278157626849e-05,0.6499999999999999
1.0250403677379835e-07,2.3062024599945267e-05,5.0575249738645504e-05,1.076580937363342e-07,2.3606412629708878e-05,5.182946124656074e-05,1.1300402441018278e-07,2.4156434112418925e-05,5.309894991904826e-05,1.185465260372453e-07,2.4712063968389135e-05,5.438371166726093e-05,1.2429035225843665e-07,2.527327713021462e-05,5.568374235317062e-05,1.30240313094298e-07,2.5840048542872718e-05,5.6999037789582025e-05,1.3640127492537991e-07,2.641235316382372e-05,5.8329593740146475e-05,1.4277816047239423e-07,2.699016596311159e-05,5.9675405919376054e-05,1.4937594877613668e-07,2.7573461923464602e-05,6.10364699926579e-05,1.561996751771788e-07,2.8162216040395872e-05,6.241278157626849e-05,0.6499999999999999
1.0250403677379835e-07,2.3062024599945267e-05,5.0575249738645504e-05,1.076580937363342e-07,2.3606412629708878e-05,5.182946124656074e-05,1.1300402441018278e-07,2.4156434112418925e-05,5.309894991904826e-05,1.185465260372453e-07,2.4712063968389135e-05,5.438371166726093e-05,1.2429035225843665e-07,2.527327713021462e-05,5.568374235317062e-05,1.30240313094298e-07,2.5840048542872718e-05,5.6999037789582025e-05,1.3640127492537991e-07,2.641235316382372e-05,5.8329593740146475e-05,1.4277816047239423e-07,2.699016596311159e-05,5.9675405919376054e-05,1.4937594877613668e-07,2.7573461923464602e-05,6.10364699926579e-05,1.561996751771788e-07,2.8162216040395872e-05,6.241278157626849e-05,0.6499999999999999
1.0250403677379835e-07,2.3062024599945267e-05,5.0575249738645504e-05,1.076580937363342e-07,2.3606412629708878e-05,5.182946124656074e-05,1.1300402441018278e-07,2.4156434112418925e-05,5.309894991904826e-05,1.185465260372453e-07,2.4712063968389135e-05,5.438371166726093e-05,1.2429035225843665e-07,2.527327713021462e-05,5.568374235317062e-05,1.30240313094298e-07,2.5840048542872718e-05,5.6999037789582025e-05,1.3640127492537991e-07,2.641235316382372e-05,5.8329593740146475e-05,1.4277816047239423e-07,2.699016596311159e-05,5.9675405919376054e-05,1.4937594877613668e-07,2.7573461923464602e-05,6.10364699926579e-05,1.561996751771788e-07,2.8162216040395872e-05,6.241278157626849e-05,0.6499999999999999
1.0250403677379835e-07,2.3062024599945267e-05,5.0575249738645504e-05,1.076580937363342e-07,2.3606412629708878e-05,5.182946124656074e-05,1.1300402441018278e-07,2.4156434112418925e-05,5.309894991904826e-05,1.185465260372453e-07,2.4712063968389135e-05,5.438371166726093e-05,1.2429035225843665e-07,2.527327713021462e-05,5.568374235317062e-05,1.30240313094298e-07,2.5840048542872718e-05,5.6999037789582025e-05,1.3640127492537991e-07,2.641235316382372e-05,5.8329593740146475e-05,1.4277816047239423e-07,2.699016596311159e-05,5.9675405919376054e-05,1.4937594877613668e-07,2.7573461923464602e-05,6.10364699926579e-05,1.561996751771788e-07,2.8162216040395872e-05,6.241278157626849e-05,0.6499999999999999
1.0250403677379835e-07,2.3062024599945267e-05,5.0575249738645504e-05,1.076580937363342e-07,2.3606412629708878e-05,5.182946124656074e-05,1.1300402441018278e-07,2.4156434112418925e-05,5.309894991904826e-05,1.185465260372453e-07,2.4712063968389135e-05,5.438371166726093e-05,1.2429035225843665e-07,2.527327713021462e-05,5.568374235317062e-05,1.30240313094298e-07,2.5840048542872718e-05,5.6999037789582025e-05,1.3640127492537991e-07,2.641235316382372e-05,5.8329593740146475e-05,1.4277816047239423e-07,2.699016596311159e-05,5.9675405919376054e-05,1.4937594877613668e-07,2.7573461923464602e-05,6.10364699926579e-05,1.561996751771788e-07,2.8162216040395872e-05,6.241278157626849e-05,0.6499999999999999
1.0250403677379835e-07,2.3062024599945267e-05,5.0575249738645504e-05,1.076580937363342e-07,2.3606412629708878e-05,5.182946124656074e-05,1.1300402441018278e-07,2.4156434112418925e-05,5.309894991904826e-05,1.185465260372453e-07,2.4712063968389135e-05,5.438371166726093e-05,1.2429035225843665e-07,2.527327713021462e-05,5.568374235317062e-05,1.30240313094298e-07,2.5840048542872718e-05,5.6999037789582025e-05,1.3640127492537991e-07,2.641235316382372e-05,5.8329593740146475e-05,1.4277816047239423e-07,2.699016596311159e-05,5.9675405919376054e-05,1.4937594877613668e-07,2.7573461923464602e-05,6.10364699926579e-05,1.561996751771788e-07,2.8162216040395872e-05,6.241278157626849e-05,0.6499999999999999
1.0250403677379835e-07,2.3062024599945267e-05,5.0575249738645504e-05,1.076580937363342e-07,2.3606412629708878e-05,5.182946124656074e-05,1.1300402441018278e-07,2.4156434112418925e-05,5.309894991904826e-05,1.185465260372453e-07,2.4712063968389135e-05,5.438371166726093e-05,1.2429035225843665e-07,2.527327713021462e-05,5.568374235317062e-05,1.30240313094298e-07,2.5840048542872718e-05,5.6999037789582025e-05,1.3640127492537991e-07,2.641235316382372e-05,5.8329593740146475e-05,1.4277816047239423e-07,2.699016596311159e-05,5.9675405919376054e-05,1.4937594877613668e-07,2.7573461923464602e-05,6.10364699926579e-05,1.561996751771788e-07,2.8162216040395872e-05,6.241278157626849e-05,0.6499999999999999
1.0250403677379835e-07,2.3062024599945267e-05,5.0575249738645504e-05,1.076580937363342e-07,2.3606412629708878e-05,5.182946124656074e-05,1.1300402441018278e-07,2.4156434112418925e-05,5.309894991904826e-05,1.185465260372453e-07,2.4712063968389135e-05,5.438371166726093e-05,1.2429035225843665e-07,2.527327713021462e-05,5.568374235317062e-05,1.30240313094298e-07,2.5840048542872718e-05,5.6999037789582025e-05,1.3640127492537991e-07,2.641235316382372e-05,5.8329593740146475e-05,1.4277816047239423e-07,2.699016596311159e-05,5.9675405919376054e-05,1.4937594877613668e-07,2.7573461923464602e-05,6.10364699926579e-05,1.561996751771788e-07,2.8162216040395872e-05,6.241278157626849e-05,0.6499999999999999
1.0250403677379835e-07,2.3062024599945267e-05,5.0575249738645504e-05,1.076580937363342e-07,2.3606412629708878e-05,5.182946124656074e-05,1.1300402441018278e-07,2.4156434112418925e-05,5.309894991904826e-05,1.185465260372453e-07,2.4712063968389135e-05,5.438371166726093e-05,1.2429035225843665e-07,2.527327713021462e-05,5.568374235317062e-05,1.30240313094298e-07,2.5840048542872718e-05,5.6999037789582025e-05,1.3640127492537991e-07,2.641235316382372e-05,5.8329593740146475e-05,1.4277816047239423e-07,2.699016596311159e-05,5.9675405919376054e-05,1.4937594877613668e-07,2.7573461923464602e-05,6.10364699926579e-05,1.561996751771788e-07,2.8162216040395872e-05,6.241278157626849e-05,0.6499999999999999
1.0250403677379835e-07,2.3062024599945267e-05,5.0575249738645504e-05,1.076580937363342e-07,2.3606412629708878e-05,5.182946124656074e-05,1.1300402441018278e-07,2.4156434112418925e-05,5.309894991904826e-05,1.185465260372453e-07,2.4712063968389135e-05,5.438371166726093e-05,1.2429035225843665e-07,2.527327713021462e-05,5.568374235317062e-05,1.30240313094298e-07,2.5840048542872718e-05,5.6999037789582025e-05,1.3640127492537991e-07,2.641235316382372e-05,5.8329593740146475e-05,1.4277816047239423e-07,2.699016596311159e-05,5.9675405919376054e-05,1.4937594877613668e-07,2.7573461923464602e-05,6.10364699926579e-05,1.561996751771788e-07,2.8162216040395872e-05,6.241278157626849e-05,0.6499999999999999
1.0250403677379835e-07,2.3062024599945267e-05,5.0575249738645504e-05,1.076580937363342e-07,2.3606412629708878e-05,5.182946124656074e-05,1.1300402441018278e-07,2.4156434112418925e-05,5.309894991904826e-05,1.185465260372453e-07,2.4712063968389135e-05,5.438371166726093e-05,1.2429035225843665e-07,2.527327713021462e-05,5.568374235317062e-05,1.30240313094298e-07,2.5840048542872718e-05,5.6999037789582025e-05,1.3640127492537991e-07,2.641235316382372e-05,5.8329593740146475e-05,1.4277816047239423e-07,2.699016596311159e-05,5.9675405919376054e-05,1.4937594877613668e-07,2.7573461923464602e-05,6.10364699926579e-05,1.561996751771788e-07,2.8162216040395872e-05,6.241278157626849e-05,0.6499999999999999
1.0250403677379835e-07,2.3062024599945267e-05,5.0575249738645504e-05,1.076580937363342e-07,2.3606412629708878e-05,5.182946124656074e-05,1.1300402441018278e-07,2.4156434112418925e-05,5.309894991904826e-05,1.185465260372453e-07,2.4712063968389135e-05,5.438371166726093e-05,1.2429035225843665e-07,2.527327713021462e-05,5.568374235317062e-05,1.30240313094298e-07,2.5840048542872718e-05,5.6999037789582025e-05,1.3640127492537991e-07,2.641235316382372e-05,5.8329593740146475e-05,1.4277816047239423e-07,2.699016596311159e-05,5.9675405919376054e-05,1.4937594877613668e-07,2.7573461923464602e-05,6.10364699926579e-05,1.561996751771788e-07,2.8162216040395872e-05,6.241278157626849e-05,0.6499999999999999
1.0250403677379835e-07,2.3062024599945267e-05,5.0575249738645504e-05,1.076580937363342e-07,2.3606412629708878e-05,5.182946124656074e-05,1.1300402441018278e-07,2.4156434112418925e-05,5.309894991904826e-05,1.185465260372453e-07,2.4712063968389135e-05,5.438371166726093e-05,1.2429035225843665e-07,2.527327713021462e-05,5.568374235317062e-05,1.30240313094298e-07,2.5840048542872718e-05,5.6999037789582025e-05,1.3640127492537991e-07,2.641235316382372e-05,5.8329593740146475e-05,1.4277816047239423e-07,2.699016596311159e-05,5.9675405919376054e-05,1.4937594877613668e-07,2.7573461923464602e-05,6.10364699926579e-05,1.561996751771788e-07,2.8162216040395872e-05,6.241278157626849e-05,0.6499999999999999
1.0250403677379835e-07,2.3062024599945267e-05,5.0575249738645504e-05,1.076580937363342e-07,2.3606412629708878e-05,5.182946124656074e-05,1.1300402441018278e-07,2.4156434112418925e-05,5.309894991904826e-05,1.185465260372453e-07,2.4712063968389135e-05,5.438371166726093e-05,1.2429035225843665e-07,2.527327713021462e-05,5.568374235317062e-05,1.30240313094298e-07,2.5840048542872718e-05,5.6999037789582025e-05,1.3640127492537991e-07,2.641235316382372e-05,5.8329593740146475e-05,1.4277816047239423e-07,2.699016596311159e-05,5.9675405919376054e-05,1.4937594877613668e-07,2.7573461923464602e-05,6.10364699926579e-05,1.561996751771788e-07,2.8162216040395872e-05,6.241278157626849e-05,0.6499999999999999
1.0250403677379835e-07,2.3062024599945267e-05,5.0575249738645504e-05,1.076580937363342e-07,2.3606412629708878e-05,5.182946124656074e-05,1.1300402441018278e-07,2.4156434112418925e-05,5.309894991904826e-05,1.185465260372453e-07,2.4712063968389135e-05,5.438371166726093e-05,1.2429035225843665e-07,2.527327713021462e-05,5.568374235317062e-05,1.30240313094298e-07,2.5840048542872718e-05,5.6999037789582025e-05,1.3640127492537991e-07,2.641235316382372e-05,5.8329593740146475e-05,1.4277816047239423e-07,2.699016596311159e-05,5.9675405919376054e-05,1.4937594877613668e-07,2.7573461923464602e-05,6.10364699926579e-05,1.561996751771788e-07,2.8162216040395872e-05,6.241278157626849e-05,0.6499999999999999
1.0250403677379835e-07,2.3062024599945267e-05,5.0575249738645504e-05,1.076580937363342e-07,2.3606412629708878e-05,5.182946124656074e-05,1.1300402441018278e-07,2.4156434112418925e-05,5.309894991904826e-05,1.185465260372453e-07,2.4712063968389135e-05,5.438371166726093e-05,1.2429035225843665e-07,2.527327713021462e-05,5.568374235317062e-05,1.30240313094298e-07,2.5840048542872718e-05,5.6999037789582025e-05,1.3640127492537991e-07,2.641235316382372e-05,5.8329593740146475e-05,1.4277816047239423e-07,2.699016596311159e-05,5.9675405919376054e-05,1.4937594877613668e-07,2.7573461923464602e-05,6.10364699926579e-05,1.561996751771788e-07,2.8162216040395872e-05,6.241278157626849e-05,0.6499999999999999
1.0250403677379835e-07,2.3062024599945267e-05,5.0575249738645504e-05,1.076580937363342e-07,2.3606412629708878e-05,5.182946124656074e-05,1.1300402441018278e-07,2.4156434112418925e-05,5.309894991904826e-05,1.185465260372453e-07,2.4712063968389135e-05,5.438371166726093e-05,1.2429035225843665e-07,2.527327713021462e-05,5.568374235317062e-05,1.30240313094298e-07,2.5840048542872718e-05,5.6999037789582025e-05,1.3640127492537991e-07,2.641235316382372e-05,5.8329593740146475e-05,1.4277816047239423e-07,2.699016596311159e-05,5.9675405919376054e-05,1.4937594877613668e-07,2.7573461923464602e-05,6.10364699926579e-05,1.561996751771788e-07,2.8162216040395872e-05,6.241278157626849e-05,0.6499999999999999
1.0250403677379835e-07,2.3062024599945267e-05,5.0575249738645504e-05,1.076580937363342e-07,2.3606412629708878e-05,5.182946124656074e-05,1.1300402441018278e-07,2.4156434112418925e-05,5.309894991904826e-05,1.185465260372453e-07,2.4712063968389135e-05,5.438371166726093e-05,1.2429035225843665e-07,2.527327713021462e-05,5.568374235317062e-05,1.30240313094298e-07,2.5840048542872718e-05,5.6999037789582025e-05,1.3640127492537991e-07,2.641235316382372e-05,5.8329593740146475e-05,1.4277816047239423e-07,2.699016596311159e-05,5.9675405919376054e-05,1.4937594877613668e-07,2.7573461923464602e-05,6.10364699926579e-05,1.561996751771788e-07,2.8162216040395872e-05,6.241278157626849e-05,0.6499999999999999
1.0250403677379835e-07,2.3062024599945267e-05,5.0575249738645504e-05,1.076580937363342e-07,2.3606412629708878e-05,5.182946124656074e-05,1.1300402441018278e-07,2.4156434112418925e-05,5.309894991904826e-05,1.185465260372453e-07,2.4712063968389135e-05,5.438371166726093e-05,1.2429035225843665e-07,2.527327713021462e-05,5.568374235317062e-05,1.30240313094298e-07,2.5840048542872718e-05,5.6999037789582025e-05,1.3640127492537991e-07,2.641235316382372e-05,5.8329593740146475e-05,1.4277816047239423e-07,2.699016596311159e-05,5.9675405919376054e-05,1.4937594877613668e-07,2.7573461923464602e-05,6.10364699926579e-05,1.561996751771788e-07,2.8162216040395872e-05,6.241278157626849e-05,0.6499999999999999
1.0250403677379835e-07,2.3062024599945267e-05,5.0575249738645504e-05,1.076580937363342e-07,2.3606412629708878e-05,5.182946124656074e-05,1.1300402441018278e-07,2.4156434112418925e-05,5.309894991904826e-05,1.185465260372453e-07,2.4712063968389135e-05,5.438371166726093e-05,1.2429035225843665e-07,2.527327713021462e-05,5.568374235317062e-05,1.30240313094298e-07,2.5840048542872718e-05,5.6999037789582025e-05,1.3640127492537991e-07,2.641235316382372e-05,5.8329593740146475e-05,1.4277816047239423e-07,2.699016596311159e-05,5.9675405919376054e-05,1.4937594877613668e-07,2.7573461923464602e-05,6.10364699926579e-05,1.561996751771788e-07,2.8162216040395872e-05,6.241278157626849e-05,0.6499999999999999
1.0250403677379835e-07,2.3062024599945267e-05,5.0575249738645504e-05,1.076580937363342e-07,2.3606412629708878e-05,5.182946124656074e-05,1.1300402441018278e-07,2.4156434112418925e-05,5.309894991904826e-05,1.185465260372453e-07,2.4712063968389135e-05,5.438371166726093e-05,1.2429035225843665e-07,2.527327713021462e-05,5.568374235317062e-05,1.30240313094298e-07,2.5840048542872718e-05,5.6999037789582025e-05,1.3640127492537991e-07,2.641235316382372e-05,5.8329593740146475e-05,1.4277816047239423e-07,2.699016596311159e-05,5.9675405919376054e-05,1.4937594877613668e-07,2.7573461923464602e-05,6.10364699926579e-05,1.561996751771788e-07,2.8162216040395872e-05,6.241278157626849e-05,0.6499999999999999
1.0250403677379835e-07,2.3062024599945267e-05,5.0575249738645504e-05,1.076580937363342e-07,2.3606412629708878e-05,5.182946124656074e-05,1.1300402441018278e-07,2.4156434112418925e-05,5.309894991904826e-05,1.185465260372453e-07,2.4712063968389135e-05,5.438371166726093e-05,1.2429035225843665e-07,2.527327713021462e-05,5.568374235317062e-05,1.30240313094298e-07,2.5840048542872718e-05,5.6999037789582025e-05,1.3640127492537991e-07,2.641235316382372e-05,5.8329593740146475e-05,1.4277816047239423e-07,2.699016596311159e-05,5.9675405919376054e-05,1.4937594877613668e-07,2.7573461923464602e-05,6.10364699926579e-05,1.561996751771788e-07,2.8162216040395872e-05,6.241278157626849e-05,0.6499999999999999
1.0250403677379835e-07,2.3062024599945267e-05,5.0575249738645504e-05,1.076580937363342e-07,2.3606412629708878e-05,5.182946124656074e-05,1.1300402441018278e-07,2.4156434112418925e-05,5.309894991904826e-05,1.185465260372453e-07,2.4712063968389135e-05,5.438371166726093e-05,1.2429035225843665e-07,2.527327713021462e-05,5.568374235317062e-05,1.30240313094298e-07,2.5840048542872718e-05,5.6999037789582025e-05,1.3640127492537991e-07,2.641235316382372e-05,5.8329593740146475e-05,1.4277816047239423e-07,2.699016596311159e-05,5.9675405919376054e-05,1.4937594877613668e-07,2.7573461923464602e-05,6.10364699926579e-05,1.561996751771788e-07,2.8162216040395872e-05,6.241278157626849e-05,0.6499999999999999
1.0250403677379835e-07,2.3062024599945267e-05,5.0575249738645504e-05,1.076580937363342e-07,2.3606412629708878e-05,5.182946124656074e-05,1.1300402441018278e-07,2.4156434112418925e-05,5.309894991904826e-05,1.185465260372453e-07,2.4712063968389135e-05,5.438371166726093e-05,1.2429035225843665e-07,2.527327713021462e-05,5.568374235317062e-05,1.30240313094298e-07,2.5840048542872718e-05,5.6999037789582025e-05,1.3640127492537991e-07,2.641235316382372e-05,5.8329593740146475e-05,1.4277816047239423e-07,2.699016596311159e-05,5.9675405919376054e-05,1.4937594877613668e-07,2.7573461923464602e-05,6.10364699926579e-05,1.561996751771788e-07,2.8162216040395872e-05,6.241278157626849e-05,0.6499999999999999
1.0250403677379835e-07,2.3062024599945267e-05,5.0575249738645504e-05,1.076580937363342e-07,2.3606412629708878e-05,5.182946124656074e-05,1.1300402441018278e-07,2.4156434112418925e-05,5.309894991904826e-05,1.185465260372453e-07,2.4712063968389135e-05,5.438371166726093e-05,1.2429035225843665e-07,2.527327713021462e-05,5.568374235317062e-05,1.30240313094298e-07,2.5840048542872718e-05,5.6999037789582025e-05,1.3640127492537991e-07,2.641235316382372e-05,5.8329593740146475e-05,1.4277816047239423e-07,2.699016596311159e-05,5.9675405919376054e-05,1.4937594877613668e-07,2.7573461923464602e-05,6.10364699926579e-05,1.561996751771788e-07,2.8162216040395872e-05,6.241278157626849e-05,0.6499999999999999
1.0250403677379835e-07,2.3062024599945267e-05,5.0575249738645504e-05,1.076580937363342e-07,2.3606412629708878e-05,5.182946124656074e-05,1.1300402441018278e-07,2.4156434112418925e-05,5.309894991904826e-05,1.185465260372453e-07,2.4712063968389135e-05,5.438371166726093e-05,1.2429035225843665e-07,2.527327713021462e-05,5.568374235317062e-05,1.30240313094298e-07,2.5840048542872718e-05,5.6999037789582025e-05,1.3640127492537991e-07,2.641235316382372e-05,5.8329593740146475e-05,1.4277816047239423e-07,2.699016596311159e-05,5.9675405919376054e-05,1.4937594877613668e-07,2.7573461923464602e-05,6.10364699926579e-05,1.561996751771788e-07,2.8162216040395872e-05,6.241278157626849e-05,0.6499999999999999
1.0250403677379835e-07,2.3062024599945267e-05,5.0575249738645504e-05,1.076580937363342e-07,2.3606412629708878e-05,5.182946124656074e-05,1.1300402441018278e-07,2.4156434112418925e-05,5.309894991904826e-05,1.185465260372453e-07,2.4712063968389135e-05,5.438371166726093e-05,1.2429035225843665e-07,2.527327713021462e-05,5.568374235317062e-05,1.30240313094298e-07,2.5840048542872718e-05,5.6999037789582025e-05,1.3640127492537991e-07,2.641235316382372e-05,5.8329593740146475e-05,1.4277816047239423e-07,2.699016596311159e-05,5.9675405919376054e-05,1.4937594877613668e-07,2.7573461923464602e-05,6.10364699926579e-05,1.561996751771788e-07,2.8162216040395872e-05,6.241278157626849e-05,0.6499999999999999
1.0250403677379835e-07,2.3062024599945267e-05,5.0575249738645504e-05,1.076580937363342e-07,2.3606412629708878e-05,5.182946124656074e-05,1.1300402441018278e-07,2.4156434112418925e-05,5.309894991904826e-05,1.185465260372453e-07,2.4712063968389135e-05,5.438371166726093e-05,1.2429035225843665e-07,2.527327713021462e-05,5.568374235317062e-05,1.30240313094298e-07,2.5840048542872718e-05,5.6999037789582025e-05,1.3640127492537991e-07,2.641235316382372e-05,5.8329593740146475e-05,1.4277816047239423e-07,2.699016596311159e-05,5.9675405919376054e-05,1.4937594877613668e-07,2.7573461923464602e-05,6.10364699926579e-05,1.561996751771788e-07,2.8162216040395872e-05,6.241278157626849e-05,0.6499999999999999
1.0250403677379835e-07,2.3062024599945267e-05,5.0575249738645504e-05,1.076580937363342e-07,2.3606412629708878e-05,5.182946124656074e-05,1.1300402441018278e-07,2.4156434112418925e-05,5.309894991904826e-05,1.185465260372453e-07,2.4712063968389135e-05,5.438371166726093e-05,1.2429035225843665e-07,2.527327713021462e-05,5.568374235317062e-05,1.30240313094298e-07,2.5840048542872718e-05,5.6999037789582025e-05,1.3640127492537991e-07,2.641235316382372e-05,5.8329593740146475e-05,1.4277816047239423e-07,2.699016596311159e-05,5.9675405919376054e-05,1.4937594877613668e-07,2.7573461923464602e-05,6.10364699926579e-05,1.561996751771788e-07,2.8162216040395872e-05,6.241278157626849e-05,0.6499999999999999
1.0250403677379835e-07,2.3062024599945267e-05,5.0575249738645504e-05,1.076580937363342e-07,2.3606412629708878e-05,5.182946124656074e-05,1.1300402441018278e-07,2.4156434112418925e-05,5.309894991904826e-05,1.185465260372453e-07,2.4712063968389135e-05,5.438371166726093e-05,1.2429035225843665e-07,2.527327713021462e-05,5.568374235317062e-05,1.30240313094298e-07,2.5840048542872718e-05,5.6999037789582025e-05,1.3640127492537991e-07,2.641235316382372e-05,5.8329593740146475e-05,1.4277816047239423e-07,2.699016596311159e-05,5.9675405919376054e-05,1.4937594877613668e-07,2.7573461923464602e-05,6.10364699926579e-05,1.561996751771788e-07,2.8162216040395872e-05,6.241278157626849e-05,0.6499999999999999
1.0250403677379835e-07,2.3062024599945267e-05,5.0575249738645504e-05,1.076580937363342e-07,2.3606412629708878e-05,5.182946124656074e-05,1.1300402441018278e-07,2.4156434112418925e-05,5.309894991904826e-05,1.185465260372453e-07,2.4712063968389135e-05,5.438371166726093e-05,1.2429035225843665e-07,2.527327713021462e-05,5.568374235317062e-05,1.30240313094298e-07,2.5840048542872718e-05,5.6999037789582025e-05,1.3640127492537991e-07,2.641235316382372e-05,5.8329593740146475e-05,1.4277816047239423e-07,2.699016596311159e-05,5.9675405919376054e-05,1.4937594877613668e-07,2.7573461923464602e-05,6.10364699926579e-05,1.561996751771788e-07,2.8162216040395872e-05,6.241278157626849e-05,0.6499999999999999
1.0250403677379835e-07,2.3062024599945267e-05,5.0575249738645504e-05,1.076580937363342e-07,2.3606412629708878e-05,5.182946124656074e-05,1.1300402441018278e-07,2.4156434112418925e-05,5.309894991904826e-05,1.185465260372453e-07,2.4712063968389135e-05,5.438371166726093e-05,1.2429035225843665e-07,2.527327713021462e-05,5.568374235317062e-05,1.30240313094298e-07,2.5840048542872718e-05,5.6999037789582025e-05,1.3640127492537991e-07,2.641235316382372e-05,5.8329593740146475e-05,1.4277816047239423e-07,2.699016596311159e-05,5.9675405919376054e-05,1.4937594877613668e-07,2.7573461923464602e-05,6.10364699926579e-05,1.561996751771788e-07,2.8162216040395872e-05,6.241278157626849e-05,0.6499999999999999
1.0250403677379835e-07,2.3062024599945267e-05,5.0575249738645504e-05,1.076580937363342e-07,2.3606412629708878e-05,5.182946124656074e-05,1.1300402441018278e-07,2.4156434112418925e-05,5.309894991904826e-05,1.185465260372453e-07,2.4712063968389135e-05,5.438371166726093e-05,1.2429035225843665e-07,2.527327713021462e-05,5.568374235317062e-05,1.30240313094298e-07,2.5840048542872718e-05,5.6999037789582025e-05,1.3640127492537991e-07,2.641235316382372e-05,5.8329593740146475e-05,1.4277816047239423e-07,2.699016596311159e-05,5.9675405919376054e-05,1.4937594877613668e-07,2.7573461923464602e-05,6.10364699926579e-05,1.561996751771788e-07,2.8162216040395872e-05,6.241278157626849e-05,0.6499999999999999
1.0250403677379835e-07,2.3062024599945267e-05,5.0575249738645504e-05,1.076580937363342e-07,2.3606412629708878e-05,5.182946124656074e-05,1.1300402441018278e-07,2.4156434112418925e-05,5.309894991904826e-05,1.185465260372453e-07,2.4712063968389135e-05,5.438371166726093e-05,1.2429035225843665e-07,2.527327713021462e-05,5.568374235317062e-05,1.30240313094298e-07,2.5840048542872718e-05,5.6999037789582025e-05,1.3640127492537991e-07,2.641235316382372e-05,5.8329593740146475e-05,1.4277816047239423e-07,2.699016596311159e-05,5.9675405919376054e-05,1.4937594877613668e-07,2.7573461923464602e-05,6.10364699926579e-05,1.561996751771788e-07,2.8162216040395872e-05,6.241278157626849e-05,0.6499999999999999
1.0250403677379835e-07,2.3062024599945267e-05,5.0575249738645504e-05,1.076580937363342e-07,2.3606412629708878e-05,5.182946124656074e-05,1.1300402441018278e-07,2.4156434112418925e-05,5.309894991904826e-05,1.185465260372453e-07,2.4712063968389135e-05,5.438371166726093e-05,1.2429035225843665e-07,2.527327713021462e-05,5.568374235317062e-05,1.30240313094298e-07,2.5840048542872718e-05,5.6999037789582025e-05,1.3640127492537991e-07,2.641235316382372e-05,5.8329593740146475e-05,1.4277816047239423e-07,2.699016596311159e-05,5.9675405919376054e-05,1.4937594877613668e-07,2.7573461923464602e-05,6.10364699926579e-05,1.561996751771788e-07,2.8162216040395872e-05,6.241278157626849e-05,0.6499999999999999
1.0250403677379835e-07,2.3062024599945267e-05,5.0575249738645504e-05,1.076580937363342e-07,2.3606412629708878e-05,5.182946124656074e-05,1.1300402441018278e-07,2.4156434112418925e-05,5.309894991904826e-05,1.185465260372453e-07,2.4712063968389135e-05,5.438371166726093e-05,1.2429035225843665e-07,2.527327713021462e-05,5.568374235317062e-05,1.30240313094298e-07,2.5840048542872718e-05,5.6999037789582025e-05,1.3640127492537991e-07,2.641235316382372e-05,5.8329593740146475e-05,1.4277816047239423e-07,2.699016596311159e-05,5.9675405919376054e-05,1.4937594877613668e-07,2.7573461923464602e-05,6.10364699926579e-05,1.561996751771788e-07,2.8162216040395872e-05,6.241278157626849e-05,0.6499999999999999
1.0250403677379835e-07,2.3062024599945267e-05,5.0575249738645504e-05,1.076580937363342e-07,2.3606412629708878e-05,5.182946124656074e-05,1.1300402441018278e-07,2.4156434112418925e-05,5.309894991904826e-05,1.185465260372453e-07,2.4712063968389135e-05,5.438371166726093e-05,1.2429035225843665e-07,2.527327713021462e-05,5.568374235317062e-05,1.30240313094298e-07,2.5840048542872718e-05,5.6999037789582025e-05,1.3640127492537991e-07,2.641235316382372e-05,5.8329593740146475e-05,1.4277816047239423e-07,2.699016596311159e-05,5.9675405919376054e-05,1.4937594877613668e-07,2.7573461923464602e-05,6.10364699926579e-05,1.561996751771788e-07,2.8162216040395872e-05,6.241278157626849e-05,0.6499999999999999
1.0250403677379835e-07,2.3062024599945267e-05,5.0575249738645504e-05,1.076580937363342e-07,2.3606412629708878e-05,5.182946124656074e-05,1.1300402441018278e-07,2.4156434112418925e-05,5.309894991904826e-05,1.185465260372453e-07,2.4712063968389135e-05,5.438371166726093e-05,1.2429035225843665e-07,2.527327713021462e-05,5.568374235317062e-05,1.30240313094298e-07,2.5840048542872718e-05,5.6999037789582025e-05,1.3640127492537991e-07,2.641235316382372e-05,5.8329593740146475e-05,1.4277816047239423e-07,2.699016596311159e-05,5.9675405919376054e-05,1.4937594877613668e-07,2.7573461923464602e-05,6.10364699926579e-05,1.561996751771788e-07,2.8162216040395872e-05,6.241278157626849e-05,0.6499999999999999
1.0250403677379835e-07,2.3062024599945267e-05,5.0575249738645504e-05,1.076580937363342e-07,2.3606412629708878e-05,5.182946124656074e-05,1.1300402441018278e-07,2.4156434112418925e-05,5.309894991904826e-05,1.185465260372453e-07,2.4712063968389135e-05,5.438371166726093e-05,1.2429035225843665e-07,2.527327713021462e-05,5.568374235317062e-05,1.30240313094298e-07,2.5840048542872718e-05,5.6999037789582025e-05,1.3640127492537991e-07,2.641235316382372e-05,5.8329593740146475e-05,1.4277816047239423e-07,2.699016596311159e-05,5.9675405919376054e-05,1.4937594877613668e-07,2.7573461923464602e-05,6.10364699926579e-05,1.561996751771788e-07,2.8162216040395872e-05,6.241278157626849e-05,0.6499999999999999
1.0250403677379835e-07,2.3062024599945267e-05,5.0575249738645504e-05,1.076580937363342e-07,2.3606412629708878e-05,5.182946124656074e-05,1.1300402441018278e-07,2.4156434112418925e-05,5.309894991904826e-05,1.185465260372453e-07,2.4712063968389135e-05,5.438371166726093e-05,1.2429035225843665e-07,2.527327713021462e-05,5.568374235317062e-05,1.30240313094298e-07,2.5840048542872718e-05,5.6999037789582025e-05,1.3640127492537991e-07,2.641235316382372e-05,5.8329593740146475e-05,1.4277816047239423e-07,2.699016596311159e-05,5.9675405919376054e-05,1.4937594877613668e-07,2.7573461923464602e-05,6.10364699926579e-05,1.561996751771788e-07,2.8162216040395872e-05,6.241278157626849e-05,0.6499999999999999
1.0250403677379835e-07,2.3062024599945267e-05,5.0575249738645504e-05,1.076580937363342e-07,2.3606412629708878e-05,5.182946124656074e-05,1.1300402441018278e-07,2.4156434112418925e-05,5.309894991904826e-05,1.185465260372453e-07,2.4712063968389135e-05,5.438371166726093e-05,1.2429035225843665e-07,2.527327713021462e-05,5.568374235317062e-05,1.30240313094298e-07,2.5840048542872718e-05,5.6999037789582025e-05,1.3640127492537991e-07,2.641235316382372e-05,5.8329593740146475e-05,1.4277816047239423e-07,2.699016596311159e-05,5.9675405919376054e-05,1.4937594877613668e-07,2.7573461923464602e-05,6.10364699926579e-05,1.561996751771788e-07,2.8162216040395872e-05,6.241278157626849e-05,0.6499999999999999
1.0250403677379835e-07,2.3062024599945267e-05,5.0575249738645504e-05,1.076580937363342e-07,2.3606412629708878e-05,5.182946124656074e-05,1.1300402441018278e-07,2.4156434112418925e-05,5.309894991904826e-05,1.185465260372453e-07,2.4712063968389135e-05,5.438371166726093e-05,1.2429035225843665e-07,2.527327713021462e-05,5.568374235317062e-05,1.30240313094298e-07,2.5840048542872718e-05,5.6999037789582025e-05,1.3640127492537991e-07,2.641235316382372e-05,5.8329593740146475e-05,1.4277816047239423e-07,2.699016596311159e-05,5.9675405919376054e-05,1.4937594877613668e-07,2.7573461923464602e-05,6.10364699926579e-05,1.561996751771788e-07,2.8162216040395872e-05,6.241278157626849e-05,0.6499999999999999
1.0250403677379835e-07,2.3062024599945267e-05,5.0575249738645504e-05,1.076580937363342e-07,2.3606412629708878e-05,5.182946124656074e-05,1.1300402441018278e-07,2.4156434112418925e-05,5.309894991904826e-05,1.185465260372453e-07,2.4712063968389135e-05,5.438371166726093e-05,1.2429035225843665e-07,2.527327713021462e-05,5.568374235317062e-05,1.30240313094298e-07,2.5840048542872718e-05,5.6999037789582025e-05,1.3640127492537991e-07,2.641235316382372e-05,5.8329593740146475e-05,1.4277816047239423e-07,2.699016596311159e-05,5.9675405919376054e-05,1.4937594877613668e-07,2.7573461923464602e-05,6.10364699926579e-05,1.561996751771788e-07,2.8162216040395872e-05,6.241278157626849e-05,0.6499999999999999
1.0250403677379835e-07,2.3062024599945267e-05,5.0575249738645504e-05,1.076580937363342e-07,2.3606412629708878e-05,5.182946124656074e-05,1.1300402441018278e-07,2.4156434112418925e-05,5.309894991904826e-05,1.185465260372453e-07,2.4712063968389135e-05,5.438371166726093e-05,1.2429035225843665e-07,2.527327713021462e-05,5.568374235317062e-05,1.30240313094298e-07,2.5840048542872718e-05,5.6999037789582025e-05,1.3640127492537991e-07,2.641235316382372e-05,5.8329593740146475e-05,1.4277816047239423e-07,2.699016596311159e-05,5.9675405919376054e-05,1.4937594877613668e-07,2.7573461923464602e-05,6.10364699926579e-05,1.561996751771788e-07,2.8162216040395872e-05,6.241278157626849e-05,0.6499999999999999
1.0250403677379835e-07,2.3062024599945267e-05,5.0575249738645504e-05,1.076580937363342e-07,2.3606412629708878e-05,5.182946124656074e-05,1.1300402441018278e-07,2.4156434112418925e-05,5.309894991904826e-05,1.185465260372453e-07,2.4712063968389135e-05,5.438371166726093e-05,1.2429035225843665e-07,2.527327713021462e-05,5.568374235317062e-05,1.30240313094298e-07,2.5840048542872718e-05,5.6999037789582025e-05,1.3640127492537991e-07,2.641235316382372e-05,5.8329593740146475e-05,1.4277816047239423e-07,2.699016596311159e-05,5.9675405919376054e-05,1.4937594877613668e-07,2.7573461923464602e-05,6.10364699926579e-05,1.561996751771788e-07,2.8162216040395872e-05,6.241278157626849e-05,0.6499999999999999
1.0250403677379835e-07,2.3062024599945267e-05,5.0575249738645504e-05,1.076580937363342e-07,2.3606412629708878e-05,5.182946124656074e-05,1.1300402441018278e-07,2.4156434112418925e-05,5.309894991904826e-05,1.185465260372453e-07,2.4712063968389135e-05,5.438371166726093e-05,1.2429035225843665e-07,2.527327713021462e-05,5.568374235317062e-05,1.30240313094298e-07,2.5840048542872718e-05,5.6999037789582025e-05,1.3640127492537991e-07,2.641235316382372e-05,5.8329593740146475e-05,1.4277816047239423e-07,2.699016596311159e-05,5.9675405919376054e-05,1.4937594877613668e-07,2.7573461923464602e-05,6.10364699926579e-05,1.561996751771788e-07,2.8162216040395872e-05,6.241278157626849e-05,0.6499999999999999
1.0250403677379835e-07,2.3062024599945267e-05,5.0575249738645504e-05,1.076580937363342e-07,2.3606412629708878e-05,5.182946124656074e-05,1.1300402441018278e-07,2.4156434112418925e-05,5.309894991904826e-05,1.185465260372453e-07,2.4712063968389135e-05,5.438371166726093e-05,1.2429035225843665e-07,2.527327713021462e-05,5.568374235317062e-05,1.30240313094298e-07,2.5840048542872718e-05,5.6999037789582025e-05,1.3640127492537991e-07,2.641235316382372e-05,5.8329593740146475e-05,1.4277816047239423e-07,2.699016596311159e-05,5.9675405919376054e-05,1.4937594877613668e-07,2.7573461923464602e-05,6.10364699926579e-05,1.561996751771788e-07,2.8162216040395872e-05,6.241278157626849e-05,0.6499999999999999
1.0250403677379835e-07,2.3062024599945267e-05,5.0575249738645504e-05,1.076580937363342e-07,2.3606412629708878e-05,5.182946124656074e-05,1.1300402441018278e-07,2.4156434112418925e-05,5.309894991904826e-05,1.185465260372453e-07,2.4712063968389135e-05,5.438371166726093e-05,1.2429035225843665e-07,2.527327713021462e-05,5.568374235317062e-05,1.30240313094298e-07,2.5840048542872718e-05,5.6999037789582025e-05,1.3640127492537991e-07,2.641235316382372e-05,5.8329593740146475e-05,1.4277816047239423e-07,2.699016596311159e-05,5.9675405919376054e-05,1.4937594877613668e-07,2.7573461923464602e-05,6.10364699926579e-05,1.561996751771788e-07,2.8162216040395872e-05,6.241278157626849e-05,0.6499999999999999
1.0250403677379835e-07,2.3062024599945267e-05,5.0575249738645504e-05,1.076580937363342e-07,2.3606412629708878e-05,5.182946124656074e-05,1.1300402441018278e-07,2.4156434112418925e-05,5.309894991904826e-05,1.185465260372453e-07,2.4712063968389135e-05,5.438371166726093e-05,1.2429035225843665e-07,2.527327713021462e-05,5.568374235317062e-05,1.30240313094298e-07,2.5840048542872718e-05,5.6999037789582025e-05,1.3640127492537991e-07,2.641235316382372e-05,5.8329593740146475e-05,1.4277816047239423e-07,2.699016596311159e-05,5.9675405919376054e-05,1.4937594877613668e-07,2.7573461923464602e-05,6.10364699926579e-05,1.561996751771788e-07,2.8162216040395872e-05,6.241278157626849e-05,0.6499999999999999
1.0250403677379835e-07,2.3062024599945267e-05,5.0575249738645504e-05,1.076580937363342e-07,2.3606412629708878e-05,5.182946124656074e-05,1.1300402441018278e-07,2.4156434112418925e-05,5.309894991904826e-05,1.185465260372453e-07,2.4712063968389135e-05,5.438371166726093e-05,1.2429035225843665e-07,2.527327713021462e-05,5.568374235317062e-05,1.30240313094298e-07,2.5840048542872718e-05,5.6999037789582025e-05,1.3640127492537991e-07,2.641235316382372e-05,5.8329593740146475e-05,1.4277816047239423e-07,2.699016596311159e-05,5.9675405919376054e-05,1.4937594877613668e-07,2.7573461923464602e-05,6.10364699926579e-05,1.561996751771788e-07,2.8162216040395872e-05,6.241278157626849e-05,0.6499999999999999
1.0250403677379835e-07,2.3062024599945267e-05,5.0575249738645504e-05,1.076580937363342e-07,2.3606412629708878e-05,5.182946124656074e-05,1.1300402441018278e-07,2.4156434112418925e-05,5.309894991904826e-05,1.185465260372453e-07,2.4712063968389135e-05,5.438371166726093e-05,1.2429035225843665e-07,2.527327713021462e-05,5.568374235317062e-05,1.30240313094298e-07,2.5840048542872718e-05,5.6999037789582025e-05,1.3640127492537991e-07,2.641235316382372e-05,5.8329593740146475e-05,1.4277816047239423e-07,2.699016596311159e-05,5.9675405919376054e-05,1.4937594877613668e-07,2.7573461923464602e-05,6.10364699926579e-05,1.561996751771788e-07,2.8162216040395872e-05,6.241278157626849e-05,0.6499999999999999
1.0250403677379835e-07,2.3062024599945267e-05,5.0575249738645504e-05,1.076580937363342e-07,2.3606412629708878e-05,5.182946124656074e-05,1.1300402441018278e-07,2.4156434112418925e-05,5.309894991904826e-05,1.185465260372453e-07,2.4712063968389135e-05,5.438371166726093e-05,1.2429035225843665e-07,2.527327713021462e-05,5.568374235317062e-05,1.30240313094298e-07,2.5840048542872718e-05,5.6999037789582025e-05,1.3640127492537991e-07,2.641235316382372e-05,5.8329593740146475e-05,1.4277816047239423e-07,2.699016596311159e-05,5.9675405919376054e-05,1.4937594877613668e-07,2.7573461923464602e-05,6.10364699926579e-05,1.561996751771788e-07,2.8162216040395872e-05,6.241278157626849e-05,0.6499999999999999
1.0250403677379835e-07,2.3062024599945267e-05,5.0575249738645504e-05,1.076580937363342e-07,2.3606412629708878e-05,5.182946124656074e-05,1.1300402441018278e-07,2.4156434112418925e-05,5.309894991904826e-05,1.185465260372453e-07,2.4712063968389135e-05,5.438371166726093e-05,1.2429035225843665e-07,2.527327713021462e-05,5.568374235317062e-05,1.30240313094298e-07,2.5840048542872718e-05,5.6999037789582025e-05,1.3640127492537991e-07,2.641235316382372e-05,5.8329593740146475e-05,1.4277816047239423e-07,2.699016596311159e-05,5.9675405919376054e-05,1.4937594877613668e-07,2.7573461923464602e-05,6.10364699926579e-05,1.561996751771788e-07,2.8162216040395872e-05,6.241278157626849e-05,0.6499999999999999
1.0250403677379835e-07,2.3062024599945267e-05,5.0575249738645504e-05,1.076580937363342e-07,2.3606412629708878e-05,5.182946124656074e-05,1.1300402441018278e-07,2.4156434112418925e-05,5.309894991904826e-05,1.185465260372453e-07,2.4712063968389135e-05,5.438371166726093e-05,1.2429035225843665e-07,2.527327713021462e-05,5.568374235317062e-05,1.30240313094298e-07,2.5840048542872718e-05,5.6999037789582025e-05,1.3640127492537991e-07,2.641235316382372e-05,5.8329593740146475e-05,1.4277816047239423e-07,2.699016596311159e-05,5.9675405919376054e-05,1.4937594877613668e-07,2.7573461923464602e-05,6.10364699926579e-05,1.561996751771788e-07,2.8162216040395872e-05,6.241278157626849e-05,0.6499999999999999
1.0250403677379835e-07,2.3062024599945267e-05,5.0575249738645504e-05,1.076580937363342e-07,2.3606412629708878e-05,5.182946124656074e-05,1.1300402441018278e-07,2.4156434112418925e-05,5.309894991904826e-05,1.185465260372453e-07,2.4712063968389135e-05,5.438371166726093e-05,1.2429035225843665e-07,2.527327713021462e-05,5.568374235317062e-05,1.30240313094298e-07,2.5840048542872718e-05,5.6999037789582025e-05,1.3640127492537991e-07,2.641235316382372e-05,5.8329593740146475e-05,1.4277816047239423e-07,2.699016596311159e-05,5.9675405919376054e-05,1.4937594877613668e-07,2.7573461923464602e-05,6.10364699926579e-05,1.561996751771788e-07,2.8162216040395872e-05,6.241278157626849e-05,0.6499999999999999
1.0250403677379835e-07,2.3062024599945267e-05,5.0575249738645504e-05,1.076580937363342e-07,2.3606412629708878e-05,5.182946124656074e-05,1.1300402441018278e-07,2.4156434112418925e-05,5.309894991904826e-05,1.185465260372453e-07,2.4712063968389135e-05,5.438371166726093e-05,1.2429035225843665e-07,2.527327713021462e-05,5.568374235317062e-05,1.30240313094298e-07,2.5840048542872718e-05,5.6999037789582025e-05,1.3640127492537991e-07,2.641235316382372e-05,5.8329593740146475e-05,1.4277816047239423e-07,2.699016596311159e-05,5.9675405919376054e-05,1.4937594877613668e-07,2.7573461923464602e-05,6.10364699926579e-05,1.561996751771788e-07,2.8162216040395872e-05,6.241278157626849e-05,0.6499999999999999
1.0250403677379835e-07,2.3062024599945267e-05,5.0575249738645504e-05,1.076580937363342e-07,2.3606412629708878e-05,5.182946124656074e-05,1.1300402441018278e-07,2.4156434112418925e-05,5.309894991904826e-05,1.185465260372453e-07,2.4712063968389135e-05,5.438371166726093e-05,1.2429035225843665e-07,2.527327713021462e-05,5.568374235317062e-05,1.30240313094298e-07,2.5840048542872718e-05,5.6999037789582025e-05,1.3640127492537991e-07,2.641235316382372e-05,5.8329593740146475e-05,1.4277816047239423e-07,2.699016596311159e-05,5.9675405919376054e-05,1.4937594877613668e-07,2.7573461923464602e-05,6.10364699926579e-05,1.561996751771788e-07,2.8162216040395872e-05,6.241278157626849e-05,0.6499999999999999
1.0250403677379835e-07,2.3062024599945267e-05,5.0575249738645504e-05,1.076580937363342e-07,2.3606412629708878e-05,5.182946124656074e-05,1.1300402441018278e-07,2.4156434112418925e-05,5.309894991904826e-05,1.185465260372453e-07,2.4712063968389135e-05,5.438371166726093e-05,1.2429035225843665e-07,2.527327713021462e-05,5.568374235317062e-05,1.30240313094298e-07,2.5840048542872718e-05,5.6999037789582025e-05,1.3640127492537991e-07,2.641235316382372e-05,5.8329593740146475e-05,1.4277816047239423e-07,2.699016596311159e-05,5.9675405919376054e-05,1.4937594877613668e-07,2.7573461923464602e-05,6.10364699926579e-05,1.561996751771788e-07,2.8162216040395872e-05,6.241278157626849e-05,0.6499999999999999
1.0250403677379835e-07,2.3062024599945267e-05,5.0575249738645504e-05,1.076580937363342e-07,2.3606412629708878e-05,5.182946124656074e-05,1.1300402441018278e-07,2.4156434112418925e-05,5.309894991904826e-05,1.185465260372453e-07,2.4712063968389135e-05,5.438371166726093e-05,1.2429035225843665e-07,2.527327713021462e-05,5.568374235317062e-05,1.30240313094298e-07,2.5840048542872718e-05,5.6999037789582025e-05,1.3640127492537991e-07,2.641235316382372e-05,5.8329593740146475e-05,1.4277816047239423e-07,2.699016596311159e-05,5.9675405919376054e-05,1.4937594877613668e-07,2.7573461923464602e-05,6.10364699926579e-05,1.561996751771788e-07,2.8162216040395872e-05,6.241278157626849e-05,0.6499999999999999
1.0250403677379835e-07,2.3062024599945267e-05,5.0575249738645504e-05,1.076580937363342e-07,2.3606412629708878e-05,5.182946124656074e-05,1.1300402441018278e-07,2.4156434112418925e-05,5.309894991904826e-05,1.185465260372453e-07,2.4712063968389135e-05,5.438371166726093e-05,1.2429035225843665e-07,2.527327713021462e-05,5.568374235317062e-05,1.30240313094298e-07,2.5840048542872718e-05,5.6999037789582025e-05,1.3640127492537991e-07,2.641235316382372e-05,5.8329593740146475e-05,1.4277816047239423e-07,2.699016596311159e-05,5.9675405919376054e-05,1.4937594877613668e-07,2.7573461923464602e-05,6.10364699926579e-05,1.561996751771788e-07,2.8162216040395872e-05,6.241278157626849e-05,0.6499999999999999
1.0250403677379835e-07,2.3062024599945267e-05,5.0575249738645504e-05,1.076580937363342e-07,2.3606412629708878e-05,5.182946124656074e-05,1.1300402441018278e-07,2.4156434112418925e-05,5.309894991904826e-05,1.185465260372453e-07,2.4712063968389135e-05,5.438371166726093e-05,1.2429035225843665e-07,2.527327713021462e-05,5.568374235317062e-05,1.30240313094298e-07,2.5840048542872718e-05,5.6999037789582025e-05,1.3640127492537991e-07,2.641235316382372e-05,5.8329593740146475e-05,1.4277816047239423e-07,2.699016596311159e-05,5.9675405919376054e-05,1.4937594877613668e-07,2.7573461923464602e-05,6.10364699926579e-05,1.561996751771788e-07,2.8162216040395872e-05,6.241278157626849e-05,0.6499999999999999
1.0250403677379835e-07,2.3062024599945267e-05,5.0575249738645504e-05,1.076580937363342e-07,2.3606412629708878e-05,5.182946124656074e-05,1.1300402441018278e-07,2.4156434112418925e-05,5.309894991904826e-05,1.185465260372453e-07,2.4712063968389135e-05,5.438371166726093e-05,1.2429035225843665e-07,2.527327713021462e-05,5.568374235317062e-05,1.30240313094298e-07,2.5840048542872718e-05,5.6999037789582025e-05,1.3640127492537991e-07,2.641235316382372e-05,5.8329593740146475e-05,1.4277816047239423e-07,2.699016596311159e-05,5.9675405919376054e-05,1.4937594877613668e-07,2.7573461923464602e-05,6.10364699926579e-05,1.561996751771788e-07,2.8162216040395872e-05,6.241278157626849e-05,0.6499999999999999
1.0250403677379835e-07,2.3062024599945267e-05,5.0575249738645504e-05,1.076580937363342e-07,2.3606412629708878e-05,5.182946124656074e-05,1.1300402441018278e-07,2.4156434112418925e-05,5.309894991904826e-05,1.185465260372453e-07,2.4712063968389135e-05,5.438371166726093e-05,1.2429035225843665e-07,2.527327713021462e-05,5.568374235317062e-05,1.30240313094298e-07,2.5840048542872718e-05,5.6999037789582025e-05,1.3640127492537991e-07,2.641235316382372e-05,5.8329593740146475e-05,1.4277816047239423e-07,2.699016596311159e-05,5.9675405919376054e-05,1.4937594877613668e-07,2.7573461923464602e-05,6.10364699926579e-05,1.561996751771788e-07,2.8162216040395872e-05,6.241278157626849e-05,0.6499999999999999
1.0250403677379835e-07,2.3062024599945267e-05,5.0575249738645504e-05,1.076580937363342e-07,2.3606412629708878e-05,5.182946124656074e-05,1.1300402441018278e-07,2.4156434112418925e-05,5.309894991904826e-05,1.185465260372453e-07,2.4712063968389135e-05,5.438371166726093e-05,1.2429035225843665e-07,2.527327713021462e-05,5.568374235317062e-05,1.30240313094298e-07,2.5840048542872718e-05,5.6999037789582025e-05,1.3640127492537991e-07,2.641235316382372e-05,5.8329593740146475e-05,1.4277816047239423e-07,2.699016596311159e-05,5.9675405919376054e-05,1.4937594877613668e-07,2.7573461923464602e-05,6.10364699926579e-05,1.561996751771788e-07,2.8162216040395872e-05,6.241278157626849e-05,0.6499999999999999
1.0250403677379835e-07,2.3062024599945267e-05,5.0575249738645504e-05,1.076580937363342e-07,2.3606412629708878e-05,5.182946124656074e-05,1.1300402441018278e-07,2.4156434112418925e-05,5.309894991904826e-05,1.185465260372453e-07,2.4712063968389135e-05,5.438371166726093e-05,1.2429035225843665e-07,2.527327713021462e-05,5.568374235317062e-05,1.30240313094298e-07,2.5840048542872718e-05,5.6999037789582025e-05,1.3640127492537991e-07,2.641235316382372e-05,5.8329593740146475e-05,1.4277816047239423e-07,2.699016596311159e-05,5.9675405919376054e-05,1.4937594877613668e-07,2.7573461923464602e-05,6.10364699926579e-05,1.561996751771788e-07,2.8162216040395872e-05,6.241278157626849e-05,0.6499999999999999
1.0250403677379835e-07,2.3062024599945267e-05,5.0575249738645504e-05,1.076580937363342e-07,2.3606412629708878e-05,5.182946124656074e-05,1.1300402441018278e-07,2.4156434112418925e-05,5.309894991904826e-05,1.185465260372453e-07,2.4712063968389135e-05,5.438371166726093e-05,1.2429035225843665e-07,2.527327713021462e-05,5.568374235317062e-05,1.30240313094298e-07,2.5840048542872718e-05,5.6999037789582025e-05,1.3640127492537991e-07,2.641235316382372e-05,5.8329593740146475e-05,1.4277816047239423e-07,2.699016596311159e-05,5.9675405919376054e-05,1.4937594877613668e-07,2.7573461923464602e-05,6.10364699926579e-05,1.561996751771788e-07,2.8162216040395872e-05,6.241278157626849e-05,0.6499999999999999
1.0250403677379835e-07,2.3062024599945267e-05,5.0575249738645504e-05,1.076580937363342e-07,2.3606412629708878e-05,5.182946124656074e-05,1.1300402441018278e-07,2.4156434112418925e-05,5.309894991904826e-05,1.185465260372453e-07,2.4712063968389135e-05,5.438371166726093e-05,1.2429035225843665e-07,2.527327713021462e-05,5.568374235317062e-05,1.30240313094298e-07,2.5840048542872718e-05,5.6999037789582025e-05,1.3640127492537991e-07,2.641235316382372e-05,5.8329593740146475e-05,1.4277816047239423e-07,2.699016596311159e-05,5.9675405919376054e-05,1.4937594877613668e-07,2.7573461923464602e-05,6.10364699926579e-05,1.561996751771788e-07,2.8162216040395872e-05,6.241278157626849e-05,0.6499999999999999
1.0250403677379835e-07,2.3062024599945267e-05,5.0575249738645504e-05,1.076580937363342e-07,2.3606412629708878e-05,5.182946124656074e-05,1.1300402441018278e-07,2.4156434112418925e-05,5.309894991904826e-05,1.185465260372453e-07,2.4712063968389135e-05,5.438371166726093e-05,1.2429035225843665e-07,2.527327713021462e-05,5.568374235317062e-05,1.30240313094298e-07,2.5840048542872718e-05,5.6999037789582025e-05,1.3640127492537991e-07,2.641235316382372e-05,5.8329593740146475e-05,1.4277816047239423e-07,2.699016596311159e-05,5.9675405919376054e-05,1.4937594877613668e-07,2.7573461923464602e-05,6.10364699926579e-05,1.561996751771788e-07,2.8162216040395872e-05,6.241278157626849e-05,0.6499999999999999
1.0250403677379835e-07,2.3062024599945267e-05,5.0575249738645504e-05,1.076580937363342e-07,2.3606412629708878e-05,5.182946124656074e-05,1.1300402441018278e-07,2.4156434112418925e-05,5.309894991904826e-05,1.185465260372453e-07,2.4712063968389135e-05,5.438371166726093e-05,1.2429035225843665e-07,2.527327713021462e-05,5.568374235317062e-05,1.30240313094298e-07,2.5840048542872718e-05,5.6999037789582025e-05,1.3640127492537991e-07,2.641235316382372e-05,5.8329593740146475e-05,1.4277816047239423e-07,2.699016596311159e-05,5.9675405919376054e-05,1.4937594877613668e-07,2.7573461923464602e-05,6.10364699926579e-05,1.561996751771788e-07,2.8162216040395872e-05,6.241278157626849e-05,0.6499999999999999
1.0250403677379835e-07,2.3062024599945267e-05,5.0575249738645504e-05,1.076580937363342e-07,2.3606412629708878e-05,5.182946124656074e-05,1.1300402441018278e-07,2.4156434112418925e-05,5.309894991904826e-05,1.185465260372453e-07,2.4712063968389135e-05,5.438371166726093e-05,1.2429035225843665e-07,2.527327713021462e-05,5.568374235317062e-05,1.30240313094298e-07,2.5840048542872718e-05,5.6999037789582025e-05,1.3640127492537991e-07,2.641235316382372e-05,5.8329593740146475e-05,1.4277816047239423e-07,2.699016596311159e-05,5.9675405919376054e-05,1.4937594877613668e-07,2.7573461923464602e-05,6.10364699926579e-05,1.561996751771788e-07,2.8162216040395872e-05,6.241278157626849e-05,0.6499999999999999
1.0250403677379835e-07,2.3062024599945267e-05,5.0575249738645504e-05,1.076580937363342e-07,2.3606412629708878e-05,5.182946124656074e-05,1.1300402441018278e-07,2.4156434112418925e-05,5.309894991904826e-05,1.185465260372453e-07,2.4712063968389135e-05,5.438371166726093e-05,1.2429035225843665e-07,2.527327713021462e-05,5.568374235317062e-05,1.30240313094298e-07,2.5840048542872718e-05,5.6999037789582025e-05,1.3640127492537991e-07,2.641235316382372e-05,5.8329593740146475e-05,1.4277816047239423e-07,2.699016596311159e-05,5.9675405919376054e-05,1.4937594877613668e-07,2.7573461923464602e-05,6.10364699926579e-05,1.561996751771788e-07,2.8162216040395872e-05,6.241278157626849e-05,0.6499999999999999
1.0250403677379835e-07,2.3062024599945267e-05,5.0575249738645504e-05,1.076580937363342e-07,2.3606412629708878e-05,5.182946124656074e-05,1.1300402441018278e-07,2.4156434112418925e-05,5.309894991904826e-05,1.185465260372453e-07,2.4712063968389135e-05,5.438371166726093e-05,1.2429035225843665e-07,2.527327713021462e-05,5.568374235317062e-05,1.30240313094298e-07,2.5840048542872718e-05,5.6999037789582025e-05,1.3640127492537991e-07,2.641235316382372e-05,5.8329593740146475e-05,1.4277816047239423e-07,2.699016596311159e-05,5.9675405919376054e-05,1.4937594877613668e-07,2.7573461923464602e-05,6.10364699926579e-05,1.561996751771788e-07,2.8162216040395872e-05,6.241278157626849e-05,0.6499999999999999
1.0250403677379835e-07,2.3062024599945267e-05,5.0575249738645504e-05,1.076580937363342e-07,2.3606412629708878e-05,5.182946124656074e-05,1.1300402441018278e-07,2.4156434112418925e-05,5.309894991904826e-05,1.185465260372453e-07,2.4712063968389135e-05,5.438371166726093e-05,1.2429035225843665e-07,2.527327713021462e-05,5.568374235317062e-05,1.30240313094298e-07,2.5840048542872718e-05,5.6999037789582025e-05,1.3640127492537991e-07,2.641235316382372e-05,5.8329593740146475e-05,1.4277816047239423e-07,2.699016596311159e-05,5.9675405919376054e-05,1.4937594877613668e-07,2.7573461923464602e-05,6.10364699926579e-05,1.561996751771788e-07,2.8162216040395872e-05,6.241278157626849e-05,0.6499999999999999
1.0250403677379835e-07,2.3062024599945267e-05,5.0575249738645504e-05,1.076580937363342e-07,2.3606412629708878e-05,5.182946124656074e-05,1.1300402441018278e-07,2.4156434112418925e-05,5.309894991904826e-05,1.185465260372453e-07,2.4712063968389135e-05,5.438371166726093e-05,1.2429035225843665e-07,2.527327713021462e-05,5.568374235317062e-05,1.30240313094298e-07,2.5840048542872718e-05,5.6999037789582025e-05,1.3640127492537991e-07,2.641235316382372e-05,5.8329593740146475e-05,1.4277816047239423e-07,2.699016596311159e-05,5.9675405919376054e-05,1.4937594877613668e-07,2.7573461923464602e-05,6.10364699926579e-05,1.561996751771788e-07,2.8162216040395872e-05,6.241278157626849e-05,0.6499999999999999
1.0250403677379835e-07,2.3062024599945267e-05,5.0575249738645504e-05,1.076580937363342e-07,2.3606412629708878e-05,5.182946124656074e-05,1.1300402441018278e-07,2.4156434112418925e-05,5.309894991904826e-05,1.185465260372453e-07,2.4712063968389135e-05,5.438371166726093e-05,1.2429035225843665e-07,2.527327713021462e-05,5.568374235317062e-05,1.30240313094298e-07,2.5840048542872718e-05,5.6999037789582025e-05,1.3640127492537991e-07,2.641235316382372e-05,5.8329593740146475e-05,1.4277816047239423e-07,2.699016596311159e-05,5.9675405919376054e-05,1.4937594877613668e-07,2.7573461923464602e-05,6.10364699926579e-05,1.561996751771788e-07,2.8162216040395872e-05,6.241278157626849e-05,0.6499999999999999
1.0250403677379835e-07,2.3062024599945267e-05,5.0575249738645504e-05,1.076580937363342e-07,2.3606412629708878e-05,5.182946124656074e-05,1.1300402441018278e-07,2.4156434112418925e-05,5.309894991904826e-05,1.185465260372453e-07,2.4712063968389135e-05,5.438371166726093e-05,1.2429035225843665e-07,2.527327713021462e-05,5.568374235317062e-05,1.30240313094298e-07,2.5840048542872718e-05,5.6999037789582025e-05,1.3640127492537991e-07,2.641235316382372e-05,5.8329593740146475e-05,1.4277816047239423e-07,2.699016596311159e-05,5.9675405919376054e-05,1.4937594877613668e-07,2.7573461923464602e-05,6.10364699926579e-05,1.561996751771788e-07,2.8162216040395872e-05,6.241278157626849e-05,0.6499999999999999
1.0250403677379835e-07,2.3062024599945267e-05,5.0575249738645504e-05,1.076580937363342e-07,2.3606412629708878e-05,5.182946124656074e-05,1.1300402441018278e-07,2.4156434112418925e-05,5.309894991904826e-05,1.185465260372453e-07,2.4712063968389135e-05,5.438371166726093e-05,1.2429035225843665e-07,2.527327713021462e-05,5.568374235317062e-05,1.30240313094298e-07,2.5840048542872718e-05,5.6999037789582025e-05,1.3640127492537991e-07,2.641235316382372e-05,5.8329593740146475e-05,1.4277816047239423e-07,2.699016596311159e-05,5.9675405919376054e-05,1.4937594877613668e-07,2.7573461923464602e-05,6.10364699926579e-05,1.561996751771788e-07,2.8162216040395872e-05,6.241278157626849e-05,0.6499999999999999
1.0250403677379835e-07,2.3062024599945267e-05,5.0575249738645504e-05,1.076580937363342e-07,2.3606412629708878e-05,5.182946124656074e-05,1.1300402441018278e-07,2.4156434112418925e-05,5.309894991904826e-05,1.185465260372453e-07,2.4712063968389135e-05,5.438371166726093e-05,1.2429035225843665e-07,2.527327713021462e-05,5.568374235317062e-05,1.30240313094298e-07,2.5840048542872718e-05,5.6999037789582025e-05,1.3640127492537991e-07,2.641235316382372e-05,5.8329593740146475e-05,1.4277816047239423e-07,2.699016596311159e-05,5.9675405919376054e-05,1.4937594877613668e-07,2.7573461923464602e-05,6.10364699926579e-05,1.561996751771788e-07,2.8162216040395872e-05,6.241278157626849e-05,0.6499999999999999
1.0250403677379835e-07,2.3062024599945267e-05,5.0575249738645504e-05,1.076580937363342e-07,2.3606412629708878e-05,5.182946124656074e-05,1.1300402441018278e-07,2.4156434112418925e-05,5.309894991904826e-05,1.185465260372453e-07,2.4712063968389135e-05,5.438371166726093e-05,1.2429035225843665e-07,2.527327713021462e-05,5.568374235317062e-05,1.30240313094298e-07,2.5840048542872718e-05,5.6999037789582025e-05,1.3640127492537991e-07,2.641235316382372e-05,5.8329593740146475e-05,1.4277816047239423e-07,2.699016596311159e-05,5.9675405919376054e-05,1.4937594877613668e-07,2.7573461923464602e-05,6.10364699926579e-05,1.561996751771788e-07,2.8162216040395872e-05,6.241278157626849e-05,0.6499999999999999
1.0250403677379835e-07,2.3062024599945267e-05,5.0575249738645504e-05,1.076580937363342e-07,2.3606412629708878e-05,5.182946124656074e-05,1.1300402441018278e-07,2.4156434112418925e-05,5.309894991904826e-05,1.185465260372453e-07,2.4712063968389135e-05,5.438371166726093e-05,1.2429035225843665e-07,2.527327713021462e-05,5.568374235317062e-05,1.30240313094298e-07,2.5840048542872718e-05,5.6999037789582025e-05,1.3640127492537991e-07,2.641235316382372e-05,5.8329593740146475e-05,1.4277816047239423e-07,2.699016596311159e-05,5.9675405919376054e-05,1.4937594877613668e-07,2.7573461923464602e-05,6.10364699926579e-05,1.561996751771788e-07,2.8162216040395872e-05,6.241278157626849e-05,0.6499999999999999
1.0250403677379835e-07,2.3062024599945267e-05,5.0575249738645504e-05,1.076580937363342e-07,2.3606412629708878e-05,5.182946124656074e-05,1.1300402441018278e-07,2.4156434112418925e-05,5.309894991904826e-05,1.185465260372453e-07,2.4712063968389135e-05,5.438371166726093e-05,1.2429035225843665e-07,2.527327713021462e-05,5.568374235317062e-05,1.30240313094298e-07,2.5840048542872718e-05,5.6999037789582025e-05,1.3640127492537991e-07,2.641235316382372e-05,5.8329593740146475e-05,1.4277816047239423e-07,2.699016596311159e-05,5.9675405919376054e-05,1.4937594877613668e-07,2.7573461923464602e-05,6.10364699926579e-05,1.561996751771788e-07,2.8162216040395872e-05,6.241278157626849e-05,0.6499999999999999
1.0250403677379835e-07,2.3062024599945267e-05,5.0575249738645504e-05,1.076580937363342e-07,2.3606412629708878e-05,5.182946124656074e-05,1.1300402441018278e-07,2.4156434112418925e-05,5.309894991904826e-05,1.185465260372453e-07,2.4712063968389135e-05,5.438371166726093e-05,1.2429035225843665e-07,2.527327713021462e-05,5.568374235317062e-05,1.30240313094298e-07,2.5840048542872718e-05,5.6999037789582025e-05,1.3640127492537991e-07,2.641235316382372e-05,5.8329593740146475e-05,1.4277816047239423e-07,2.699016596311159e-05,5.9675405919376054e-05,1.4937594877613668e-07,2.7573461923464602e-05,6.10364699926579e-05,1.561996751771788e-07,2.8162216040395872e-05,6.241278157626849e-05,0.6499999999999999
1.0250403677379835e-07,2.3062024599945267e-05,5.0575249738645504e-05,1.076580937363342e-07,2.3606412629708878e-05,5.182946124656074e-05,1.1300402441018278e-07,2.4156434112418925e-05,5.309894991904826e-05,1.185465260372453e-07,2.4712063968389135e-05,5.438371166726093e-05,1.2429035225843665e-07,2.527327713021462e-05,5.568374235317062e-05,1.30240313094298e-07,2.5840048542872718e-05,5.6999037789582025e-05,1.3640127492537991e-07,2.641235316382372e-05,5.8329593740146475e-05,1.4277816047239423e-07,2.699016596311159e-05,5.9675405919376054e-05,1.4937594877613668e-07,2.7573461923464602e-05,6.10364699926579e-05,1.561996751771788e-07,2.8162216040395872e-05,6.241278157626849e-05,0.6499999999999999
1.0250403677379835e-07,2.3062024599945267e-05,5.0575249738645504e-05,1.076580937363342e-07,2.3606412629708878e-05,5.182946124656074e-05,1.1300402441018278e-07,2.4156434112418925e-05,5.309894991904826e-05,1.185465260372453e-07,2.4712063968389135e-05,5.438371166726093e-05,1.2429035225843665e-07,2.527327713021462e-05,5.568374235317062e-05,1.30240313094298e-07,2.5840048542872718e-05,5.6999037789582025e-05,1.3640127492537991e-07,2.641235316382372e-05,5.8329593740146475e-05,1.4277816047239423e-07,2.699016596311159e-05,5.9675405919376054e-05,1.4937594877613668e-07,2.7573461923464602e-05,6.10364699926579e-05,1.561996751771788e-07,2.8162216040395872e-05,6.241278157626849e-05,0.6499999999999999
1.0250403677379835e-07,2.3062024599945267e-05,5.0575249738645504e-05,1.076580937363342e-07,2.3606412629708878e-05,5.182946124656074e-05,1.1300402441018278e-07,2.4156434112418925e-05,5.309894991904826e-05,1.185465260372453e-07,2.4712063968389135e-05,5.438371166726093e-05,1.2429035225843665e-07,2.527327713021462e-05,5.568374235317062e-05,1.30240313094298e-07,2.5840048542872718e-05,5.6999037789582025e-05,1.3640127492537991e-07,2.641235316382372e-05,5.8329593740146475e-05,1.4277816047239423e-07,2.699016596311159e-05,5.9675405919376054e-05,1.4937594877613668e-07,2.7573461923464602e-05,6.10364699926579e-05,1.561996751771788e-07,2.8162216040395872e-05,6.241278157626849e-05,0.6499999999999999
1.0250403677379835e-07,2.3062024599945267e-05,5.0575249738645504e-05,1.076580937363342e-07,2.3606412629708878e-05,5.182946124656074e-05,1.1300402441018278e-07,2.4156434112418925e-05,5.309894991904826e-05,1.185465260372453e-07,2.4712063968389135e-05,5.438371166726093e-05,1.2429035225843665e-07,2.527327713021462e-05,5.568374235317062e-05,1.30240313094298e-07,2.5840048542872718e-05,5.6999037789582025e-05,1.3640127492537991e-07,2.641235316382372e-05,5.8329593740146475e-05,1.4277816047239423e-07,2.699016596311159e-05,5.9675405919376054e-05,1.4937594877613668e-07,2.7573461923464602e-05,6.10364699926579e-05,1.561996751771788e-07,2.8162216040395872e-05,6.241278157626849e-05,0.6499999999999999
1.0250403677379835e-07,2.3062024599945267e-05,5.0575249738645504e-05,1.076580937363342e-07,2.3606412629708878e-05,5.182946124656074e-05,1.1300402441018278e-07,2.4156434112418925e-05,5.309894991904826e-05,1.185465260372453e-07,2.4712063968389135e-05,5.438371166726093e-05,1.2429035225843665e-07,2.527327713021462e-05,5.568374235317062e-05,1.30240313094298e-07,2.5840048542872718e-05,5.6999037789582025e-05,1.3640127492537991e-07,2.641235316382372e-05,5.8329593740146475e-05,1.4277816047239423e-07,2.699016596311159e-05,5.9675405919376054e-05,1.4937594877613668e-07,2.7573461923464602e-05,6.10364699926579e-05,1.561996751771788e-07,2.8162216040395872e-05,6.241278157626849e-05,0.6499999999999999
1.0250403677379835e-07,2.3062024599945267e-05,5.0575249738645504e-05,1.076580937363342e-07,2.3606412629708878e-05,5.182946124656074e-05,1.1300402441018278e-07,2.4156434112418925e-05,5.309894991904826e-05,1.185465260372453e-07,2.4712063968389135e-05,5.438371166726093e-05,1.2429035225843665e-07,2.527327713021462e-05,5.568374235317062e-05,1.30240313094298e-07,2.5840048542872718e-05,5.6999037789582025e-05,1.3640127492537991e-07,2.641235316382372e-05,5.8329593740146475e-05,1.4277816047239423e-07,2.699016596311159e-05,5.9675405919376054e-05,1.4937594877613668e-07,2.7573461923464602e-05,6.10364699926579e-05,1.561996751771788e-07,2.8162216040395872e-05,6.241278157626849e-05,0.6499999999999999
1.0250403677379835e-07,2.3062024599945267e-05,5.0575249738645504e-05,1.076580937363342e-07,2.3606412629708878e-05,5.182946124656074e-05,1.1300402441018278e-07,2.4156434112418925e-05,5.309894991904826e-05,1.185465260372453e-07,2.4712063968389135e-05,5.438371166726093e-05,1.2429035225843665e-07,2.527327713021462e-05,5.568374235317062e-05,1.30240313094298e-07,2.5840048542872718e-05,5.6999037789582025e-05,1.3640127492537991e-07,2.641235316382372e-05,5.8329593740146475e-05,1.4277816047239423e-07,2.699016596311159e-05,5.9675405919376054e-05,1.4937594877613668e-07,2.7573461923464602e-05,6.10364699926579e-05,1.561996751771788e-07,2.8162216040395872e-05,6.241278157626849e-05,0.6499999999999999
1.0250403677379835e-07,2.3062024599945267e-05,5.0575249738645504e-05,1.076580937363342e-07,2.3606412629708878e-05,5.182946124656074e-05,1.1300402441018278e-07,2.4156434112418925e-05,5.309894991904826e-05,1.185465260372453e-07,2.4712063968389135e-05,5.438371166726093e-05,1.2429035225843665e-07,2.527327713021462e-05,5.568374235317062e-05,1.30240313094298e-07,2.5840048542872718e-05,5.6999037789582025e-05,1.3640127492537991e-07,2.641235316382372e-05,5.8329593740146475e-05,1.4277816047239423e-07,2.699016596311159e-05,5.9675405919376054e-05,1.4937594877613668e-07,2.7573461923464602e-05,6.10364699926579e-05,1.561996751771788e-07,2.8162216040395872e-05,6.241278157626849e-05,0.6499999999999999
1.0250403677379835e-07,2.3062024599945267e-05,5.0575249738645504e-05,1.076580937363342e-07,2.3606412629708878e-05,5.182946124656074e-05,1.1300402441018278e-07,2.4156434112418925e-05,5.309894991904826e-05,1.185465260372453e-07,2.4712063968389135e-05,5.438371166726093e-05,1.2429035225843665e-07,2.527327713021462e-05,5.568374235317062e-05,1.30240313094298e-07,2.5840048542872718e-05,5.6999037789582025e-05,1.3640127492537991e-07,2.641235316382372e-05,5.8329593740146475e-05,1.4277816047239423e-07,2.699016596311159e-05,5.9675405919376054e-05,1.4937594877613668e-07,2.7573461923464602e-05,6.10364699926579e-05,1.561996751771788e-07,2.8162216040395872e-05,6.241278157626849e-05,0.6499999999999999
1.0250403677379835e-07,2.3062024599945267e-05,5.0575249738645504e-05,1.076580937363342e-07,2.3606412629708878e-05,5.182946124656074e-05,1.1300402441018278e-07,2.4156434112418925e-05,5.309894991904826e-05,1.185465260372453e-07,2.4712063968389135e-05,5.438371166726093e-05,1.2429035225843665e-07,2.527327713021462e-05,5.568374235317062e-05,1.30240313094298e-07,2.5840048542872718e-05,5.6999037789582025e-05,1.3640127492537991e-07,2.641235316382372e-05,5.8329593740146475e-05,1.4277816047239423e-07,2.699016596311159e-05,5.9675405919376054e-05,1.4937594877613668e-07,2.7573461923464602e-05,6.10364699926579e-05,1.561996751771788e-07,2.8162216040395872e-05,6.241278157626849e-05,0.6499999999999999
1.0250403677379835e-07,2.3062024599945267e-05,5.0575249738645504e-05,1.076580937363342e-07,2.3606412629708878e-05,5.182946124656074e-05,1.1300402441018278e-07,2.4156434112418925e-05,5.309894991904826e-05,1.185465260372453e-07,2.4712063968389135e-05,5.438371166726093e-05,1.2429035225843665e-07,2.527327713021462e-05,5.568374235317062e-05,1.30240313094298e-07,2.5840048542872718e-05,5.6999037789582025e-05,1.3640127492537991e-07,2.641235316382372e-05,5.8329593740146475e-05,1.4277816047239423e-07,2.699016596311159e-05,5.9675405919376054e-05,1.4937594877613668e-07,2.7573461923464602e-05,6.10364699926579e-05,1.561996751771788e-07,2.8162216040395872e-05,6.241278157626849e-05,0.6499999999999999
1.0250403677379835e-07,2.3062024599945267e-05,5.0575249738645504e-05,1.076580937363342e-07,2.3606412629708878e-05,5.182946124656074e-05,1.1300402441018278e-07,2.4156434112418925e-05,5.309894991904826e-05,1.185465260372453e-07,2.4712063968389135e-05,5.438371166726093e-05,1.2429035225843665e-07,2.527327713021462e-05,5.568374235317062e-05,1.30240313094298e-07,2.5840048542872718e-05,5.6999037789582025e-05,1.3640127492537991e-07,2.641235316382372e-05,5.8329593740146475e-05,1.4277816047239423e-07,2.699016596311159e-05,5.9675405919376054e-05,1.4937594877613668e-07,2.7573461923464602e-05,6.10364699926579e-05,1.561996751771788e-07,2.8162216040395872e-05,6.241278157626849e-05,0.6499999999999999
1.0250403677379835e-07,2.3062024599945267e-05,5.0575249738645504e-05,1.076580937363342e-07,2.3606412629708878e-05,5.182946124656074e-05,1.1300402441018278e-07,2.4156434112418925e-05,5.309894991904826e-05,1.185465260372453e-07,2.4712063968389135e-05,5.438371166726093e-05,1.2429035225843665e-07,2.527327713021462e-05,5.568374235317062e-05,1.30240313094298e-07,2.5840048542872718e-05,5.6999037789582025e-05,1.3640127492537991e-07,2.641235316382372e-05,5.8329593740146475e-05,1.4277816047239423e-07,2.699016596311159e-05,5.9675405919376054e-05,1.4937594877613668e-07,2.7573461923464602e-05,6.10364699926579e-05,1.561996751771788e-07,2.8162216040395872e-05,6.241278157626849e-05,0.6499999999999999
1.0250403677379835e-07,2.3062024599945267e-05,5.0575249738645504e-05,1.076580937363342e-07,2.3606412629708878e-05,5.182946124656074e-05,1.1300402441018278e-07,2.4156434112418925e-05,5.309894991904826e-05,1.185465260372453e-07,2.4712063968389135e-05,5.438371166726093e-05,1.2429035225843665e-07,2.527327713021462e-05,5.568374235317062e-05,1.30240313094298e-07,2.5840048542872718e-05,5.6999037789582025e-05,1.3640127492537991e-07,2.641235316382372e-05,5.8329593740146475e-05,1.4277816047239423e-07,2.699016596311159e-05,5.9675405919376054e-05,1.4937594877613668e-07,2.7573461923464602e-05,6.10364699926579e-05,1.561996751771788e-07,2.8162216040395872e-05,6.241278157626849e-05,0.6499999999999999
1.0250403677379835e-07,2.3062024599945267e-05,5.0575249738645504e-05,1.076580937363342e-07,2.3606412629708878e-05,5.182946124656074e-05,1.1300402441018278e-07,2.4156434112418925e-05,5.309894991904826e-05,1.185465260372453e-07,2.4712063968389135e-05,5.438371166726093e-05,1.2429035225843665e-07,2.527327713021462e-05,5.568374235317062e-05,1.30240313094298e-07,2.5840048542872718e-05,5.6999037789582025e-05,1.3640127492537991e-07,2.641235316382372e-05,5.8329593740146475e-05,1.4277816047239423e-07,2.699016596311159e-05,5.9675405919376054e-05,1.4937594877613668e-07,2.7573461923464602e-05,6.10364699926579e-05,1.561996751771788e-07,2.8162216040395872e-05,6.241278157626849e-05,0.6499999999999999
1.0250403677379835e-07,2.3062024599945267e-05,5.0575249738645504e-05,1.076580937363342e-07,2.3606412629708878e-05,5.182946124656074e-05,1.1300402441018278e-07,2.4156434112418925e-05,5.309894991904826e-05,1.185465260372453e-07,2.4712063968389135e-05,5.438371166726093e-05,1.2429035225843665e-07,2.527327713021462e-05,5.568374235317062e-05,1.30240313094298e-07,2.5840048542872718e-05,5.6999037789582025e-05,1.3640127492537991e-07,2.641235316382372e-05,5.8329593740146475e-05,1.4277816047239423e-07,2.699016596311159e-05,5.9675405919376054e-05,1.4937594877613668e-07,2.7573461923464602e-05,6.10364699926579e-05,1.561996751771788e-07,2.8162216040395872e-05,6.241278157626849e-05,0.6499999999999999
1.0250403677379835e-07,2.3062024599945267e-05,5.0575249738645504e-05,1.076580937363342e-07,2.3606412629708878e-05,5.182946124656074e-05,1.1300402441018278e-07,2.4156434112418925e-05,5.309894991904826e-05,1.185465260372453e-07,2.4712063968389135e-05,5.438371166726093e-05,1.2429035225843665e-07,2.527327713021462e-05,5.568374235317062e-05,1.30240313094298e-07,2.5840048542872718e-05,5.6999037789582025e-05,1.3640127492537991e-07,2.641235316382372e-05,5.8329593740146475e-05,1.4277816047239423e-07,2.699016596311159e-05,5.9675405919376054e-05,1.4937594877613668e-07,2.7573461923464602e-05,6.10364699926579e-05,1.561996751771788e-07,2.8162216040395872e-05,6.241278157626849e-05,0.6499999999999999
1.0250403677379835e-07,2.3062024599945267e-05,5.0575249738645504e-05,1.076580937363342e-07,2.3606412629708878e-05,5.182946124656074e-05,1.1300402441018278e-07,2.4156434112418925e-05,5.309894991904826e-05,1.185465260372453e-07,2.4712063968389135e-05,5.438371166726093e-05,1.2429035225843665e-07,2.527327713021462e-05,5.568374235317062e-05,1.30240313094298e-07,2.5840048542872718e-05,5.6999037789582025e-05,1.3640127492537991e-07,2.641235316382372e-05,5.8329593740146475e-05,1.4277816047239423e-07,2.699016596311159e-05,5.9675405919376054e-05,1.4937594877613668e-07,2.7573461923464602e-05,6.10364699926579e-05,1.561996751771788e-07,2.8162216040395872e-05,6.241278157626849e-05,0.6499999999999999
1.0250403677379835e-07,2.3062024599945267e-05,5.0575249738645504e-05,1.076580937363342e-07,2.3606412629708878e-05,5.182946124656074e-05,1.1300402441018278e-07,2.4156434112418925e-05,5.309894991904826e-05,1.185465260372453e-07,2.4712063968389135e-05,5.438371166726093e-05,1.2429035225843665e-07,2.527327713021462e-05,5.568374235317062e-05,1.30240313094298e-07,2.5840048542872718e-05,5.6999037789582025e-05,1.3640127492537991e-07,2.641235316382372e-05,5.8329593740146475e-05,1.4277816047239423e-07,2.699016596311159e-05,5.9675405919376054e-05,1.4937594877613668e-07,2.7573461923464602e-05,6.10364699926579e-05,1.561996751771788e-07,2.8162216040395872e-05,6.241278157626849e-05,0.6499999999999999
1.0250403677379835e-07,2.3062024599945267e-05,5.0575249738645504e-05,1.076580937363342e-07,2.3606412629708878e-05,5.182946124656074e-05,1.1300402441018278e-07,2.4156434112418925e-05,5.309894991904826e-05,1.185465260372453e-07,2.4712063968389135e-05,5.438371166726093e-05,1.2429035225843665e-07,2.527327713021462e-05,5.568374235317062e-05,1.30240313094298e-07,2.5840048542872718e-05,5.6999037789582025e-05,1.3640127492537991e-07,2.641235316382372e-05,5.8329593740146475e-05,1.4277816047239423e-07,2.699016596311159e-05,5.9675405919376054e-05,1.4937594877613668e-07,2.7573461923464602e-05,6.10364699926579e-05,1.561996751771788e-07,2.8162216040395872e-05,6.241278157626849e-05,0.6499999999999999
1.0250403677379835e-07,2.3062024599945267e-05,5.0575249738645504e-05,1.076580937363342e-07,2.3606412629708878e-05,5.182946124656074e-05,1.1300402441018278e-07,2.4156434112418925e-05,5.309894991904826e-05,1.185465260372453e-07,2.4712063968389135e-05,5.438371166726093e-05,1.2429035225843665e-07,2.527327713021462e-05,5.568374235317062e-05,1.30240313094298e-07,2.5840048542872718e-05,5.6999037789582025e-05,1.3640127492537991e-07,2.641235316382372e-05,5.8329593740146475e-05,1.4277816047239423e-07,2.699016596311159e-05,5.9675405919376054e-05,1.4937594877613668e-07,2.7573461923464602e-05,6.10364699926579e-05,1.561996751771788e-07,2.8162216040395872e-05,6.241278157626849e-05,0.6499999999999999
1.0250403677379835e-07,2.3062024599945267e-05,5.0575249738645504e-05,1.076580937363342e-07,2.3606412629708878e-05,5.182946124656074e-05,1.1300402441018278e-07,2.4156434112418925e-05,5.309894991904826e-05,1.185465260372453e-07,2.4712063968389135e-05,5.438371166726093e-05,1.2429035225843665e-07,2.527327713021462e-05,5.568374235317062e-05,1.30240313094298e-07,2.5840048542872718e-05,5.6999037789582025e-05,1.3640127492537991e-07,2.641235316382372e-05,5.8329593740146475e-05,1.4277816047239423e-07,2.699016596311159e-05,5.9675405919376054e-05,1.4937594877613668e-07,2.7573461923464602e-05,6.10364699926579e-05,1.561996751771788e-07,2.8162216040395872e-05,6.241278157626849e-05,0.6499999999999999
1.0250403677379835e-07,2.3062024599945267e-05,5.0575249738645504e-05,1.076580937363342e-07,2.3606412629708878e-05,5.182946124656074e-05,1.1300402441018278e-07,2.4156434112418925e-05,5.309894991904826e-05,1.185465260372453e-07,2.4712063968389135e-05,5.438371166726093e-05,1.2429035225843665e-07,2.527327713021462e-05,5.568374235317062e-05,1.30240313094298e-07,2.5840048542872718e-05,5.6999037789582025e-05,1.3640127492537991e-07,2.641235316382372e-05,5.8329593740146475e-05,1.4277816047239423e-07,2.699016596311159e-05,5.9675405919376054e-05,1.4937594877613668e-07,2.7573461923464602e-05,6.10364699926579e-05,1.561996751771788e-07,2.8162216040395872e-05,6.241278157626849e-05,0.6499999999999999
1.0250403677379835e-07,2.3062024599945267e-05,5.0575249738645504e-05,1.076580937363342e-07,2.3606412629708878e-05,5.182946124656074e-05,1.1300402441018278e-07,2.4156434112418925e-05,5.309894991904826e-05,1.185465260372453e-07,2.4712063968389135e-05,5.438371166726093e-05,1.2429035225843665e-07,2.527327713021462e-05,5.568374235317062e-05,1.30240313094298e-07,2.5840048542872718e-05,5.6999037789582025e-05,1.3640127492537991e-07,2.641235316382372e-05,5.8329593740146475e-05,1.4277816047239423e-07,2.699016596311159e-05,5.9675405919376054e-05,1.4937594877613668e-07,2.7573461923464602e-05,6.10364699926579e-05,1.561996751771788e-07,2.8162216040395872e-05,6.241278157626849e-05,0.6499999999999999
1.0250403677379835e-07,2.3062024599945267e-05,5.0575249738645504e-05,1.076580937363342e-07,2.3606412629708878e-05,5.182946124656074e-05,1.1300402441018278e-07,2.4156434112418925e-05,5.309894991904826e-05,1.185465260372453e-07,2.4712063968389135e-05,5.438371166726093e-05,1.2429035225843665e-07,2.527327713021462e-05,5.568374235317062e-05,1.30240313094298e-07,2.5840048542872718e-05,5.6999037789582025e-05,1.3640127492537991e-07,2.641235316382372e-05,5.8329593740146475e-05,1.4277816047239423e-07,2.699016596311159e-05,5.9675405919376054e-05,1.4937594877613668e-07,2.7573461923464602e-05,6.10364699926579e-05,1.561996751771788e-07,2.8162216040395872e-05,6.241278157626849e-05,0.6499999999999999
1.0250403677379835e-07,2.3062024599945267e-05,5.0575249738645504e-05,1.076580937363342e-07,2.3606412629708878e-05,5.182946124656074e-05,1.1300402441018278e-07,2.4156434112418925e-05,5.309894991904826e-05,1.185465260372453e-07,2.4712063968389135e-05,5.438371166726093e-05,1.2429035225843665e-07,2.527327713021462e-05,5.568374235317062e-05,1.30240313094298e-07,2.5840048542872718e-05,5.6999037789582025e-05,1.3640127492537991e-07,2.641235316382372e-05,5.8329593740146475e-05,1.4277816047239423e-07,2.699016596311159e-05,5.9675405919376054e-05,1.4937594877613668e-07,2.7573461923464602e-05,6.10364699926579e-05,1.561996751771788e-07,2.8162216040395872e-05,6.241278157626849e-05,0.6499999999999999
1.0250403677379835e-07,2.3062024599945267e-05,5.0575249738645504e-05,1.076580937363342e-07,2.3606412629708878e-05,5.182946124656074e-05,1.1300402441018278e-07,2.4156434112418925e-05,5.309894991904826e-05,1.185465260372453e-07,2.4712063968389135e-05,5.438371166726093e-05,1.2429035225843665e-07,2.527327713021462e-05,5.568374235317062e-05,1.30240313094298e-07,2.5840048542872718e-05,5.6999037789582025e-05,1.3640127492537991e-07,2.641235316382372e-05,5.8329593740146475e-05,1.4277816047239423e-07,2.699016596311159e-05,5.9675405919376054e-05,1.4937594877613668e-07,2.7573461923464602e-05,6.10364699926579e-05,1.561996751771788e-07,2.8162216040395872e-05,6.241278157626849e-05,0.6499999999999999
1.0250403677379835e-07,2.3062024599945267e-05,5.0575249738645504e-05,1.076580937363342e-07,2.3606412629708878e-05,5.182946124656074e-05,1.1300402441018278e-07,2.4156434112418925e-05,5.309894991904826e-05,1.185465260372453e-07,2.4712063968389135e-05,5.438371166726093e-05,1.2429035225843665e-07,2.527327713021462e-05,5.568374235317062e-05,1.30240313094298e-07,2.5840048542872718e-05,5.6999037789582025e-05,1.3640127492537991e-07,2.641235316382372e-05,5.8329593740146475e-05,1.4277816047239423e-07,2.699016596311159e-05,5.9675405919376054e-05,1.4937594877613668e-07,2.7573461923464602e-05,6.10364699926579e-05,1.561996751771788e-07,2.8162216040395872e-05,6.241278157626849e-05,0.6499999999999999
1.0250403677379835e-07,2.3062024599945267e-05,5.0575249738645504e-05,1.076580937363342e-07,2.3606412629708878e-05,5.182946124656074e-05,1.1300402441018278e-07,2.4156434112418925e-05,5.309894991904826e-05,1.185465260372453e-07,2.4712063968389135e-05,5.438371166726093e-05,1.2429035225843665e-07,2.527327713021462e-05,5.568374235317062e-05,1.30240313094298e-07,2.5840048542872718e-05,5.6999037789582025e-05,1.3640127492537991e-07,2.641235316382372e-05,5.8329593740146475e-05,1.4277816047239423e-07,2.699016596311159e-05,5.9675405919376054e-05,1.4937594877613668e-07,2.7573461923464602e-05,6.10364699926579e-05,1.561996751771788e-07,2.8162216040395872e-05,6.241278157626849e-05,0.6499999999999999
1.0250403677379835e-07,2.3062024599945267e-05,5.0575249738645504e-05,1.076580937363342e-07,2.3606412629708878e-05,5.182946124656074e-05,1.1300402441018278e-07,2.4156434112418925e-05,5.309894991904826e-05,1.185465260372453e-07,2.4712063968389135e-05,5.438371166726093e-05,1.2429035225843665e-07,2.527327713021462e-05,5.568374235317062e-05,1.30240313094298e-07,2.5840048542872718e-05,5.6999037789582025e-05,1.3640127492537991e-07,2.641235316382372e-05,5.8329593740146475e-05,1.4277816047239423e-07,2.699016596311159e-05,5.9675405919376054e-05,1.4937594877613668e-07,2.7573461923464602e-05,6.10364699926579e-05,1.561996751771788e-07,2.8162216040395872e-05,6.241278157626849e-05,0.6499999999999999
1.0250403677379835e-07,2.3062024599945267e-05,5.0575249738645504e-05,1.076580937363342e-07,2.3606412629708878e-05,5.182946124656074e-05,1.1300402441018278e-07,2.4156434112418925e-05,5.309894991904826e-05,1.185465260372453e-07,2.4712063968389135e-05,5.438371166726093e-05,1.2429035225843665e-07,2.527327713021462e-05,5.568374235317062e-05,1.30240313094298e-07,2.5840048542872718e-05,5.6999037789582025e-05,1.3640127492537991e-07,2.641235316382372e-05,5.8329593740146475e-05,1.4277816047239423e-07,2.699016596311159e-05,5.9675405919376054e-05,1.4937594877613668e-07,2.7573461923464602e-05,6.10364699926579e-05,1.561996751771788e-07,2.8162216040395872e-05,6.241278157626849e-05,0.6499999999999999
1.0250403677379835e-07,2.3062024599945267e-05,5.0575249738645504e-05,1.076580937363342e-07,2.3606412629708878e-05,5.182946124656074e-05,1.1300402441018278e-07,2.4156434112418925e-05,5.309894991904826e-05,1.185465260372453e-07,2.4712063968389135e-05,5.438371166726093e-05,1.2429035225843665e-07,2.527327713021462e-05,5.568374235317062e-05,1.30240313094298e-07,2.5840048542872718e-05,5.6999037789582025e-05,1.3640127492537991e-07,2.641235316382372e-05,5.8329593740146475e-05,1.4277816047239423e-07,2.699016596311159e-05,5.9675405919376054e-05,1.4937594877613668e-07,2.7573461923464602e-05,6.10364699926579e-05,1.561996751771788e-07,2.8162216040395872e-05,6.241278157626849e-05,0.6499999999999999
1.0250403677379835e-07,2.3062024599945267e-05,5.0575249738645504e-05,1.076580937363342e-07,2.3606412629708878e-05,5.182946124656074e-05,1.1300402441018278e-07,2.4156434112418925e-05,5.309894991904826e-05,1.185465260372453e-07,2.4712063968389135e-05,5.438371166726093e-05,1.2429035225843665e-07,2.527327713021462e-05,5.568374235317062e-05,1.30240313094298e-07,2.5840048542872718e-05,5.6999037789582025e-05,1.3640127492537991e-07,2.641235316382372e-05,5.8329593740146475e-05,1.4277816047239423e-07,2.699016596311159e-05,5.9675405919376054e-05,1.4937594877613668e-07,2.7573461923464602e-05,6.10364699926579e-05,1.561996751771788e-07,2.8162216040395872e-05,6.241278157626849e-05,0.6499999999999999
1.0250403677379835e-07,2.3062024599945267e-05,5.0575249738645504e-05,1.076580937363342e-07,2.3606412629708878e-05,5.182946124656074e-05,1.1300402441018278e-07,2.4156434112418925e-05,5.309894991904826e-05,1.185465260372453e-07,2.4712063968389135e-05,5.438371166726093e-05,1.2429035225843665e-07,2.527327713021462e-05,5.568374235317062e-05,1.30240313094298e-07,2.5840048542872718e-05,5.6999037789582025e-05,1.3640127492537991e-07,2.641235316382372e-05,5.8329593740146475e-05,1.4277816047239423e-07,2.699016596311159e-05,5.9675405919376054e-05,1.4937594877613668e-07,2.7573461923464602e-05,6.10364699926579e-05,1.561996751771788e-07,2.8162216040395872e-05,6.241278157626849e-05,0.6499999999999999
1.0250403677379835e-07,2.3062024599945267e-05,5.0575249738645504e-05,1.076580937363342e-07,2.3606412629708878e-05,5.182946124656074e-05,1.1300402441018278e-07,2.4156434112418925e-05,5.309894991904826e-05,1.185465260372453e-07,2.4712063968389135e-05,5.438371166726093e-05,1.2429035225843665e-07,2.527327713021462e-05,5.568374235317062e-05,1.30240313094298e-07,2.5840048542872718e-05,5.6999037789582025e-05,1.3640127492537991e-07,2.641235316382372e-05,5.8329593740146475e-05,1.4277816047239423e-07,2.699016596311159e-05,5.9675405919376054e-05,1.4937594877613668e-07,2.7573461923464602e-05,6.10364699926579e-05,1.561996751771788e-07,2.8162216040395872e-05,6.241278157626849e-05,0.6499999999999999
1.0250403677379835e-07,2.3062024599945267e-05,5.0575249738645504e-05,1.076580937363342e-07,2.3606412629708878e-05,5.182946124656074e-05,1.1300402441018278e-07,2.4156434112418925e-05,5.309894991904826e-05,1.185465260372453e-07,2.4712063968389135e-05,5.438371166726093e-05,1.2429035225843665e-07,2.527327713021462e-05,5.568374235317062e-05,1.30240313094298e-07,2.5840048542872718e-05,5.6999037789582025e-05,1.3640127492537991e-07,2.641235316382372e-05,5.8329593740146475e-05,1.4277816047239423e-07,2.699016596311159e-05,5.9675405919376054e-05,1.4937594877613668e-07,2.7573461923464602e-05,6.10364699926579e-05,1.561996751771788e-07,2.8162216040395872e-05,6.241278157626849e-05,0.6499999999999999
1.0250403677379835e-07,2.3062024599945267e-05,5.0575249738645504e-05,1.076580937363342e-07,2.3606412629708878e-05,5.182946124656074e-05,1.1300402441018278e-07,2.4156434112418925e-05,5.309894991904826e-05,1.185465260372453e-07,2.4712063968389135e-05,5.438371166726093e-05,1.2429035225843665e-07,2.527327713021462e-05,5.568374235317062e-05,1.30240313094298e-07,2.5840048542872718e-05,5.6999037789582025e-05,1.3640127492537991e-07,2.641235316382372e-05,5.8329593740146475e-05,1.4277816047239423e-07,2.699016596311159e-05,5.9675405919376054e-05,1.4937594877613668e-07,2.7573461923464602e-05,6.10364699926579e-05,1.561996751771788e-07,2.8162216040395872e-05,6.241278157626849e-05,0.6499999999999999
1.0250403677379835e-07,2.3062024599945267e-05,5.0575249738645504e-05,1.076580937363342e-07,2.3606412629708878e-05,5.182946124656074e-05,1.1300402441018278e-07,2.4156434112418925e-05,5.309894991904826e-05,1.185465260372453e-07,2.4712063968389135e-05,5.438371166726093e-05,1.2429035225843665e-07,2.527327713021462e-05,5.568374235317062e-05,1.30240313094298e-07,2.5840048542872718e-05,5.6999037789582025e-05,1.3640127492537991e-07,2.641235316382372e-05,5.8329593740146475e-05,1.4277816047239423e-07,2.699016596311159e-05,5.9675405919376054e-05,1.4937594877613668e-07,2.7573461923464602e-05,6.10364699926579e-05,1.561996751771788e-07,2.8162216040395872e-05,6.241278157626849e-05,0.6499999999999999
1.0250403677379835e-07,2.3062024599945267e-05,5.0575249738645504e-05,1.076580937363342e-07,2.3606412629708878e-05,5.182946124656074e-05,1.1300402441018278e-07,2.4156434112418925e-05,5.309894991904826e-05,1.185465260372453e-07,2.4712063968389135e-05,5.438371166726093e-05,1.2429035225843665e-07,2.527327713021462e-05,5.568374235317062e-05,1.30240313094298e-07,2.5840048542872718e-05,5.6999037789582025e-05,1.3640127492537991e-07,2.641235316382372e-05,5.8329593740146475e-05,1.4277816047239423e-07,2.699016596311159e-05,5.9675405919376054e-05,1.4937594877613668e-07,2.7573461923464602e-05,6.10364699926579e-05,1.561996751771788e-07,2.8162216040395872e-05,6.241278157626849e-05,0.6499999999999999
1.0250403677379835e-07,2.3062024599945267e-05,5.0575249738645504e-05,1.076580937363342e-07,2.3606412629708878e-05,5.182946124656074e-05,1.1300402441018278e-07,2.4156434112418925e-05,5.309894991904826e-05,1.185465260372453e-07,2.4712063968389135e-05,5.438371166726093e-05,1.2429035225843665e-07,2.527327713021462e-05,5.568374235317062e-05,1.30240313094298e-07,2.5840048542872718e-05,5.6999037789582025e-05,1.3640127492537991e-07,2.641235316382372e-05,5.8329593740146475e-05,1.4277816047239423e-07,2.699016596311159e-05,5.9675405919376054e-05,1.4937594877613668e-07,2.7573461923464602e-05,6.10364699926579e-05,1.561996751771788e-07,2.8162216040395872e-05,6.241278157626849e-05,0.6499999999999999
1.0250403677379835e-07,2.3062024599945267e-05,5.0575249738645504e-05,1.076580937363342e-07,2.3606412629708878e-05,5.182946124656074e-05,1.1300402441018278e-07,2.4156434112418925e-05,5.309894991904826e-05,1.185465260372453e-07,2.4712063968389135e-05,5.438371166726093e-05,1.2429035225843665e-07,2.527327713021462e-05,5.568374235317062e-05,1.30240313094298e-07,2.5840048542872718e-05,5.6999037789582025e-05,1.3640127492537991e-07,2.641235316382372e-05,5.8329593740146475e-05,1.4277816047239423e-07,2.699016596311159e-05,5.9675405919376054e-05,1.4937594877613668e-07,2.7573461923464602e-05,6.10364699926579e-05,1.561996751771788e-07,2.8162216040395872e-05,6.241278157626849e-05,0.6499999999999999
1.0250403677379835e-07,2.3062024599945267e-05,5.0575249738645504e-05,1.076580937363342e-07,2.3606412629708878e-05,5.182946124656074e-05,1.1300402441018278e-07,2.4156434112418925e-05,5.309894991904826e-05,1.185465260372453e-07,2.4712063968389135e-05,5.438371166726093e-05,1.2429035225843665e-07,2.527327713021462e-05,5.568374235317062e-05,1.30240313094298e-07,2.5840048542872718e-05,5.6999037789582025e-05,1.3640127492537991e-07,2.641235316382372e-05,5.8329593740146475e-05,1.4277816047239423e-07,2.699016596311159e-05,5.9675405919376054e-05,1.4937594877613668e-07,2.7573461923464602e-05,6.10364699926579e-05,1.561996751771788e-07,2.8162216040395872e-05,6.241278157626849e-05,0.6499999999999999
1.0250403677379835e-07,2.3062024599945267e-05,5.0575249738645504e-05,1.076580937363342e-07,2.3606412629708878e-05,5.182946124656074e-05,1.1300402441018278e-07,2.4156434112418925e-05,5.309894991904826e-05,1.185465260372453e-07,2.4712063968389135e-05,5.438371166726093e-05,1.2429035225843665e-07,2.527327713021462e-05,5.568374235317062e-05,1.30240313094298e-07,2.5840048542872718e-05,5.6999037789582025e-05,1.3640127492537991e-07,2.641235316382372e-05,5.8329593740146475e-05,1.4277816047239423e-07,2.699016596311159e-05,5.9675405919376054e-05,1.4937594877613668e-07,2.7573461923464602e-05,6.10364699926579e-05,1.561996751771788e-07,2.8162216040395872e-05,6.241278157626849e-05,0.6499999999999999
1.0250403677379835e-07,2.3062024599945267e-05,5.0575249738645504e-05,1.076580937363342e-07,2.3606412629708878e-05,5.182946124656074e-05,1.1300402441018278e-07,2.4156434112418925e-05,5.309894991904826e-05,1.185465260372453e-07,2.4712063968389135e-05,5.438371166726093e-05,1.2429035225843665e-07,2.527327713021462e-05,5.568374235317062e-05,1.30240313094298e-07,2.5840048542872718e-05,5.6999037789582025e-05,1.3640127492537991e-07,2.641235316382372e-05,5.8329593740146475e-05,1.4277816047239423e-07,2.699016596311159e-05,5.9675405919376054e-05,1.4937594877613668e-07,2.7573461923464602e-05,6.10364699926579e-05,1.561996751771788e-07,2.8162216040395872e-05,6.241278157626849e-05,0.6499999999999999
1.0250403677379835e-07,2.3062024599945267e-05,5.0575249738645504e-05,1.076580937363342e-07,2.3606412629708878e-05,5.182946124656074e-05,1.1300402441018278e-07,2.4156434112418925e-05,5.309894991904826e-05,1.185465260372453e-07,2.4712063968389135e-05,5.438371166726093e-05,1.2429035225843665e-07,2.527327713021462e-05,5.568374235317062e-05,1.30240313094298e-07,2.5840048542872718e-05,5.6999037789582025e-05,1.3640127492537991e-07,2.641235316382372e-05,5.8329593740146475e-05,1.4277816047239423e-07,2.699016596311159e-05,5.9675405919376054e-05,1.4937594877613668e-07,2.7573461923464602e-05,6.10364699926579e-05,1.561996751771788e-07,2.8162216040395872e-05,6.241278157626849e-05,0.6499999999999999
1.0250403677379835e-07,2.3062024599945267e-05,5.0575249738645504e-05,1.076580937363342e-07,2.3606412629708878e-05,5.182946124656074e-05,1.1300402441018278e-07,2.4156434112418925e-05,5.309894991904826e-05,1.185465260372453e-07,2.4712063968389135e-05,5.438371166726093e-05,1.2429035225843665e-07,2.527327713021462e-05,5.568374235317062e-05,1.30240313094298e-07,2.5840048542872718e-05,5.6999037789582025e-05,1.3640127492537991e-07,2.641235316382372e-05,5.8329593740146475e-05,1.4277816047239423e-07,2.699016596311159e-05,5.9675405919376054e-05,1.4937594877613668e-07,2.7573461923464602e-05,6.10364699926579e-05,1.561996751771788e-07,2.8162216040395872e-05,6.241278157626849e-05,0.6499999999999999
1.0250403677379835e-07,2.3062024599945267e-05,5.0575249738645504e-05,1.076580937363342e-07,2.3606412629708878e-05,5.182946124656074e-05,1.1300402441018278e-07,2.4156434112418925e-05,5.309894991904826e-05,1.185465260372453e-07,2.4712063968389135e-05,5.438371166726093e-05,1.2429035225843665e-07,2.527327713021462e-05,5.568374235317062e-05,1.30240313094298e-07,2.5840048542872718e-05,5.6999037789582025e-05,1.3640127492537991e-07,2.641235316382372e-05,5.8329593740146475e-05,1.4277816047239423e-07,2.699016596311159e-05,5.9675405919376054e-05,1.4937594877613668e-07,2.7573461923464602e-05,6.10364699926579e-05,1.561996751771788e-07,2.8162216040395872e-05,6.241278157626849e-05,0.6499999999999999
1.0250403677379835e-07,2.3062024599945267e-05,5.0575249738645504e-05,1.076580937363342e-07,2.3606412629708878e-05,5.182946124656074e-05,1.1300402441018278e-07,2.4156434112418925e-05,5.309894991904826e-05,1.185465260372453e-07,2.4712063968389135e-05,5.438371166726093e-05,1.2429035225843665e-07,2.527327713021462e-05,5.568374235317062e-05,1.30240313094298e-07,2.5840048542872718e-05,5.6999037789582025e-05,1.3640127492537991e-07,2.641235316382372e-05,5.8329593740146475e-05,1.4277816047239423e-07,2.699016596311159e-05,5.9675405919376054e-05,1.4937594877613668e-07,2.7573461923464602e-05,6.10364699926579e-05,1.561996751771788e-07,2.8162216040395872e-05,6.241278157626849e-05,0.6499999999999999
1.0250403677379835e-07,2.3062024599945267e-05,5.0575249738645504e-05,1.076580937363342e-07,2.3606412629708878e-05,5.182946124656074e-05,1.1300402441018278e-07,2.4156434112418925e-05,5.309894991904826e-05,1.185465260372453e-07,2.4712063968389135e-05,5.438371166726093e-05,1.2429035225843665e-07,2.527327713021462e-05,5.568374235317062e-05,1.30240313094298e-07,2.5840048542872718e-05,5.6999037789582025e-05,1.3640127492537991e-07,2.641235316382372e-05,5.8329593740146475e-05,1.4277816047239423e-07,2.699016596311159e-05,5.9675405919376054e-05,1.4937594877613668e-07,2.7573461923464602e-05,6.10364699926579e-05,1.561996751771788e-07,2.8162216040395872e-05,6.241278157626849e-05,0.6499999999999999
1.0250403677379835e-07,2.3062024599945267e-05,5.0575249738645504e-05,1.076580937363342e-07,2.3606412629708878e-05,5.182946124656074e-05,1.1300402441018278e-07,2.4156434112418925e-05,5.309894991904826e-05,1.185465260372453e-07,2.4712063968389135e-05,5.438371166726093e-05,1.2429035225843665e-07,2.527327713021462e-05,5.568374235317062e-05,1.30240313094298e-07,2.5840048542872718e-05,5.6999037789582025e-05,1.3640127492537991e-07,2.641235316382372e-05,5.8329593740146475e-05,1.4277816047239423e-07,2.699016596311159e-05,5.9675405919376054e-05,1.4937594877613668e-07,2.7573461923464602e-05,6.10364699926579e-05,1.561996751771788e-07,2.8162216040395872e-05,6.241278157626849e-05,0.6499999999999999
1.0250403677379835e-07,2.3062024599945267e-05,5.0575249738645504e-05,1.076580937363342e-07,2.3606412629708878e-05,5.182946124656074e-05,1.1300402441018278e-07,2.4156434112418925e-05,5.309894991904826e-05,1.185465260372453e-07,2.4712063968389135e-05,5.438371166726093e-05,1.2429035225843665e-07,2.527327713021462e-05,5.568374235317062e-05,1.30240313094298e-07,2.5840048542872718e-05,5.6999037789582025e-05,1.3640127492537991e-07,2.641235316382372e-05,5.8329593740146475e-05,1.4277816047239423e-07,2.699016596311159e-05,5.9675405919376054e-05,1.4937594877613668e-07,2.7573461923464602e-05,6.10364699926579e-05,1.561996751771788e-07,2.8162216040395872e-05,6.241278157626849e-05,0.6499999999999999
1.0250403677379835e-07,2.3062024599945267e-05,5.0575249738645504e-05,1.076580937363342e-07,2.3606412629708878e-05,5.182946124656074e-05,1.1300402441018278e-07,2.4156434112418925e-05,5.309894991904826e-05,1.185465260372453e-07,2.4712063968389135e-05,5.438371166726093e-05,1.2429035225843665e-07,2.527327713021462e-05,5.568374235317062e-05,1.30240313094298e-07,2.5840048542872718e-05,5.6999037789582025e-05,1.3640127492537991e-07,2.641235316382372e-05,5.8329593740146475e-05,1.4277816047239423e-07,2.699016596311159e-05,5.9675405919376054e-05,1.4937594877613668e-07,2.7573461923464602e-05,6.10364699926579e-05,1.561996751771788e-07,2.8162216040395872e-05,6.241278157626849e-05,0.6499999999999999
1.0250403677379835e-07,2.3062024599945267e-05,5.0575249738645504e-05,1.076580937363342e-07,2.3606412629708878e-05,5.182946124656074e-05,1.1300402441018278e-07,2.4156434112418925e-05,5.309894991904826e-05,1.185465260372453e-07,2.4712063968389135e-05,5.438371166726093e-05,1.2429035225843665e-07,2.527327713021462e-05,5.568374235317062e-05,1.30240313094298e-07,2.5840048542872718e-05,5.6999037789582025e-05,1.3640127492537991e-07,2.641235316382372e-05,5.8329593740146475e-05,1.4277816047239423e-07,2.699016596311159e-05,5.9675405919376054e-05,1.4937594877613668e-07,2.7573461923464602e-05,6.10364699926579e-05,1.561996751771788e-07,2.8162216040395872e-05,6.241278157626849e-05,0.6499999999999999
1.0250403677379835e-07,2.3062024599945267e-05,5.0575249738645504e-05,1.076580937363342e-07,2.3606412629708878e-05,5.182946124656074e-05,1.1300402441018278e-07,2.4156434112418925e-05,5.309894991904826e-05,1.185465260372453e-07,2.4712063968389135e-05,5.438371166726093e-05,1.2429035225843665e-07,2.527327713021462e-05,5.568374235317062e-05,1.30240313094298e-07,2.5840048542872718e-05,5.6999037789582025e-05,1.3640127492537991e-07,2.641235316382372e-05,5.8329593740146475e-05,1.4277816047239423e-07,2.699016596311159e-05,5.9675405919376054e-05,1.4937594877613668e-07,2.7573461923464602e-05,6.10364699926579e-05,1.561996751771788e-07,2.8162216040395872e-05,6.241278157626849e-05,0.6499999999999999
1.0250403677379835e-07,2.3062024599945267e-05,5.0575249738645504e-05,1.076580937363342e-07,2.3606412629708878e-05,5.182946124656074e-05,1.1300402441018278e-07,2.4156434112418925e-05,5.309894991904826e-05,1.185465260372453e-07,2.4712063968389135e-05,5.438371166726093e-05,1.2429035225843665e-07,2.527327713021462e-05,5.568374235317062e-05,1.30240313094298e-07,2.5840048542872718e-05,5.6999037789582025e-05,1.3640127492537991e-07,2.641235316382372e-05,5.8329593740146475e-05,1.4277816047239423e-07,2.699016596311159e-05,5.9675405919376054e-05,1.4937594877613668e-07,2.7573461923464602e-05,6.10364699926579e-05,1.561996751771788e-07,2.8162216040395872e-05,6.241278157626849e-05,0.6499999999999999
1.0250403677379835e-07,2.3062024599945267e-05,5.0575249738645504e-05,1.076580937363342e-07,2.3606412629708878e-05,5.182946124656074e-05,1.1300402441018278e-07,2.4156434112418925e-05,5.309894991904826e-05,1.185465260372453e-07,2.4712063968389135e-05,5.438371166726093e-05,1.2429035225843665e-07,2.527327713021462e-05,5.568374235317062e-05,1.30240313094298e-07,2.5840048542872718e-05,5.6999037789582025e-05,1.3640127492537991e-07,2.641235316382372e-05,5.8329593740146475e-05,1.4277816047239423e-07,2.699016596311159e-05,5.9675405919376054e-05,1.4937594877613668e-07,2.7573461923464602e-05,6.10364699926579e-05,1.561996751771788e-07,2.8162216040395872e-05,6.241278157626849e-05,0.6499999999999999
1.0250403677379835e-07,2.3062024599945267e-05,5.0575249738645504e-05,1.076580937363342e-07,2.3606412629708878e-05,5.182946124656074e-05,1.1300402441018278e-07,2.4156434112418925e-05,5.309894991904826e-05,1.185465260372453e-07,2.4712063968389135e-05,5.438371166726093e-05,1.2429035225843665e-07,2.527327713021462e-05,5.568374235317062e-05,1.30240313094298e-07,2.5840048542872718e-05,5.6999037789582025e-05,1.3640127492537991e-07,2.641235316382372e-05,5.8329593740146475e-05,1.4277816047239423e-07,2.699016596311159e-05,5.9675405919376054e-05,1.4937594877613668e-07,2.7573461923464602e-05,6.10364699926579e-05,1.561996751771788e-07,2.8162216040395872e-05,6.241278157626849e-05,0.6499999999999999
1.0250403677379835e-07,2.3062024599945267e-05,5.0575249738645504e-05,1.076580937363342e-07,2.3606412629708878e-05,5.182946124656074e-05,1.1300402441018278e-07,2.4156434112418925e-05,5.309894991904826e-05,1.185465260372453e-07,2.4712063968389135e-05,5.438371166726093e-05,1.2429035225843665e-07,2.527327713021462e-05,5.568374235317062e-05,1.30240313094298e-07,2.5840048542872718e-05,5.6999037789582025e-05,1.3640127492537991e-07,2.641235316382372e-05,5.8329593740146475e-05,1.4277816047239423e-07,2.699016596311159e-05,5.9675405919376054e-05,1.4937594877613668e-07,2.7573461923464602e-05,6.10364699926579e-05,1.561996751771788e-07,2.8162216040395872e-05,6.241278157626849e-05,0.6499999999999999
1.0250403677379835e-07,2.3062024599945267e-05,5.0575249738645504e-05,1.076580937363342e-07,2.3606412629708878e-05,5.182946124656074e-05,1.1300402441018278e-07,2.4156434112418925e-05,5.309894991904826e-05,1.185465260372453e-07,2.4712063968389135e-05,5.438371166726093e-05,1.2429035225843665e-07,2.527327713021462e-05,5.568374235317062e-05,1.30240313094298e-07,2.5840048542872718e-05,5.6999037789582025e-05,1.3640127492537991e-07,2.641235316382372e-05,5.8329593740146475e-05,1.4277816047239423e-07,2.699016596311159e-05,5.9675405919376054e-05,1.4937594877613668e-07,2.7573461923464602e-05,6.10364699926579e-05,1.561996751771788e-07,2.8162216040395872e-05,6.241278157626849e-05,0.6499999999999999
1.0250403677379835e-07,2.3062024599945267e-05,5.0575249738645504e-05,1.076580937363342e-07,2.3606412629708878e-05,5.182946124656074e-05,1.1300402441018278e-07,2.4156434112418925e-05,5.309894991904826e-05,1.185465260372453e-07,2.4712063968389135e-05,5.438371166726093e-05,1.2429035225843665e-07,2.527327713021462e-05,5.568374235317062e-05,1.30240313094298e-07,2.5840048542872718e-05,5.6999037789582025e-05,1.3640127492537991e-07,2.641235316382372e-05,5.8329593740146475e-05,1.4277816047239423e-07,2.699016596311159e-05,5.9675405919376054e-05,1.4937594877613668e-07,2.7573461923464602e-05,6.10364699926579e-05,1.561996751771788e-07,2.8162216040395872e-05,6.241278157626849e-05,0.6499999999999999
1.0250403677379835e-07,2.3062024599945267e-05,5.0575249738645504e-05,1.076580937363342e-07,2.3606412629708878e-05,5.182946124656074e-05,1.1300402441018278e-07,2.4156434112418925e-05,5.309894991904826e-05,1.185465260372453e-07,2.4712063968389135e-05,5.438371166726093e-05,1.2429035225843665e-07,2.527327713021462e-05,5.568374235317062e-05,1.30240313094298e-07,2.5840048542872718e-05,5.6999037789582025e-05,1.3640127492537991e-07,2.641235316382372e-05,5.8329593740146475e-05,1.4277816047239423e-07,2.699016596311159e-05,5.9675405919376054e-05,1.4937594877613668e-07,2.7573461923464602e-05,6.10364699926579e-05,1.561996751771788e-07,2.8162216040395872e-05,6.241278157626849e-05,0.6499999999999999
1.0250403677379835e-07,2.3062024599945267e-05,5.0575249738645504e-05,1.076580937363342e-07,2.3606412629708878e-05,5.182946124656074e-05,1.1300402441018278e-07,2.4156434112418925e-05,5.309894991904826e-05,1.185465260372453e-07,2.4712063968389135e-05,5.438371166726093e-05,1.2429035225843665e-07,2.527327713021462e-05,5.568374235317062e-05,1.30240313094298e-07,2.5840048542872718e-05,5.6999037789582025e-05,1.3640127492537991e-07,2.641235316382372e-05,5.8329593740146475e-05,1.4277816047239423e-07,2.699016596311159e-05,5.9675405919376054e-05,1.4937594877613668e-07,2.7573461923464602e-05,6.10364699926579e-05,1.561996751771788e-07,2.8162216040395872e-05,6.241278157626849e-05,0.6499999999999999
1.0250403677379835e-07,2.3062024599945267e-05,5.0575249738645504e-05,1.076580937363342e-07,2.3606412629708878e-05,5.182946124656074e-05,1.1300402441018278e-07,2.4156434112418925e-05,5.309894991904826e-05,1.185465260372453e-07,2.4712063968389135e-05,5.438371166726093e-05,1.2429035225843665e-07,2.527327713021462e-05,5.568374235317062e-05,1.30240313094298e-07,2.5840048542872718e-05,5.6999037789582025e-05,1.3640127492537991e-07,2.641235316382372e-05,5.8329593740146475e-05,1.4277816047239423e-07,2.699016596311159e-05,5.9675405919376054e-05,1.4937594877613668e-07,2.7573461923464602e-05,6.10364699926579e-05,1.561996751771788e-07,2.8162216040395872e-05,6.241278157626849e-05,0.6499999999999999
1.0250403677379835e-07,2.3062024599945267e-05,5.0575249738645504e-05,1.076580937363342e-07,2.3606412629708878e-05,5.182946124656074e-05,1.1300402441018278e-07,2.4156434112418925e-05,5.309894991904826e-05,1.185465260372453e-07,2.4712063968389135e-05,5.438371166726093e-05,1.2429035225843665e-07,2.527327713021462e-05,5.568374235317062e-05,1.30240313094298e-07,2.5840048542872718e-05,5.6999037789582025e-05,1.3640127492537991e-07,2.641235316382372e-05,5.8329593740146475e-05,1.4277816047239423e-07,2.699016596311159e-05,5.9675405919376054e-05,1.4937594877613668e-07,2.7573461923464602e-05,6.10364699926579e-05,1.561996751771788e-07,2.8162216040395872e-05,6.241278157626849e-05,0.6499999999999999
1.0250403677379835e-07,2.3062024599945267e-05,5.0575249738645504e-05,1.076580937363342e-07,2.3606412629708878e-05,5.182946124656074e-05,1.1300402441018278e-07,2.4156434112418925e-05,5.309894991904826e-05,1.185465260372453e-07,2.4712063968389135e-05,5.438371166726093e-05,1.2429035225843665e-07,2.527327713021462e-05,5.568374235317062e-05,1.30240313094298e-07,2.5840048542872718e-05,5.6999037789582025e-05,1.3640127492537991e-07,2.641235316382372e-05,5.8329593740146475e-05,1.4277816047239423e-07,2.699016596311159e-05,5.9675405919376054e-05,1.4937594877613668e-07,2.7573461923464602e-05,6.10364699926579e-05,1.561996751771788e-07,2.8162216040395872e-05,6.241278157626849e-05,0.6499999999999999
1.0250403677379835e-07,2.3062024599945267e-05,5.0575249738645504e-05,1.076580937363342e-07,2.3606412629708878e-05,5.182946124656074e-05,1.1300402441018278e-07,2.4156434112418925e-05,5.309894991904826e-05,1.185465260372453e-07,2.4712063968389135e-05,5.438371166726093e-05,1.2429035225843665e-07,2.527327713021462e-05,5.568374235317062e-05,1.30240313094298e-07,2.5840048542872718e-05,5.6999037789582025e-05,1.3640127492537991e-07,2.641235316382372e-05,5.8329593740146475e-05,1.4277816047239423e-07,2.699016596311159e-05,5.9675405919376054e-05,1.4937594877613668e-07,2.7573461923464602e-05,6.10364699926579e-05,1.561996751771788e-07,2.8162216040395872e-05,6.241278157626849e-05,0.6499999999999999
1.0250403677379835e-07,2.3062024599945267e-05,5.0575249738645504e-05,1.076580937363342e-07,2.3606412629708878e-05,5.182946124656074e-05,1.1300402441018278e-07,2.4156434112418925e-05,5.309894991904826e-05,1.185465260372453e-07,2.4712063968389135e-05,5.438371166726093e-05,1.2429035225843665e-07,2.527327713021462e-05,5.568374235317062e-05,1.30240313094298e-07,2.5840048542872718e-05,5.6999037789582025e-05,1.3640127492537991e-07,2.641235316382372e-05,5.8329593740146475e-05,1.4277816047239423e-07,2.699016596311159e-05,5.9675405919376054e-05,1.4937594877613668e-07,2.7573461923464602e-05,6.10364699926579e-05,1.561996751771788e-07,2.8162216040395872e-05,6.241278157626849e-05,0.6499999999999999
1.0250403677379835e-07,2.3062024599945267e-05,5.0575249738645504e-05,1.076580937363342e-07,2.3606412629708878e-05,5.182946124656074e-05,1.1300402441018278e-07,2.4156434112418925e-05,5.309894991904826e-05,1.185465260372453e-07,2.4712063968389135e-05,5.438371166726093e-05,1.2429035225843665e-07,2.527327713021462e-05,5.568374235317062e-05,1.30240313094298e-07,2.5840048542872718e-05,5.6999037789582025e-05,1.3640127492537991e-07,2.641235316382372e-05,5.8329593740146475e-05,1.4277816047239423e-07,2.699016596311159e-05,5.9675405919376054e-05,1.4937594877613668e-07,2.7573461923464602e-05,6.10364699926579e-05,1.561996751771788e-07,2.8162216040395872e-05,6.241278157626849e-05,0.6499999999999999
1.0250403677379835e-07,2.3062024599945267e-05,5.0575249738645504e-05,1.076580937363342e-07,2.3606412629708878e-05,5.182946124656074e-05,1.1300402441018278e-07,2.4156434112418925e-05,5.309894991904826e-05,1.185465260372453e-07,2.4712063968389135e-05,5.438371166726093e-05,1.2429035225843665e-07,2.527327713021462e-05,5.568374235317062e-05,1.30240313094298e-07,2.5840048542872718e-05,5.6999037789582025e-05,1.3640127492537991e-07,2.641235316382372e-05,5.8329593740146475e-05,1.4277816047239423e-07,2.699016596311159e-05,5.9675405919376054e-05,1.4937594877613668e-07,2.7573461923464602e-05,6.10364699926579e-05,1.561996751771788e-07,2.8162216040395872e-05,6.241278157626849e-05,0.6499999999999999
1.0250403677379835e-07,2.3062024599945267e-05,5.0575249738645504e-05,1.076580937363342e-07,2.3606412629708878e-05,5.182946124656074e-05,1.1300402441018278e-07,2.4156434112418925e-05,5.309894991904826e-05,1.185465260372453e-07,2.4712063968389135e-05,5.438371166726093e-05,1.2429035225843665e-07,2.527327713021462e-05,5.568374235317062e-05,1.30240313094298e-07,2.5840048542872718e-05,5.6999037789582025e-05,1.3640127492537991e-07,2.641235316382372e-05,5.8329593740146475e-05,1.4277816047239423e-07,2.699016596311159e-05,5.9675405919376054e-05,1.4937594877613668e-07,2.7573461923464602e-05,6.10364699926579e-05,1.561996751771788e-07,2.8162216040395872e-05,6.241278157626849e-05,0.6499999999999999
1.0250403677379835e-07,2.3062024599945267e-05,5.0575249738645504e-05,1.076580937363342e-07,2.3606412629708878e-05,5.182946124656074e-05,1.1300402441018278e-07,2.4156434112418925e-05,5.309894991904826e-05,1.185465260372453e-07,2.4712063968389135e-05,5.438371166726093e-05,1.2429035225843665e-07,2.527327713021462e-05,5.568374235317062e-05,1.30240313094298e-07,2.5840048542872718e-05,5.6999037789582025e-05,1.3640127492537991e-07,2.641235316382372e-05,5.8329593740146475e-05,1.4277816047239423e-07,2.699016596311159e-05,5.9675405919376054e-05,1.4937594877613668e-07,2.7573461923464602e-05,6.10364699926579e-05,1.561996751771788e-07,2.8162216040395872e-05,6.241278157626849e-05,0.6499999999999999
1.0250403677379835e-07,2.3062024599945267e-05,5.0575249738645504e-05,1.076580937363342e-07,2.3606412629708878e-05,5.182946124656074e-05,1.1300402441018278e-07,2.4156434112418925e-05,5.309894991904826e-05,1.185465260372453e-07,2.4712063968389135e-05,5.438371166726093e-05,1.2429035225843665e-07,2.527327713021462e-05,5.568374235317062e-05,1.30240313094298e-07,2.5840048542872718e-05,5.6999037789582025e-05,1.3640127492537991e-07,2.641235316382372e-05,5.8329593740146475e-05,1.4277816047239423e-07,2.699016596311159e-05,5.9675405919376054e-05,1.4937594877613668e-07,2.7573461923464602e-05,6.10364699926579e-05,1.561996751771788e-07,2.8162216040395872e-05,6.241278157626849e-05,0.6499999999999999
1.0250403677379835e-07,2.3062024599945267e-05,5.0575249738645504e-05,1.076580937363342e-07,2.3606412629708878e-05,5.182946124656074e-05,1.1300402441018278e-07,2.4156434112418925e-05,5.309894991904826e-05,1.185465260372453e-07,2.4712063968389135e-05,5.438371166726093e-05,1.2429035225843665e-07,2.527327713021462e-05,5.568374235317062e-05,1.30240313094298e-07,2.5840048542872718e-05,5.6999037789582025e-05,1.3640127492537991e-07,2.641235316382372e-05,5.8329593740146475e-05,1.4277816047239423e-07,2.699016596311159e-05,5.9675405919376054e-05,1.4937594877613668e-07,2.7573461923464602e-05,6.10364699926579e-05,1.561996751771788e-07,2.8162216040395872e-05,6.241278157626849e-05,0.6499999999999999
1.0250403677379835e-07,2.3062024599945267e-05,5.0575249738645504e-05,1.076580937363342e-07,2.3606412629708878e-05,5.182946124656074e-05,1.1300402441018278e-07,2.4156434112418925e-05,5.309894991904826e-05,1.185465260372453e-07,2.4712063968389135e-05,5.438371166726093e-05,1.2429035225843665e-07,2.527327713021462e-05,5.568374235317062e-05,1.30240313094298e-07,2.5840048542872718e-05,5.6999037789582025e-05,1.3640127492537991e-07,2.641235316382372e-05,5.8329593740146475e-05,1.4277816047239423e-07,2.699016596311159e-05,5.9675405919376054e-05,1.4937594877613668e-07,2.7573461923464602e-05,6.10364699926579e-05,1.561996751771788e-07,2.8162216040395872e-05,6.241278157626849e-05,0.6499999999999999
1.0250403677379835e-07,2.3062024599945267e-05,5.0575249738645504e-05,1.076580937363342e-07,2.3606412629708878e-05,5.182946124656074e-05,1.1300402441018278e-07,2.4156434112418925e-05,5.309894991904826e-05,1.185465260372453e-07,2.4712063968389135e-05,5.438371166726093e-05,1.2429035225843665e-07,2.527327713021462e-05,5.568374235317062e-05,1.30240313094298e-07,2.5840048542872718e-05,5.6999037789582025e-05,1.3640127492537991e-07,2.641235316382372e-05,5.8329593740146475e-05,1.4277816047239423e-07,2.699016596311159e-05,5.9675405919376054e-05,1.4937594877613668e-07,2.7573461923464602e-05,6.10364699926579e-05,1.561996751771788e-07,2.8162216040395872e-05,6.241278157626849e-05,0.6499999999999999
1.0250403677379835e-07,2.3062024599945267e-05,5.0575249738645504e-05,1.076580937363342e-07,2.3606412629708878e-05,5.182946124656074e-05,1.1300402441018278e-07,2.4156434112418925e-05,5.309894991904826e-05,1.185465260372453e-07,2.4712063968389135e-05,5.438371166726093e-05,1.2429035225843665e-07,2.527327713021462e-05,5.568374235317062e-05,1.30240313094298e-07,2.5840048542872718e-05,5.6999037789582025e-05,1.3640127492537991e-07,2.641235316382372e-05,5.8329593740146475e-05,1.4277816047239423e-07,2.699016596311159e-05,5.9675405919376054e-05,1.4937594877613668e-07,2.7573461923464602e-05,6.10364699926579e-05,1.561996751771788e-07,2.8162216040395872e-05,6.241278157626849e-05,0.6499999999999999
1.0250403677379835e-07,2.3062024599945267e-05,5.0575249738645504e-05,1.076580937363342e-07,2.3606412629708878e-05,5.182946124656074e-05,1.1300402441018278e-07,2.4156434112418925e-05,5.309894991904826e-05,1.185465260372453e-07,2.4712063968389135e-05,5.438371166726093e-05,1.2429035225843665e-07,2.527327713021462e-05,5.568374235317062e-05,1.30240313094298e-07,2.5840048542872718e-05,5.6999037789582025e-05,1.3640127492537991e-07,2.641235316382372e-05,5.8329593740146475e-05,1.4277816047239423e-07,2.699016596311159e-05,5.9675405919376054e-05,1.4937594877613668e-07,2.7573461923464602e-05,6.10364699926579e-05,1.561996751771788e-07,2.8162216040395872e-05,6.241278157626849e-05,0.6499999999999999
1.0250403677379835e-07,2.3062024599945267e-05,5.0575249738645504e-05,1.076580937363342e-07,2.3606412629708878e-05,5.182946124656074e-05,1.1300402441018278e-07,2.4156434112418925e-05,5.309894991904826e-05,1.185465260372453e-07,2.4712063968389135e-05,5.438371166726093e-05,1.2429035225843665e-07,2.527327713021462e-05,5.568374235317062e-05,1.30240313094298e-07,2.5840048542872718e-05,5.6999037789582025e-05,1.3640127492537991e-07,2.641235316382372e-05,5.8329593740146475e-05,1.4277816047239423e-07,2.699016596311159e-05,5.9675405919376054e-05,1.4937594877613668e-07,2.7573461923464602e-05,6.10364699926579e-05,1.561996751771788e-07,2.8162216040395872e-05,6.241278157626849e-05,0.6499999999999999
1.0250403677379835e-07,2.3062024599945267e-05,5.0575249738645504e-05,1.076580937363342e-07,2.3606412629708878e-05,5.182946124656074e-05,1.1300402441018278e-07,2.4156434112418925e-05,5.309894991904826e-05,1.185465260372453e-07,2.4712063968389135e-05,5.438371166726093e-05,1.2429035225843665e-07,2.527327713021462e-05,5.568374235317062e-05,1.30240313094298e-07,2.5840048542872718e-05,5.6999037789582025e-05,1.3640127492537991e-07,2.641235316382372e-05,5.8329593740146475e-05,1.4277816047239423e-07,2.699016596311159e-05,5.9675405919376054e-05,1.4937594877613668e-07,2.7573461923464602e-05,6.10364699926579e-05,1.561996751771788e-07,2.8162216040395872e-05,6.241278157626849e-05,0.6499999999999999
1.0250403677379835e-07,2.3062024599945267e-05,5.0575249738645504e-05,1.076580937363342e-07,2.3606412629708878e-05,5.182946124656074e-05,1.1300402441018278e-07,2.4156434112418925e-05,5.309894991904826e-05,1.185465260372453e-07,2.4712063968389135e-05,5.438371166726093e-05,1.2429035225843665e-07,2.527327713021462e-05,5.568374235317062e-05,1.30240313094298e-07,2.5840048542872718e-05,5.6999037789582025e-05,1.3640127492537991e-07,2.641235316382372e-05,5.8329593740146475e-05,1.4277816047239423e-07,2.699016596311159e-05,5.9675405919376054e-05,1.4937594877613668e-07,2.7573461923464602e-05,6.10364699926579e-05,1.561996751771788e-07,2.8162216040395872e-05,6.241278157626849e-05,0.6499999999999999
1.0250403677379835e-07,2.3062024599945267e-05,5.0575249738645504e-05,1.076580937363342e-07,2.3606412629708878e-05,5.182946124656074e-05,1.1300402441018278e-07,2.4156434112418925e-05,5.309894991904826e-05,1.185465260372453e-07,2.4712063968389135e-05,5.438371166726093e-05,1.2429035225843665e-07,2.527327713021462e-05,5.568374235317062e-05,1.30240313094298e-07,2.5840048542872718e-05,5.6999037789582025e-05,1.3640127492537991e-07,2.641235316382372e-05,5.8329593740146475e-05,1.4277816047239423e-07,2.699016596311159e-05,5.9675405919376054e-05,1.4937594877613668e-07,2.7573461923464602e-05,6.10364699926579e-05,1.561996751771788e-07,2.8162216040395872e-05,6.241278157626849e-05,0.6499999999999999
1.0250403677379835e-07,2.3062024599945267e-05,5.0575249738645504e-05,1.076580937363342e-07,2.3606412629708878e-05,5.182946124656074e-05,1.1300402441018278e-07,2.4156434112418925e-05,5.309894991904826e-05,1.185465260372453e-07,2.4712063968389135e-05,5.438371166726093e-05,1.2429035225843665e-07,2.527327713021462e-05,5.568374235317062e-05,1.30240313094298e-07,2.5840048542872718e-05,5.6999037789582025e-05,1.3640127492537991e-07,2.641235316382372e-05,5.8329593740146475e-05,1.4277816047239423e-07,2.699016596311159e-05,5.9675405919376054e-05,1.4937594877613668e-07,2.7573461923464602e-05,6.10364699926579e-05,1.561996751771788e-07,2.8162216040395872e-05,6.241278157626849e-05,0.6499999999999999
1.0250403677379835e-07,2.3062024599945267e-05,5.0575249738645504e-05,1.076580937363342e-07,2.3606412629708878e-05,5.182946124656074e-05,1.1300402441018278e-07,2.4156434112418925e-05,5.309894991904826e-05,1.185465260372453e-07,2.4712063968389135e-05,5.438371166726093e-05,1.2429035225843665e-07,2.527327713021462e-05,5.568374235317062e-05,1.30240313094298e-07,2.5840048542872718e-05,5.6999037789582025e-05,1.3640127492537991e-07,2.641235316382372e-05,5.8329593740146475e-05,1.4277816047239423e-07,2.699016596311159e-05,5.9675405919376054e-05,1.4937594877613668e-07,2.7573461923464602e-05,6.10364699926579e-05,1.561996751771788e-07,2.8162216040395872e-05,6.241278157626849e-05,0.6499999999999999
1.0250403677379835e-07,2.3062024599945267e-05,5.0575249738645504e-05,1.076580937363342e-07,2.3606412629708878e-05,5.182946124656074e-05,1.1300402441018278e-07,2.4156434112418925e-05,5.309894991904826e-05,1.185465260372453e-07,2.4712063968389135e-05,5.438371166726093e-05,1.2429035225843665e-07,2.527327713021462e-05,5.568374235317062e-05,1.30240313094298e-07,2.5840048542872718e-05,5.6999037789582025e-05,1.3640127492537991e-07,2.641235316382372e-05,5.8329593740146475e-05,1.4277816047239423e-07,2.699016596311159e-05,5.9675405919376054e-05,1.4937594877613668e-07,2.7573461923464602e-05,6.10364699926579e-05,1.561996751771788e-07,2.8162216040395872e-05,6.241278157626849e-05,0.6499999999999999
1.0250403677379835e-07,2.3062024599945267e-05,5.0575249738645504e-05,1.076580937363342e-07,2.3606412629708878e-05,5.182946124656074e-05,1.1300402441018278e-07,2.4156434112418925e-05,5.309894991904826e-05,1.185465260372453e-07,2.4712063968389135e-05,5.438371166726093e-05,1.2429035225843665e-07,2.527327713021462e-05,5.568374235317062e-05,1.30240313094298e-07,2.5840048542872718e-05,5.6999037789582025e-05,1.3640127492537991e-07,2.641235316382372e-05,5.8329593740146475e-05,1.4277816047239423e-07,2.699016596311159e-05,5.9675405919376054e-05,1.4937594877613668e-07,2.7573461923464602e-05,6.10364699926579e-05,1.561996751771788e-07,2.8162216040395872e-05,6.241278157626849e-05,0.6499999999999999
1.0250403677379835e-07,2.3062024599945267e-05,5.0575249738645504e-05,1.076580937363342e-07,2.3606412629708878e-05,5.182946124656074e-05,1.1300402441018278e-07,2.4156434112418925e-05,5.309894991904826e-05,1.185465260372453e-07,2.4712063968389135e-05,5.438371166726093e-05,1.2429035225843665e-07,2.527327713021462e-05,5.568374235317062e-05,1.30240313094298e-07,2.5840048542872718e-05,5.6999037789582025e-05,1.3640127492537991e-07,2.641235316382372e-05,5.8329593740146475e-05,1.4277816047239423e-07,2.699016596311159e-05,5.9675405919376054e-05,1.4937594877613668e-07,2.7573461923464602e-05,6.10364699926579e-05,1.561996751771788e-07,2.8162216040395872e-05,6.241278157626849e-05,0.6499999999999999
1.0250403677379835e-07,2.3062024599945267e-05,5.0575249738645504e-05,1.076580937363342e-07,2.3606412629708878e-05,5.182946124656074e-05,1.1300402441018278e-07,2.4156434112418925e-05,5.309894991904826e-05,1.185465260372453e-07,2.4712063968389135e-05,5.438371166726093e-05,1.2429035225843665e-07,2.527327713021462e-05,5.568374235317062e-05,1.30240313094298e-07,2.5840048542872718e-05,5.6999037789582025e-05,1.3640127492537991e-07,2.641235316382372e-05,5.8329593740146475e-05,1.4277816047239423e-07,2.699016596311159e-05,5.9675405919376054e-05,1.4937594877613668e-07,2.7573461923464602e-05,6.10364699926579e-05,1.561996751771788e-07,2.8162216040395872e-05,6.241278157626849e-05,0.6499999999999999
1.0250403677379835e-07,2.3062024599945267e-05,5.0575249738645504e-05,1.076580937363342e-07,2.3606412629708878e-05,5.182946124656074e-05,1.1300402441018278e-07,2.4156434112418925e-05,5.309894991904826e-05,1.185465260372453e-07,2.4712063968389135e-05,5.438371166726093e-05,1.2429035225843665e-07,2.527327713021462e-05,5.568374235317062e-05,1.30240313094298e-07,2.5840048542872718e-05,5.6999037789582025e-05,1.3640127492537991e-07,2.641235316382372e-05,5.8329593740146475e-05,1.4277816047239423e-07,2.699016596311159e-05,5.9675405919376054e-05,1.4937594877613668e-07,2.7573461923464602e-05,6.10364699926579e-05,1.561996751771788e-07,2.8162216040395872e-05,6.241278157626849e-05,0.6499999999999999
1.0250403677379835e-07,2.3062024599945267e-05,5.0575249738645504e-05,1.076580937363342e-07,2.3606412629708878e-05,5.182946124656074e-05,1.1300402441018278e-07,2.4156434112418925e-05,5.309894991904826e-05,1.185465260372453e-07,2.4712063968389135e-05,5.438371166726093e-05,1.2429035225843665e-07,2.527327713021462e-05,5.568374235317062e-05,1.30240313094298e-07,2.5840048542872718e-05,5.6999037789582025e-05,1.3640127492537991e-07,2.641235316382372e-05,5.8329593740146475e-05,1.4277816047239423e-07,2.699016596311159e-05,5.9675405919376054e-05,1.4937594877613668e-07,2.7573461923464602e-05,6.10364699926579e-05,1.561996751771788e-07,2.8162216040395872e-05,6.241278157626849e-05,0.6499999999999999
1.0250403677379835e-07,2.3062024599945267e-05,5.0575249738645504e-05,1.076580937363342e-07,2.3606412629708878e-05,5.182946124656074e-05,1.1300402441018278e-07,2.4156434112418925e-05,5.309894991904826e-05,1.185465260372453e-07,2.4712063968389135e-05,5.438371166726093e-05,1.2429035225843665e-07,2.527327713021462e-05,5.568374235317062e-05,1.30240313094298e-07,2.5840048542872718e-05,5.6999037789582025e-05,1.3640127492537991e-07,2.641235316382372e-05,5.8329593740146475e-05,1.4277816047239423e-07,2.699016596311159e-05,5.9675405919376054e-05,1.4937594877613668e-07,2.7573461923464602e-05,6.10364699926579e-05,1.561996751771788e-07,2.8162216040395872e-05,6.241278157626849e-05,0.6499999999999999
1.0250403677379835e-07,2.3062024599945267e-05,5.0575249738645504e-05,1.076580937363342e-07,2.3606412629708878e-05,5.182946124656074e-05,1.1300402441018278e-07,2.4156434112418925e-05,5.309894991904826e-05,1.185465260372453e-07,2.4712063968389135e-05,5.438371166726093e-05,1.2429035225843665e-07,2.527327713021462e-05,5.568374235317062e-05,1.30240313094298e-07,2.5840048542872718e-05,5.6999037789582025e-05,1.3640127492537991e-07,2.641235316382372e-05,5.8329593740146475e-05,1.4277816047239423e-07,2.699016596311159e-05,5.9675405919376054e-05,1.4937594877613668e-07,2.7573461923464602e-05,6.10364699926579e-05,1.561996751771788e-07,2.8162216040395872e-05,6.241278157626849e-05,0.6499999999999999
1.0250403677379835e-07,2.3062024599945267e-05,5.0575249738645504e-05,1.076580937363342e-07,2.3606412629708878e-05,5.182946124656074e-05,1.1300402441018278e-07,2.4156434112418925e-05,5.309894991904826e-05,1.185465260372453e-07,2.4712063968389135e-05,5.438371166726093e-05,1.2429035225843665e-07,2.527327713021462e-05,5.568374235317062e-05,1.30240313094298e-07,2.5840048542872718e-05,5.6999037789582025e-05,1.3640127492537991e-07,2.641235316382372e-05,5.8329593740146475e-05,1.4277816047239423e-07,2.699016596311159e-05,5.9675405919376054e-05,1.4937594877613668e-07,2.7573461923464602e-05,6.10364699926579e-05,1.561996751771788e-07,2.8162216040395872e-05,6.241278157626849e-05,0.6499999999999999
1.0250403677379835e-07,2.3062024599945267e-05,5.0575249738645504e-05,1.076580937363342e-07,2.3606412629708878e-05,5.182946124656074e-05,1.1300402441018278e-07,2.4156434112418925e-05,5.309894991904826e-05,1.185465260372453e-07,2.4712063968389135e-05,5.438371166726093e-05,1.2429035225843665e-07,2.527327713021462e-05,5.568374235317062e-05,1.30240313094298e-07,2.5840048542872718e-05,5.6999037789582025e-05,1.3640127492537991e-07,2.641235316382372e-05,5.8329593740146475e-05,1.4277816047239423e-07,2.699016596311159e-05,5.9675405919376054e-05,1.4937594877613668e-07,2.7573461923464602e-05,6.10364699926579e-05,1.561996751771788e-07,2.8162216040395872e-05,6.241278157626849e-05,0.6499999999999999
1.0250403677379835e-07,2.3062024599945267e-05,5.0575249738645504e-05,1.076580937363342e-07,2.3606412629708878e-05,5.182946124656074e-05,1.1300402441018278e-07,2.4156434112418925e-05,5.309894991904826e-05,1.185465260372453e-07,2.4712063968389135e-05,5.438371166726093e-05,1.2429035225843665e-07,2.527327713021462e-05,5.568374235317062e-05,1.30240313094298e-07,2.5840048542872718e-05,5.6999037789582025e-05,1.3640127492537991e-07,2.641235316382372e-05,5.8329593740146475e-05,1.4277816047239423e-07,2.699016596311159e-05,5.9675405919376054e-05,1.4937594877613668e-07,2.7573461923464602e-05,6.10364699926579e-05,1.561996751771788e-07,2.8162216040395872e-05,6.241278157626849e-05,0.6499999999999999
1.0250403677379835e-07,2.3062024599945267e-05,5.0575249738645504e-05,1.076580937363342e-07,2.3606412629708878e-05,5.182946124656074e-05,1.1300402441018278e-07,2.4156434112418925e-05,5.309894991904826e-05,1.185465260372453e-07,2.4712063968389135e-05,5.438371166726093e-05,1.2429035225843665e-07,2.527327713021462e-05,5.568374235317062e-05,1.30240313094298e-07,2.5840048542872718e-05,5.6999037789582025e-05,1.3640127492537991e-07,2.641235316382372e-05,5.8329593740146475e-05,1.4277816047239423e-07,2.699016596311159e-05,5.9675405919376054e-05,1.4937594877613668e-07,2.7573461923464602e-05,6.10364699926579e-05,1.561996751771788e-07,2.8162216040395872e-05,6.241278157626849e-05,0.6499999999999999
1.0250403677379835e-07,2.3062024599945267e-05,5.0575249738645504e-05,1.076580937363342e-07,2.3606412629708878e-05,5.182946124656074e-05,1.1300402441018278e-07,2.4156434112418925e-05,5.309894991904826e-05,1.185465260372453e-07,2.4712063968389135e-05,5.438371166726093e-05,1.2429035225843665e-07,2.527327713021462e-05,5.568374235317062e-05,1.30240313094298e-07,2.5840048542872718e-05,5.6999037789582025e-05,1.3640127492537991e-07,2.641235316382372e-05,5.8329593740146475e-05,1.4277816047239423e-07,2.699016596311159e-05,5.9675405919376054e-05,1.4937594877613668e-07,2.7573461923464602e-05,6.10364699926579e-05,1.561996751771788e-07,2.8162216040395872e-05,6.241278157626849e-05,0.6499999999999999
1.0250403677379835e-07,2.3062024599945267e-05,5.0575249738645504e-05,1.076580937363342e-07,2.3606412629708878e-05,5.182946124656074e-05,1.1300402441018278e-07,2.4156434112418925e-05,5.309894991904826e-05,1.185465260372453e-07,2.4712063968389135e-05,5.438371166726093e-05,1.2429035225843665e-07,2.527327713021462e-05,5.568374235317062e-05,1.30240313094298e-07,2.5840048542872718e-05,5.6999037789582025e-05,1.3640127492537991e-07,2.641235316382372e-05,5.8329593740146475e-05,1.4277816047239423e-07,2.699016596311159e-05,5.9675405919376054e-05,1.4937594877613668e-07,2.7573461923464602e-05,6.10364699926579e-05,1.561996751771788e-07,2.8162216040395872e-05,6.241278157626849e-05,0.6499999999999999
1.0250403677379835e-07,2.3062024599945267e-05,5.0575249738645504e-05,1.076580937363342e-07,2.3606412629708878e-05,5.182946124656074e-05,1.1300402441018278e-07,2.4156434112418925e-05,5.309894991904826e-05,1.185465260372453e-07,2.4712063968389135e-05,5.438371166726093e-05,1.2429035225843665e-07,2.527327713021462e-05,5.568374235317062e-05,1.30240313094298e-07,2.5840048542872718e-05,5.6999037789582025e-05,1.3640127492537991e-07,2.641235316382372e-05,5.8329593740146475e-05,1.4277816047239423e-07,2.699016596311159e-05,5.9675405919376054e-05,1.4937594877613668e-07,2.7573461923464602e-05,6.10364699926579e-05,1.561996751771788e-07,2.8162216040395872e-05,6.241278157626849e-05,0.6499999999999999
1.0250403677379835e-07,2.3062024599945267e-05,5.0575249738645504e-05,1.076580937363342e-07,2.3606412629708878e-05,5.182946124656074e-05,1.1300402441018278e-07,2.4156434112418925e-05,5.309894991904826e-05,1.185465260372453e-07,2.4712063968389135e-05,5.438371166726093e-05,1.2429035225843665e-07,2.527327713021462e-05,5.568374235317062e-05,1.30240313094298e-07,2.5840048542872718e-05,5.6999037789582025e-05,1.3640127492537991e-07,2.641235316382372e-05,5.8329593740146475e-05,1.4277816047239423e-07,2.699016596311159e-05,5.9675405919376054e-05,1.4937594877613668e-07,2.7573461923464602e-05,6.10364699926579e-05,1.561996751771788e-07,2.8162216040395872e-05,6.241278157626849e-05,0.6499999999999999
1.0250403677379835e-07,2.3062024599945267e-05,5.0575249738645504e-05,1.076580937363342e-07,2.3606412629708878e-05,5.182946124656074e-05,1.1300402441018278e-07,2.4156434112418925e-05,5.309894991904826e-05,1.185465260372453e-07,2.4712063968389135e-05,5.438371166726093e-05,1.2429035225843665e-07,2.527327713021462e-05,5.568374235317062e-05,1.30240313094298e-07,2.5840048542872718e-05,5.6999037789582025e-05,1.3640127492537991e-07,2.641235316382372e-05,5.8329593740146475e-05,1.4277816047239423e-07,2.699016596311159e-05,5.9675405919376054e-05,1.4937594877613668e-07,2.7573461923464602e-05,6.10364699926579e-05,1.561996751771788e-07,2.8162216040395872e-05,6.241278157626849e-05,0.6499999999999999
1.0250403677379835e-07,2.3062024599945267e-05,5.0575249738645504e-05,1.076580937363342e-07,2.3606412629708878e-05,5.182946124656074e-05,1.1300402441018278e-07,2.4156434112418925e-05,5.309894991904826e-05,1.185465260372453e-07,2.4712063968389135e-05,5.438371166726093e-05,1.2429035225843665e-07,2.527327713021462e-05,5.568374235317062e-05,1.30240313094298e-07,2.5840048542872718e-05,5.6999037789582025e-05,1.3640127492537991e-07,2.641235316382372e-05,5.8329593740146475e-05,1.4277816047239423e-07,2.699016596311159e-05,5.9675405919376054e-05,1.4937594877613668e-07,2.7573461923464602e-05,6.10364699926579e-05,1.561996751771788e-07,2.8162216040395872e-05,6.241278157626849e-05,0.6499999999999999
1.0250403677379835e-07,2.3062024599945267e-05,5.0575249738645504e-05,1.076580937363342e-07,2.3606412629708878e-05,5.182946124656074e-05,1.1300402441018278e-07,2.4156434112418925e-05,5.309894991904826e-05,1.185465260372453e-07,2.4712063968389135e-05,5.438371166726093e-05,1.2429035225843665e-07,2.527327713021462e-05,5.568374235317062e-05,1.30240313094298e-07,2.5840048542872718e-05,5.6999037789582025e-05,1.3640127492537991e-07,2.641235316382372e-05,5.8329593740146475e-05,1.4277816047239423e-07,2.699016596311159e-05,5.9675405919376054e-05,1.4937594877613668e-07,2.7573461923464602e-05,6.10364699926579e-05,1.561996751771788e-07,2.8162216040395872e-05,6.241278157626849e-05,0.6499999999999999
1.0250403677379835e-07,2.3062024599945267e-05,5.0575249738645504e-05,1.076580937363342e-07,2.3606412629708878e-05,5.182946124656074e-05,1.1300402441018278e-07,2.4156434112418925e-05,5.309894991904826e-05,1.185465260372453e-07,2.4712063968389135e-05,5.438371166726093e-05,1.2429035225843665e-07,2.527327713021462e-05,5.568374235317062e-05,1.30240313094298e-07,2.5840048542872718e-05,5.6999037789582025e-05,1.3640127492537991e-07,2.641235316382372e-05,5.8329593740146475e-05,1.4277816047239423e-07,2.699016596311159e-05,5.9675405919376054e-05,1.4937594877613668e-07,2.7573461923464602e-05,6.10364699926579e-05,1.561996751771788e-07,2.8162216040395872e-05,6.241278157626849e-05,0.6499999999999999
1.0250403677379835e-07,2.3062024599945267e-05,5.0575249738645504e-05,1.076580937363342e-07,2.3606412629708878e-05,5.182946124656074e-05,1.1300402441018278e-07,2.4156434112418925e-05,5.309894991904826e-05,1.185465260372453e-07,2.4712063968389135e-05,5.438371166726093e-05,1.2429035225843665e-07,2.527327713021462e-05,5.568374235317062e-05,1.30240313094298e-07,2.5840048542872718e-05,5.6999037789582025e-05,1.3640127492537991e-07,2.641235316382372e-05,5.8329593740146475e-05,1.4277816047239423e-07,2.699016596311159e-05,5.9675405919376054e-05,1.4937594877613668e-07,2.7573461923464602e-05,6.10364699926579e-05,1.561996751771788e-07,2.8162216040395872e-05,6.241278157626849e-05,0.6499999999999999
1.0250403677379835e-07,2.3062024599945267e-05,5.0575249738645504e-05,1.076580937363342e-07,2.3606412629708878e-05,5.182946124656074e-05,1.1300402441018278e-07,2.4156434112418925e-05,5.309894991904826e-05,1.185465260372453e-07,2.4712063968389135e-05,5.438371166726093e-05,1.2429035225843665e-07,2.527327713021462e-05,5.568374235317062e-05,1.30240313094298e-07,2.5840048542872718e-05,5.6999037789582025e-05,1.3640127492537991e-07,2.641235316382372e-05,5.8329593740146475e-05,1.4277816047239423e-07,2.699016596311159e-05,5.9675405919376054e-05,1.4937594877613668e-07,2.7573461923464602e-05,6.10364699926579e-05,1.561996751771788e-07,2.8162216040395872e-05,6.241278157626849e-05,0.6499999999999999
1.0250403677379835e-07,2.3062024599945267e-05,5.0575249738645504e-05,1.076580937363342e-07,2.3606412629708878e-05,5.182946124656074e-05,1.1300402441018278e-07,2.4156434112418925e-05,5.309894991904826e-05,1.185465260372453e-07,2.4712063968389135e-05,5.438371166726093e-05,1.2429035225843665e-07,2.527327713021462e-05,5.568374235317062e-05,1.30240313094298e-07,2.5840048542872718e-05,5.6999037789582025e-05,1.3640127492537991e-07,2.641235316382372e-05,5.8329593740146475e-05,1.4277816047239423e-07,2.699016596311159e-05,5.9675405919376054e-05,1.4937594877613668e-07,2.7573461923464602e-05,6.10364699926579e-05,1.561996751771788e-07,2.8162216040395872e-05,6.241278157626849e-05,0.6499999999999999
1.0250403677379835e-07,2.3062024599945267e-05,5.0575249738645504e-05,1.076580937363342e-07,2.3606412629708878e-05,5.182946124656074e-05,1.1300402441018278e-07,2.4156434112418925e-05,5.309894991904826e-05,1.185465260372453e-07,2.4712063968389135e-05,5.438371166726093e-05,1.2429035225843665e-07,2.527327713021462e-05,5.568374235317062e-05,1.30240313094298e-07,2.5840048542872718e-05,5.6999037789582025e-05,1.3640127492537991e-07,2.641235316382372e-05,5.8329593740146475e-05,1.4277816047239423e-07,2.699016596311159e-05,5.9675405919376054e-05,1.4937594877613668e-07,2.7573461923464602e-05,6.10364699926579e-05,1.561996751771788e-07,2.8162216040395872e-05,6.241278157626849e-05,0.6499999999999999
1.0250403677379835e-07,2.3062024599945267e-05,5.0575249738645504e-05,1.076580937363342e-07,2.3606412629708878e-05,5.182946124656074e-05,1.1300402441018278e-07,2.4156434112418925e-05,5.309894991904826e-05,1.185465260372453e-07,2.4712063968389135e-05,5.438371166726093e-05,1.2429035225843665e-07,2.527327713021462e-05,5.568374235317062e-05,1.30240313094298e-07,2.5840048542872718e-05,5.6999037789582025e-05,1.3640127492537991e-07,2.641235316382372e-05,5.8329593740146475e-05,1.4277816047239423e-07,2.699016596311159e-05,5.9675405919376054e-05,1.4937594877613668e-07,2.7573461923464602e-05,6.10364699926579e-05,1.561996751771788e-07,2.8162216040395872e-05,6.241278157626849e-05,0.6499999999999999
1.0250403677379835e-07,2.3062024599945267e-05,5.0575249738645504e-05,1.076580937363342e-07,2.3606412629708878e-05,5.182946124656074e-05,1.1300402441018278e-07,2.4156434112418925e-05,5.309894991904826e-05,1.185465260372453e-07,2.4712063968389135e-05,5.438371166726093e-05,1.2429035225843665e-07,2.527327713021462e-05,5.568374235317062e-05,1.30240313094298e-07,2.5840048542872718e-05,5.6999037789582025e-05,1.3640127492537991e-07,2.641235316382372e-05,5.8329593740146475e-05,1.4277816047239423e-07,2.699016596311159e-05,5.9675405919376054e-05,1.4937594877613668e-07,2.7573461923464602e-05,6.10364699926579e-05,1.561996751771788e-07,2.8162216040395872e-05,6.241278157626849e-05,0.6499999999999999
1.0250403677379835e-07,2.3062024599945267e-05,5.0575249738645504e-05,1.076580937363342e-07,2.3606412629708878e-05,5.182946124656074e-05,1.1300402441018278e-07,2.4156434112418925e-05,5.309894991904826e-05,1.185465260372453e-07,2.4712063968389135e-05,5.438371166726093e-05,1.2429035225843665e-07,2.527327713021462e-05,5.568374235317062e-05,1.30240313094298e-07,2.5840048542872718e-05,5.6999037789582025e-05,1.3640127492537991e-07,2.641235316382372e-05,5.8329593740146475e-05,1.4277816047239423e-07,2.699016596311159e-05,5.9675405919376054e-05,1.4937594877613668e-07,2.7573461923464602e-05,6.10364699926579e-05,1.561996751771788e-07,2.8162216040395872e-05,6.241278157626849e-05,0.6499999999999999
1.0250403677379835e-07,2.3062024599945267e-05,5.0575249738645504e-05,1.076580937363342e-07,2.3606412629708878e-05,5.182946124656074e-05,1.1300402441018278e-07,2.4156434112418925e-05,5.309894991904826e-05,1.185465260372453e-07,2.4712063968389135e-05,5.438371166726093e-05,1.2429035225843665e-07,2.527327713021462e-05,5.568374235317062e-05,1.30240313094298e-07,2.5840048542872718e-05,5.6999037789582025e-05,1.3640127492537991e-07,2.641235316382372e-05,5.8329593740146475e-05,1.4277816047239423e-07,2.699016596311159e-05,5.9675405919376054e-05,1.4937594877613668e-07,2.7573461923464602e-05,6.10364699926579e-05,1.561996751771788e-07,2.8162216040395872e-05,6.241278157626849e-05,0.6499999999999999
1.0250403677379835e-07,2.3062024599945267e-05,5.0575249738645504e-05,1.076580937363342e-07,2.3606412629708878e-05,5.182946124656074e-05,1.1300402441018278e-07,2.4156434112418925e-05,5.309894991904826e-05,1.185465260372453e-07,2.4712063968389135e-05,5.438371166726093e-05,1.2429035225843665e-07,2.527327713021462e-05,5.568374235317062e-05,1.30240313094298e-07,2.5840048542872718e-05,5.6999037789582025e-05,1.3640127492537991e-07,2.641235316382372e-05,5.8329593740146475e-05,1.4277816047239423e-07,2.699016596311159e-05,5.9675405919376054e-05,1.4937594877613668e-07,2.7573461923464602e-05,6.10364699926579e-05,1.561996751771788e-07,2.8162216040395872e-05,6.241278157626849e-05,0.6499999999999999
1.0250403677379835e-07,2.3062024599945267e-05,5.0575249738645504e-05,1.076580937363342e-07,2.3606412629708878e-05,5.182946124656074e-05,1.1300402441018278e-07,2.4156434112418925e-05,5.309894991904826e-05,1.185465260372453e-07,2.4712063968389135e-05,5.438371166726093e-05,1.2429035225843665e-07,2.527327713021462e-05,5.568374235317062e-05,1.30240313094298e-07,2.5840048542872718e-05,5.6999037789582025e-05,1.3640127492537991e-07,2.641235316382372e-05,5.8329593740146475e-05,1.4277816047239423e-07,2.699016596311159e-05,5.9675405919376054e-05,1.4937594877613668e-07,2.7573461923464602e-05,6.10364699926579e-05,1.561996751771788e-07,2.8162216040395872e-05,6.241278157626849e-05,0.6499999999999999
1.0250403677379835e-07,2.3062024599945267e-05,5.0575249738645504e-05,1.076580937363342e-07,2.3606412629708878e-05,5.182946124656074e-05,1.1300402441018278e-07,2.4156434112418925e-05,5.309894991904826e-05,1.185465260372453e-07,2.4712063968389135e-05,5.438371166726093e-05,1.2429035225843665e-07,2.527327713021462e-05,5.568374235317062e-05,1.30240313094298e-07,2.5840048542872718e-05,5.6999037789582025e-05,1.3640127492537991e-07,2.641235316382372e-05,5.8329593740146475e-05,1.4277816047239423e-07,2.699016596311159e-05,5.9675405919376054e-05,1.4937594877613668e-07,2.7573461923464602e-05,6.10364699926579e-05,1.561996751771788e-07,2.8162216040395872e-05,6.241278157626849e-05,0.6499999999999999
1.0250403677379835e-07,2.3062024599945267e-05,5.0575249738645504e-05,1.076580937363342e-07,2.3606412629708878e-05,5.182946124656074e-05,1.1300402441018278e-07,2.4156434112418925e-05,5.309894991904826e-05,1.185465260372453e-07,2.4712063968389135e-05,5.438371166726093e-05,1.2429035225843665e-07,2.527327713021462e-05,5.568374235317062e-05,1.30240313094298e-07,2.5840048542872718e-05,5.6999037789582025e-05,1.3640127492537991e-07,2.641235316382372e-05,5.8329593740146475e-05,1.4277816047239423e-07,2.699016596311159e-05,5.9675405919376054e-05,1.4937594877613668e-07,2.7573461923464602e-05,6.10364699926579e-05,1.561996751771788e-07,2.8162216040395872e-05,6.241278157626849e-05,0.6499999999999999
1.0250403677379835e-07,2.3062024599945267e-05,5.0575249738645504e-05,1.076580937363342e-07,2.3606412629708878e-05,5.182946124656074e-05,1.1300402441018278e-07,2.4156434112418925e-05,5.309894991904826e-05,1.185465260372453e-07,2.4712063968389135e-05,5.438371166726093e-05,1.2429035225843665e-07,2.527327713021462e-05,5.568374235317062e-05,1.30240313094298e-07,2.5840048542872718e-05,5.6999037789582025e-05,1.3640127492537991e-07,2.641235316382372e-05,5.8329593740146475e-05,1.4277816047239423e-07,2.699016596311159e-05,5.9675405919376054e-05,1.4937594877613668e-07,2.7573461923464602e-05,6.10364699926579e-05,1.561996751771788e-07,2.8162216040395872e-05,6.241278157626849e-05,0.6499999999999999
1.0250403677379835e-07,2.3062024599945267e-05,5.0575249738645504e-05,1.076580937363342e-07,2.3606412629708878e-05,5.182946124656074e-05,1.1300402441018278e-07,2.4156434112418925e-05,5.309894991904826e-05,1.185465260372453e-07,2.4712063968389135e-05,5.438371166726093e-05,1.2429035225843665e-07,2.527327713021462e-05,5.568374235317062e-05,1.30240313094298e-07,2.5840048542872718e-05,5.6999037789582025e-05,1.3640127492537991e-07,2.641235316382372e-05,5.8329593740146475e-05,1.4277816047239423e-07,2.699016596311159e-05,5.9675405919376054e-05,1.4937594877613668e-07,2.7573461923464602e-05,6.10364699926579e-05,1.561996751771788e-07,2.8162216040395872e-05,6.241278157626849e-05,0.6499999999999999
1.0250403677379835e-07,2.3062024599945267e-05,5.0575249738645504e-05,1.076580937363342e-07,2.3606412629708878e-05,5.182946124656074e-05,1.1300402441018278e-07,2.4156434112418925e-05,5.309894991904826e-05,1.185465260372453e-07,2.4712063968389135e-05,5.438371166726093e-05,1.2429035225843665e-07,2.527327713021462e-05,5.568374235317062e-05,1.30240313094298e-07,2.5840048542872718e-05,5.6999037789582025e-05,1.3640127492537991e-07,2.641235316382372e-05,5.8329593740146475e-05,1.4277816047239423e-07,2.699016596311159e-05,5.9675405919376054e-05,1.4937594877613668e-07,2.7573461923464602e-05,6.10364699926579e-05,1.561996751771788e-07,2.8162216040395872e-05,6.241278157626849e-05,0.6499999999999999
1.0250403677379835e-07,2.3062024599945267e-05,5.0575249738645504e-05,1.076580937363342e-07,2.3606412629708878e-05,5.182946124656074e-05,1.1300402441018278e-07,2.4156434112418925e-05,5.309894991904826e-05,1.185465260372453e-07,2.4712063968389135e-05,5.438371166726093e-05,1.2429035225843665e-07,2.527327713021462e-05,5.568374235317062e-05,1.30240313094298e-07,2.5840048542872718e-05,5.6999037789582025e-05,1.3640127492537991e-07,2.641235316382372e-05,5.8329593740146475e-05,1.4277816047239423e-07,2.699016596311159e-05,5.9675405919376054e-05,1.4937594877613668e-07,2.7573461923464602e-05,6.10364699926579e-05,1.561996751771788e-07,2.8162216040395872e-05,6.241278157626849e-05,0.6499999999999999
1.0250403677379835e-07,2.3062024599945267e-05,5.0575249738645504e-05,1.076580937363342e-07,2.3606412629708878e-05,5.182946124656074e-05,1.1300402441018278e-07,2.4156434112418925e-05,5.309894991904826e-05,1.185465260372453e-07,2.4712063968389135e-05,5.438371166726093e-05,1.2429035225843665e-07,2.527327713021462e-05,5.568374235317062e-05,1.30240313094298e-07,2.5840048542872718e-05,5.6999037789582025e-05,1.3640127492537991e-07,2.641235316382372e-05,5.8329593740146475e-05,1.4277816047239423e-07,2.699016596311159e-05,5.9675405919376054e-05,1.4937594877613668e-07,2.7573461923464602e-05,6.10364699926579e-05,1.561996751771788e-07,2.8162216040395872e-05,6.241278157626849e-05,0.6499999999999999
1.0250403677379835e-07,2.3062024599945267e-05,5.0575249738645504e-05,1.076580937363342e-07,2.3606412629708878e-05,5.182946124656074e-05,1.1300402441018278e-07,2.4156434112418925e-05,5.309894991904826e-05,1.185465260372453e-07,2.4712063968389135e-05,5.438371166726093e-05,1.2429035225843665e-07,2.527327713021462e-05,5.568374235317062e-05,1.30240313094298e-07,2.5840048542872718e-05,5.6999037789582025e-05,1.3640127492537991e-07,2.641235316382372e-05,5.8329593740146475e-05,1.4277816047239423e-07,2.699016596311159e-05,5.9675405919376054e-05,1.4937594877613668e-07,2.7573461923464602e-05,6.10364699926579e-05,1.561996751771788e-07,2.8162216040395872e-05,6.241278157626849e-05,0.6499999999999999
1.0250403677379835e-07,2.3062024599945267e-05,5.0575249738645504e-05,1.076580937363342e-07,2.3606412629708878e-05,5.182946124656074e-05,1.1300402441018278e-07,2.4156434112418925e-05,5.309894991904826e-05,1.185465260372453e-07,2.4712063968389135e-05,5.438371166726093e-05,1.2429035225843665e-07,2.527327713021462e-05,5.568374235317062e-05,1.30240313094298e-07,2.5840048542872718e-05,5.6999037789582025e-05,1.3640127492537991e-07,2.641235316382372e-05,5.8329593740146475e-05,1.4277816047239423e-07,2.699016596311159e-05,5.9675405919376054e-05,1.4937594877613668e-07,2.7573461923464602e-05,6.10364699926579e-05,1.561996751771788e-07,2.8162216040395872e-05,6.241278157626849e-05,0.6499999999999999
1.0250403677379835e-07,2.3062024599945267e-05,5.0575249738645504e-05,1.076580937363342e-07,2.3606412629708878e-05,5.182946124656074e-05,1.1300402441018278e-07,2.4156434112418925e-05,5.309894991904826e-05,1.185465260372453e-07,2.4712063968389135e-05,5.438371166726093e-05,1.2429035225843665e-07,2.527327713021462e-05,5.568374235317062e-05,1.30240313094298e-07,2.5840048542872718e-05,5.6999037789582025e-05,1.3640127492537991e-07,2.641235316382372e-05,5.8329593740146475e-05,1.4277816047239423e-07,2.699016596311159e-05,5.9675405919376054e-05,1.4937594877613668e-07,2.7573461923464602e-05,6.10364699926579e-05,1.561996751771788e-07,2.8162216040395872e-05,6.241278157626849e-05,0.6499999999999999
1.0250403677379835e-07,2.3062024599945267e-05,5.0575249738645504e-05,1.076580937363342e-07,2.3606412629708878e-05,5.182946124656074e-05,1.1300402441018278e-07,2.4156434112418925e-05,5.309894991904826e-05,1.185465260372453e-07,2.4712063968389135e-05,5.438371166726093e-05,1.2429035225843665e-07,2.527327713021462e-05,5.568374235317062e-05,1.30240313094298e-07,2.5840048542872718e-05,5.6999037789582025e-05,1.3640127492537991e-07,2.641235316382372e-05,5.8329593740146475e-05,1.4277816047239423e-07,2.699016596311159e-05,5.9675405919376054e-05,1.4937594877613668e-07,2.7573461923464602e-05,6.10364699926579e-05,1.561996751771788e-07,2.8162216040395872e-05,6.241278157626849e-05,0.6499999999999999
1.0250403677379835e-07,2.3062024599945267e-05,5.0575249738645504e-05,1.076580937363342e-07,2.3606412629708878e-05,5.182946124656074e-05,1.1300402441018278e-07,2.4156434112418925e-05,5.309894991904826e-05,1.185465260372453e-07,2.4712063968389135e-05,5.438371166726093e-05,1.2429035225843665e-07,2.527327713021462e-05,5.568374235317062e-05,1.30240313094298e-07,2.5840048542872718e-05,5.6999037789582025e-05,1.3640127492537991e-07,2.641235316382372e-05,5.8329593740146475e-05,1.4277816047239423e-07,2.699016596311159e-05,5.9675405919376054e-05,1.4937594877613668e-07,2.7573461923464602e-05,6.10364699926579e-05,1.561996751771788e-07,2.8162216040395872e-05,6.241278157626849e-05,0.6499999999999999
1.0250403677379835e-07,2.3062024599945267e-05,5.0575249738645504e-05,1.076580937363342e-07,2.3606412629708878e-05,5.182946124656074e-05,1.1300402441018278e-07,2.4156434112418925e-05,5.309894991904826e-05,1.185465260372453e-07,2.4712063968389135e-05,5.438371166726093e-05,1.2429035225843665e-07,2.527327713021462e-05,5.568374235317062e-05,1.30240313094298e-07,2.5840048542872718e-05,5.6999037789582025e-05,1.3640127492537991e-07,2.641235316382372e-05,5.8329593740146475e-05,1.4277816047239423e-07,2.699016596311159e-05,5.9675405919376054e-05,1.4937594877613668e-07,2.7573461923464602e-05,6.10364699926579e-05,1.561996751771788e-07,2.8162216040395872e-05,6.241278157626849e-05,0.6499999999999999
1.0250403677379835e-07,2.3062024599945267e-05,5.0575249738645504e-05,1.076580937363342e-07,2.3606412629708878e-05,5.182946124656074e-05,1.1300402441018278e-07,2.4156434112418925e-05,5.309894991904826e-05,1.185465260372453e-07,2.4712063968389135e-05,5.438371166726093e-05,1.2429035225843665e-07,2.527327713021462e-05,5.568374235317062e-05,1.30240313094298e-07,2.5840048542872718e-05,5.6999037789582025e-05,1.3640127492537991e-07,2.641235316382372e-05,5.8329593740146475e-05,1.4277816047239423e-07,2.699016596311159e-05,5.9675405919376054e-05,1.4937594877613668e-07,2.7573461923464602e-05,6.10364699926579e-05,1.561996751771788e-07,2.8162216040395872e-05,6.241278157626849e-05,0.6499999999999999
1.0250403677379835e-07,2.3062024599945267e-05,5.0575249738645504e-05,1.076580937363342e-07,2.3606412629708878e-05,5.182946124656074e-05,1.1300402441018278e-07,2.4156434112418925e-05,5.309894991904826e-05,1.185465260372453e-07,2.4712063968389135e-05,5.438371166726093e-05,1.2429035225843665e-07,2.527327713021462e-05,5.568374235317062e-05,1.30240313094298e-07,2.5840048542872718e-05,5.6999037789582025e-05,1.3640127492537991e-07,2.641235316382372e-05,5.8329593740146475e-05,1.4277816047239423e-07,2.699016596311159e-05,5.9675405919376054e-05,1.4937594877613668e-07,2.7573461923464602e-05,6.10364699926579e-05,1.561996751771788e-07,2.8162216040395872e-05,6.241278157626849e-05,0.6499999999999999
1.0250403677379835e-07,2.3062024599945267e-05,5.0575249738645504e-05,1.076580937363342e-07,2.3606412629708878e-05,5.182946124656074e-05,1.1300402441018278e-07,2.4156434112418925e-05,5.309894991904826e-05,1.185465260372453e-07,2.4712063968389135e-05,5.438371166726093e-05,1.2429035225843665e-07,2.527327713021462e-05,5.568374235317062e-05,1.30240313094298e-07,2.5840048542872718e-05,5.6999037789582025e-05,1.3640127492537991e-07,2.641235316382372e-05,5.8329593740146475e-05,1.4277816047239423e-07,2.699016596311159e-05,5.9675405919376054e-05,1.4937594877613668e-07,2.7573461923464602e-05,6.10364699926579e-05,1.561996751771788e-07,2.8162216040395872e-05,6.241278157626849e-05,0.6499999999999999
1.0250403677379835e-07,2.3062024599945267e-05,5.0575249738645504e-05,1.076580937363342e-07,2.3606412629708878e-05,5.182946124656074e-05,1.1300402441018278e-07,2.4156434112418925e-05,5.309894991904826e-05,1.185465260372453e-07,2.4712063968389135e-05,5.438371166726093e-05,1.2429035225843665e-07,2.527327713021462e-05,5.568374235317062e-05,1.30240313094298e-07,2.5840048542872718e-05,5.6999037789582025e-05,1.3640127492537991e-07,2.641235316382372e-05,5.8329593740146475e-05,1.4277816047239423e-07,2.699016596311159e-05,5.9675405919376054e-05,1.4937594877613668e-07,2.7573461923464602e-05,6.10364699926579e-05,1.561996751771788e-07,2.8162216040395872e-05,6.241278157626849e-05,0.6499999999999999
1.0250403677379835e-07,2.3062024599945267e-05,5.0575249738645504e-05,1.076580937363342e-07,2.3606412629708878e-05,5.182946124656074e-05,1.1300402441018278e-07,2.4156434112418925e-05,5.309894991904826e-05,1.185465260372453e-07,2.4712063968389135e-05,5.438371166726093e-05,1.2429035225843665e-07,2.527327713021462e-05,5.568374235317062e-05,1.30240313094298e-07,2.5840048542872718e-05,5.6999037789582025e-05,1.3640127492537991e-07,2.641235316382372e-05,5.8329593740146475e-05,1.4277816047239423e-07,2.699016596311159e-05,5.9675405919376054e-05,1.4937594877613668e-07,2.7573461923464602e-05,6.10364699926579e-05,1.561996751771788e-07,2.8162216040395872e-05,6.241278157626849e-05,0.6499999999999999
1.0250403677379835e-07,2.3062024599945267e-05,5.0575249738645504e-05,1.076580937363342e-07,2.3606412629708878e-05,5.182946124656074e-05,1.1300402441018278e-07,2.4156434112418925e-05,5.309894991904826e-05,1.185465260372453e-07,2.4712063968389135e-05,5.438371166726093e-05,1.2429035225843665e-07,2.527327713021462e-05,5.568374235317062e-05,1.30240313094298e-07,2.5840048542872718e-05,5.6999037789582025e-05,1.3640127492537991e-07,2.641235316382372e-05,5.8329593740146475e-05,1.4277816047239423e-07,2.699016596311159e-05,5.9675405919376054e-05,1.4937594877613668e-07,2.7573461923464602e-05,6.10364699926579e-05,1.561996751771788e-07,2.8162216040395872e-05,6.241278157626849e-05,0.6499999999999999
1.0250403677379835e-07,2.3062024599945267e-05,5.0575249738645504e-05,1.076580937363342e-07,2.3606412629708878e-05,5.182946124656074e-05,1.1300402441018278e-07,2.4156434112418925e-05,5.309894991904826e-05,1.185465260372453e-07,2.4712063968389135e-05,5.438371166726093e-05,1.2429035225843665e-07,2.527327713021462e-05,5.568374235317062e-05,1.30240313094298e-07,2.5840048542872718e-05,5.6999037789582025e-05,1.3640127492537991e-07,2.641235316382372e-05,5.8329593740146475e-05,1.4277816047239423e-07,2.699016596311159e-05,5.9675405919376054e-05,1.4937594877613668e-07,2.7573461923464602e-05,6.10364699926579e-05,1.561996751771788e-07,2.8162216040395872e-05,6.241278157626849e-05,0.6499999999999999
1.0250403677379835e-07,2.3062024599945267e-05,5.0575249738645504e-05,1.076580937363342e-07,2.3606412629708878e-05,5.182946124656074e-05,1.1300402441018278e-07,2.4156434112418925e-05,5.309894991904826e-05,1.185465260372453e-07,2.4712063968389135e-05,5.438371166726093e-05,1.2429035225843665e-07,2.527327713021462e-05,5.568374235317062e-05,1.30240313094298e-07,2.5840048542872718e-05,5.6999037789582025e-05,1.3640127492537991e-07,2.641235316382372e-05,5.8329593740146475e-05,1.4277816047239423e-07,2.699016596311159e-05,5.9675405919376054e-05,1.4937594877613668e-07,2.7573461923464602e-05,6.10364699926579e-05,1.561996751771788e-07,2.8162216040395872e-05,6.241278157626849e-05,0.6499999999999999
1.0250403677379835e-07,2.3062024599945267e-05,5.0575249738645504e-05,1.076580937363342e-07,2.3606412629708878e-05,5.182946124656074e-05,1.1300402441018278e-07,2.4156434112418925e-05,5.309894991904826e-05,1.185465260372453e-07,2.4712063968389135e-05,5.438371166726093e-05,1.2429035225843665e-07,2.527327713021462e-05,5.568374235317062e-05,1.30240313094298e-07,2.5840048542872718e-05,5.6999037789582025e-05,1.3640127492537991e-07,2.641235316382372e-05,5.8329593740146475e-05,1.4277816047239423e-07,2.699016596311159e-05,5.9675405919376054e-05,1.4937594877613668e-07,2.7573461923464602e-05,6.10364699926579e-05,1.561996751771788e-07,2.8162216040395872e-05,6.241278157626849e-05,0.6499999999999999
1.0250403677379835e-07,2.3062024599945267e-05,5.0575249738645504e-05,1.076580937363342e-07,2.3606412629708878e-05,5.182946124656074e-05,1.1300402441018278e-07,2.4156434112418925e-05,5.309894991904826e-05,1.185465260372453e-07,2.4712063968389135e-05,5.438371166726093e-05,1.2429035225843665e-07,2.527327713021462e-05,5.568374235317062e-05,1.30240313094298e-07,2.5840048542872718e-05,5.6999037789582025e-05,1.3640127492537991e-07,2.641235316382372e-05,5.8329593740146475e-05,1.4277816047239423e-07,2.699016596311159e-05,5.9675405919376054e-05,1.4937594877613668e-07,2.7573461923464602e-05,6.10364699926579e-05,1.561996751771788e-07,2.8162216040395872e-05,6.241278157626849e-05,0.6499999999999999
1.0250403677379835e-07,2.3062024599945267e-05,5.0575249738645504e-05,1.076580937363342e-07,2.3606412629708878e-05,5.182946124656074e-05,1.1300402441018278e-07,2.4156434112418925e-05,5.309894991904826e-05,1.185465260372453e-07,2.4712063968389135e-05,5.438371166726093e-05,1.2429035225843665e-07,2.527327713021462e-05,5.568374235317062e-05,1.30240313094298e-07,2.5840048542872718e-05,5.6999037789582025e-05,1.3640127492537991e-07,2.641235316382372e-05,5.8329593740146475e-05,1.4277816047239423e-07,2.699016596311159e-05,5.9675405919376054e-05,1.4937594877613668e-07,2.7573461923464602e-05,6.10364699926579e-05,1.561996751771788e-07,2.8162216040395872e-05,6.241278157626849e-05,0.6499999999999999
1.0250403677379835e-07,2.3062024599945267e-05,5.0575249738645504e-05,1.076580937363342e-07,2.3606412629708878e-05,5.182946124656074e-05,1.1300402441018278e-07,2.4156434112418925e-05,5.309894991904826e-05,1.185465260372453e-07,2.4712063968389135e-05,5.438371166726093e-05,1.2429035225843665e-07,2.527327713021462e-05,5.568374235317062e-05,1.30240313094298e-07,2.5840048542872718e-05,5.6999037789582025e-05,1.3640127492537991e-07,2.641235316382372e-05,5.8329593740146475e-05,1.4277816047239423e-07,2.699016596311159e-05,5.9675405919376054e-05,1.4937594877613668e-07,2.7573461923464602e-05,6.10364699926579e-05,1.561996751771788e-07,2.8162216040395872e-05,6.241278157626849e-05,0.6499999999999999
1.0250403677379835e-07,2.3062024599945267e-05,5.0575249738645504e-05,1.076580937363342e-07,2.3606412629708878e-05,5.182946124656074e-05,1.1300402441018278e-07,2.4156434112418925e-05,5.309894991904826e-05,1.185465260372453e-07,2.4712063968389135e-05,5.438371166726093e-05,1.2429035225843665e-07,2.527327713021462e-05,5.568374235317062e-05,1.30240313094298e-07,2.5840048542872718e-05,5.6999037789582025e-05,1.3640127492537991e-07,2.641235316382372e-05,5.8329593740146475e-05,1.4277816047239423e-07,2.699016596311159e-05,5.9675405919376054e-05,1.4937594877613668e-07,2.7573461923464602e-05,6.10364699926579e-05,1.561996751771788e-07,2.8162216040395872e-05,6.241278157626849e-05,0.6499999999999999
1.0250403677379835e-07,2.3062024599945267e-05,5.0575249738645504e-05,1.076580937363342e-07,2.3606412629708878e-05,5.182946124656074e-05,1.1300402441018278e-07,2.4156434112418925e-05,5.309894991904826e-05,1.185465260372453e-07,2.4712063968389135e-05,5.438371166726093e-05,1.2429035225843665e-07,2.527327713021462e-05,5.568374235317062e-05,1.30240313094298e-07,2.5840048542872718e-05,5.6999037789582025e-05,1.3640127492537991e-07,2.641235316382372e-05,5.8329593740146475e-05,1.4277816047239423e-07,2.699016596311159e-05,5.9675405919376054e-05,1.4937594877613668e-07,2.7573461923464602e-05,6.10364699926579e-05,1.561996751771788e-07,2.8162216040395872e-05,6.241278157626849e-05,0.6499999999999999
1.0250403677379835e-07,2.3062024599945267e-05,5.0575249738645504e-05,1.076580937363342e-07,2.3606412629708878e-05,5.182946124656074e-05,1.1300402441018278e-07,2.4156434112418925e-05,5.309894991904826e-05,1.185465260372453e-07,2.4712063968389135e-05,5.438371166726093e-05,1.2429035225843665e-07,2.527327713021462e-05,5.568374235317062e-05,1.30240313094298e-07,2.5840048542872718e-05,5.6999037789582025e-05,1.3640127492537991e-07,2.641235316382372e-05,5.8329593740146475e-05,1.4277816047239423e-07,2.699016596311159e-05,5.9675405919376054e-05,1.4937594877613668e-07,2.7573461923464602e-05,6.10364699926579e-05,1.561996751771788e-07,2.8162216040395872e-05,6.241278157626849e-05,0.6499999999999999
1.0250403677379835e-07,2.3062024599945267e-05,5.0575249738645504e-05,1.076580937363342e-07,2.3606412629708878e-05,5.182946124656074e-05,1.1300402441018278e-07,2.4156434112418925e-05,5.309894991904826e-05,1.185465260372453e-07,2.4712063968389135e-05,5.438371166726093e-05,1.2429035225843665e-07,2.527327713021462e-05,5.568374235317062e-05,1.30240313094298e-07,2.5840048542872718e-05,5.6999037789582025e-05,1.3640127492537991e-07,2.641235316382372e-05,5.8329593740146475e-05,1.4277816047239423e-07,2.699016596311159e-05,5.9675405919376054e-05,1.4937594877613668e-07,2.7573461923464602e-05,6.10364699926579e-05,1.561996751771788e-07,2.8162216040395872e-05,6.241278157626849e-05,0.6499999999999999
1.0250403677379835e-07,2.3062024599945267e-05,5.0575249738645504e-05,1.076580937363342e-07,2.3606412629708878e-05,5.182946124656074e-05,1.1300402441018278e-07,2.4156434112418925e-05,5.309894991904826e-05,1.185465260372453e-07,2.4712063968389135e-05,5.438371166726093e-05,1.2429035225843665e-07,2.527327713021462e-05,5.568374235317062e-05,1.30240313094298e-07,2.5840048542872718e-05,5.6999037789582025e-05,1.3640127492537991e-07,2.641235316382372e-05,5.8329593740146475e-05,1.4277816047239423e-07,2.699016596311159e-05,5.9675405919376054e-05,1.4937594877613668e-07,2.7573461923464602e-05,6.10364699926579e-05,1.561996751771788e-07,2.8162216040395872e-05,6.241278157626849e-05,0.6499999999999999
1.0250403677379835e-07,2.3062024599945267e-05,5.0575249738645504e-05,1.076580937363342e-07,2.3606412629708878e-05,5.182946124656074e-05,1.1300402441018278e-07,2.4156434112418925e-05,5.309894991904826e-05,1.185465260372453e-07,2.4712063968389135e-05,5.438371166726093e-05,1.2429035225843665e-07,2.527327713021462e-05,5.568374235317062e-05,1.30240313094298e-07,2.5840048542872718e-05,5.6999037789582025e-05,1.3640127492537991e-07,2.641235316382372e-05,5.8329593740146475e-05,1.4277816047239423e-07,2.699016596311159e-05,5.9675405919376054e-05,1.4937594877613668e-07,2.7573461923464602e-05,6.10364699926579e-05,1.561996751771788e-07,2.8162216040395872e-05,6.241278157626849e-05,0.6499999999999999
1.0250403677379835e-07,2.3062024599945267e-05,5.0575249738645504e-05,1.076580937363342e-07,2.3606412629708878e-05,5.182946124656074e-05,1.1300402441018278e-07,2.4156434112418925e-05,5.309894991904826e-05,1.185465260372453e-07,2.4712063968389135e-05,5.438371166726093e-05,1.2429035225843665e-07,2.527327713021462e-05,5.568374235317062e-05,1.30240313094298e-07,2.5840048542872718e-05,5.6999037789582025e-05,1.3640127492537991e-07,2.641235316382372e-05,5.8329593740146475e-05,1.4277816047239423e-07,2.699016596311159e-05,5.9675405919376054e-05,1.4937594877613668e-07,2.7573461923464602e-05,6.10364699926579e-05,1.561996751771788e-07,2.8162216040395872e-05,6.241278157626849e-05,0.6499999999999999
1.0250403677379835e-07,2.3062024599945267e-05,5.0575249738645504e-05,1.076580937363342e-07,2.3606412629708878e-05,5.182946124656074e-05,1.1300402441018278e-07,2.4156434112418925e-05,5.309894991904826e-05,1.185465260372453e-07,2.4712063968389135e-05,5.438371166726093e-05,1.2429035225843665e-07,2.527327713021462e-05,5.568374235317062e-05,1.30240313094298e-07,2.5840048542872718e-05,5.6999037789582025e-05,1.3640127492537991e-07,2.641235316382372e-05,5.8329593740146475e-05,1.4277816047239423e-07,2.699016596311159e-05,5.9675405919376054e-05,1.4937594877613668e-07,2.7573461923464602e-05,6.10364699926579e-05,1.561996751771788e-07,2.8162216040395872e-05,6.241278157626849e-05,0.6499999999999999
1.0250403677379835e-07,2.3062024599945267e-05,5.0575249738645504e-05,1.076580937363342e-07,2.3606412629708878e-05,5.182946124656074e-05,1.1300402441018278e-07,2.4156434112418925e-05,5.309894991904826e-05,1.185465260372453e-07,2.4712063968389135e-05,5.438371166726093e-05,1.2429035225843665e-07,2.527327713021462e-05,5.568374235317062e-05,1.30240313094298e-07,2.5840048542872718e-05,5.6999037789582025e-05,1.3640127492537991e-07,2.641235316382372e-05,5.8329593740146475e-05,1.4277816047239423e-07,2.699016596311159e-05,5.9675405919376054e-05,1.4937594877613668e-07,2.7573461923464602e-05,6.10364699926579e-05,1.561996751771788e-07,2.8162216040395872e-05,6.241278157626849e-05,0.6499999999999999
1.0250403677379835e-07,2.3062024599945267e-05,5.0575249738645504e-05,1.076580937363342e-07,2.3606412629708878e-05,5.182946124656074e-05,1.1300402441018278e-07,2.4156434112418925e-05,5.309894991904826e-05,1.185465260372453e-07,2.4712063968389135e-05,5.438371166726093e-05,1.2429035225843665e-07,2.527327713021462e-05,5.568374235317062e-05,1.30240313094298e-07,2.5840048542872718e-05,5.6999037789582025e-05,1.3640127492537991e-07,2.641235316382372e-05,5.8329593740146475e-05,1.4277816047239423e-07,2.699016596311159e-05,5.9675405919376054e-05,1.4937594877613668e-07,2.7573461923464602e-05,6.10364699926579e-05,1.561996751771788e-07,2.8162216040395872e-05,6.241278157626849e-05,0.6499999999999999
1.0250403677379835e-07,2.3062024599945267e-05,5.0575249738645504e-05,1.076580937363342e-07,2.3606412629708878e-05,5.182946124656074e-05,1.1300402441018278e-07,2.4156434112418925e-05,5.309894991904826e-05,1.185465260372453e-07,2.4712063968389135e-05,5.438371166726093e-05,1.2429035225843665e-07,2.527327713021462e-05,5.568374235317062e-05,1.30240313094298e-07,2.5840048542872718e-05,5.6999037789582025e-05,1.3640127492537991e-07,2.641235316382372e-05,5.8329593740146475e-05,1.4277816047239423e-07,2.699016596311159e-05,5.9675405919376054e-05,1.4937594877613668e-07,2.7573461923464602e-05,6.10364699926579e-05,1.561996751771788e-07,2.8162216040395872e-05,6.241278157626849e-05,0.6499999999999999
1.0250403677379835e-07,2.3062024599945267e-05,5.0575249738645504e-05,1.076580937363342e-07,2.3606412629708878e-05,5.182946124656074e-05,1.1300402441018278e-07,2.4156434112418925e-05,5.309894991904826e-05,1.185465260372453e-07,2.4712063968389135e-05,5.438371166726093e-05,1.2429035225843665e-07,2.527327713021462e-05,5.568374235317062e-05,1.30240313094298e-07,2.5840048542872718e-05,5.6999037789582025e-05,1.3640127492537991e-07,2.641235316382372e-05,5.8329593740146475e-05,1.4277816047239423e-07,2.699016596311159e-05,5.9675405919376054e-05,1.4937594877613668e-07,2.7573461923464602e-05,6.10364699926579e-05,1.561996751771788e-07,2.8162216040395872e-05,6.241278157626849e-05,0.6499999999999999
1.0250403677379835e-07,2.3062024599945267e-05,5.0575249738645504e-05,1.076580937363342e-07,2.3606412629708878e-05,5.182946124656074e-05,1.1300402441018278e-07,2.4156434112418925e-05,5.309894991904826e-05,1.185465260372453e-07,2.4712063968389135e-05,5.438371166726093e-05,1.2429035225843665e-07,2.527327713021462e-05,5.568374235317062e-05,1.30240313094298e-07,2.5840048542872718e-05,5.6999037789582025e-05,1.3640127492537991e-07,2.641235316382372e-05,5.8329593740146475e-05,1.4277816047239423e-07,2.699016596311159e-05,5.9675405919376054e-05,1.4937594877613668e-07,2.7573461923464602e-05,6.10364699926579e-05,1.561996751771788e-07,2.8162216040395872e-05,6.241278157626849e-05,0.6499999999999999
1.0250403677379835e-07,2.3062024599945267e-05,5.0575249738645504e-05,1.076580937363342e-07,2.3606412629708878e-05,5.182946124656074e-05,1.1300402441018278e-07,2.4156434112418925e-05,5.309894991904826e-05,1.185465260372453e-07,2.4712063968389135e-05,5.438371166726093e-05,1.2429035225843665e-07,2.527327713021462e-05,5.568374235317062e-05,1.30240313094298e-07,2.5840048542872718e-05,5.6999037789582025e-05,1.3640127492537991e-07,2.641235316382372e-05,5.8329593740146475e-05,1.4277816047239423e-07,2.699016596311159e-05,5.9675405919376054e-05,1.4937594877613668e-07,2.7573461923464602e-05,6.10364699926579e-05,1.561996751771788e-07,2.8162216040395872e-05,6.241278157626849e-05,0.6499999999999999
1.0250403677379835e-07,2.3062024599945267e-05,5.0575249738645504e-05,1.076580937363342e-07,2.3606412629708878e-05,5.182946124656074e-05,1.1300402441018278e-07,2.4156434112418925e-05,5.309894991904826e-05,1.185465260372453e-07,2.4712063968389135e-05,5.438371166726093e-05,1.2429035225843665e-07,2.527327713021462e-05,5.568374235317062e-05,1.30240313094298e-07,2.5840048542872718e-05,5.6999037789582025e-05,1.3640127492537991e-07,2.641235316382372e-05,5.8329593740146475e-05,1.4277816047239423e-07,2.699016596311159e-05,5.9675405919376054e-05,1.4937594877613668e-07,2.7573461923464602e-05,6.10364699926579e-05,1.561996751771788e-07,2.8162216040395872e-05,6.241278157626849e-05,0.6499999999999999
1.0250403677379835e-07,2.3062024599945267e-05,5.0575249738645504e-05,1.076580937363342e-07,2.3606412629708878e-05,5.182946124656074e-05,1.1300402441018278e-07,2.4156434112418925e-05,5.309894991904826e-05,1.185465260372453e-07,2.4712063968389135e-05,5.438371166726093e-05,1.2429035225843665e-07,2.527327713021462e-05,5.568374235317062e-05,1.30240313094298e-07,2.5840048542872718e-05,5.6999037789582025e-05,1.3640127492537991e-07,2.641235316382372e-05,5.8329593740146475e-05,1.4277816047239423e-07,2.699016596311159e-05,5.9675405919376054e-05,1.4937594877613668e-07,2.7573461923464602e-05,6.10364699926579e-05,1.561996751771788e-07,2.8162216040395872e-05,6.241278157626849e-05,0.6499999999999999
1.0250403677379835e-07,2.3062024599945267e-05,5.0575249738645504e-05,1.076580937363342e-07,2.3606412629708878e-05,5.182946124656074e-05,1.1300402441018278e-07,2.4156434112418925e-05,5.309894991904826e-05,1.185465260372453e-07,2.4712063968389135e-05,5.438371166726093e-05,1.2429035225843665e-07,2.527327713021462e-05,5.568374235317062e-05,1.30240313094298e-07,2.5840048542872718e-05,5.6999037789582025e-05,1.3640127492537991e-07,2.641235316382372e-05,5.8329593740146475e-05,1.4277816047239423e-07,2.699016596311159e-05,5.9675405919376054e-05,1.4937594877613668e-07,2.7573461923464602e-05,6.10364699926579e-05,1.561996751771788e-07,2.8162216040395872e-05,6.241278157626849e-05,0.6499999999999999
1.0250403677379835e-07,2.3062024599945267e-05,5.0575249738645504e-05,1.076580937363342e-07,2.3606412629708878e-05,5.182946124656074e-05,1.1300402441018278e-07,2.4156434112418925e-05,5.309894991904826e-05,1.185465260372453e-07,2.4712063968389135e-05,5.438371166726093e-05,1.2429035225843665e-07,2.527327713021462e-05,5.568374235317062e-05,1.30240313094298e-07,2.5840048542872718e-05,5.6999037789582025e-05,1.3640127492537991e-07,2.641235316382372e-05,5.8329593740146475e-05,1.4277816047239423e-07,2.699016596311159e-05,5.9675405919376054e-05,1.4937594877613668e-07,2.7573461923464602e-05,6.10364699926579e-05,1.561996751771788e-07,2.8162216040395872e-05,6.241278157626849e-05,0.6499999999999999
1.0250403677379835e-07,2.3062024599945267e-05,5.0575249738645504e-05,1.076580937363342e-07,2.3606412629708878e-05,5.182946124656074e-05,1.1300402441018278e-07,2.4156434112418925e-05,5.309894991904826e-05,1.185465260372453e-07,2.4712063968389135e-05,5.438371166726093e-05,1.2429035225843665e-07,2.527327713021462e-05,5.568374235317062e-05,1.30240313094298e-07,2.5840048542872718e-05,5.6999037789582025e-05,1.3640127492537991e-07,2.641235316382372e-05,5.8329593740146475e-05,1.4277816047239423e-07,2.699016596311159e-05,5.9675405919376054e-05,1.4937594877613668e-07,2.7573461923464602e-05,6.10364699926579e-05,1.561996751771788e-07,2.8162216040395872e-05,6.241278157626849e-05,0.6499999999999999
1.0250403677379835e-07,2.3062024599945267e-05,5.0575249738645504e-05,1.076580937363342e-07,2.3606412629708878e-05,5.182946124656074e-05,1.1300402441018278e-07,2.4156434112418925e-05,5.309894991904826e-05,1.185465260372453e-07,2.4712063968389135e-05,5.438371166726093e-05,1.2429035225843665e-07,2.527327713021462e-05,5.568374235317062e-05,1.30240313094298e-07,2.5840048542872718e-05,5.6999037789582025e-05,1.3640127492537991e-07,2.641235316382372e-05,5.8329593740146475e-05,1.4277816047239423e-07,2.699016596311159e-05,5.9675405919376054e-05,1.4937594877613668e-07,2.7573461923464602e-05,6.10364699926579e-05,1.561996751771788e-07,2.8162216040395872e-05,6.241278157626849e-05,0.6499999999999999
1.0250403677379835e-07,2.3062024599945267e-05,5.0575249738645504e-05,1.076580937363342e-07,2.3606412629708878e-05,5.182946124656074e-05,1.1300402441018278e-07,2.4156434112418925e-05,5.309894991904826e-05,1.185465260372453e-07,2.4712063968389135e-05,5.438371166726093e-05,1.2429035225843665e-07,2.527327713021462e-05,5.568374235317062e-05,1.30240313094298e-07,2.5840048542872718e-05,5.6999037789582025e-05,1.3640127492537991e-07,2.641235316382372e-05,5.8329593740146475e-05,1.4277816047239423e-07,2.699016596311159e-05,5.9675405919376054e-05,1.4937594877613668e-07,2.7573461923464602e-05,6.10364699926579e-05,1.561996751771788e-07,2.8162216040395872e-05,6.241278157626849e-05,0.6499999999999999
1.0250403677379835e-07,2.3062024599945267e-05,5.0575249738645504e-05,1.076580937363342e-07,2.3606412629708878e-05,5.182946124656074e-05,1.1300402441018278e-07,2.4156434112418925e-05,5.309894991904826e-05,1.185465260372453e-07,2.4712063968389135e-05,5.438371166726093e-05,1.2429035225843665e-07,2.527327713021462e-05,5.568374235317062e-05,1.30240313094298e-07,2.5840048542872718e-05,5.6999037789582025e-05,1.3640127492537991e-07,2.641235316382372e-05,5.8329593740146475e-05,1.4277816047239423e-07,2.699016596311159e-05,5.9675405919376054e-05,1.4937594877613668e-07,2.7573461923464602e-05,6.10364699926579e-05,1.561996751771788e-07,2.8162216040395872e-05,6.241278157626849e-05,0.6499999999999999
1.0250403677379835e-07,2.3062024599945267e-05,5.0575249738645504e-05,1.076580937363342e-07,2.3606412629708878e-05,5.182946124656074e-05,1.1300402441018278e-07,2.4156434112418925e-05,5.309894991904826e-05,1.185465260372453e-07,2.4712063968389135e-05,5.438371166726093e-05,1.2429035225843665e-07,2.527327713021462e-05,5.568374235317062e-05,1.30240313094298e-07,2.5840048542872718e-05,5.6999037789582025e-05,1.3640127492537991e-07,2.641235316382372e-05,5.8329593740146475e-05,1.4277816047239423e-07,2.699016596311159e-05,5.9675405919376054e-05,1.4937594877613668e-07,2.7573461923464602e-05,6.10364699926579e-05,1.561996751771788e-07,2.8162216040395872e-05,6.241278157626849e-05,0.6499999999999999
1.0250403677379835e-07,2.3062024599945267e-05,5.0575249738645504e-05,1.076580937363342e-07,2.3606412629708878e-05,5.182946124656074e-05,1.1300402441018278e-07,2.4156434112418925e-05,5.309894991904826e-05,1.185465260372453e-07,2.4712063968389135e-05,5.438371166726093e-05,1.2429035225843665e-07,2.527327713021462e-05,5.568374235317062e-05,1.30240313094298e-07,2.5840048542872718e-05,5.6999037789582025e-05,1.3640127492537991e-07,2.641235316382372e-05,5.8329593740146475e-05,1.4277816047239423e-07,2.699016596311159e-05,5.9675405919376054e-05,1.4937594877613668e-07,2.7573461923464602e-05,6.10364699926579e-05,1.561996751771788e-07,2.8162216040395872e-05,6.241278157626849e-05,0.6499999999999999
1.0250403677379835e-07,2.3062024599945267e-05,5.0575249738645504e-05,1.076580937363342e-07,2.3606412629708878e-05,5.182946124656074e-05,1.1300402441018278e-07,2.4156434112418925e-05,5.309894991904826e-05,1.185465260372453e-07,2.4712063968389135e-05,5.438371166726093e-05,1.2429035225843665e-07,2.527327713021462e-05,5.568374235317062e-05,1.30240313094298e-07,2.5840048542872718e-05,5.6999037789582025e-05,1.3640127492537991e-07,2.641235316382372e-05,5.8329593740146475e-05,1.4277816047239423e-07,2.699016596311159e-05,5.9675405919376054e-05,1.4937594877613668e-07,2.7573461923464602e-05,6.10364699926579e-05,1.561996751771788e-07,2.8162216040395872e-05,6.241278157626849e-05,0.6499999999999999
1.0250403677379835e-07,2.3062024599945267e-05,5.0575249738645504e-05,1.076580937363342e-07,2.3606412629708878e-05,5.182946124656074e-05,1.1300402441018278e-07,2.4156434112418925e-05,5.309894991904826e-05,1.185465260372453e-07,2.4712063968389135e-05,5.438371166726093e-05,1.2429035225843665e-07,2.527327713021462e-05,5.568374235317062e-05,1.30240313094298e-07,2.5840048542872718e-05,5.6999037789582025e-05,1.3640127492537991e-07,2.641235316382372e-05,5.8329593740146475e-05,1.4277816047239423e-07,2.699016596311159e-05,5.9675405919376054e-05,1.4937594877613668e-07,2.7573461923464602e-05,6.10364699926579e-05,1.561996751771788e-07,2.8162216040395872e-05,6.241278157626849e-05,0.6499999999999999
1.0250403677379835e-07,2.3062024599945267e-05,5.0575249738645504e-05,1.076580937363342e-07,2.3606412629708878e-05,5.182946124656074e-05,1.1300402441018278e-07,2.4156434112418925e-05,5.309894991904826e-05,1.185465260372453e-07,2.4712063968389135e-05,5.438371166726093e-05,1.2429035225843665e-07,2.527327713021462e-05,5.568374235317062e-05,1.30240313094298e-07,2.5840048542872718e-05,5.6999037789582025e-05,1.3640127492537991e-07,2.641235316382372e-05,5.8329593740146475e-05,1.4277816047239423e-07,2.699016596311159e-05,5.9675405919376054e-05,1.4937594877613668e-07,2.7573461923464602e-05,6.10364699926579e-05,1.561996751771788e-07,2.8162216040395872e-05,6.241278157626849e-05,0.6499999999999999
1.0250403677379835e-07,2.3062024599945267e-05,5.0575249738645504e-05,1.076580937363342e-07,2.3606412629708878e-05,5.182946124656074e-05,1.1300402441018278e-07,2.4156434112418925e-05,5.309894991904826e-05,1.185465260372453e-07,2.4712063968389135e-05,5.438371166726093e-05,1.2429035225843665e-07,2.527327713021462e-05,5.568374235317062e-05,1.30240313094298e-07,2.5840048542872718e-05,5.6999037789582025e-05,1.3640127492537991e-07,2.641235316382372e-05,5.8329593740146475e-05,1.4277816047239423e-07,2.699016596311159e-05,5.9675405919376054e-05,1.4937594877613668e-07,2.7573461923464602e-05,6.10364699926579e-05,1.561996751771788e-07,2.8162216040395872e-05,6.241278157626849e-05,0.6499999999999999
1.0250403677379835e-07,2.3062024599945267e-05,5.0575249738645504e-05,1.076580937363342e-07,2.3606412629708878e-05,5.182946124656074e-05,1.1300402441018278e-07,2.4156434112418925e-05,5.309894991904826e-05,1.185465260372453e-07,2.4712063968389135e-05,5.438371166726093e-05,1.2429035225843665e-07,2.527327713021462e-05,5.568374235317062e-05,1.30240313094298e-07,2.5840048542872718e-05,5.6999037789582025e-05,1.3640127492537991e-07,2.641235316382372e-05,5.8329593740146475e-05,1.4277816047239423e-07,2.699016596311159e-05,5.9675405919376054e-05,1.4937594877613668e-07,2.7573461923464602e-05,6.10364699926579e-05,1.561996751771788e-07,2.8162216040395872e-05,6.241278157626849e-05,0.6499999999999999
1.0250403677379835e-07,2.3062024599945267e-05,5.0575249738645504e-05,1.076580937363342e-07,2.3606412629708878e-05,5.182946124656074e-05,1.1300402441018278e-07,2.4156434112418925e-05,5.309894991904826e-05,1.185465260372453e-07,2.4712063968389135e-05,5.438371166726093e-05,1.2429035225843665e-07,2.527327713021462e-05,5.568374235317062e-05,1.30240313094298e-07,2.5840048542872718e-05,5.6999037789582025e-05,1.3640127492537991e-07,2.641235316382372e-05,5.8329593740146475e-05,1.4277816047239423e-07,2.699016596311159e-05,5.9675405919376054e-05,1.4937594877613668e-07,2.7573461923464602e-05,6.10364699926579e-05,1.561996751771788e-07,2.8162216040395872e-05,6.241278157626849e-05,0.6499999999999999
1.0250403677379835e-07,2.3062024599945267e-05,5.0575249738645504e-05,1.076580937363342e-07,2.3606412629708878e-05,5.182946124656074e-05,1.1300402441018278e-07,2.4156434112418925e-05,5.309894991904826e-05,1.185465260372453e-07,2.4712063968389135e-05,5.438371166726093e-05,1.2429035225843665e-07,2.527327713021462e-05,5.568374235317062e-05,1.30240313094298e-07,2.5840048542872718e-05,5.6999037789582025e-05,1.3640127492537991e-07,2.641235316382372e-05,5.8329593740146475e-05,1.4277816047239423e-07,2.699016596311159e-05,5.9675405919376054e-05,1.4937594877613668e-07,2.7573461923464602e-05,6.10364699926579e-05,1.561996751771788e-07,2.8162216040395872e-05,6.241278157626849e-05,0.6499999999999999
1.0250403677379835e-07,2.3062024599945267e-05,5.0575249738645504e-05,1.076580937363342e-07,2.3606412629708878e-05,5.182946124656074e-05,1.1300402441018278e-07,2.4156434112418925e-05,5.309894991904826e-05,1.185465260372453e-07,2.4712063968389135e-05,5.438371166726093e-05,1.2429035225843665e-07,2.527327713021462e-05,5.568374235317062e-05,1.30240313094298e-07,2.5840048542872718e-05,5.6999037789582025e-05,1.3640127492537991e-07,2.641235316382372e-05,5.8329593740146475e-05,1.4277816047239423e-07,2.699016596311159e-05,5.9675405919376054e-05,1.4937594877613668e-07,2.7573461923464602e-05,6.10364699926579e-05,1.561996751771788e-07,2.8162216040395872e-05,6.241278157626849e-05,0.6499999999999999
1.0250403677379835e-07,2.3062024599945267e-05,5.0575249738645504e-05,1.076580937363342e-07,2.3606412629708878e-05,5.182946124656074e-05,1.1300402441018278e-07,2.4156434112418925e-05,5.309894991904826e-05,1.185465260372453e-07,2.4712063968389135e-05,5.438371166726093e-05,1.2429035225843665e-07,2.527327713021462e-05,5.568374235317062e-05,1.30240313094298e-07,2.5840048542872718e-05,5.6999037789582025e-05,1.3640127492537991e-07,2.641235316382372e-05,5.8329593740146475e-05,1.4277816047239423e-07,2.699016596311159e-05,5.9675405919376054e-05,1.4937594877613668e-07,2.7573461923464602e-05,6.10364699926579e-05,1.561996751771788e-07,2.8162216040395872e-05,6.241278157626849e-05,0.6499999999999999
1.0250403677379835e-07,2.3062024599945267e-05,5.0575249738645504e-05,1.076580937363342e-07,2.3606412629708878e-05,5.182946124656074e-05,1.1300402441018278e-07,2.4156434112418925e-05,5.309894991904826e-05,1.185465260372453e-07,2.4712063968389135e-05,5.438371166726093e-05,1.2429035225843665e-07,2.527327713021462e-05,5.568374235317062e-05,1.30240313094298e-07,2.5840048542872718e-05,5.6999037789582025e-05,1.3640127492537991e-07,2.641235316382372e-05,5.8329593740146475e-05,1.4277816047239423e-07,2.699016596311159e-05,5.9675405919376054e-05,1.4937594877613668e-07,2.7573461923464602e-05,6.10364699926579e-05,1.561996751771788e-07,2.8162216040395872e-05,6.241278157626849e-05,0.6499999999999999
1.0250403677379835e-07,2.3062024599945267e-05,5.0575249738645504e-05,1.076580937363342e-07,2.3606412629708878e-05,5.182946124656074e-05,1.1300402441018278e-07,2.4156434112418925e-05,5.309894991904826e-05,1.185465260372453e-07,2.4712063968389135e-05,5.438371166726093e-05,1.2429035225843665e-07,2.527327713021462e-05,5.568374235317062e-05,1.30240313094298e-07,2.5840048542872718e-05,5.6999037789582025e-05,1.3640127492537991e-07,2.641235316382372e-05,5.8329593740146475e-05,1.4277816047239423e-07,2.699016596311159e-05,5.9675405919376054e-05,1.4937594877613668e-07,2.7573461923464602e-05,6.10364699926579e-05,1.561996751771788e-07,2.8162216040395872e-05,6.241278157626849e-05,0.6499999999999999
1.0250403677379835e-07,2.3062024599945267e-05,5.0575249738645504e-05,1.076580937363342e-07,2.3606412629708878e-05,5.182946124656074e-05,1.1300402441018278e-07,2.4156434112418925e-05,5.309894991904826e-05,1.185465260372453e-07,2.4712063968389135e-05,5.438371166726093e-05,1.2429035225843665e-07,2.527327713021462e-05,5.568374235317062e-05,1.30240313094298e-07,2.5840048542872718e-05,5.6999037789582025e-05,1.3640127492537991e-07,2.641235316382372e-05,5.8329593740146475e-05,1.4277816047239423e-07,2.699016596311159e-05,5.9675405919376054e-05,1.4937594877613668e-07,2.7573461923464602e-05,6.10364699926579e-05,1.561996751771788e-07,2.8162216040395872e-05,6.241278157626849e-05,0.6499999999999999
1.0250403677379835e-07,2.3062024599945267e-05,5.0575249738645504e-05,1.076580937363342e-07,2.3606412629708878e-05,5.182946124656074e-05,1.1300402441018278e-07,2.4156434112418925e-05,5.309894991904826e-05,1.185465260372453e-07,2.4712063968389135e-05,5.438371166726093e-05,1.2429035225843665e-07,2.527327713021462e-05,5.568374235317062e-05,1.30240313094298e-07,2.5840048542872718e-05,5.6999037789582025e-05,1.3640127492537991e-07,2.641235316382372e-05,5.8329593740146475e-05,1.4277816047239423e-07,2.699016596311159e-05,5.9675405919376054e-05,1.4937594877613668e-07,2.7573461923464602e-05,6.10364699926579e-05,1.561996751771788e-07,2.8162216040395872e-05,6.241278157626849e-05,0.6499999999999999
1.0250403677379835e-07,2.3062024599945267e-05,5.0575249738645504e-05,1.076580937363342e-07,2.3606412629708878e-05,5.182946124656074e-05,1.1300402441018278e-07,2.4156434112418925e-05,5.309894991904826e-05,1.185465260372453e-07,2.4712063968389135e-05,5.438371166726093e-05,1.2429035225843665e-07,2.527327713021462e-05,5.568374235317062e-05,1.30240313094298e-07,2.5840048542872718e-05,5.6999037789582025e-05,1.3640127492537991e-07,2.641235316382372e-05,5.8329593740146475e-05,1.4277816047239423e-07,2.699016596311159e-05,5.9675405919376054e-05,1.4937594877613668e-07,2.7573461923464602e-05,6.10364699926579e-05,1.561996751771788e-07,2.8162216040395872e-05,6.241278157626849e-05,0.6499999999999999
1.0250403677379835e-07,2.3062024599945267e-05,5.0575249738645504e-05,1.076580937363342e-07,2.3606412629708878e-05,5.182946124656074e-05,1.1300402441018278e-07,2.4156434112418925e-05,5.309894991904826e-05,1.185465260372453e-07,2.4712063968389135e-05,5.438371166726093e-05,1.2429035225843665e-07,2.527327713021462e-05,5.568374235317062e-05,1.30240313094298e-07,2.5840048542872718e-05,5.6999037789582025e-05,1.3640127492537991e-07,2.641235316382372e-05,5.8329593740146475e-05,1.4277816047239423e-07,2.699016596311159e-05,5.9675405919376054e-05,1.4937594877613668e-07,2.7573461923464602e-05,6.10364699926579e-05,1.561996751771788e-07,2.8162216040395872e-05,6.241278157626849e-05,0.6499999999999999
1.0250403677379835e-07,2.3062024599945267e-05,5.0575249738645504e-05,1.076580937363342e-07,2.3606412629708878e-05,5.182946124656074e-05,1.1300402441018278e-07,2.4156434112418925e-05,5.309894991904826e-05,1.185465260372453e-07,2.4712063968389135e-05,5.438371166726093e-05,1.2429035225843665e-07,2.527327713021462e-05,5.568374235317062e-05,1.30240313094298e-07,2.5840048542872718e-05,5.6999037789582025e-05,1.3640127492537991e-07,2.641235316382372e-05,5.8329593740146475e-05,1.4277816047239423e-07,2.699016596311159e-05,5.9675405919376054e-05,1.4937594877613668e-07,2.7573461923464602e-05,6.10364699926579e-05,1.561996751771788e-07,2.8162216040395872e-05,6.241278157626849e-05,0.6499999999999999
1.0250403677379835e-07,2.3062024599945267e-05,5.0575249738645504e-05,1.076580937363342e-07,2.3606412629708878e-05,5.182946124656074e-05,1.1300402441018278e-07,2.4156434112418925e-05,5.309894991904826e-05,1.185465260372453e-07,2.4712063968389135e-05,5.438371166726093e-05,1.2429035225843665e-07,2.527327713021462e-05,5.568374235317062e-05,1.30240313094298e-07,2.5840048542872718e-05,5.6999037789582025e-05,1.3640127492537991e-07,2.641235316382372e-05,5.8329593740146475e-05,1.4277816047239423e-07,2.699016596311159e-05,5.9675405919376054e-05,1.4937594877613668e-07,2.7573461923464602e-05,6.10364699926579e-05,1.561996751771788e-07,2.8162216040395872e-05,6.241278157626849e-05,0.6499999999999999
1.0250403677379835e-07,2.3062024599945267e-05,5.0575249738645504e-05,1.076580937363342e-07,2.3606412629708878e-05,5.182946124656074e-05,1.1300402441018278e-07,2.4156434112418925e-05,5.309894991904826e-05,1.185465260372453e-07,2.4712063968389135e-05,5.438371166726093e-05,1.2429035225843665e-07,2.527327713021462e-05,5.568374235317062e-05,1.30240313094298e-07,2.5840048542872718e-05,5.6999037789582025e-05,1.3640127492537991e-07,2.641235316382372e-05,5.8329593740146475e-05,1.4277816047239423e-07,2.699016596311159e-05,5.9675405919376054e-05,1.4937594877613668e-07,2.7573461923464602e-05,6.10364699926579e-05,1.561996751771788e-07,2.8162216040395872e-05,6.241278157626849e-05,0.6499999999999999
1.0250403677379835e-07,2.3062024599945267e-05,5.0575249738645504e-05,1.076580937363342e-07,2.3606412629708878e-05,5.182946124656074e-05,1.1300402441018278e-07,2.4156434112418925e-05,5.309894991904826e-05,1.185465260372453e-07,2.4712063968389135e-05,5.438371166726093e-05,1.2429035225843665e-07,2.527327713021462e-05,5.568374235317062e-05,1.30240313094298e-07,2.5840048542872718e-05,5.6999037789582025e-05,1.3640127492537991e-07,2.641235316382372e-05,5.8329593740146475e-05,1.4277816047239423e-07,2.699016596311159e-05,5.9675405919376054e-05,1.4937594877613668e-07,2.7573461923464602e-05,6.10364699926579e-05,1.561996751771788e-07,2.8162216040395872e-05,6.241278157626849e-05,0.6499999999999999
1.0250403677379835e-07,2.3062024599945267e-05,5.0575249738645504e-05,1.076580937363342e-07,2.3606412629708878e-05,5.182946124656074e-05,1.1300402441018278e-07,2.4156434112418925e-05,5.309894991904826e-05,1.185465260372453e-07,2.4712063968389135e-05,5.438371166726093e-05,1.2429035225843665e-07,2.527327713021462e-05,5.568374235317062e-05,1.30240313094298e-07,2.5840048542872718e-05,5.6999037789582025e-05,1.3640127492537991e-07,2.641235316382372e-05,5.8329593740146475e-05,1.4277816047239423e-07,2.699016596311159e-05,5.9675405919376054e-05,1.4937594877613668e-07,2.7573461923464602e-05,6.10364699926579e-05,1.561996751771788e-07,2.8162216040395872e-05,6.241278157626849e-05,0.6499999999999999
1.0250403677379835e-07,2.3062024599945267e-05,5.0575249738645504e-05,1.076580937363342e-07,2.3606412629708878e-05,5.182946124656074e-05,1.1300402441018278e-07,2.4156434112418925e-05,5.309894991904826e-05,1.185465260372453e-07,2.4712063968389135e-05,5.438371166726093e-05,1.2429035225843665e-07,2.527327713021462e-05,5.568374235317062e-05,1.30240313094298e-07,2.5840048542872718e-05,5.6999037789582025e-05,1.3640127492537991e-07,2.641235316382372e-05,5.8329593740146475e-05,1.4277816047239423e-07,2.699016596311159e-05,5.9675405919376054e-05,1.4937594877613668e-07,2.7573461923464602e-05,6.10364699926579e-05,1.561996751771788e-07,2.8162216040395872e-05,6.241278157626849e-05,0.6499999999999999
1.0250403677379835e-07,2.3062024599945267e-05,5.0575249738645504e-05,1.076580937363342e-07,2.3606412629708878e-05,5.182946124656074e-05,1.1300402441018278e-07,2.4156434112418925e-05,5.309894991904826e-05,1.185465260372453e-07,2.4712063968389135e-05,5.438371166726093e-05,1.2429035225843665e-07,2.527327713021462e-05,5.568374235317062e-05,1.30240313094298e-07,2.5840048542872718e-05,5.6999037789582025e-05,1.3640127492537991e-07,2.641235316382372e-05,5.8329593740146475e-05,1.4277816047239423e-07,2.699016596311159e-05,5.9675405919376054e-05,1.4937594877613668e-07,2.7573461923464602e-05,6.10364699926579e-05,1.561996751771788e-07,2.8162216040395872e-05,6.241278157626849e-05,0.6499999999999999
1.0250403677379835e-07,2.3062024599945267e-05,5.0575249738645504e-05,1.076580937363342e-07,2.3606412629708878e-05,5.182946124656074e-05,1.1300402441018278e-07,2.4156434112418925e-05,5.309894991904826e-05,1.185465260372453e-07,2.4712063968389135e-05,5.438371166726093e-05,1.2429035225843665e-07,2.527327713021462e-05,5.568374235317062e-05,1.30240313094298e-07,2.5840048542872718e-05,5.6999037789582025e-05,1.3640127492537991e-07,2.641235316382372e-05,5.8329593740146475e-05,1.4277816047239423e-07,2.699016596311159e-05,5.9675405919376054e-05,1.4937594877613668e-07,2.7573461923464602e-05,6.10364699926579e-05,1.561996751771788e-07,2.8162216040395872e-05,6.241278157626849e-05,0.6499999999999999
1.0250403677379835e-07,2.3062024599945267e-05,5.0575249738645504e-05,1.076580937363342e-07,2.3606412629708878e-05,5.182946124656074e-05,1.1300402441018278e-07,2.4156434112418925e-05,5.309894991904826e-05,1.185465260372453e-07,2.4712063968389135e-05,5.438371166726093e-05,1.2429035225843665e-07,2.527327713021462e-05,5.568374235317062e-05,1.30240313094298e-07,2.5840048542872718e-05,5.6999037789582025e-05,1.3640127492537991e-07,2.641235316382372e-05,5.8329593740146475e-05,1.4277816047239423e-07,2.699016596311159e-05,5.9675405919376054e-05,1.4937594877613668e-07,2.7573461923464602e-05,6.10364699926579e-05,1.561996751771788e-07,2.8162216040395872e-05,6.241278157626849e-05,0.6499999999999999
1.0250403677379835e-07,2.3062024599945267e-05,5.0575249738645504e-05,1.076580937363342e-07,2.3606412629708878e-05,5.182946124656074e-05,1.1300402441018278e-07,2.4156434112418925e-05,5.309894991904826e-05,1.185465260372453e-07,2.4712063968389135e-05,5.438371166726093e-05,1.2429035225843665e-07,2.527327713021462e-05,5.568374235317062e-05,1.30240313094298e-07,2.5840048542872718e-05,5.6999037789582025e-05,1.3640127492537991e-07,2.641235316382372e-05,5.8329593740146475e-05,1.4277816047239423e-07,2.699016596311159e-05,5.9675405919376054e-05,1.4937594877613668e-07,2.7573461923464602e-05,6.10364699926579e-05,1.561996751771788e-07,2.8162216040395872e-05,6.241278157626849e-05,0.6499999999999999
1.0250403677379835e-07,2.3062024599945267e-05,5.0575249738645504e-05,1.076580937363342e-07,2.3606412629708878e-05,5.182946124656074e-05,1.1300402441018278e-07,2.4156434112418925e-05,5.309894991904826e-05,1.185465260372453e-07,2.4712063968389135e-05,5.438371166726093e-05,1.2429035225843665e-07,2.527327713021462e-05,5.568374235317062e-05,1.30240313094298e-07,2.5840048542872718e-05,5.6999037789582025e-05,1.3640127492537991e-07,2.641235316382372e-05,5.8329593740146475e-05,1.4277816047239423e-07,2.699016596311159e-05,5.9675405919376054e-05,1.4937594877613668e-07,2.7573461923464602e-05,6.10364699926579e-05,1.561996751771788e-07,2.8162216040395872e-05,6.241278157626849e-05,0.6499999999999999
1.0250403677379835e-07,2.3062024599945267e-05,5.0575249738645504e-05,1.076580937363342e-07,2.3606412629708878e-05,5.182946124656074e-05,1.1300402441018278e-07,2.4156434112418925e-05,5.309894991904826e-05,1.185465260372453e-07,2.4712063968389135e-05,5.438371166726093e-05,1.2429035225843665e-07,2.527327713021462e-05,5.568374235317062e-05,1.30240313094298e-07,2.5840048542872718e-05,5.6999037789582025e-05,1.3640127492537991e-07,2.641235316382372e-05,5.8329593740146475e-05,1.4277816047239423e-07,2.699016596311159e-05,5.9675405919376054e-05,1.4937594877613668e-07,2.7573461923464602e-05,6.10364699926579e-05,1.561996751771788e-07,2.8162216040395872e-05,6.241278157626849e-05,0.6499999999999999
1.0250403677379835e-07,2.3062024599945267e-05,5.0575249738645504e-05,1.076580937363342e-07,2.3606412629708878e-05,5.182946124656074e-05,1.1300402441018278e-07,2.4156434112418925e-05,5.309894991904826e-05,1.185465260372453e-07,2.4712063968389135e-05,5.438371166726093e-05,1.2429035225843665e-07,2.527327713021462e-05,5.568374235317062e-05,1.30240313094298e-07,2.5840048542872718e-05,5.6999037789582025e-05,1.3640127492537991e-07,2.641235316382372e-05,5.8329593740146475e-05,1.4277816047239423e-07,2.699016596311159e-05,5.9675405919376054e-05,1.4937594877613668e-07,2.7573461923464602e-05,6.10364699926579e-05,1.561996751771788e-07,2.8162216040395872e-05,6.241278157626849e-05,0.6499999999999999
1.0250403677379835e-07,2.3062024599945267e-05,5.0575249738645504e-05,1.076580937363342e-07,2.3606412629708878e-05,5.182946124656074e-05,1.1300402441018278e-07,2.4156434112418925e-05,5.309894991904826e-05,1.185465260372453e-07,2.4712063968389135e-05,5.438371166726093e-05,1.2429035225843665e-07,2.527327713021462e-05,5.568374235317062e-05,1.30240313094298e-07,2.5840048542872718e-05,5.6999037789582025e-05,1.3640127492537991e-07,2.641235316382372e-05,5.8329593740146475e-05,1.4277816047239423e-07,2.699016596311159e-05,5.9675405919376054e-05,1.4937594877613668e-07,2.7573461923464602e-05,6.10364699926579e-05,1.561996751771788e-07,2.8162216040395872e-05,6.241278157626849e-05,0.6499999999999999
1.0250403677379835e-07,2.3062024599945267e-05,5.0575249738645504e-05,1.076580937363342e-07,2.3606412629708878e-05,5.182946124656074e-05,1.1300402441018278e-07,2.4156434112418925e-05,5.309894991904826e-05,1.185465260372453e-07,2.4712063968389135e-05,5.438371166726093e-05,1.2429035225843665e-07,2.527327713021462e-05,5.568374235317062e-05,1.30240313094298e-07,2.5840048542872718e-05,5.6999037789582025e-05,1.3640127492537991e-07,2.641235316382372e-05,5.8329593740146475e-05,1.4277816047239423e-07,2.699016596311159e-05,5.9675405919376054e-05,1.4937594877613668e-07,2.7573461923464602e-05,6.10364699926579e-05,1.561996751771788e-07,2.8162216040395872e-05,6.241278157626849e-05,0.6499999999999999
1.0250403677379835e-07,2.3062024599945267e-05,5.0575249738645504e-05,1.076580937363342e-07,2.3606412629708878e-05,5.182946124656074e-05,1.1300402441018278e-07,2.4156434112418925e-05,5.309894991904826e-05,1.185465260372453e-07,2.4712063968389135e-05,5.438371166726093e-05,1.2429035225843665e-07,2.527327713021462e-05,5.568374235317062e-05,1.30240313094298e-07,2.5840048542872718e-05,5.6999037789582025e-05,1.3640127492537991e-07,2.641235316382372e-05,5.8329593740146475e-05,1.4277816047239423e-07,2.699016596311159e-05,5.9675405919376054e-05,1.4937594877613668e-07,2.7573461923464602e-05,6.10364699926579e-05,1.561996751771788e-07,2.8162216040395872e-05,6.241278157626849e-05,0.6499999999999999
1.0250403677379835e-07,2.3062024599945267e-05,5.0575249738645504e-05,1.076580937363342e-07,2.3606412629708878e-05,5.182946124656074e-05,1.1300402441018278e-07,2.4156434112418925e-05,5.309894991904826e-05,1.185465260372453e-07,2.4712063968389135e-05,5.438371166726093e-05,1.2429035225843665e-07,2.527327713021462e-05,5.568374235317062e-05,1.30240313094298e-07,2.5840048542872718e-05,5.6999037789582025e-05,1.3640127492537991e-07,2.641235316382372e-05,5.8329593740146475e-05,1.4277816047239423e-07,2.699016596311159e-05,5.9675405919376054e-05,1.4937594877613668e-07,2.7573461923464602e-05,6.10364699926579e-05,1.561996751771788e-07,2.8162216040395872e-05,6.241278157626849e-05,0.6499999999999999
1.0250403677379835e-07,2.3062024599945267e-05,5.0575249738645504e-05,1.076580937363342e-07,2.3606412629708878e-05,5.182946124656074e-05,1.1300402441018278e-07,2.4156434112418925e-05,5.309894991904826e-05,1.185465260372453e-07,2.4712063968389135e-05,5.438371166726093e-05,1.2429035225843665e-07,2.527327713021462e-05,5.568374235317062e-05,1.30240313094298e-07,2.5840048542872718e-05,5.6999037789582025e-05,1.3640127492537991e-07,2.641235316382372e-05,5.8329593740146475e-05,1.4277816047239423e-07,2.699016596311159e-05,5.9675405919376054e-05,1.4937594877613668e-07,2.7573461923464602e-05,6.10364699926579e-05,1.561996751771788e-07,2.8162216040395872e-05,6.241278157626849e-05,0.6499999999999999
1.0250403677379835e-07,2.3062024599945267e-05,5.0575249738645504e-05,1.076580937363342e-07,2.3606412629708878e-05,5.182946124656074e-05,1.1300402441018278e-07,2.4156434112418925e-05,5.309894991904826e-05,1.185465260372453e-07,2.4712063968389135e-05,5.438371166726093e-05,1.2429035225843665e-07,2.527327713021462e-05,5.568374235317062e-05,1.30240313094298e-07,2.5840048542872718e-05,5.6999037789582025e-05,1.3640127492537991e-07,2.641235316382372e-05,5.8329593740146475e-05,1.4277816047239423e-07,2.699016596311159e-05,5.9675405919376054e-05,1.4937594877613668e-07,2.7573461923464602e-05,6.10364699926579e-05,1.561996751771788e-07,2.8162216040395872e-05,6.241278157626849e-05,0.6499999999999999
1.0250403677379835e-07,2.3062024599945267e-05,5.0575249738645504e-05,1.076580937363342e-07,2.3606412629708878e-05,5.182946124656074e-05,1.1300402441018278e-07,2.4156434112418925e-05,5.309894991904826e-05,1.185465260372453e-07,2.4712063968389135e-05,5.438371166726093e-05,1.2429035225843665e-07,2.527327713021462e-05,5.568374235317062e-05,1.30240313094298e-07,2.5840048542872718e-05,5.6999037789582025e-05,1.3640127492537991e-07,2.641235316382372e-05,5.8329593740146475e-05,1.4277816047239423e-07,2.699016596311159e-05,5.9675405919376054e-05,1.4937594877613668e-07,2.7573461923464602e-05,6.10364699926579e-05,1.561996751771788e-07,2.8162216040395872e-05,6.241278157626849e-05,0.6499999999999999
1.0250403677379835e-07,2.3062024599945267e-05,5.0575249738645504e-05,1.076580937363342e-07,2.3606412629708878e-05,5.182946124656074e-05,1.1300402441018278e-07,2.4156434112418925e-05,5.309894991904826e-05,1.185465260372453e-07,2.4712063968389135e-05,5.438371166726093e-05,1.2429035225843665e-07,2.527327713021462e-05,5.568374235317062e-05,1.30240313094298e-07,2.5840048542872718e-05,5.6999037789582025e-05,1.3640127492537991e-07,2.641235316382372e-05,5.8329593740146475e-05,1.4277816047239423e-07,2.699016596311159e-05,5.9675405919376054e-05,1.4937594877613668e-07,2.7573461923464602e-05,6.10364699926579e-05,1.561996751771788e-07,2.8162216040395872e-05,6.241278157626849e-05,0.6499999999999999
1.0250403677379835e-07,2.3062024599945267e-05,5.0575249738645504e-05,1.076580937363342e-07,2.3606412629708878e-05,5.182946124656074e-05,1.1300402441018278e-07,2.4156434112418925e-05,5.309894991904826e-05,1.185465260372453e-07,2.4712063968389135e-05,5.438371166726093e-05,1.2429035225843665e-07,2.527327713021462e-05,5.568374235317062e-05,1.30240313094298e-07,2.5840048542872718e-05,5.6999037789582025e-05,1.3640127492537991e-07,2.641235316382372e-05,5.8329593740146475e-05,1.4277816047239423e-07,2.699016596311159e-05,5.9675405919376054e-05,1.4937594877613668e-07,2.7573461923464602e-05,6.10364699926579e-05,1.561996751771788e-07,2.8162216040395872e-05,6.241278157626849e-05,0.6499999999999999
1.0250403677379835e-07,2.3062024599945267e-05,5.0575249738645504e-05,1.076580937363342e-07,2.3606412629708878e-05,5.182946124656074e-05,1.1300402441018278e-07,2.4156434112418925e-05,5.309894991904826e-05,1.185465260372453e-07,2.4712063968389135e-05,5.438371166726093e-05,1.2429035225843665e-07,2.527327713021462e-05,5.568374235317062e-05,1.30240313094298e-07,2.5840048542872718e-05,5.6999037789582025e-05,1.3640127492537991e-07,2.641235316382372e-05,5.8329593740146475e-05,1.4277816047239423e-07,2.699016596311159e-05,5.9675405919376054e-05,1.4937594877613668e-07,2.7573461923464602e-05,6.10364699926579e-05,1.561996751771788e-07,2.8162216040395872e-05,6.241278157626849e-05,0.6499999999999999
1.0250403677379835e-07,2.3062024599945267e-05,5.0575249738645504e-05,1.076580937363342e-07,2.3606412629708878e-05,5.182946124656074e-05,1.1300402441018278e-07,2.4156434112418925e-05,5.309894991904826e-05,1.185465260372453e-07,2.4712063968389135e-05,5.438371166726093e-05,1.2429035225843665e-07,2.527327713021462e-05,5.568374235317062e-05,1.30240313094298e-07,2.5840048542872718e-05,5.6999037789582025e-05,1.3640127492537991e-07,2.641235316382372e-05,5.8329593740146475e-05,1.4277816047239423e-07,2.699016596311159e-05,5.9675405919376054e-05,1.4937594877613668e-07,2.7573461923464602e-05,6.10364699926579e-05,1.561996751771788e-07,2.8162216040395872e-05,6.241278157626849e-05,0.6499999999999999
1.0250403677379835e-07,2.3062024599945267e-05,5.0575249738645504e-05,1.076580937363342e-07,2.3606412629708878e-05,5.182946124656074e-05,1.1300402441018278e-07,2.4156434112418925e-05,5.309894991904826e-05,1.185465260372453e-07,2.4712063968389135e-05,5.438371166726093e-05,1.2429035225843665e-07,2.527327713021462e-05,5.568374235317062e-05,1.30240313094298e-07,2.5840048542872718e-05,5.6999037789582025e-05,1.3640127492537991e-07,2.641235316382372e-05,5.8329593740146475e-05,1.4277816047239423e-07,2.699016596311159e-05,5.9675405919376054e-05,1.4937594877613668e-07,2.7573461923464602e-05,6.10364699926579e-05,1.561996751771788e-07,2.8162216040395872e-05,6.241278157626849e-05,0.6499999999999999
1.0250403677379835e-07,2.3062024599945267e-05,5.0575249738645504e-05,1.076580937363342e-07,2.3606412629708878e-05,5.182946124656074e-05,1.1300402441018278e-07,2.4156434112418925e-05,5.309894991904826e-05,1.185465260372453e-07,2.4712063968389135e-05,5.438371166726093e-05,1.2429035225843665e-07,2.527327713021462e-05,5.568374235317062e-05,1.30240313094298e-07,2.5840048542872718e-05,5.6999037789582025e-05,1.3640127492537991e-07,2.641235316382372e-05,5.8329593740146475e-05,1.4277816047239423e-07,2.699016596311159e-05,5.9675405919376054e-05,1.4937594877613668e-07,2.7573461923464602e-05,6.10364699926579e-05,1.561996751771788e-07,2.8162216040395872e-05,6.241278157626849e-05,0.6499999999999999
1.0250403677379835e-07,2.3062024599945267e-05,5.0575249738645504e-05,1.076580937363342e-07,2.3606412629708878e-05,5.182946124656074e-05,1.1300402441018278e-07,2.4156434112418925e-05,5.309894991904826e-05,1.185465260372453e-07,2.4712063968389135e-05,5.438371166726093e-05,1.2429035225843665e-07,2.527327713021462e-05,5.568374235317062e-05,1.30240313094298e-07,2.5840048542872718e-05,5.6999037789582025e-05,1.3640127492537991e-07,2.641235316382372e-05,5.8329593740146475e-05,1.4277816047239423e-07,2.699016596311159e-05,5.9675405919376054e-05,1.4937594877613668e-07,2.7573461923464602e-05,6.10364699926579e-05,1.561996751771788e-07,2.8162216040395872e-05,6.241278157626849e-05,0.6499999999999999
1.0250403677379835e-07,2.3062024599945267e-05,5.0575249738645504e-05,1.076580937363342e-07,2.3606412629708878e-05,5.182946124656074e-05,1.1300402441018278e-07,2.4156434112418925e-05,5.309894991904826e-05,1.185465260372453e-07,2.4712063968389135e-05,5.438371166726093e-05,1.2429035225843665e-07,2.527327713021462e-05,5.568374235317062e-05,1.30240313094298e-07,2.5840048542872718e-05,5.6999037789582025e-05,1.3640127492537991e-07,2.641235316382372e-05,5.8329593740146475e-05,1.4277816047239423e-07,2.699016596311159e-05,5.9675405919376054e-05,1.4937594877613668e-07,2.7573461923464602e-05,6.10364699926579e-05,1.561996751771788e-07,2.8162216040395872e-05,6.241278157626849e-05,0.6499999999999999
1.0250403677379835e-07,2.3062024599945267e-05,5.0575249738645504e-05,1.076580937363342e-07,2.3606412629708878e-05,5.182946124656074e-05,1.1300402441018278e-07,2.4156434112418925e-05,5.309894991904826e-05,1.185465260372453e-07,2.4712063968389135e-05,5.438371166726093e-05,1.2429035225843665e-07,2.527327713021462e-05,5.568374235317062e-05,1.30240313094298e-07,2.5840048542872718e-05,5.6999037789582025e-05,1.3640127492537991e-07,2.641235316382372e-05,5.8329593740146475e-05,1.4277816047239423e-07,2.699016596311159e-05,5.9675405919376054e-05,1.4937594877613668e-07,2.7573461923464602e-05,6.10364699926579e-05,1.561996751771788e-07,2.8162216040395872e-05,6.241278157626849e-05,0.6499999999999999
1.0250403677379835e-07,2.3062024599945267e-05,5.0575249738645504e-05,1.076580937363342e-07,2.3606412629708878e-05,5.182946124656074e-05,1.1300402441018278e-07,2.4156434112418925e-05,5.309894991904826e-05,1.185465260372453e-07,2.4712063968389135e-05,5.438371166726093e-05,1.2429035225843665e-07,2.527327713021462e-05,5.568374235317062e-05,1.30240313094298e-07,2.5840048542872718e-05,5.6999037789582025e-05,1.3640127492537991e-07,2.641235316382372e-05,5.8329593740146475e-05,1.4277816047239423e-07,2.699016596311159e-05,5.9675405919376054e-05,1.4937594877613668e-07,2.7573461923464602e-05,6.10364699926579e-05,1.561996751771788e-07,2.8162216040395872e-05,6.241278157626849e-05,0.6499999999999999
1.0250403677379835e-07,2.3062024599945267e-05,5.0575249738645504e-05,1.076580937363342e-07,2.3606412629708878e-05,5.182946124656074e-05,1.1300402441018278e-07,2.4156434112418925e-05,5.309894991904826e-05,1.185465260372453e-07,2.4712063968389135e-05,5.438371166726093e-05,1.2429035225843665e-07,2.527327713021462e-05,5.568374235317062e-05,1.30240313094298e-07,2.5840048542872718e-05,5.6999037789582025e-05,1.3640127492537991e-07,2.641235316382372e-05,5.8329593740146475e-05,1.4277816047239423e-07,2.699016596311159e-05,5.9675405919376054e-05,1.4937594877613668e-07,2.7573461923464602e-05,6.10364699926579e-05,1.561996751771788e-07,2.8162216040395872e-05,6.241278157626849e-05,0.6499999999999999
1.0250403677379835e-07,2.3062024599945267e-05,5.0575249738645504e-05,1.076580937363342e-07,2.3606412629708878e-05,5.182946124656074e-05,1.1300402441018278e-07,2.4156434112418925e-05,5.309894991904826e-05,1.185465260372453e-07,2.4712063968389135e-05,5.438371166726093e-05,1.2429035225843665e-07,2.527327713021462e-05,5.568374235317062e-05,1.30240313094298e-07,2.5840048542872718e-05,5.6999037789582025e-05,1.3640127492537991e-07,2.641235316382372e-05,5.8329593740146475e-05,1.4277816047239423e-07,2.699016596311159e-05,5.9675405919376054e-05,1.4937594877613668e-07,2.7573461923464602e-05,6.10364699926579e-05,1.561996751771788e-07,2.8162216040395872e-05,6.241278157626849e-05,0.6499999999999999
1.0250403677379835e-07,2.3062024599945267e-05,5.0575249738645504e-05,1.076580937363342e-07,2.3606412629708878e-05,5.182946124656074e-05,1.1300402441018278e-07,2.4156434112418925e-05,5.309894991904826e-05,1.185465260372453e-07,2.4712063968389135e-05,5.438371166726093e-05,1.2429035225843665e-07,2.527327713021462e-05,5.568374235317062e-05,1.30240313094298e-07,2.5840048542872718e-05,5.6999037789582025e-05,1.3640127492537991e-07,2.641235316382372e-05,5.8329593740146475e-05,1.4277816047239423e-07,2.699016596311159e-05,5.9675405919376054e-05,1.4937594877613668e-07,2.7573461923464602e-05,6.10364699926579e-05,1.561996751771788e-07,2.8162216040395872e-05,6.241278157626849e-05,0.6499999999999999
1.0250403677379835e-07,2.3062024599945267e-05,5.0575249738645504e-05,1.076580937363342e-07,2.3606412629708878e-05,5.182946124656074e-05,1.1300402441018278e-07,2.4156434112418925e-05,5.309894991904826e-05,1.185465260372453e-07,2.4712063968389135e-05,5.438371166726093e-05,1.2429035225843665e-07,2.527327713021462e-05,5.568374235317062e-05,1.30240313094298e-07,2.5840048542872718e-05,5.6999037789582025e-05,1.3640127492537991e-07,2.641235316382372e-05,5.8329593740146475e-05,1.4277816047239423e-07,2.699016596311159e-05,5.9675405919376054e-05,1.4937594877613668e-07,2.7573461923464602e-05,6.10364699926579e-05,1.561996751771788e-07,2.8162216040395872e-05,6.241278157626849e-05,0.6499999999999999
1.0250403677379835e-07,2.3062024599945267e-05,5.0575249738645504e-05,1.076580937363342e-07,2.3606412629708878e-05,5.182946124656074e-05,1.1300402441018278e-07,2.4156434112418925e-05,5.309894991904826e-05,1.185465260372453e-07,2.4712063968389135e-05,5.438371166726093e-05,1.2429035225843665e-07,2.527327713021462e-05,5.568374235317062e-05,1.30240313094298e-07,2.5840048542872718e-05,5.6999037789582025e-05,1.3640127492537991e-07,2.641235316382372e-05,5.8329593740146475e-05,1.4277816047239423e-07,2.699016596311159e-05,5.9675405919376054e-05,1.4937594877613668e-07,2.7573461923464602e-05,6.10364699926579e-05,1.561996751771788e-07,2.8162216040395872e-05,6.241278157626849e-05,0.6499999999999999
1.0250403677379835e-07,2.3062024599945267e-05,5.0575249738645504e-05,1.076580937363342e-07,2.3606412629708878e-05,5.182946124656074e-05,1.1300402441018278e-07,2.4156434112418925e-05,5.309894991904826e-05,1.185465260372453e-07,2.4712063968389135e-05,5.438371166726093e-05,1.2429035225843665e-07,2.527327713021462e-05,5.568374235317062e-05,1.30240313094298e-07,2.5840048542872718e-05,5.6999037789582025e-05,1.3640127492537991e-07,2.641235316382372e-05,5.8329593740146475e-05,1.4277816047239423e-07,2.699016596311159e-05,5.9675405919376054e-05,1.4937594877613668e-07,2.7573461923464602e-05,6.10364699926579e-05,1.561996751771788e-07,2.8162216040395872e-05,6.241278157626849e-05,0.6499999999999999
1.0250403677379835e-07,2.3062024599945267e-05,5.0575249738645504e-05,1.076580937363342e-07,2.3606412629708878e-05,5.182946124656074e-05,1.1300402441018278e-07,2.4156434112418925e-05,5.309894991904826e-05,1.185465260372453e-07,2.4712063968389135e-05,5.438371166726093e-05,1.2429035225843665e-07,2.527327713021462e-05,5.568374235317062e-05,1.30240313094298e-07,2.5840048542872718e-05,5.6999037789582025e-05,1.3640127492537991e-07,2.641235316382372e-05,5.8329593740146475e-05,1.4277816047239423e-07,2.699016596311159e-05,5.9675405919376054e-05,1.4937594877613668e-07,2.7573461923464602e-05,6.10364699926579e-05,1.561996751771788e-07,2.8162216040395872e-05,6.241278157626849e-05,0.6499999999999999
1.0250403677379835e-07,2.3062024599945267e-05,5.0575249738645504e-05,1.076580937363342e-07,2.3606412629708878e-05,5.182946124656074e-05,1.1300402441018278e-07,2.4156434112418925e-05,5.309894991904826e-05,1.185465260372453e-07,2.4712063968389135e-05,5.438371166726093e-05,1.2429035225843665e-07,2.527327713021462e-05,5.568374235317062e-05,1.30240313094298e-07,2.5840048542872718e-05,5.6999037789582025e-05,1.3640127492537991e-07,2.641235316382372e-05,5.8329593740146475e-05,1.4277816047239423e-07,2.699016596311159e-05,5.9675405919376054e-05,1.4937594877613668e-07,2.7573461923464602e-05,6.10364699926579e-05,1.561996751771788e-07,2.8162216040395872e-05,6.241278157626849e-05,0.6499999999999999
1.0250403677379835e-07,2.3062024599945267e-05,5.0575249738645504e-05,1.076580937363342e-07,2.3606412629708878e-05,5.182946124656074e-05,1.1300402441018278e-07,2.4156434112418925e-05,5.309894991904826e-05,1.185465260372453e-07,2.4712063968389135e-05,5.438371166726093e-05,1.2429035225843665e-07,2.527327713021462e-05,5.568374235317062e-05,1.30240313094298e-07,2.5840048542872718e-05,5.6999037789582025e-05,1.3640127492537991e-07,2.641235316382372e-05,5.8329593740146475e-05,1.4277816047239423e-07,2.699016596311159e-05,5.9675405919376054e-05,1.4937594877613668e-07,2.7573461923464602e-05,6.10364699926579e-05,1.561996751771788e-07,2.8162216040395872e-05,6.241278157626849e-05,0.6499999999999999
1.0250403677379835e-07,2.3062024599945267e-05,5.0575249738645504e-05,1.076580937363342e-07,2.3606412629708878e-05,5.182946124656074e-05,1.1300402441018278e-07,2.4156434112418925e-05,5.309894991904826e-05,1.185465260372453e-07,2.4712063968389135e-05,5.438371166726093e-05,1.2429035225843665e-07,2.527327713021462e-05,5.568374235317062e-05,1.30240313094298e-07,2.5840048542872718e-05,5.6999037789582025e-05,1.3640127492537991e-07,2.641235316382372e-05,5.8329593740146475e-05,1.4277816047239423e-07,2.699016596311159e-05,5.9675405919376054e-05,1.4937594877613668e-07,2.7573461923464602e-05,6.10364699926579e-05,1.561996751771788e-07,2.8162216040395872e-05,6.241278157626849e-05,0.6499999999999999
1.0250403677379835e-07,2.3062024599945267e-05,5.0575249738645504e-05,1.076580937363342e-07,2.3606412629708878e-05,5.182946124656074e-05,1.1300402441018278e-07,2.4156434112418925e-05,5.309894991904826e-05,1.185465260372453e-07,2.4712063968389135e-05,5.438371166726093e-05,1.2429035225843665e-07,2.527327713021462e-05,5.568374235317062e-05,1.30240313094298e-07,2.5840048542872718e-05,5.6999037789582025e-05,1.3640127492537991e-07,2.641235316382372e-05,5.8329593740146475e-05,1.4277816047239423e-07,2.699016596311159e-05,5.9675405919376054e-05,1.4937594877613668e-07,2.7573461923464602e-05,6.10364699926579e-05,1.561996751771788e-07,2.8162216040395872e-05,6.241278157626849e-05,0.6499999999999999
1.0250403677379835e-07,2.3062024599945267e-05,5.0575249738645504e-05,1.076580937363342e-07,2.3606412629708878e-05,5.182946124656074e-05,1.1300402441018278e-07,2.4156434112418925e-05,5.309894991904826e-05,1.185465260372453e-07,2.4712063968389135e-05,5.438371166726093e-05,1.2429035225843665e-07,2.527327713021462e-05,5.568374235317062e-05,1.30240313094298e-07,2.5840048542872718e-05,5.6999037789582025e-05,1.3640127492537991e-07,2.641235316382372e-05,5.8329593740146475e-05,1.4277816047239423e-07,2.699016596311159e-05,5.9675405919376054e-05,1.4937594877613668e-07,2.7573461923464602e-05,6.10364699926579e-05,1.561996751771788e-07,2.8162216040395872e-05,6.241278157626849e-05,0.6499999999999999
1.0250403677379835e-07,2.3062024599945267e-05,5.0575249738645504e-05,1.076580937363342e-07,2.3606412629708878e-05,5.182946124656074e-05,1.1300402441018278e-07,2.4156434112418925e-05,5.309894991904826e-05,1.185465260372453e-07,2.4712063968389135e-05,5.438371166726093e-05,1.2429035225843665e-07,2.527327713021462e-05,5.568374235317062e-05,1.30240313094298e-07,2.5840048542872718e-05,5.6999037789582025e-05,1.3640127492537991e-07,2.641235316382372e-05,5.8329593740146475e-05,1.4277816047239423e-07,2.699016596311159e-05,5.9675405919376054e-05,1.4937594877613668e-07,2.7573461923464602e-05,6.10364699926579e-05,1.561996751771788e-07,2.8162216040395872e-05,6.241278157626849e-05,0.6499999999999999
1.0250403677379835e-07,2.3062024599945267e-05,5.0575249738645504e-05,1.076580937363342e-07,2.3606412629708878e-05,5.182946124656074e-05,1.1300402441018278e-07,2.4156434112418925e-05,5.309894991904826e-05,1.185465260372453e-07,2.4712063968389135e-05,5.438371166726093e-05,1.2429035225843665e-07,2.527327713021462e-05,5.568374235317062e-05,1.30240313094298e-07,2.5840048542872718e-05,5.6999037789582025e-05,1.3640127492537991e-07,2.641235316382372e-05,5.8329593740146475e-05,1.4277816047239423e-07,2.699016596311159e-05,5.9675405919376054e-05,1.4937594877613668e-07,2.7573461923464602e-05,6.10364699926579e-05,1.561996751771788e-07,2.8162216040395872e-05,6.241278157626849e-05,0.6499999999999999
1.0250403677379835e-07,2.3062024599945267e-05,5.0575249738645504e-05,1.076580937363342e-07,2.3606412629708878e-05,5.182946124656074e-05,1.1300402441018278e-07,2.4156434112418925e-05,5.309894991904826e-05,1.185465260372453e-07,2.4712063968389135e-05,5.438371166726093e-05,1.2429035225843665e-07,2.527327713021462e-05,5.568374235317062e-05,1.30240313094298e-07,2.5840048542872718e-05,5.6999037789582025e-05,1.3640127492537991e-07,2.641235316382372e-05,5.8329593740146475e-05,1.4277816047239423e-07,2.699016596311159e-05,5.9675405919376054e-05,1.4937594877613668e-07,2.7573461923464602e-05,6.10364699926579e-05,1.561996751771788e-07,2.8162216040395872e-05,6.241278157626849e-05,0.6499999999999999
1.0250403677379835e-07,2.3062024599945267e-05,5.0575249738645504e-05,1.076580937363342e-07,2.3606412629708878e-05,5.182946124656074e-05,1.1300402441018278e-07,2.4156434112418925e-05,5.309894991904826e-05,1.185465260372453e-07,2.4712063968389135e-05,5.438371166726093e-05,1.2429035225843665e-07,2.527327713021462e-05,5.568374235317062e-05,1.30240313094298e-07,2.5840048542872718e-05,5.6999037789582025e-05,1.3640127492537991e-07,2.641235316382372e-05,5.8329593740146475e-05,1.4277816047239423e-07,2.699016596311159e-05,5.9675405919376054e-05,1.4937594877613668e-07,2.7573461923464602e-05,6.10364699926579e-05,1.561996751771788e-07,2.8162216040395872e-05,6.241278157626849e-05,0.6499999999999999
1.0250403677379835e-07,2.3062024599945267e-05,5.0575249738645504e-05,1.076580937363342e-07,2.3606412629708878e-05,5.182946124656074e-05,1.1300402441018278e-07,2.4156434112418925e-05,5.309894991904826e-05,1.185465260372453e-07,2.4712063968389135e-05,5.438371166726093e-05,1.2429035225843665e-07,2.527327713021462e-05,5.568374235317062e-05,1.30240313094298e-07,2.5840048542872718e-05,5.6999037789582025e-05,1.3640127492537991e-07,2.641235316382372e-05,5.8329593740146475e-05,1.4277816047239423e-07,2.699016596311159e-05,5.9675405919376054e-05,1.4937594877613668e-07,2.7573461923464602e-05,6.10364699926579e-05,1.561996751771788e-07,2.8162216040395872e-05,6.241278157626849e-05,0.6499999999999999
1.0250403677379835e-07,2.3062024599945267e-05,5.0575249738645504e-05,1.076580937363342e-07,2.3606412629708878e-05,5.182946124656074e-05,1.1300402441018278e-07,2.4156434112418925e-05,5.309894991904826e-05,1.185465260372453e-07,2.4712063968389135e-05,5.438371166726093e-05,1.2429035225843665e-07,2.527327713021462e-05,5.568374235317062e-05,1.30240313094298e-07,2.5840048542872718e-05,5.6999037789582025e-05,1.3640127492537991e-07,2.641235316382372e-05,5.8329593740146475e-05,1.4277816047239423e-07,2.699016596311159e-05,5.9675405919376054e-05,1.4937594877613668e-07,2.7573461923464602e-05,6.10364699926579e-05,1.561996751771788e-07,2.8162216040395872e-05,6.241278157626849e-05,0.6499999999999999
1.0250403677379835e-07,2.3062024599945267e-05,5.0575249738645504e-05,1.076580937363342e-07,2.3606412629708878e-05,5.182946124656074e-05,1.1300402441018278e-07,2.4156434112418925e-05,5.309894991904826e-05,1.185465260372453e-07,2.4712063968389135e-05,5.438371166726093e-05,1.2429035225843665e-07,2.527327713021462e-05,5.568374235317062e-05,1.30240313094298e-07,2.5840048542872718e-05,5.6999037789582025e-05,1.3640127492537991e-07,2.641235316382372e-05,5.8329593740146475e-05,1.4277816047239423e-07,2.699016596311159e-05,5.9675405919376054e-05,1.4937594877613668e-07,2.7573461923464602e-05,6.10364699926579e-05,1.561996751771788e-07,2.8162216040395872e-05,6.241278157626849e-05,0.6499999999999999
1.0250403677379835e-07,2.3062024599945267e-05,5.0575249738645504e-05,1.076580937363342e-07,2.3606412629708878e-05,5.182946124656074e-05,1.1300402441018278e-07,2.4156434112418925e-05,5.309894991904826e-05,1.185465260372453e-07,2.4712063968389135e-05,5.438371166726093e-05,1.2429035225843665e-07,2.527327713021462e-05,5.568374235317062e-05,1.30240313094298e-07,2.5840048542872718e-05,5.6999037789582025e-05,1.3640127492537991e-07,2.641235316382372e-05,5.8329593740146475e-05,1.4277816047239423e-07,2.699016596311159e-05,5.9675405919376054e-05,1.4937594877613668e-07,2.7573461923464602e-05,6.10364699926579e-05,1.561996751771788e-07,2.8162216040395872e-05,6.241278157626849e-05,0.6499999999999999
1.0250403677379835e-07,2.3062024599945267e-05,5.0575249738645504e-05,1.076580937363342e-07,2.3606412629708878e-05,5.182946124656074e-05,1.1300402441018278e-07,2.4156434112418925e-05,5.309894991904826e-05,1.185465260372453e-07,2.4712063968389135e-05,5.438371166726093e-05,1.2429035225843665e-07,2.527327713021462e-05,5.568374235317062e-05,1.30240313094298e-07,2.5840048542872718e-05,5.6999037789582025e-05,1.3640127492537991e-07,2.641235316382372e-05,5.8329593740146475e-05,1.4277816047239423e-07,2.699016596311159e-05,5.9675405919376054e-05,1.4937594877613668e-07,2.7573461923464602e-05,6.10364699926579e-05,1.561996751771788e-07,2.8162216040395872e-05,6.241278157626849e-05,0.6499999999999999
1.0250403677379835e-07,2.3062024599945267e-05,5.0575249738645504e-05,1.076580937363342e-07,2.3606412629708878e-05,5.182946124656074e-05,1.1300402441018278e-07,2.4156434112418925e-05,5.309894991904826e-05,1.185465260372453e-07,2.4712063968389135e-05,5.438371166726093e-05,1.2429035225843665e-07,2.527327713021462e-05,5.568374235317062e-05,1.30240313094298e-07,2.5840048542872718e-05,5.6999037789582025e-05,1.3640127492537991e-07,2.641235316382372e-05,5.8329593740146475e-05,1.4277816047239423e-07,2.699016596311159e-05,5.9675405919376054e-05,1.4937594877613668e-07,2.7573461923464602e-05,6.10364699926579e-05,1.561996751771788e-07,2.8162216040395872e-05,6.241278157626849e-05,0.6499999999999999
1.0250403677379835e-07,2.3062024599945267e-05,5.0575249738645504e-05,1.076580937363342e-07,2.3606412629708878e-05,5.182946124656074e-05,1.1300402441018278e-07,2.4156434112418925e-05,5.309894991904826e-05,1.185465260372453e-07,2.4712063968389135e-05,5.438371166726093e-05,1.2429035225843665e-07,2.527327713021462e-05,5.568374235317062e-05,1.30240313094298e-07,2.5840048542872718e-05,5.6999037789582025e-05,1.3640127492537991e-07,2.641235316382372e-05,5.8329593740146475e-05,1.4277816047239423e-07,2.699016596311159e-05,5.9675405919376054e-05,1.4937594877613668e-07,2.7573461923464602e-05,6.10364699926579e-05,1.561996751771788e-07,2.8162216040395872e-05,6.241278157626849e-05,0.6499999999999999
1.0250403677379835e-07,2.3062024599945267e-05,5.0575249738645504e-05,1.076580937363342e-07,2.3606412629708878e-05,5.182946124656074e-05,1.1300402441018278e-07,2.4156434112418925e-05,5.309894991904826e-05,1.185465260372453e-07,2.4712063968389135e-05,5.438371166726093e-05,1.2429035225843665e-07,2.527327713021462e-05,5.568374235317062e-05,1.30240313094298e-07,2.5840048542872718e-05,5.6999037789582025e-05,1.3640127492537991e-07,2.641235316382372e-05,5.8329593740146475e-05,1.4277816047239423e-07,2.699016596311159e-05,5.9675405919376054e-05,1.4937594877613668e-07,2.7573461923464602e-05,6.10364699926579e-05,1.561996751771788e-07,2.8162216040395872e-05,6.241278157626849e-05,0.6499999999999999
1.0250403677379835e-07,2.3062024599945267e-05,5.0575249738645504e-05,1.076580937363342e-07,2.3606412629708878e-05,5.182946124656074e-05,1.1300402441018278e-07,2.4156434112418925e-05,5.309894991904826e-05,1.185465260372453e-07,2.4712063968389135e-05,5.438371166726093e-05,1.2429035225843665e-07,2.527327713021462e-05,5.568374235317062e-05,1.30240313094298e-07,2.5840048542872718e-05,5.6999037789582025e-05,1.3640127492537991e-07,2.641235316382372e-05,5.8329593740146475e-05,1.4277816047239423e-07,2.699016596311159e-05,5.9675405919376054e-05,1.4937594877613668e-07,2.7573461923464602e-05,6.10364699926579e-05,1.561996751771788e-07,2.8162216040395872e-05,6.241278157626849e-05,0.6499999999999999
1.0250403677379835e-07,2.3062024599945267e-05,5.0575249738645504e-05,1.076580937363342e-07,2.3606412629708878e-05,5.182946124656074e-05,1.1300402441018278e-07,2.4156434112418925e-05,5.309894991904826e-05,1.185465260372453e-07,2.4712063968389135e-05,5.438371166726093e-05,1.2429035225843665e-07,2.527327713021462e-05,5.568374235317062e-05,1.30240313094298e-07,2.5840048542872718e-05,5.6999037789582025e-05,1.3640127492537991e-07,2.641235316382372e-05,5.8329593740146475e-05,1.4277816047239423e-07,2.699016596311159e-05,5.9675405919376054e-05,1.4937594877613668e-07,2.7573461923464602e-05,6.10364699926579e-05,1.561996751771788e-07,2.8162216040395872e-05,6.241278157626849e-05,0.6499999999999999
1.0250403677379835e-07,2.3062024599945267e-05,5.0575249738645504e-05,1.076580937363342e-07,2.3606412629708878e-05,5.182946124656074e-05,1.1300402441018278e-07,2.4156434112418925e-05,5.309894991904826e-05,1.185465260372453e-07,2.4712063968389135e-05,5.438371166726093e-05,1.2429035225843665e-07,2.527327713021462e-05,5.568374235317062e-05,1.30240313094298e-07,2.5840048542872718e-05,5.6999037789582025e-05,1.3640127492537991e-07,2.641235316382372e-05,5.8329593740146475e-05,1.4277816047239423e-07,2.699016596311159e-05,5.9675405919376054e-05,1.4937594877613668e-07,2.7573461923464602e-05,6.10364699926579e-05,1.561996751771788e-07,2.8162216040395872e-05,6.241278157626849e-05,0.6499999999999999
1.0250403677379835e-07,2.3062024599945267e-05,5.0575249738645504e-05,1.076580937363342e-07,2.3606412629708878e-05,5.182946124656074e-05,1.1300402441018278e-07,2.4156434112418925e-05,5.309894991904826e-05,1.185465260372453e-07,2.4712063968389135e-05,5.438371166726093e-05,1.2429035225843665e-07,2.527327713021462e-05,5.568374235317062e-05,1.30240313094298e-07,2.5840048542872718e-05,5.6999037789582025e-05,1.3640127492537991e-07,2.641235316382372e-05,5.8329593740146475e-05,1.4277816047239423e-07,2.699016596311159e-05,5.9675405919376054e-05,1.4937594877613668e-07,2.7573461923464602e-05,6.10364699926579e-05,1.561996751771788e-07,2.8162216040395872e-05,6.241278157626849e-05,0.6499999999999999
1.0250403677379835e-07,2.3062024599945267e-05,5.0575249738645504e-05,1.076580937363342e-07,2.3606412629708878e-05,5.182946124656074e-05,1.1300402441018278e-07,2.4156434112418925e-05,5.309894991904826e-05,1.185465260372453e-07,2.4712063968389135e-05,5.438371166726093e-05,1.2429035225843665e-07,2.527327713021462e-05,5.568374235317062e-05,1.30240313094298e-07,2.5840048542872718e-05,5.6999037789582025e-05,1.3640127492537991e-07,2.641235316382372e-05,5.8329593740146475e-05,1.4277816047239423e-07,2.699016596311159e-05,5.9675405919376054e-05,1.4937594877613668e-07,2.7573461923464602e-05,6.10364699926579e-05,1.561996751771788e-07,2.8162216040395872e-05,6.241278157626849e-05,0.6499999999999999
1.0250403677379835e-07,2.3062024599945267e-05,5.0575249738645504e-05,1.076580937363342e-07,2.3606412629708878e-05,5.182946124656074e-05,1.1300402441018278e-07,2.4156434112418925e-05,5.309894991904826e-05,1.185465260372453e-07,2.4712063968389135e-05,5.438371166726093e-05,1.2429035225843665e-07,2.527327713021462e-05,5.568374235317062e-05,1.30240313094298e-07,2.5840048542872718e-05,5.6999037789582025e-05,1.3640127492537991e-07,2.641235316382372e-05,5.8329593740146475e-05,1.4277816047239423e-07,2.699016596311159e-05,5.9675405919376054e-05,1.4937594877613668e-07,2.7573461923464602e-05,6.10364699926579e-05,1.561996751771788e-07,2.8162216040395872e-05,6.241278157626849e-05,0.6499999999999999
1.0250403677379835e-07,2.3062024599945267e-05,5.0575249738645504e-05,1.076580937363342e-07,2.3606412629708878e-05,5.182946124656074e-05,1.1300402441018278e-07,2.4156434112418925e-05,5.309894991904826e-05,1.185465260372453e-07,2.4712063968389135e-05,5.438371166726093e-05,1.2429035225843665e-07,2.527327713021462e-05,5.568374235317062e-05,1.30240313094298e-07,2.5840048542872718e-05,5.6999037789582025e-05,1.3640127492537991e-07,2.641235316382372e-05,5.8329593740146475e-05,1.4277816047239423e-07,2.699016596311159e-05,5.9675405919376054e-05,1.4937594877613668e-07,2.7573461923464602e-05,6.10364699926579e-05,1.561996751771788e-07,2.8162216040395872e-05,6.241278157626849e-05,0.6499999999999999
1.0250403677379835e-07,2.3062024599945267e-05,5.0575249738645504e-05,1.076580937363342e-07,2.3606412629708878e-05,5.182946124656074e-05,1.1300402441018278e-07,2.4156434112418925e-05,5.309894991904826e-05,1.185465260372453e-07,2.4712063968389135e-05,5.438371166726093e-05,1.2429035225843665e-07,2.527327713021462e-05,5.568374235317062e-05,1.30240313094298e-07,2.5840048542872718e-05,5.6999037789582025e-05,1.3640127492537991e-07,2.641235316382372e-05,5.8329593740146475e-05,1.4277816047239423e-07,2.699016596311159e-05,5.9675405919376054e-05,1.4937594877613668e-07,2.7573461923464602e-05,6.10364699926579e-05,1.561996751771788e-07,2.8162216040395872e-05,6.241278157626849e-05,0.6499999999999999
1.0250403677379835e-07,2.3062024599945267e-05,5.0575249738645504e-05,1.076580937363342e-07,2.3606412629708878e-05,5.182946124656074e-05,1.1300402441018278e-07,2.4156434112418925e-05,5.309894991904826e-05,1.185465260372453e-07,2.4712063968389135e-05,5.438371166726093e-05,1.2429035225843665e-07,2.527327713021462e-05,5.568374235317062e-05,1.30240313094298e-07,2.5840048542872718e-05,5.6999037789582025e-05,1.3640127492537991e-07,2.641235316382372e-05,5.8329593740146475e-05,1.4277816047239423e-07,2.699016596311159e-05,5.9675405919376054e-05,1.4937594877613668e-07,2.7573461923464602e-05,6.10364699926579e-05,1.561996751771788e-07,2.8162216040395872e-05,6.241278157626849e-05,0.6499999999999999
1.0250403677379835e-07,2.3062024599945267e-05,5.0575249738645504e-05,1.076580937363342e-07,2.3606412629708878e-05,5.182946124656074e-05,1.1300402441018278e-07,2.4156434112418925e-05,5.309894991904826e-05,1.185465260372453e-07,2.4712063968389135e-05,5.438371166726093e-05,1.2429035225843665e-07,2.527327713021462e-05,5.568374235317062e-05,1.30240313094298e-07,2.5840048542872718e-05,5.6999037789582025e-05,1.3640127492537991e-07,2.641235316382372e-05,5.8329593740146475e-05,1.4277816047239423e-07,2.699016596311159e-05,5.9675405919376054e-05,1.4937594877613668e-07,2.7573461923464602e-05,6.10364699926579e-05,1.561996751771788e-07,2.8162216040395872e-05,6.241278157626849e-05,0.6499999999999999
1.0250403677379835e-07,2.3062024599945267e-05,5.0575249738645504e-05,1.076580937363342e-07,2.3606412629708878e-05,5.182946124656074e-05,1.1300402441018278e-07,2.4156434112418925e-05,5.309894991904826e-05,1.185465260372453e-07,2.4712063968389135e-05,5.438371166726093e-05,1.2429035225843665e-07,2.527327713021462e-05,5.568374235317062e-05,1.30240313094298e-07,2.5840048542872718e-05,5.6999037789582025e-05,1.3640127492537991e-07,2.641235316382372e-05,5.8329593740146475e-05,1.4277816047239423e-07,2.699016596311159e-05,5.9675405919376054e-05,1.4937594877613668e-07,2.7573461923464602e-05,6.10364699926579e-05,1.561996751771788e-07,2.8162216040395872e-05,6.241278157626849e-05,0.6499999999999999
1.0250403677379835e-07,2.3062024599945267e-05,5.0575249738645504e-05,1.076580937363342e-07,2.3606412629708878e-05,5.182946124656074e-05,1.1300402441018278e-07,2.4156434112418925e-05,5.309894991904826e-05,1.185465260372453e-07,2.4712063968389135e-05,5.438371166726093e-05,1.2429035225843665e-07,2.527327713021462e-05,5.568374235317062e-05,1.30240313094298e-07,2.5840048542872718e-05,5.6999037789582025e-05,1.3640127492537991e-07,2.641235316382372e-05,5.8329593740146475e-05,1.4277816047239423e-07,2.699016596311159e-05,5.9675405919376054e-05,1.4937594877613668e-07,2.7573461923464602e-05,6.10364699926579e-05,1.561996751771788e-07,2.8162216040395872e-05,6.241278157626849e-05,0.6499999999999999
1.0250403677379835e-07,2.3062024599945267e-05,5.0575249738645504e-05,1.076580937363342e-07,2.3606412629708878e-05,5.182946124656074e-05,1.1300402441018278e-07,2.4156434112418925e-05,5.309894991904826e-05,1.185465260372453e-07,2.4712063968389135e-05,5.438371166726093e-05,1.2429035225843665e-07,2.527327713021462e-05,5.568374235317062e-05,1.30240313094298e-07,2.5840048542872718e-05,5.6999037789582025e-05,1.3640127492537991e-07,2.641235316382372e-05,5.8329593740146475e-05,1.4277816047239423e-07,2.699016596311159e-05,5.9675405919376054e-05,1.4937594877613668e-07,2.7573461923464602e-05,6.10364699926579e-05,1.561996751771788e-07,2.8162216040395872e-05,6.241278157626849e-05,0.6499999999999999
1.0250403677379835e-07,2.3062024599945267e-05,5.0575249738645504e-05,1.076580937363342e-07,2.3606412629708878e-05,5.182946124656074e-05,1.1300402441018278e-07,2.4156434112418925e-05,5.309894991904826e-05,1.185465260372453e-07,2.4712063968389135e-05,5.438371166726093e-05,1.2429035225843665e-07,2.527327713021462e-05,5.568374235317062e-05,1.30240313094298e-07,2.5840048542872718e-05,5.6999037789582025e-05,1.3640127492537991e-07,2.641235316382372e-05,5.8329593740146475e-05,1.4277816047239423e-07,2.699016596311159e-05,5.9675405919376054e-05,1.4937594877613668e-07,2.7573461923464602e-05,6.10364699926579e-05,1.561996751771788e-07,2.8162216040395872e-05,6.241278157626849e-05,0.6499999999999999
1.0250403677379835e-07,2.3062024599945267e-05,5.0575249738645504e-05,1.076580937363342e-07,2.3606412629708878e-05,5.182946124656074e-05,1.1300402441018278e-07,2.4156434112418925e-05,5.309894991904826e-05,1.185465260372453e-07,2.4712063968389135e-05,5.438371166726093e-05,1.2429035225843665e-07,2.527327713021462e-05,5.568374235317062e-05,1.30240313094298e-07,2.5840048542872718e-05,5.6999037789582025e-05,1.3640127492537991e-07,2.641235316382372e-05,5.8329593740146475e-05,1.4277816047239423e-07,2.699016596311159e-05,5.9675405919376054e-05,1.4937594877613668e-07,2.7573461923464602e-05,6.10364699926579e-05,1.561996751771788e-07,2.8162216040395872e-05,6.241278157626849e-05,0.6499999999999999
1.0250403677379835e-07,2.3062024599945267e-05,5.0575249738645504e-05,1.076580937363342e-07,2.3606412629708878e-05,5.182946124656074e-05,1.1300402441018278e-07,2.4156434112418925e-05,5.309894991904826e-05,1.185465260372453e-07,2.4712063968389135e-05,5.438371166726093e-05,1.2429035225843665e-07,2.527327713021462e-05,5.568374235317062e-05,1.30240313094298e-07,2.5840048542872718e-05,5.6999037789582025e-05,1.3640127492537991e-07,2.641235316382372e-05,5.8329593740146475e-05,1.4277816047239423e-07,2.699016596311159e-05,5.9675405919376054e-05,1.4937594877613668e-07,2.7573461923464602e-05,6.10364699926579e-05,1.561996751771788e-07,2.8162216040395872e-05,6.241278157626849e-05,0.6499999999999999
1.0250403677379835e-07,2.3062024599945267e-05,5.0575249738645504e-05,1.076580937363342e-07,2.3606412629708878e-05,5.182946124656074e-05,1.1300402441018278e-07,2.4156434112418925e-05,5.309894991904826e-05,1.185465260372453e-07,2.4712063968389135e-05,5.438371166726093e-05,1.2429035225843665e-07,2.527327713021462e-05,5.568374235317062e-05,1.30240313094298e-07,2.5840048542872718e-05,5.6999037789582025e-05,1.3640127492537991e-07,2.641235316382372e-05,5.8329593740146475e-05,1.4277816047239423e-07,2.699016596311159e-05,5.9675405919376054e-05,1.4937594877613668e-07,2.7573461923464602e-05,6.10364699926579e-05,1.561996751771788e-07,2.8162216040395872e-05,6.241278157626849e-05,0.6499999999999999
1.0250403677379835e-07,2.3062024599945267e-05,5.0575249738645504e-05,1.076580937363342e-07,2.3606412629708878e-05,5.182946124656074e-05,1.1300402441018278e-07,2.4156434112418925e-05,5.309894991904826e-05,1.185465260372453e-07,2.4712063968389135e-05,5.438371166726093e-05,1.2429035225843665e-07,2.527327713021462e-05,5.568374235317062e-05,1.30240313094298e-07,2.5840048542872718e-05,5.6999037789582025e-05,1.3640127492537991e-07,2.641235316382372e-05,5.8329593740146475e-05,1.4277816047239423e-07,2.699016596311159e-05,5.9675405919376054e-05,1.4937594877613668e-07,2.7573461923464602e-05,6.10364699926579e-05,1.561996751771788e-07,2.8162216040395872e-05,6.241278157626849e-05,0.6499999999999999
1.0250403677379835e-07,2.3062024599945267e-05,5.0575249738645504e-05,1.076580937363342e-07,2.3606412629708878e-05,5.182946124656074e-05,1.1300402441018278e-07,2.4156434112418925e-05,5.309894991904826e-05,1.185465260372453e-07,2.4712063968389135e-05,5.438371166726093e-05,1.2429035225843665e-07,2.527327713021462e-05,5.568374235317062e-05,1.30240313094298e-07,2.5840048542872718e-05,5.6999037789582025e-05,1.3640127492537991e-07,2.641235316382372e-05,5.8329593740146475e-05,1.4277816047239423e-07,2.699016596311159e-05,5.9675405919376054e-05,1.4937594877613668e-07,2.7573461923464602e-05,6.10364699926579e-05,1.561996751771788e-07,2.8162216040395872e-05,6.241278157626849e-05,0.6499999999999999
1.0250403677379835e-07,2.3062024599945267e-05,5.0575249738645504e-05,1.076580937363342e-07,2.3606412629708878e-05,5.182946124656074e-05,1.1300402441018278e-07,2.4156434112418925e-05,5.309894991904826e-05,1.185465260372453e-07,2.4712063968389135e-05,5.438371166726093e-05,1.2429035225843665e-07,2.527327713021462e-05,5.568374235317062e-05,1.30240313094298e-07,2.5840048542872718e-05,5.6999037789582025e-05,1.3640127492537991e-07,2.641235316382372e-05,5.8329593740146475e-05,1.4277816047239423e-07,2.699016596311159e-05,5.9675405919376054e-05,1.4937594877613668e-07,2.7573461923464602e-05,6.10364699926579e-05,1.561996751771788e-07,2.8162216040395872e-05,6.241278157626849e-05,0.6499999999999999
1.0250403677379835e-07,2.3062024599945267e-05,5.0575249738645504e-05,1.076580937363342e-07,2.3606412629708878e-05,5.182946124656074e-05,1.1300402441018278e-07,2.4156434112418925e-05,5.309894991904826e-05,1.185465260372453e-07,2.4712063968389135e-05,5.438371166726093e-05,1.2429035225843665e-07,2.527327713021462e-05,5.568374235317062e-05,1.30240313094298e-07,2.5840048542872718e-05,5.6999037789582025e-05,1.3640127492537991e-07,2.641235316382372e-05,5.8329593740146475e-05,1.4277816047239423e-07,2.699016596311159e-05,5.9675405919376054e-05,1.4937594877613668e-07,2.7573461923464602e-05,6.10364699926579e-05,1.561996751771788e-07,2.8162216040395872e-05,6.241278157626849e-05,0.6499999999999999
1.0250403677379835e-07,2.3062024599945267e-05,5.0575249738645504e-05,1.076580937363342e-07,2.3606412629708878e-05,5.182946124656074e-05,1.1300402441018278e-07,2.4156434112418925e-05,5.309894991904826e-05,1.185465260372453e-07,2.4712063968389135e-05,5.438371166726093e-05,1.2429035225843665e-07,2.527327713021462e-05,5.568374235317062e-05,1.30240313094298e-07,2.5840048542872718e-05,5.6999037789582025e-05,1.3640127492537991e-07,2.641235316382372e-05,5.8329593740146475e-05,1.4277816047239423e-07,2.699016596311159e-05,5.9675405919376054e-05,1.4937594877613668e-07,2.7573461923464602e-05,6.10364699926579e-05,1.561996751771788e-07,2.8162216040395872e-05,6.241278157626849e-05,0.6499999999999999
1.0250403677379835e-07,2.3062024599945267e-05,5.0575249738645504e-05,1.076580937363342e-07,2.3606412629708878e-05,5.182946124656074e-05,1.1300402441018278e-07,2.4156434112418925e-05,5.309894991904826e-05,1.185465260372453e-07,2.4712063968389135e-05,5.438371166726093e-05,1.2429035225843665e-07,2.527327713021462e-05,5.568374235317062e-05,1.30240313094298e-07,2.5840048542872718e-05,5.6999037789582025e-05,1.3640127492537991e-07,2.641235316382372e-05,5.8329593740146475e-05,1.4277816047239423e-07,2.699016596311159e-05,5.9675405919376054e-05,1.4937594877613668e-07,2.7573461923464602e-05,6.10364699926579e-05,1.561996751771788e-07,2.8162216040395872e-05,6.241278157626849e-05,0.6499999999999999
1.0250403677379835e-07,2.3062024599945267e-05,5.0575249738645504e-05,1.076580937363342e-07,2.3606412629708878e-05,5.182946124656074e-05,1.1300402441018278e-07,2.4156434112418925e-05,5.309894991904826e-05,1.185465260372453e-07,2.4712063968389135e-05,5.438371166726093e-05,1.2429035225843665e-07,2.527327713021462e-05,5.568374235317062e-05,1.30240313094298e-07,2.5840048542872718e-05,5.6999037789582025e-05,1.3640127492537991e-07,2.641235316382372e-05,5.8329593740146475e-05,1.4277816047239423e-07,2.699016596311159e-05,5.9675405919376054e-05,1.4937594877613668e-07,2.7573461923464602e-05,6.10364699926579e-05,1.561996751771788e-07,2.8162216040395872e-05,6.241278157626849e-05,0.6499999999999999
1.0250403677379835e-07,2.3062024599945267e-05,5.0575249738645504e-05,1.076580937363342e-07,2.3606412629708878e-05,5.182946124656074e-05,1.1300402441018278e-07,2.4156434112418925e-05,5.309894991904826e-05,1.185465260372453e-07,2.4712063968389135e-05,5.438371166726093e-05,1.2429035225843665e-07,2.527327713021462e-05,5.568374235317062e-05,1.30240313094298e-07,2.5840048542872718e-05,5.6999037789582025e-05,1.3640127492537991e-07,2.641235316382372e-05,5.8329593740146475e-05,1.4277816047239423e-07,2.699016596311159e-05,5.9675405919376054e-05,1.4937594877613668e-07,2.7573461923464602e-05,6.10364699926579e-05,1.561996751771788e-07,2.8162216040395872e-05,6.241278157626849e-05,0.6499999999999999
1.0250403677379835e-07,2.3062024599945267e-05,5.0575249738645504e-05,1.076580937363342e-07,2.3606412629708878e-05,5.182946124656074e-05,1.1300402441018278e-07,2.4156434112418925e-05,5.309894991904826e-05,1.185465260372453e-07,2.4712063968389135e-05,5.438371166726093e-05,1.2429035225843665e-07,2.527327713021462e-05,5.568374235317062e-05,1.30240313094298e-07,2.5840048542872718e-05,5.6999037789582025e-05,1.3640127492537991e-07,2.641235316382372e-05,5.8329593740146475e-05,1.4277816047239423e-07,2.699016596311159e-05,5.9675405919376054e-05,1.4937594877613668e-07,2.7573461923464602e-05,6.10364699926579e-05,1.561996751771788e-07,2.8162216040395872e-05,6.241278157626849e-05,0.6499999999999999
1.0250403677379835e-07,2.3062024599945267e-05,5.0575249738645504e-05,1.076580937363342e-07,2.3606412629708878e-05,5.182946124656074e-05,1.1300402441018278e-07,2.4156434112418925e-05,5.309894991904826e-05,1.185465260372453e-07,2.4712063968389135e-05,5.438371166726093e-05,1.2429035225843665e-07,2.527327713021462e-05,5.568374235317062e-05,1.30240313094298e-07,2.5840048542872718e-05,5.6999037789582025e-05,1.3640127492537991e-07,2.641235316382372e-05,5.8329593740146475e-05,1.4277816047239423e-07,2.699016596311159e-05,5.9675405919376054e-05,1.4937594877613668e-07,2.7573461923464602e-05,6.10364699926579e-05,1.561996751771788e-07,2.8162216040395872e-05,6.241278157626849e-05,0.6499999999999999
1.0250403677379835e-07,2.3062024599945267e-05,5.0575249738645504e-05,1.076580937363342e-07,2.3606412629708878e-05,5.182946124656074e-05,1.1300402441018278e-07,2.4156434112418925e-05,5.309894991904826e-05,1.185465260372453e-07,2.4712063968389135e-05,5.438371166726093e-05,1.2429035225843665e-07,2.527327713021462e-05,5.568374235317062e-05,1.30240313094298e-07,2.5840048542872718e-05,5.6999037789582025e-05,1.3640127492537991e-07,2.641235316382372e-05,5.8329593740146475e-05,1.4277816047239423e-07,2.699016596311159e-05,5.9675405919376054e-05,1.4937594877613668e-07,2.7573461923464602e-05,6.10364699926579e-05,1.561996751771788e-07,2.8162216040395872e-05,6.241278157626849e-05,0.6499999999999999
1.0250403677379835e-07,2.3062024599945267e-05,5.0575249738645504e-05,1.076580937363342e-07,2.3606412629708878e-05,5.182946124656074e-05,1.1300402441018278e-07,2.4156434112418925e-05,5.309894991904826e-05,1.185465260372453e-07,2.4712063968389135e-05,5.438371166726093e-05,1.2429035225843665e-07,2.527327713021462e-05,5.568374235317062e-05,1.30240313094298e-07,2.5840048542872718e-05,5.6999037789582025e-05,1.3640127492537991e-07,2.641235316382372e-05,5.8329593740146475e-05,1.4277816047239423e-07,2.699016596311159e-05,5.9675405919376054e-05,1.4937594877613668e-07,2.7573461923464602e-05,6.10364699926579e-05,1.561996751771788e-07,2.8162216040395872e-05,6.241278157626849e-05,0.6499999999999999
1.0250403677379835e-07,2.3062024599945267e-05,5.0575249738645504e-05,1.076580937363342e-07,2.3606412629708878e-05,5.182946124656074e-05,1.1300402441018278e-07,2.4156434112418925e-05,5.309894991904826e-05,1.185465260372453e-07,2.4712063968389135e-05,5.438371166726093e-05,1.2429035225843665e-07,2.527327713021462e-05,5.568374235317062e-05,1.30240313094298e-07,2.5840048542872718e-05,5.6999037789582025e-05,1.3640127492537991e-07,2.641235316382372e-05,5.8329593740146475e-05,1.4277816047239423e-07,2.699016596311159e-05,5.9675405919376054e-05,1.4937594877613668e-07,2.7573461923464602e-05,6.10364699926579e-05,1.561996751771788e-07,2.8162216040395872e-05,6.241278157626849e-05,0.6499999999999999
1.0250403677379835e-07,2.3062024599945267e-05,5.0575249738645504e-05,1.076580937363342e-07,2.3606412629708878e-05,5.182946124656074e-05,1.1300402441018278e-07,2.4156434112418925e-05,5.309894991904826e-05,1.185465260372453e-07,2.4712063968389135e-05,5.438371166726093e-05,1.2429035225843665e-07,2.527327713021462e-05,5.568374235317062e-05,1.30240313094298e-07,2.5840048542872718e-05,5.6999037789582025e-05,1.3640127492537991e-07,2.641235316382372e-05,5.8329593740146475e-05,1.4277816047239423e-07,2.699016596311159e-05,5.9675405919376054e-05,1.4937594877613668e-07,2.7573461923464602e-05,6.10364699926579e-05,1.561996751771788e-07,2.8162216040395872e-05,6.241278157626849e-05,0.6499999999999999
1.0250403677379835e-07,2.3062024599945267e-05,5.0575249738645504e-05,1.076580937363342e-07,2.3606412629708878e-05,5.182946124656074e-05,1.1300402441018278e-07,2.4156434112418925e-05,5.309894991904826e-05,1.185465260372453e-07,2.4712063968389135e-05,5.438371166726093e-05,1.2429035225843665e-07,2.527327713021462e-05,5.568374235317062e-05,1.30240313094298e-07,2.5840048542872718e-05,5.6999037789582025e-05,1.3640127492537991e-07,2.641235316382372e-05,5.8329593740146475e-05,1.4277816047239423e-07,2.699016596311159e-05,5.9675405919376054e-05,1.4937594877613668e-07,2.7573461923464602e-05,6.10364699926579e-05,1.561996751771788e-07,2.8162216040395872e-05,6.241278157626849e-05,0.6499999999999999
1.0250403677379835e-07,2.3062024599945267e-05,5.0575249738645504e-05,1.076580937363342e-07,2.3606412629708878e-05,5.182946124656074e-05,1.1300402441018278e-07,2.4156434112418925e-05,5.309894991904826e-05,1.185465260372453e-07,2.4712063968389135e-05,5.438371166726093e-05,1.2429035225843665e-07,2.527327713021462e-05,5.568374235317062e-05,1.30240313094298e-07,2.5840048542872718e-05,5.6999037789582025e-05,1.3640127492537991e-07,2.641235316382372e-05,5.8329593740146475e-05,1.4277816047239423e-07,2.699016596311159e-05,5.9675405919376054e-05,1.4937594877613668e-07,2.7573461923464602e-05,6.10364699926579e-05,1.561996751771788e-07,2.8162216040395872e-05,6.241278157626849e-05,0.6499999999999999
1.0250403677379835e-07,2.3062024599945267e-05,5.0575249738645504e-05,1.076580937363342e-07,2.3606412629708878e-05,5.182946124656074e-05,1.1300402441018278e-07,2.4156434112418925e-05,5.309894991904826e-05,1.185465260372453e-07,2.4712063968389135e-05,5.438371166726093e-05,1.2429035225843665e-07,2.527327713021462e-05,5.568374235317062e-05,1.30240313094298e-07,2.5840048542872718e-05,5.6999037789582025e-05,1.3640127492537991e-07,2.641235316382372e-05,5.8329593740146475e-05,1.4277816047239423e-07,2.699016596311159e-05,5.9675405919376054e-05,1.4937594877613668e-07,2.7573461923464602e-05,6.10364699926579e-05,1.561996751771788e-07,2.8162216040395872e-05,6.241278157626849e-05,0.6499999999999999
1.0250403677379835e-07,2.3062024599945267e-05,5.0575249738645504e-05,1.076580937363342e-07,2.3606412629708878e-05,5.182946124656074e-05,1.1300402441018278e-07,2.4156434112418925e-05,5.309894991904826e-05,1.185465260372453e-07,2.4712063968389135e-05,5.438371166726093e-05,1.2429035225843665e-07,2.527327713021462e-05,5.568374235317062e-05,1.30240313094298e-07,2.5840048542872718e-05,5.6999037789582025e-05,1.3640127492537991e-07,2.641235316382372e-05,5.8329593740146475e-05,1.4277816047239423e-07,2.699016596311159e-05,5.9675405919376054e-05,1.4937594877613668e-07,2.7573461923464602e-05,6.10364699926579e-05,1.561996751771788e-07,2.8162216040395872e-05,6.241278157626849e-05,0.6499999999999999
1.0250403677379835e-07,2.3062024599945267e-05,5.0575249738645504e-05,1.076580937363342e-07,2.3606412629708878e-05,5.182946124656074e-05,1.1300402441018278e-07,2.4156434112418925e-05,5.309894991904826e-05,1.185465260372453e-07,2.4712063968389135e-05,5.438371166726093e-05,1.2429035225843665e-07,2.527327713021462e-05,5.568374235317062e-05,1.30240313094298e-07,2.5840048542872718e-05,5.6999037789582025e-05,1.3640127492537991e-07,2.641235316382372e-05,5.8329593740146475e-05,1.4277816047239423e-07,2.699016596311159e-05,5.9675405919376054e-05,1.4937594877613668e-07,2.7573461923464602e-05,6.10364699926579e-05,1.561996751771788e-07,2.8162216040395872e-05,6.241278157626849e-05,0.6499999999999999
1.0250403677379835e-07,2.3062024599945267e-05,5.0575249738645504e-05,1.076580937363342e-07,2.3606412629708878e-05,5.182946124656074e-05,1.1300402441018278e-07,2.4156434112418925e-05,5.309894991904826e-05,1.185465260372453e-07,2.4712063968389135e-05,5.438371166726093e-05,1.2429035225843665e-07,2.527327713021462e-05,5.568374235317062e-05,1.30240313094298e-07,2.5840048542872718e-05,5.6999037789582025e-05,1.3640127492537991e-07,2.641235316382372e-05,5.8329593740146475e-05,1.4277816047239423e-07,2.699016596311159e-05,5.9675405919376054e-05,1.4937594877613668e-07,2.7573461923464602e-05,6.10364699926579e-05,1.561996751771788e-07,2.8162216040395872e-05,6.241278157626849e-05,0.6499999999999999
1.0250403677379835e-07,2.3062024599945267e-05,5.0575249738645504e-05,1.076580937363342e-07,2.3606412629708878e-05,5.182946124656074e-05,1.1300402441018278e-07,2.4156434112418925e-05,5.309894991904826e-05,1.185465260372453e-07,2.4712063968389135e-05,5.438371166726093e-05,1.2429035225843665e-07,2.527327713021462e-05,5.568374235317062e-05,1.30240313094298e-07,2.5840048542872718e-05,5.6999037789582025e-05,1.3640127492537991e-07,2.641235316382372e-05,5.8329593740146475e-05,1.4277816047239423e-07,2.699016596311159e-05,5.9675405919376054e-05,1.4937594877613668e-07,2.7573461923464602e-05,6.10364699926579e-05,1.561996751771788e-07,2.8162216040395872e-05,6.241278157626849e-05,0.6499999999999999
1.0250403677379835e-07,2.3062024599945267e-05,5.0575249738645504e-05,1.076580937363342e-07,2.3606412629708878e-05,5.182946124656074e-05,1.1300402441018278e-07,2.4156434112418925e-05,5.309894991904826e-05,1.185465260372453e-07,2.4712063968389135e-05,5.438371166726093e-05,1.2429035225843665e-07,2.527327713021462e-05,5.568374235317062e-05,1.30240313094298e-07,2.5840048542872718e-05,5.6999037789582025e-05,1.3640127492537991e-07,2.641235316382372e-05,5.8329593740146475e-05,1.4277816047239423e-07,2.699016596311159e-05,5.9675405919376054e-05,1.4937594877613668e-07,2.7573461923464602e-05,6.10364699926579e-05,1.561996751771788e-07,2.8162216040395872e-05,6.241278157626849e-05,0.6499999999999999
1.0250403677379835e-07,2.3062024599945267e-05,5.0575249738645504e-05,1.076580937363342e-07,2.3606412629708878e-05,5.182946124656074e-05,1.1300402441018278e-07,2.4156434112418925e-05,5.309894991904826e-05,1.185465260372453e-07,2.4712063968389135e-05,5.438371166726093e-05,1.2429035225843665e-07,2.527327713021462e-05,5.568374235317062e-05,1.30240313094298e-07,2.5840048542872718e-05,5.6999037789582025e-05,1.3640127492537991e-07,2.641235316382372e-05,5.8329593740146475e-05,1.4277816047239423e-07,2.699016596311159e-05,5.9675405919376054e-05,1.4937594877613668e-07,2.7573461923464602e-05,6.10364699926579e-05,1.561996751771788e-07,2.8162216040395872e-05,6.241278157626849e-05,0.6499999999999999
1.0250403677379835e-07,2.3062024599945267e-05,5.0575249738645504e-05,1.076580937363342e-07,2.3606412629708878e-05,5.182946124656074e-05,1.1300402441018278e-07,2.4156434112418925e-05,5.309894991904826e-05,1.185465260372453e-07,2.4712063968389135e-05,5.438371166726093e-05,1.2429035225843665e-07,2.527327713021462e-05,5.568374235317062e-05,1.30240313094298e-07,2.5840048542872718e-05,5.6999037789582025e-05,1.3640127492537991e-07,2.641235316382372e-05,5.8329593740146475e-05,1.4277816047239423e-07,2.699016596311159e-05,5.9675405919376054e-05,1.4937594877613668e-07,2.7573461923464602e-05,6.10364699926579e-05,1.561996751771788e-07,2.8162216040395872e-05,6.241278157626849e-05,0.6499999999999999
1.0250403677379835e-07,2.3062024599945267e-05,5.0575249738645504e-05,1.076580937363342e-07,2.3606412629708878e-05,5.182946124656074e-05,1.1300402441018278e-07,2.4156434112418925e-05,5.309894991904826e-05,1.185465260372453e-07,2.4712063968389135e-05,5.438371166726093e-05,1.2429035225843665e-07,2.527327713021462e-05,5.568374235317062e-05,1.30240313094298e-07,2.5840048542872718e-05,5.6999037789582025e-05,1.3640127492537991e-07,2.641235316382372e-05,5.8329593740146475e-05,1.4277816047239423e-07,2.699016596311159e-05,5.9675405919376054e-05,1.4937594877613668e-07,2.7573461923464602e-05,6.10364699926579e-05,1.561996751771788e-07,2.8162216040395872e-05,6.241278157626849e-05,0.6499999999999999
1.0250403677379835e-07,2.3062024599945267e-05,5.0575249738645504e-05,1.076580937363342e-07,2.3606412629708878e-05,5.182946124656074e-05,1.1300402441018278e-07,2.4156434112418925e-05,5.309894991904826e-05,1.185465260372453e-07,2.4712063968389135e-05,5.438371166726093e-05,1.2429035225843665e-07,2.527327713021462e-05,5.568374235317062e-05,1.30240313094298e-07,2.5840048542872718e-05,5.6999037789582025e-05,1.3640127492537991e-07,2.641235316382372e-05,5.8329593740146475e-05,1.4277816047239423e-07,2.699016596311159e-05,5.9675405919376054e-05,1.4937594877613668e-07,2.7573461923464602e-05,6.10364699926579e-05,1.561996751771788e-07,2.8162216040395872e-05,6.241278157626849e-05,0.6499999999999999
1.0250403677379835e-07,2.3062024599945267e-05,5.0575249738645504e-05,1.076580937363342e-07,2.3606412629708878e-05,5.182946124656074e-05,1.1300402441018278e-07,2.4156434112418925e-05,5.309894991904826e-05,1.185465260372453e-07,2.4712063968389135e-05,5.438371166726093e-05,1.2429035225843665e-07,2.527327713021462e-05,5.568374235317062e-05,1.30240313094298e-07,2.5840048542872718e-05,5.6999037789582025e-05,1.3640127492537991e-07,2.641235316382372e-05,5.8329593740146475e-05,1.4277816047239423e-07,2.699016596311159e-05,5.9675405919376054e-05,1.4937594877613668e-07,2.7573461923464602e-05,6.10364699926579e-05,1.561996751771788e-07,2.8162216040395872e-05,6.241278157626849e-05,0.6499999999999999
1.0250403677379835e-07,2.3062024599945267e-05,5.0575249738645504e-05,1.076580937363342e-07,2.3606412629708878e-05,5.182946124656074e-05,1.1300402441018278e-07,2.4156434112418925e-05,5.309894991904826e-05,1.185465260372453e-07,2.4712063968389135e-05,5.438371166726093e-05,1.2429035225843665e-07,2.527327713021462e-05,5.568374235317062e-05,1.30240313094298e-07,2.5840048542872718e-05,5.6999037789582025e-05,1.3640127492537991e-07,2.641235316382372e-05,5.8329593740146475e-05,1.4277816047239423e-07,2.699016596311159e-05,5.9675405919376054e-05,1.4937594877613668e-07,2.7573461923464602e-05,6.10364699926579e-05,1.561996751771788e-07,2.8162216040395872e-05,6.241278157626849e-05,0.6499999999999999
1.0250403677379835e-07,2.3062024599945267e-05,5.0575249738645504e-05,1.076580937363342e-07,2.3606412629708878e-05,5.182946124656074e-05,1.1300402441018278e-07,2.4156434112418925e-05,5.309894991904826e-05,1.185465260372453e-07,2.4712063968389135e-05,5.438371166726093e-05,1.2429035225843665e-07,2.527327713021462e-05,5.568374235317062e-05,1.30240313094298e-07,2.5840048542872718e-05,5.6999037789582025e-05,1.3640127492537991e-07,2.641235316382372e-05,5.8329593740146475e-05,1.4277816047239423e-07,2.699016596311159e-05,5.9675405919376054e-05,1.4937594877613668e-07,2.7573461923464602e-05,6.10364699926579e-05,1.561996751771788e-07,2.8162216040395872e-05,6.241278157626849e-05,0.6499999999999999
1.0250403677379835e-07,2.3062024599945267e-05,5.0575249738645504e-05,1.076580937363342e-07,2.3606412629708878e-05,5.182946124656074e-05,1.1300402441018278e-07,2.4156434112418925e-05,5.309894991904826e-05,1.185465260372453e-07,2.4712063968389135e-05,5.438371166726093e-05,1.2429035225843665e-07,2.527327713021462e-05,5.568374235317062e-05,1.30240313094298e-07,2.5840048542872718e-05,5.6999037789582025e-05,1.3640127492537991e-07,2.641235316382372e-05,5.8329593740146475e-05,1.4277816047239423e-07,2.699016596311159e-05,5.9675405919376054e-05,1.4937594877613668e-07,2.7573461923464602e-05,6.10364699926579e-05,1.561996751771788e-07,2.8162216040395872e-05,6.241278157626849e-05,0.6499999999999999
1.0250403677379835e-07,2.3062024599945267e-05,5.0575249738645504e-05,1.076580937363342e-07,2.3606412629708878e-05,5.182946124656074e-05,1.1300402441018278e-07,2.4156434112418925e-05,5.309894991904826e-05,1.185465260372453e-07,2.4712063968389135e-05,5.438371166726093e-05,1.2429035225843665e-07,2.527327713021462e-05,5.568374235317062e-05,1.30240313094298e-07,2.5840048542872718e-05,5.6999037789582025e-05,1.3640127492537991e-07,2.641235316382372e-05,5.8329593740146475e-05,1.4277816047239423e-07,2.699016596311159e-05,5.9675405919376054e-05,1.4937594877613668e-07,2.7573461923464602e-05,6.10364699926579e-05,1.561996751771788e-07,2.8162216040395872e-05,6.241278157626849e-05,0.6499999999999999
1.0250403677379835e-07,2.3062024599945267e-05,5.0575249738645504e-05,1.076580937363342e-07,2.3606412629708878e-05,5.182946124656074e-05,1.1300402441018278e-07,2.4156434112418925e-05,5.309894991904826e-05,1.185465260372453e-07,2.4712063968389135e-05,5.438371166726093e-05,1.2429035225843665e-07,2.527327713021462e-05,5.568374235317062e-05,1.30240313094298e-07,2.5840048542872718e-05,5.6999037789582025e-05,1.3640127492537991e-07,2.641235316382372e-05,5.8329593740146475e-05,1.4277816047239423e-07,2.699016596311159e-05,5.9675405919376054e-05,1.4937594877613668e-07,2.7573461923464602e-05,6.10364699926579e-05,1.561996751771788e-07,2.8162216040395872e-05,6.241278157626849e-05,0.6499999999999999
1.0250403677379835e-07,2.3062024599945267e-05,5.0575249738645504e-05,1.076580937363342e-07,2.3606412629708878e-05,5.182946124656074e-05,1.1300402441018278e-07,2.4156434112418925e-05,5.309894991904826e-05,1.185465260372453e-07,2.4712063968389135e-05,5.438371166726093e-05,1.2429035225843665e-07,2.527327713021462e-05,5.568374235317062e-05,1.30240313094298e-07,2.5840048542872718e-05,5.6999037789582025e-05,1.3640127492537991e-07,2.641235316382372e-05,5.8329593740146475e-05,1.4277816047239423e-07,2.699016596311159e-05,5.9675405919376054e-05,1.4937594877613668e-07,2.7573461923464602e-05,6.10364699926579e-05,1.561996751771788e-07,2.8162216040395872e-05,6.241278157626849e-05,0.6499999999999999
1.0250403677379835e-07,2.3062024599945267e-05,5.0575249738645504e-05,1.076580937363342e-07,2.3606412629708878e-05,5.182946124656074e-05,1.1300402441018278e-07,2.4156434112418925e-05,5.309894991904826e-05,1.185465260372453e-07,2.4712063968389135e-05,5.438371166726093e-05,1.2429035225843665e-07,2.527327713021462e-05,5.568374235317062e-05,1.30240313094298e-07,2.5840048542872718e-05,5.6999037789582025e-05,1.3640127492537991e-07,2.641235316382372e-05,5.8329593740146475e-05,1.4277816047239423e-07,2.699016596311159e-05,5.9675405919376054e-05,1.4937594877613668e-07,2.7573461923464602e-05,6.10364699926579e-05,1.561996751771788e-07,2.8162216040395872e-05,6.241278157626849e-05,0.6499999999999999
1.0250403677379835e-07,2.3062024599945267e-05,5.0575249738645504e-05,1.076580937363342e-07,2.3606412629708878e-05,5.182946124656074e-05,1.1300402441018278e-07,2.4156434112418925e-05,5.309894991904826e-05,1.185465260372453e-07,2.4712063968389135e-05,5.438371166726093e-05,1.2429035225843665e-07,2.527327713021462e-05,5.568374235317062e-05,1.30240313094298e-07,2.5840048542872718e-05,5.6999037789582025e-05,1.3640127492537991e-07,2.641235316382372e-05,5.8329593740146475e-05,1.4277816047239423e-07,2.699016596311159e-05,5.9675405919376054e-05,1.4937594877613668e-07,2.7573461923464602e-05,6.10364699926579e-05,1.561996751771788e-07,2.8162216040395872e-05,6.241278157626849e-05,0.6499999999999999
1.0250403677379835e-07,2.3062024599945267e-05,5.0575249738645504e-05,1.076580937363342e-07,2.3606412629708878e-05,5.182946124656074e-05,1.1300402441018278e-07,2.4156434112418925e-05,5.309894991904826e-05,1.185465260372453e-07,2.4712063968389135e-05,5.438371166726093e-05,1.2429035225843665e-07,2.527327713021462e-05,5.568374235317062e-05,1.30240313094298e-07,2.5840048542872718e-05,5.6999037789582025e-05,1.3640127492537991e-07,2.641235316382372e-05,5.8329593740146475e-05,1.4277816047239423e-07,2.699016596311159e-05,5.9675405919376054e-05,1.4937594877613668e-07,2.7573461923464602e-05,6.10364699926579e-05,1.561996751771788e-07,2.8162216040395872e-05,6.241278157626849e-05,0.6499999999999999
1.0250403677379835e-07,2.3062024599945267e-05,5.0575249738645504e-05,1.076580937363342e-07,2.3606412629708878e-05,5.182946124656074e-05,1.1300402441018278e-07,2.4156434112418925e-05,5.309894991904826e-05,1.185465260372453e-07,2.4712063968389135e-05,5.438371166726093e-05,1.2429035225843665e-07,2.527327713021462e-05,5.568374235317062e-05,1.30240313094298e-07,2.5840048542872718e-05,5.6999037789582025e-05,1.3640127492537991e-07,2.641235316382372e-05,5.8329593740146475e-05,1.4277816047239423e-07,2.699016596311159e-05,5.9675405919376054e-05,1.4937594877613668e-07,2.7573461923464602e-05,6.10364699926579e-05,1.561996751771788e-07,2.8162216040395872e-05,6.241278157626849e-05,0.6499999999999999
1.0250403677379835e-07,2.3062024599945267e-05,5.0575249738645504e-05,1.076580937363342e-07,2.3606412629708878e-05,5.182946124656074e-05,1.1300402441018278e-07,2.4156434112418925e-05,5.309894991904826e-05,1.185465260372453e-07,2.4712063968389135e-05,5.438371166726093e-05,1.2429035225843665e-07,2.527327713021462e-05,5.568374235317062e-05,1.30240313094298e-07,2.5840048542872718e-05,5.6999037789582025e-05,1.3640127492537991e-07,2.641235316382372e-05,5.8329593740146475e-05,1.4277816047239423e-07,2.699016596311159e-05,5.9675405919376054e-05,1.4937594877613668e-07,2.7573461923464602e-05,6.10364699926579e-05,1.561996751771788e-07,2.8162216040395872e-05,6.241278157626849e-05,0.6499999999999999
1.0250403677379835e-07,2.3062024599945267e-05,5.0575249738645504e-05,1.076580937363342e-07,2.3606412629708878e-05,5.182946124656074e-05,1.1300402441018278e-07,2.4156434112418925e-05,5.309894991904826e-05,1.185465260372453e-07,2.4712063968389135e-05,5.438371166726093e-05,1.2429035225843665e-07,2.527327713021462e-05,5.568374235317062e-05,1.30240313094298e-07,2.5840048542872718e-05,5.6999037789582025e-05,1.3640127492537991e-07,2.641235316382372e-05,5.8329593740146475e-05,1.4277816047239423e-07,2.699016596311159e-05,5.9675405919376054e-05,1.4937594877613668e-07,2.7573461923464602e-05,6.10364699926579e-05,1.561996751771788e-07,2.8162216040395872e-05,6.241278157626849e-05,0.6499999999999999
1.0250403677379835e-07,2.3062024599945267e-05,5.0575249738645504e-05,1.076580937363342e-07,2.3606412629708878e-05,5.182946124656074e-05,1.1300402441018278e-07,2.4156434112418925e-05,5.309894991904826e-05,1.185465260372453e-07,2.4712063968389135e-05,5.438371166726093e-05,1.2429035225843665e-07,2.527327713021462e-05,5.568374235317062e-05,1.30240313094298e-07,2.5840048542872718e-05,5.6999037789582025e-05,1.3640127492537991e-07,2.641235316382372e-05,5.8329593740146475e-05,1.4277816047239423e-07,2.699016596311159e-05,5.9675405919376054e-05,1.4937594877613668e-07,2.7573461923464602e-05,6.10364699926579e-05,1.561996751771788e-07,2.8162216040395872e-05,6.241278157626849e-05,0.6499999999999999
1.0250403677379835e-07,2.3062024599945267e-05,5.0575249738645504e-05,1.076580937363342e-07,2.3606412629708878e-05,5.182946124656074e-05,1.1300402441018278e-07,2.4156434112418925e-05,5.309894991904826e-05,1.185465260372453e-07,2.4712063968389135e-05,5.438371166726093e-05,1.2429035225843665e-07,2.527327713021462e-05,5.568374235317062e-05,1.30240313094298e-07,2.5840048542872718e-05,5.6999037789582025e-05,1.3640127492537991e-07,2.641235316382372e-05,5.8329593740146475e-05,1.4277816047239423e-07,2.699016596311159e-05,5.9675405919376054e-05,1.4937594877613668e-07,2.7573461923464602e-05,6.10364699926579e-05,1.561996751771788e-07,2.8162216040395872e-05,6.241278157626849e-05,0.6499999999999999
1.0250403677379835e-07,2.3062024599945267e-05,5.0575249738645504e-05,1.076580937363342e-07,2.3606412629708878e-05,5.182946124656074e-05,1.1300402441018278e-07,2.4156434112418925e-05,5.309894991904826e-05,1.185465260372453e-07,2.4712063968389135e-05,5.438371166726093e-05,1.2429035225843665e-07,2.527327713021462e-05,5.568374235317062e-05,1.30240313094298e-07,2.5840048542872718e-05,5.6999037789582025e-05,1.3640127492537991e-07,2.641235316382372e-05,5.8329593740146475e-05,1.4277816047239423e-07,2.699016596311159e-05,5.9675405919376054e-05,1.4937594877613668e-07,2.7573461923464602e-05,6.10364699926579e-05,1.561996751771788e-07,2.8162216040395872e-05,6.241278157626849e-05,0.6499999999999999
1.0250403677379835e-07,2.3062024599945267e-05,5.0575249738645504e-05,1.076580937363342e-07,2.3606412629708878e-05,5.182946124656074e-05,1.1300402441018278e-07,2.4156434112418925e-05,5.309894991904826e-05,1.185465260372453e-07,2.4712063968389135e-05,5.438371166726093e-05,1.2429035225843665e-07,2.527327713021462e-05,5.568374235317062e-05,1.30240313094298e-07,2.5840048542872718e-05,5.6999037789582025e-05,1.3640127492537991e-07,2.641235316382372e-05,5.8329593740146475e-05,1.4277816047239423e-07,2.699016596311159e-05,5.9675405919376054e-05,1.4937594877613668e-07,2.7573461923464602e-05,6.10364699926579e-05,1.561996751771788e-07,2.8162216040395872e-05,6.241278157626849e-05,0.6499999999999999
1.0250403677379835e-07,2.3062024599945267e-05,5.0575249738645504e-05,1.076580937363342e-07,2.3606412629708878e-05,5.182946124656074e-05,1.1300402441018278e-07,2.4156434112418925e-05,5.309894991904826e-05,1.185465260372453e-07,2.4712063968389135e-05,5.438371166726093e-05,1.2429035225843665e-07,2.527327713021462e-05,5.568374235317062e-05,1.30240313094298e-07,2.5840048542872718e-05,5.6999037789582025e-05,1.3640127492537991e-07,2.641235316382372e-05,5.8329593740146475e-05,1.4277816047239423e-07,2.699016596311159e-05,5.9675405919376054e-05,1.4937594877613668e-07,2.7573461923464602e-05,6.10364699926579e-05,1.561996751771788e-07,2.8162216040395872e-05,6.241278157626849e-05,0.6499999999999999
1.0250403677379835e-07,2.3062024599945267e-05,5.0575249738645504e-05,1.076580937363342e-07,2.3606412629708878e-05,5.182946124656074e-05,1.1300402441018278e-07,2.4156434112418925e-05,5.309894991904826e-05,1.185465260372453e-07,2.4712063968389135e-05,5.438371166726093e-05,1.2429035225843665e-07,2.527327713021462e-05,5.568374235317062e-05,1.30240313094298e-07,2.5840048542872718e-05,5.6999037789582025e-05,1.3640127492537991e-07,2.641235316382372e-05,5.8329593740146475e-05,1.4277816047239423e-07,2.699016596311159e-05,5.9675405919376054e-05,1.4937594877613668e-07,2.7573461923464602e-05,6.10364699926579e-05,1.561996751771788e-07,2.8162216040395872e-05,6.241278157626849e-05,0.6499999999999999
1.0250403677379835e-07,2.3062024599945267e-05,5.0575249738645504e-05,1.076580937363342e-07,2.3606412629708878e-05,5.182946124656074e-05,1.1300402441018278e-07,2.4156434112418925e-05,5.309894991904826e-05,1.185465260372453e-07,2.4712063968389135e-05,5.438371166726093e-05,1.2429035225843665e-07,2.527327713021462e-05,5.568374235317062e-05,1.30240313094298e-07,2.5840048542872718e-05,5.6999037789582025e-05,1.3640127492537991e-07,2.641235316382372e-05,5.8329593740146475e-05,1.4277816047239423e-07,2.699016596311159e-05,5.9675405919376054e-05,1.4937594877613668e-07,2.7573461923464602e-05,6.10364699926579e-05,1.561996751771788e-07,2.8162216040395872e-05,6.241278157626849e-05,0.6499999999999999
1.0250403677379835e-07,2.3062024599945267e-05,5.0575249738645504e-05,1.076580937363342e-07,2.3606412629708878e-05,5.182946124656074e-05,1.1300402441018278e-07,2.4156434112418925e-05,5.309894991904826e-05,1.185465260372453e-07,2.4712063968389135e-05,5.438371166726093e-05,1.2429035225843665e-07,2.527327713021462e-05,5.568374235317062e-05,1.30240313094298e-07,2.5840048542872718e-05,5.6999037789582025e-05,1.3640127492537991e-07,2.641235316382372e-05,5.8329593740146475e-05,1.4277816047239423e-07,2.699016596311159e-05,5.9675405919376054e-05,1.4937594877613668e-07,2.7573461923464602e-05,6.10364699926579e-05,1.561996751771788e-07,2.8162216040395872e-05,6.241278157626849e-05,0.6499999999999999
1.0250403677379835e-07,2.3062024599945267e-05,5.0575249738645504e-05,1.076580937363342e-07,2.3606412629708878e-05,5.182946124656074e-05,1.1300402441018278e-07,2.4156434112418925e-05,5.309894991904826e-05,1.185465260372453e-07,2.4712063968389135e-05,5.438371166726093e-05,1.2429035225843665e-07,2.527327713021462e-05,5.568374235317062e-05,1.30240313094298e-07,2.5840048542872718e-05,5.6999037789582025e-05,1.3640127492537991e-07,2.641235316382372e-05,5.8329593740146475e-05,1.4277816047239423e-07,2.699016596311159e-05,5.9675405919376054e-05,1.4937594877613668e-07,2.7573461923464602e-05,6.10364699926579e-05,1.561996751771788e-07,2.8162216040395872e-05,6.241278157626849e-05,0.6499999999999999
1.0250403677379835e-07,2.3062024599945267e-05,5.0575249738645504e-05,1.076580937363342e-07,2.3606412629708878e-05,5.182946124656074e-05,1.1300402441018278e-07,2.4156434112418925e-05,5.309894991904826e-05,1.185465260372453e-07,2.4712063968389135e-05,5.438371166726093e-05,1.2429035225843665e-07,2.527327713021462e-05,5.568374235317062e-05,1.30240313094298e-07,2.5840048542872718e-05,5.6999037789582025e-05,1.3640127492537991e-07,2.641235316382372e-05,5.8329593740146475e-05,1.4277816047239423e-07,2.699016596311159e-05,5.9675405919376054e-05,1.4937594877613668e-07,2.7573461923464602e-05,6.10364699926579e-05,1.561996751771788e-07,2.8162216040395872e-05,6.241278157626849e-05,0.6499999999999999
1.0250403677379835e-07,2.3062024599945267e-05,5.0575249738645504e-05,1.076580937363342e-07,2.3606412629708878e-05,5.182946124656074e-05,1.1300402441018278e-07,2.4156434112418925e-05,5.309894991904826e-05,1.185465260372453e-07,2.4712063968389135e-05,5.438371166726093e-05,1.2429035225843665e-07,2.527327713021462e-05,5.568374235317062e-05,1.30240313094298e-07,2.5840048542872718e-05,5.6999037789582025e-05,1.3640127492537991e-07,2.641235316382372e-05,5.8329593740146475e-05,1.4277816047239423e-07,2.699016596311159e-05,5.9675405919376054e-05,1.4937594877613668e-07,2.7573461923464602e-05,6.10364699926579e-05,1.561996751771788e-07,2.8162216040395872e-05,6.241278157626849e-05,0.6499999999999999
1.0250403677379835e-07,2.3062024599945267e-05,5.0575249738645504e-05,1.076580937363342e-07,2.3606412629708878e-05,5.182946124656074e-05,1.1300402441018278e-07,2.4156434112418925e-05,5.309894991904826e-05,1.185465260372453e-07,2.4712063968389135e-05,5.438371166726093e-05,1.2429035225843665e-07,2.527327713021462e-05,5.568374235317062e-05,1.30240313094298e-07,2.5840048542872718e-05,5.6999037789582025e-05,1.3640127492537991e-07,2.641235316382372e-05,5.8329593740146475e-05,1.4277816047239423e-07,2.699016596311159e-05,5.9675405919376054e-05,1.4937594877613668e-07,2.7573461923464602e-05,6.10364699926579e-05,1.561996751771788e-07,2.8162216040395872e-05,6.241278157626849e-05,0.6499999999999999
1.0250403677379835e-07,2.3062024599945267e-05,5.0575249738645504e-05,1.076580937363342e-07,2.3606412629708878e-05,5.182946124656074e-05,1.1300402441018278e-07,2.4156434112418925e-05,5.309894991904826e-05,1.185465260372453e-07,2.4712063968389135e-05,5.438371166726093e-05,1.2429035225843665e-07,2.527327713021462e-05,5.568374235317062e-05,1.30240313094298e-07,2.5840048542872718e-05,5.6999037789582025e-05,1.3640127492537991e-07,2.641235316382372e-05,5.8329593740146475e-05,1.4277816047239423e-07,2.699016596311159e-05,5.9675405919376054e-05,1.4937594877613668e-07,2.7573461923464602e-05,6.10364699926579e-05,1.561996751771788e-07,2.8162216040395872e-05,6.241278157626849e-05,0.6499999999999999
1.0250403677379835e-07,2.3062024599945267e-05,5.0575249738645504e-05,1.076580937363342e-07,2.3606412629708878e-05,5.182946124656074e-05,1.1300402441018278e-07,2.4156434112418925e-05,5.309894991904826e-05,1.185465260372453e-07,2.4712063968389135e-05,5.438371166726093e-05,1.2429035225843665e-07,2.527327713021462e-05,5.568374235317062e-05,1.30240313094298e-07,2.5840048542872718e-05,5.6999037789582025e-05,1.3640127492537991e-07,2.641235316382372e-05,5.8329593740146475e-05,1.4277816047239423e-07,2.699016596311159e-05,5.9675405919376054e-05,1.4937594877613668e-07,2.7573461923464602e-05,6.10364699926579e-05,1.561996751771788e-07,2.8162216040395872e-05,6.241278157626849e-05,0.6499999999999999
1.0250403677379835e-07,2.3062024599945267e-05,5.0575249738645504e-05,1.076580937363342e-07,2.3606412629708878e-05,5.182946124656074e-05,1.1300402441018278e-07,2.4156434112418925e-05,5.309894991904826e-05,1.185465260372453e-07,2.4712063968389135e-05,5.438371166726093e-05,1.2429035225843665e-07,2.527327713021462e-05,5.568374235317062e-05,1.30240313094298e-07,2.5840048542872718e-05,5.6999037789582025e-05,1.3640127492537991e-07,2.641235316382372e-05,5.8329593740146475e-05,1.4277816047239423e-07,2.699016596311159e-05,5.9675405919376054e-05,1.4937594877613668e-07,2.7573461923464602e-05,6.10364699926579e-05,1.561996751771788e-07,2.8162216040395872e-05,6.241278157626849e-05,0.6499999999999999
1.0250403677379835e-07,2.3062024599945267e-05,5.0575249738645504e-05,1.076580937363342e-07,2.3606412629708878e-05,5.182946124656074e-05,1.1300402441018278e-07,2.4156434112418925e-05,5.309894991904826e-05,1.185465260372453e-07,2.4712063968389135e-05,5.438371166726093e-05,1.2429035225843665e-07,2.527327713021462e-05,5.568374235317062e-05,1.30240313094298e-07,2.5840048542872718e-05,5.6999037789582025e-05,1.3640127492537991e-07,2.641235316382372e-05,5.8329593740146475e-05,1.4277816047239423e-07,2.699016596311159e-05,5.9675405919376054e-05,1.4937594877613668e-07,2.7573461923464602e-05,6.10364699926579e-05,1.561996751771788e-07,2.8162216040395872e-05,6.241278157626849e-05,0.6499999999999999
1.0250403677379835e-07,2.3062024599945267e-05,5.0575249738645504e-05,1.076580937363342e-07,2.3606412629708878e-05,5.182946124656074e-05,1.1300402441018278e-07,2.4156434112418925e-05,5.309894991904826e-05,1.185465260372453e-07,2.4712063968389135e-05,5.438371166726093e-05,1.2429035225843665e-07,2.527327713021462e-05,5.568374235317062e-05,1.30240313094298e-07,2.5840048542872718e-05,5.6999037789582025e-05,1.3640127492537991e-07,2.641235316382372e-05,5.8329593740146475e-05,1.4277816047239423e-07,2.699016596311159e-05,5.9675405919376054e-05,1.4937594877613668e-07,2.7573461923464602e-05,6.10364699926579e-05,1.561996751771788e-07,2.8162216040395872e-05,6.241278157626849e-05,0.6499999999999999
1.0250403677379835e-07,2.3062024599945267e-05,5.0575249738645504e-05,1.076580937363342e-07,2.3606412629708878e-05,5.182946124656074e-05,1.1300402441018278e-07,2.4156434112418925e-05,5.309894991904826e-05,1.185465260372453e-07,2.4712063968389135e-05,5.438371166726093e-05,1.2429035225843665e-07,2.527327713021462e-05,5.568374235317062e-05,1.30240313094298e-07,2.5840048542872718e-05,5.6999037789582025e-05,1.3640127492537991e-07,2.641235316382372e-05,5.8329593740146475e-05,1.4277816047239423e-07,2.699016596311159e-05,5.9675405919376054e-05,1.4937594877613668e-07,2.7573461923464602e-05,6.10364699926579e-05,1.561996751771788e-07,2.8162216040395872e-05,6.241278157626849e-05,0.6499999999999999
1.0250403677379835e-07,2.3062024599945267e-05,5.0575249738645504e-05,1.076580937363342e-07,2.3606412629708878e-05,5.182946124656074e-05,1.1300402441018278e-07,2.4156434112418925e-05,5.309894991904826e-05,1.185465260372453e-07,2.4712063968389135e-05,5.438371166726093e-05,1.2429035225843665e-07,2.527327713021462e-05,5.568374235317062e-05,1.30240313094298e-07,2.5840048542872718e-05,5.6999037789582025e-05,1.3640127492537991e-07,2.641235316382372e-05,5.8329593740146475e-05,1.4277816047239423e-07,2.699016596311159e-05,5.9675405919376054e-05,1.4937594877613668e-07,2.7573461923464602e-05,6.10364699926579e-05,1.561996751771788e-07,2.8162216040395872e-05,6.241278157626849e-05,0.6499999999999999
1.0250403677379835e-07,2.3062024599945267e-05,5.0575249738645504e-05,1.076580937363342e-07,2.3606412629708878e-05,5.182946124656074e-05,1.1300402441018278e-07,2.4156434112418925e-05,5.309894991904826e-05,1.185465260372453e-07,2.4712063968389135e-05,5.438371166726093e-05,1.2429035225843665e-07,2.527327713021462e-05,5.568374235317062e-05,1.30240313094298e-07,2.5840048542872718e-05,5.6999037789582025e-05,1.3640127492537991e-07,2.641235316382372e-05,5.8329593740146475e-05,1.4277816047239423e-07,2.699016596311159e-05,5.9675405919376054e-05,1.4937594877613668e-07,2.7573461923464602e-05,6.10364699926579e-05,1.561996751771788e-07,2.8162216040395872e-05,6.241278157626849e-05,0.6499999999999999
1.0250403677379835e-07,2.3062024599945267e-05,5.0575249738645504e-05,1.076580937363342e-07,2.3606412629708878e-05,5.182946124656074e-05,1.1300402441018278e-07,2.4156434112418925e-05,5.309894991904826e-05,1.185465260372453e-07,2.4712063968389135e-05,5.438371166726093e-05,1.2429035225843665e-07,2.527327713021462e-05,5.568374235317062e-05,1.30240313094298e-07,2.5840048542872718e-05,5.6999037789582025e-05,1.3640127492537991e-07,2.641235316382372e-05,5.8329593740146475e-05,1.4277816047239423e-07,2.699016596311159e-05,5.9675405919376054e-05,1.4937594877613668e-07,2.7573461923464602e-05,6.10364699926579e-05,1.561996751771788e-07,2.8162216040395872e-05,6.241278157626849e-05,0.6499999999999999
1.0250403677379835e-07,2.3062024599945267e-05,5.0575249738645504e-05,1.076580937363342e-07,2.3606412629708878e-05,5.182946124656074e-05,1.1300402441018278e-07,2.4156434112418925e-05,5.309894991904826e-05,1.185465260372453e-07,2.4712063968389135e-05,5.438371166726093e-05,1.2429035225843665e-07,2.527327713021462e-05,5.568374235317062e-05,1.30240313094298e-07,2.5840048542872718e-05,5.6999037789582025e-05,1.3640127492537991e-07,2.641235316382372e-05,5.8329593740146475e-05,1.4277816047239423e-07,2.699016596311159e-05,5.9675405919376054e-05,1.4937594877613668e-07,2.7573461923464602e-05,6.10364699926579e-05,1.561996751771788e-07,2.8162216040395872e-05,6.241278157626849e-05,0.6499999999999999
1.0250403677379835e-07,2.3062024599945267e-05,5.0575249738645504e-05,1.076580937363342e-07,2.3606412629708878e-05,5.182946124656074e-05,1.1300402441018278e-07,2.4156434112418925e-05,5.309894991904826e-05,1.185465260372453e-07,2.4712063968389135e-05,5.438371166726093e-05,1.2429035225843665e-07,2.527327713021462e-05,5.568374235317062e-05,1.30240313094298e-07,2.5840048542872718e-05,5.6999037789582025e-05,1.3640127492537991e-07,2.641235316382372e-05,5.8329593740146475e-05,1.4277816047239423e-07,2.699016596311159e-05,5.9675405919376054e-05,1.4937594877613668e-07,2.7573461923464602e-05,6.10364699926579e-05,1.561996751771788e-07,2.8162216040395872e-05,6.241278157626849e-05,0.6499999999999999
1.0250403677379835e-07,2.3062024599945267e-05,5.0575249738645504e-05,1.076580937363342e-07,2.3606412629708878e-05,5.182946124656074e-05,1.1300402441018278e-07,2.4156434112418925e-05,5.309894991904826e-05,1.185465260372453e-07,2.4712063968389135e-05,5.438371166726093e-05,1.2429035225843665e-07,2.527327713021462e-05,5.568374235317062e-05,1.30240313094298e-07,2.5840048542872718e-05,5.6999037789582025e-05,1.3640127492537991e-07,2.641235316382372e-05,5.8329593740146475e-05,1.4277816047239423e-07,2.699016596311159e-05,5.9675405919376054e-05,1.4937594877613668e-07,2.7573461923464602e-05,6.10364699926579e-05,1.561996751771788e-07,2.8162216040395872e-05,6.241278157626849e-05,0.6499999999999999
1.0250403677379835e-07,2.3062024599945267e-05,5.0575249738645504e-05,1.076580937363342e-07,2.3606412629708878e-05,5.182946124656074e-05,1.1300402441018278e-07,2.4156434112418925e-05,5.309894991904826e-05,1.185465260372453e-07,2.4712063968389135e-05,5.438371166726093e-05,1.2429035225843665e-07,2.527327713021462e-05,5.568374235317062e-05,1.30240313094298e-07,2.5840048542872718e-05,5.6999037789582025e-05,1.3640127492537991e-07,2.641235316382372e-05,5.8329593740146475e-05,1.4277816047239423e-07,2.699016596311159e-05,5.9675405919376054e-05,1.4937594877613668e-07,2.7573461923464602e-05,6.10364699926579e-05,1.561996751771788e-07,2.8162216040395872e-05,6.241278157626849e-05,0.6499999999999999
1.0250403677379835e-07,2.3062024599945267e-05,5.0575249738645504e-05,1.076580937363342e-07,2.3606412629708878e-05,5.182946124656074e-05,1.1300402441018278e-07,2.4156434112418925e-05,5.309894991904826e-05,1.185465260372453e-07,2.4712063968389135e-05,5.438371166726093e-05,1.2429035225843665e-07,2.527327713021462e-05,5.568374235317062e-05,1.30240313094298e-07,2.5840048542872718e-05,5.6999037789582025e-05,1.3640127492537991e-07,2.641235316382372e-05,5.8329593740146475e-05,1.4277816047239423e-07,2.699016596311159e-05,5.9675405919376054e-05,1.4937594877613668e-07,2.7573461923464602e-05,6.10364699926579e-05,1.561996751771788e-07,2.8162216040395872e-05,6.241278157626849e-05,0.6499999999999999
1.0250403677379835e-07,2.3062024599945267e-05,5.0575249738645504e-05,1.076580937363342e-07,2.3606412629708878e-05,5.182946124656074e-05,1.1300402441018278e-07,2.4156434112418925e-05,5.309894991904826e-05,1.185465260372453e-07,2.4712063968389135e-05,5.438371166726093e-05,1.2429035225843665e-07,2.527327713021462e-05,5.568374235317062e-05,1.30240313094298e-07,2.5840048542872718e-05,5.6999037789582025e-05,1.3640127492537991e-07,2.641235316382372e-05,5.8329593740146475e-05,1.4277816047239423e-07,2.699016596311159e-05,5.9675405919376054e-05,1.4937594877613668e-07,2.7573461923464602e-05,6.10364699926579e-05,1.561996751771788e-07,2.8162216040395872e-05,6.241278157626849e-05,0.6499999999999999
1.0250403677379835e-07,2.3062024599945267e-05,5.0575249738645504e-05,1.076580937363342e-07,2.3606412629708878e-05,5.182946124656074e-05,1.1300402441018278e-07,2.4156434112418925e-05,5.309894991904826e-05,1.185465260372453e-07,2.4712063968389135e-05,5.438371166726093e-05,1.2429035225843665e-07,2.527327713021462e-05,5.568374235317062e-05,1.30240313094298e-07,2.5840048542872718e-05,5.6999037789582025e-05,1.3640127492537991e-07,2.641235316382372e-05,5.8329593740146475e-05,1.4277816047239423e-07,2.699016596311159e-05,5.9675405919376054e-05,1.4937594877613668e-07,2.7573461923464602e-05,6.10364699926579e-05,1.561996751771788e-07,2.8162216040395872e-05,6.241278157626849e-05,0.6499999999999999
1.0250403677379835e-07,2.3062024599945267e-05,5.0575249738645504e-05,1.076580937363342e-07,2.3606412629708878e-05,5.182946124656074e-05,1.1300402441018278e-07,2.4156434112418925e-05,5.309894991904826e-05,1.185465260372453e-07,2.4712063968389135e-05,5.438371166726093e-05,1.2429035225843665e-07,2.527327713021462e-05,5.568374235317062e-05,1.30240313094298e-07,2.5840048542872718e-05,5.6999037789582025e-05,1.3640127492537991e-07,2.641235316382372e-05,5.8329593740146475e-05,1.4277816047239423e-07,2.699016596311159e-05,5.9675405919376054e-05,1.4937594877613668e-07,2.7573461923464602e-05,6.10364699926579e-05,1.561996751771788e-07,2.8162216040395872e-05,6.241278157626849e-05,0.6499999999999999
1.0250403677379835e-07,2.3062024599945267e-05,5.0575249738645504e-05,1.076580937363342e-07,2.3606412629708878e-05,5.182946124656074e-05,1.1300402441018278e-07,2.4156434112418925e-05,5.309894991904826e-05,1.185465260372453e-07,2.4712063968389135e-05,5.438371166726093e-05,1.2429035225843665e-07,2.527327713021462e-05,5.568374235317062e-05,1.30240313094298e-07,2.5840048542872718e-05,5.6999037789582025e-05,1.3640127492537991e-07,2.641235316382372e-05,5.8329593740146475e-05,1.4277816047239423e-07,2.699016596311159e-05,5.9675405919376054e-05,1.4937594877613668e-07,2.7573461923464602e-05,6.10364699926579e-05,1.561996751771788e-07,2.8162216040395872e-05,6.241278157626849e-05,0.6499999999999999
1.0250403677379835e-07,2.3062024599945267e-05,5.0575249738645504e-05,1.076580937363342e-07,2.3606412629708878e-05,5.182946124656074e-05,1.1300402441018278e-07,2.4156434112418925e-05,5.309894991904826e-05,1.185465260372453e-07,2.4712063968389135e-05,5.438371166726093e-05,1.2429035225843665e-07,2.527327713021462e-05,5.568374235317062e-05,1.30240313094298e-07,2.5840048542872718e-05,5.6999037789582025e-05,1.3640127492537991e-07,2.641235316382372e-05,5.8329593740146475e-05,1.4277816047239423e-07,2.699016596311159e-05,5.9675405919376054e-05,1.4937594877613668e-07,2.7573461923464602e-05,6.10364699926579e-05,1.561996751771788e-07,2.8162216040395872e-05,6.241278157626849e-05,0.6499999999999999
1.0250403677379835e-07,2.3062024599945267e-05,5.0575249738645504e-05,1.076580937363342e-07,2.3606412629708878e-05,5.182946124656074e-05,1.1300402441018278e-07,2.4156434112418925e-05,5.309894991904826e-05,1.185465260372453e-07,2.4712063968389135e-05,5.438371166726093e-05,1.2429035225843665e-07,2.527327713021462e-05,5.568374235317062e-05,1.30240313094298e-07,2.5840048542872718e-05,5.6999037789582025e-05,1.3640127492537991e-07,2.641235316382372e-05,5.8329593740146475e-05,1.4277816047239423e-07,2.699016596311159e-05,5.9675405919376054e-05,1.4937594877613668e-07,2.7573461923464602e-05,6.10364699926579e-05,1.561996751771788e-07,2.8162216040395872e-05,6.241278157626849e-05,0.6499999999999999
1.0250403677379835e-07,2.3062024599945267e-05,5.0575249738645504e-05,1.076580937363342e-07,2.3606412629708878e-05,5.182946124656074e-05,1.1300402441018278e-07,2.4156434112418925e-05,5.309894991904826e-05,1.185465260372453e-07,2.4712063968389135e-05,5.438371166726093e-05,1.2429035225843665e-07,2.527327713021462e-05,5.568374235317062e-05,1.30240313094298e-07,2.5840048542872718e-05,5.6999037789582025e-05,1.3640127492537991e-07,2.641235316382372e-05,5.8329593740146475e-05,1.4277816047239423e-07,2.699016596311159e-05,5.9675405919376054e-05,1.4937594877613668e-07,2.7573461923464602e-05,6.10364699926579e-05,1.561996751771788e-07,2.8162216040395872e-05,6.241278157626849e-05,0.6499999999999999
1.0250403677379835e-07,2.3062024599945267e-05,5.0575249738645504e-05,1.076580937363342e-07,2.3606412629708878e-05,5.182946124656074e-05,1.1300402441018278e-07,2.4156434112418925e-05,5.309894991904826e-05,1.185465260372453e-07,2.4712063968389135e-05,5.438371166726093e-05,1.2429035225843665e-07,2.527327713021462e-05,5.568374235317062e-05,1.30240313094298e-07,2.5840048542872718e-05,5.6999037789582025e-05,1.3640127492537991e-07,2.641235316382372e-05,5.8329593740146475e-05,1.4277816047239423e-07,2.699016596311159e-05,5.9675405919376054e-05,1.4937594877613668e-07,2.7573461923464602e-05,6.10364699926579e-05,1.561996751771788e-07,2.8162216040395872e-05,6.241278157626849e-05,0.6499999999999999
1.0250403677379835e-07,2.3062024599945267e-05,5.0575249738645504e-05,1.076580937363342e-07,2.3606412629708878e-05,5.182946124656074e-05,1.1300402441018278e-07,2.4156434112418925e-05,5.309894991904826e-05,1.185465260372453e-07,2.4712063968389135e-05,5.438371166726093e-05,1.2429035225843665e-07,2.527327713021462e-05,5.568374235317062e-05,1.30240313094298e-07,2.5840048542872718e-05,5.6999037789582025e-05,1.3640127492537991e-07,2.641235316382372e-05,5.8329593740146475e-05,1.4277816047239423e-07,2.699016596311159e-05,5.9675405919376054e-05,1.4937594877613668e-07,2.7573461923464602e-05,6.10364699926579e-05,1.561996751771788e-07,2.8162216040395872e-05,6.241278157626849e-05,0.6499999999999999
1.0250403677379835e-07,2.3062024599945267e-05,5.0575249738645504e-05,1.076580937363342e-07,2.3606412629708878e-05,5.182946124656074e-05,1.1300402441018278e-07,2.4156434112418925e-05,5.309894991904826e-05,1.185465260372453e-07,2.4712063968389135e-05,5.438371166726093e-05,1.2429035225843665e-07,2.527327713021462e-05,5.568374235317062e-05,1.30240313094298e-07,2.5840048542872718e-05,5.6999037789582025e-05,1.3640127492537991e-07,2.641235316382372e-05,5.8329593740146475e-05,1.4277816047239423e-07,2.699016596311159e-05,5.9675405919376054e-05,1.4937594877613668e-07,2.7573461923464602e-05,6.10364699926579e-05,1.561996751771788e-07,2.8162216040395872e-05,6.241278157626849e-05,0.6499999999999999
1.0250403677379835e-07,2.3062024599945267e-05,5.0575249738645504e-05,1.076580937363342e-07,2.3606412629708878e-05,5.182946124656074e-05,1.1300402441018278e-07,2.4156434112418925e-05,5.309894991904826e-05,1.185465260372453e-07,2.4712063968389135e-05,5.438371166726093e-05,1.2429035225843665e-07,2.527327713021462e-05,5.568374235317062e-05,1.30240313094298e-07,2.5840048542872718e-05,5.6999037789582025e-05,1.3640127492537991e-07,2.641235316382372e-05,5.8329593740146475e-05,1.4277816047239423e-07,2.699016596311159e-05,5.9675405919376054e-05,1.4937594877613668e-07,2.7573461923464602e-05,6.10364699926579e-05,1.561996751771788e-07,2.8162216040395872e-05,6.241278157626849e-05,0.6499999999999999
1.0250403677379835e-07,2.3062024599945267e-05,5.0575249738645504e-05,1.076580937363342e-07,2.3606412629708878e-05,5.182946124656074e-05,1.1300402441018278e-07,2.4156434112418925e-05,5.309894991904826e-05,1.185465260372453e-07,2.4712063968389135e-05,5.438371166726093e-05,1.2429035225843665e-07,2.527327713021462e-05,5.568374235317062e-05,1.30240313094298e-07,2.5840048542872718e-05,5.6999037789582025e-05,1.3640127492537991e-07,2.641235316382372e-05,5.8329593740146475e-05,1.4277816047239423e-07,2.699016596311159e-05,5.9675405919376054e-05,1.4937594877613668e-07,2.7573461923464602e-05,6.10364699926579e-05,1.561996751771788e-07,2.8162216040395872e-05,6.241278157626849e-05,0.6499999999999999
1.0250403677379835e-07,2.3062024599945267e-05,5.0575249738645504e-05,1.076580937363342e-07,2.3606412629708878e-05,5.182946124656074e-05,1.1300402441018278e-07,2.4156434112418925e-05,5.309894991904826e-05,1.185465260372453e-07,2.4712063968389135e-05,5.438371166726093e-05,1.2429035225843665e-07,2.527327713021462e-05,5.568374235317062e-05,1.30240313094298e-07,2.5840048542872718e-05,5.6999037789582025e-05,1.3640127492537991e-07,2.641235316382372e-05,5.8329593740146475e-05,1.4277816047239423e-07,2.699016596311159e-05,5.9675405919376054e-05,1.4937594877613668e-07,2.7573461923464602e-05,6.10364699926579e-05,1.561996751771788e-07,2.8162216040395872e-05,6.241278157626849e-05,0.6499999999999999
1.0250403677379835e-07,2.3062024599945267e-05,5.0575249738645504e-05,1.076580937363342e-07,2.3606412629708878e-05,5.182946124656074e-05,1.1300402441018278e-07,2.4156434112418925e-05,5.309894991904826e-05,1.185465260372453e-07,2.4712063968389135e-05,5.438371166726093e-05,1.2429035225843665e-07,2.527327713021462e-05,5.568374235317062e-05,1.30240313094298e-07,2.5840048542872718e-05,5.6999037789582025e-05,1.3640127492537991e-07,2.641235316382372e-05,5.8329593740146475e-05,1.4277816047239423e-07,2.699016596311159e-05,5.9675405919376054e-05,1.4937594877613668e-07,2.7573461923464602e-05,6.10364699926579e-05,1.561996751771788e-07,2.8162216040395872e-05,6.241278157626849e-05,0.6499999999999999
1.0250403677379835e-07,2.3062024599945267e-05,5.0575249738645504e-05,1.076580937363342e-07,2.3606412629708878e-05,5.182946124656074e-05,1.1300402441018278e-07,2.4156434112418925e-05,5.309894991904826e-05,1.185465260372453e-07,2.4712063968389135e-05,5.438371166726093e-05,1.2429035225843665e-07,2.527327713021462e-05,5.568374235317062e-05,1.30240313094298e-07,2.5840048542872718e-05,5.6999037789582025e-05,1.3640127492537991e-07,2.641235316382372e-05,5.8329593740146475e-05,1.4277816047239423e-07,2.699016596311159e-05,5.9675405919376054e-05,1.4937594877613668e-07,2.7573461923464602e-05,6.10364699926579e-05,1.561996751771788e-07,2.8162216040395872e-05,6.241278157626849e-05,0.6499999999999999
1.0250403677379835e-07,2.3062024599945267e-05,5.0575249738645504e-05,1.076580937363342e-07,2.3606412629708878e-05,5.182946124656074e-05,1.1300402441018278e-07,2.4156434112418925e-05,5.309894991904826e-05,1.185465260372453e-07,2.4712063968389135e-05,5.438371166726093e-05,1.2429035225843665e-07,2.527327713021462e-05,5.568374235317062e-05,1.30240313094298e-07,2.5840048542872718e-05,5.6999037789582025e-05,1.3640127492537991e-07,2.641235316382372e-05,5.8329593740146475e-05,1.4277816047239423e-07,2.699016596311159e-05,5.9675405919376054e-05,1.4937594877613668e-07,2.7573461923464602e-05,6.10364699926579e-05,1.561996751771788e-07,2.8162216040395872e-05,6.241278157626849e-05,0.6499999999999999
1.0250403677379835e-07,2.3062024599945267e-05,5.0575249738645504e-05,1.076580937363342e-07,2.3606412629708878e-05,5.182946124656074e-05,1.1300402441018278e-07,2.4156434112418925e-05,5.309894991904826e-05,1.185465260372453e-07,2.4712063968389135e-05,5.438371166726093e-05,1.2429035225843665e-07,2.527327713021462e-05,5.568374235317062e-05,1.30240313094298e-07,2.5840048542872718e-05,5.6999037789582025e-05,1.3640127492537991e-07,2.641235316382372e-05,5.8329593740146475e-05,1.4277816047239423e-07,2.699016596311159e-05,5.9675405919376054e-05,1.4937594877613668e-07,2.7573461923464602e-05,6.10364699926579e-05,1.561996751771788e-07,2.8162216040395872e-05,6.241278157626849e-05,0.6499999999999999
1.0250403677379835e-07,2.3062024599945267e-05,5.0575249738645504e-05,1.076580937363342e-07,2.3606412629708878e-05,5.182946124656074e-05,1.1300402441018278e-07,2.4156434112418925e-05,5.309894991904826e-05,1.185465260372453e-07,2.4712063968389135e-05,5.438371166726093e-05,1.2429035225843665e-07,2.527327713021462e-05,5.568374235317062e-05,1.30240313094298e-07,2.5840048542872718e-05,5.6999037789582025e-05,1.3640127492537991e-07,2.641235316382372e-05,5.8329593740146475e-05,1.4277816047239423e-07,2.699016596311159e-05,5.9675405919376054e-05,1.4937594877613668e-07,2.7573461923464602e-05,6.10364699926579e-05,1.561996751771788e-07,2.8162216040395872e-05,6.241278157626849e-05,0.6499999999999999
1.0250403677379835e-07,2.3062024599945267e-05,5.0575249738645504e-05,1.076580937363342e-07,2.3606412629708878e-05,5.182946124656074e-05,1.1300402441018278e-07,2.4156434112418925e-05,5.309894991904826e-05,1.185465260372453e-07,2.4712063968389135e-05,5.438371166726093e-05,1.2429035225843665e-07,2.527327713021462e-05,5.568374235317062e-05,1.30240313094298e-07,2.5840048542872718e-05,5.6999037789582025e-05,1.3640127492537991e-07,2.641235316382372e-05,5.8329593740146475e-05,1.4277816047239423e-07,2.699016596311159e-05,5.9675405919376054e-05,1.4937594877613668e-07,2.7573461923464602e-05,6.10364699926579e-05,1.561996751771788e-07,2.8162216040395872e-05,6.241278157626849e-05,0.6499999999999999
1.0250403677379835e-07,2.3062024599945267e-05,5.0575249738645504e-05,1.076580937363342e-07,2.3606412629708878e-05,5.182946124656074e-05,1.1300402441018278e-07,2.4156434112418925e-05,5.309894991904826e-05,1.185465260372453e-07,2.4712063968389135e-05,5.438371166726093e-05,1.2429035225843665e-07,2.527327713021462e-05,5.568374235317062e-05,1.30240313094298e-07,2.5840048542872718e-05,5.6999037789582025e-05,1.3640127492537991e-07,2.641235316382372e-05,5.8329593740146475e-05,1.4277816047239423e-07,2.699016596311159e-05,5.9675405919376054e-05,1.4937594877613668e-07,2.7573461923464602e-05,6.10364699926579e-05,1.561996751771788e-07,2.8162216040395872e-05,6.241278157626849e-05,0.6499999999999999
1.0250403677379835e-07,2.3062024599945267e-05,5.0575249738645504e-05,1.076580937363342e-07,2.3606412629708878e-05,5.182946124656074e-05,1.1300402441018278e-07,2.4156434112418925e-05,5.309894991904826e-05,1.185465260372453e-07,2.4712063968389135e-05,5.438371166726093e-05,1.2429035225843665e-07,2.527327713021462e-05,5.568374235317062e-05,1.30240313094298e-07,2.5840048542872718e-05,5.6999037789582025e-05,1.3640127492537991e-07,2.641235316382372e-05,5.8329593740146475e-05,1.4277816047239423e-07,2.699016596311159e-05,5.9675405919376054e-05,1.4937594877613668e-07,2.7573461923464602e-05,6.10364699926579e-05,1.561996751771788e-07,2.8162216040395872e-05,6.241278157626849e-05,0.6499999999999999
1.0250403677379835e-07,2.3062024599945267e-05,5.0575249738645504e-05,1.076580937363342e-07,2.3606412629708878e-05,5.182946124656074e-05,1.1300402441018278e-07,2.4156434112418925e-05,5.309894991904826e-05,1.185465260372453e-07,2.4712063968389135e-05,5.438371166726093e-05,1.2429035225843665e-07,2.527327713021462e-05,5.568374235317062e-05,1.30240313094298e-07,2.5840048542872718e-05,5.6999037789582025e-05,1.3640127492537991e-07,2.641235316382372e-05,5.8329593740146475e-05,1.4277816047239423e-07,2.699016596311159e-05,5.9675405919376054e-05,1.4937594877613668e-07,2.7573461923464602e-05,6.10364699926579e-05,1.561996751771788e-07,2.8162216040395872e-05,6.241278157626849e-05,0.6499999999999999
1.0250403677379835e-07,2.3062024599945267e-05,5.0575249738645504e-05,1.076580937363342e-07,2.3606412629708878e-05,5.182946124656074e-05,1.1300402441018278e-07,2.4156434112418925e-05,5.309894991904826e-05,1.185465260372453e-07,2.4712063968389135e-05,5.438371166726093e-05,1.2429035225843665e-07,2.527327713021462e-05,5.568374235317062e-05,1.30240313094298e-07,2.5840048542872718e-05,5.6999037789582025e-05,1.3640127492537991e-07,2.641235316382372e-05,5.8329593740146475e-05,1.4277816047239423e-07,2.699016596311159e-05,5.9675405919376054e-05,1.4937594877613668e-07,2.7573461923464602e-05,6.10364699926579e-05,1.561996751771788e-07,2.8162216040395872e-05,6.241278157626849e-05,0.6499999999999999
1.0250403677379835e-07,2.3062024599945267e-05,5.0575249738645504e-05,1.076580937363342e-07,2.3606412629708878e-05,5.182946124656074e-05,1.1300402441018278e-07,2.4156434112418925e-05,5.309894991904826e-05,1.185465260372453e-07,2.4712063968389135e-05,5.438371166726093e-05,1.2429035225843665e-07,2.527327713021462e-05,5.568374235317062e-05,1.30240313094298e-07,2.5840048542872718e-05,5.6999037789582025e-05,1.3640127492537991e-07,2.641235316382372e-05,5.8329593740146475e-05,1.4277816047239423e-07,2.699016596311159e-05,5.9675405919376054e-05,1.4937594877613668e-07,2.7573461923464602e-05,6.10364699926579e-05,1.561996751771788e-07,2.8162216040395872e-05,6.241278157626849e-05,0.6499999999999999
1.0250403677379835e-07,2.3062024599945267e-05,5.0575249738645504e-05,1.076580937363342e-07,2.3606412629708878e-05,5.182946124656074e-05,1.1300402441018278e-07,2.4156434112418925e-05,5.309894991904826e-05,1.185465260372453e-07,2.4712063968389135e-05,5.438371166726093e-05,1.2429035225843665e-07,2.527327713021462e-05,5.568374235317062e-05,1.30240313094298e-07,2.5840048542872718e-05,5.6999037789582025e-05,1.3640127492537991e-07,2.641235316382372e-05,5.8329593740146475e-05,1.4277816047239423e-07,2.699016596311159e-05,5.9675405919376054e-05,1.4937594877613668e-07,2.7573461923464602e-05,6.10364699926579e-05,1.561996751771788e-07,2.8162216040395872e-05,6.241278157626849e-05,0.6499999999999999
1.0250403677379835e-07,2.3062024599945267e-05,5.0575249738645504e-05,1.076580937363342e-07,2.3606412629708878e-05,5.182946124656074e-05,1.1300402441018278e-07,2.4156434112418925e-05,5.309894991904826e-05,1.185465260372453e-07,2.4712063968389135e-05,5.438371166726093e-05,1.2429035225843665e-07,2.527327713021462e-05,5.568374235317062e-05,1.30240313094298e-07,2.5840048542872718e-05,5.6999037789582025e-05,1.3640127492537991e-07,2.641235316382372e-05,5.8329593740146475e-05,1.4277816047239423e-07,2.699016596311159e-05,5.9675405919376054e-05,1.4937594877613668e-07,2.7573461923464602e-05,6.10364699926579e-05,1.561996751771788e-07,2.8162216040395872e-05,6.241278157626849e-05,0.6499999999999999
1.0250403677379835e-07,2.3062024599945267e-05,5.0575249738645504e-05,1.076580937363342e-07,2.3606412629708878e-05,5.182946124656074e-05,1.1300402441018278e-07,2.4156434112418925e-05,5.309894991904826e-05,1.185465260372453e-07,2.4712063968389135e-05,5.438371166726093e-05,1.2429035225843665e-07,2.527327713021462e-05,5.568374235317062e-05,1.30240313094298e-07,2.5840048542872718e-05,5.6999037789582025e-05,1.3640127492537991e-07,2.641235316382372e-05,5.8329593740146475e-05,1.4277816047239423e-07,2.699016596311159e-05,5.9675405919376054e-05,1.4937594877613668e-07,2.7573461923464602e-05,6.10364699926579e-05,1.561996751771788e-07,2.8162216040395872e-05,6.241278157626849e-05,0.6499999999999999
1.0250403677379835e-07,2.3062024599945267e-05,5.0575249738645504e-05,1.076580937363342e-07,2.3606412629708878e-05,5.182946124656074e-05,1.1300402441018278e-07,2.4156434112418925e-05,5.309894991904826e-05,1.185465260372453e-07,2.4712063968389135e-05,5.438371166726093e-05,1.2429035225843665e-07,2.527327713021462e-05,5.568374235317062e-05,1.30240313094298e-07,2.5840048542872718e-05,5.6999037789582025e-05,1.3640127492537991e-07,2.641235316382372e-05,5.8329593740146475e-05,1.4277816047239423e-07,2.699016596311159e-05,5.9675405919376054e-05,1.4937594877613668e-07,2.7573461923464602e-05,6.10364699926579e-05,1.561996751771788e-07,2.8162216040395872e-05,6.241278157626849e-05,0.6499999999999999
1.0250403677379835e-07,2.3062024599945267e-05,5.0575249738645504e-05,1.076580937363342e-07,2.3606412629708878e-05,5.182946124656074e-05,1.1300402441018278e-07,2.4156434112418925e-05,5.309894991904826e-05,1.185465260372453e-07,2.4712063968389135e-05,5.438371166726093e-05,1.2429035225843665e-07,2.527327713021462e-05,5.568374235317062e-05,1.30240313094298e-07,2.5840048542872718e-05,5.6999037789582025e-05,1.3640127492537991e-07,2.641235316382372e-05,5.8329593740146475e-05,1.4277816047239423e-07,2.699016596311159e-05,5.9675405919376054e-05,1.4937594877613668e-07,2.7573461923464602e-05,6.10364699926579e-05,1.561996751771788e-07,2.8162216040395872e-05,6.241278157626849e-05,0.6499999999999999
1.0250403677379835e-07,2.3062024599945267e-05,5.0575249738645504e-05,1.076580937363342e-07,2.3606412629708878e-05,5.182946124656074e-05,1.1300402441018278e-07,2.4156434112418925e-05,5.309894991904826e-05,1.185465260372453e-07,2.4712063968389135e-05,5.438371166726093e-05,1.2429035225843665e-07,2.527327713021462e-05,5.568374235317062e-05,1.30240313094298e-07,2.5840048542872718e-05,5.6999037789582025e-05,1.3640127492537991e-07,2.641235316382372e-05,5.8329593740146475e-05,1.4277816047239423e-07,2.699016596311159e-05,5.9675405919376054e-05,1.4937594877613668e-07,2.7573461923464602e-05,6.10364699926579e-05,1.561996751771788e-07,2.8162216040395872e-05,6.241278157626849e-05,0.6499999999999999
1.0250403677379835e-07,2.3062024599945267e-05,5.0575249738645504e-05,1.076580937363342e-07,2.3606412629708878e-05,5.182946124656074e-05,1.1300402441018278e-07,2.4156434112418925e-05,5.309894991904826e-05,1.185465260372453e-07,2.4712063968389135e-05,5.438371166726093e-05,1.2429035225843665e-07,2.527327713021462e-05,5.568374235317062e-05,1.30240313094298e-07,2.5840048542872718e-05,5.6999037789582025e-05,1.3640127492537991e-07,2.641235316382372e-05,5.8329593740146475e-05,1.4277816047239423e-07,2.699016596311159e-05,5.9675405919376054e-05,1.4937594877613668e-07,2.7573461923464602e-05,6.10364699926579e-05,1.561996751771788e-07,2.8162216040395872e-05,6.241278157626849e-05,0.6499999999999999
1.0250403677379835e-07,2.3062024599945267e-05,5.0575249738645504e-05,1.076580937363342e-07,2.3606412629708878e-05,5.182946124656074e-05,1.1300402441018278e-07,2.4156434112418925e-05,5.309894991904826e-05,1.185465260372453e-07,2.4712063968389135e-05,5.438371166726093e-05,1.2429035225843665e-07,2.527327713021462e-05,5.568374235317062e-05,1.30240313094298e-07,2.5840048542872718e-05,5.6999037789582025e-05,1.3640127492537991e-07,2.641235316382372e-05,5.8329593740146475e-05,1.4277816047239423e-07,2.699016596311159e-05,5.9675405919376054e-05,1.4937594877613668e-07,2.7573461923464602e-05,6.10364699926579e-05,1.561996751771788e-07,2.8162216040395872e-05,6.241278157626849e-05,0.6499999999999999
1.0250403677379835e-07,2.3062024599945267e-05,5.0575249738645504e-05,1.076580937363342e-07,2.3606412629708878e-05,5.182946124656074e-05,1.1300402441018278e-07,2.4156434112418925e-05,5.309894991904826e-05,1.185465260372453e-07,2.4712063968389135e-05,5.438371166726093e-05,1.2429035225843665e-07,2.527327713021462e-05,5.568374235317062e-05,1.30240313094298e-07,2.5840048542872718e-05,5.6999037789582025e-05,1.3640127492537991e-07,2.641235316382372e-05,5.8329593740146475e-05,1.4277816047239423e-07,2.699016596311159e-05,5.9675405919376054e-05,1.4937594877613668e-07,2.7573461923464602e-05,6.10364699926579e-05,1.561996751771788e-07,2.8162216040395872e-05,6.241278157626849e-05,0.6499999999999999
1.0250403677379835e-07,2.3062024599945267e-05,5.0575249738645504e-05,1.076580937363342e-07,2.3606412629708878e-05,5.182946124656074e-05,1.1300402441018278e-07,2.4156434112418925e-05,5.309894991904826e-05,1.185465260372453e-07,2.4712063968389135e-05,5.438371166726093e-05,1.2429035225843665e-07,2.527327713021462e-05,5.568374235317062e-05,1.30240313094298e-07,2.5840048542872718e-05,5.6999037789582025e-05,1.3640127492537991e-07,2.641235316382372e-05,5.8329593740146475e-05,1.4277816047239423e-07,2.699016596311159e-05,5.9675405919376054e-05,1.4937594877613668e-07,2.7573461923464602e-05,6.10364699926579e-05,1.561996751771788e-07,2.8162216040395872e-05,6.241278157626849e-05,0.6499999999999999
1.0250403677379835e-07,2.3062024599945267e-05,5.0575249738645504e-05,1.076580937363342e-07,2.3606412629708878e-05,5.182946124656074e-05,1.1300402441018278e-07,2.4156434112418925e-05,5.309894991904826e-05,1.185465260372453e-07,2.4712063968389135e-05,5.438371166726093e-05,1.2429035225843665e-07,2.527327713021462e-05,5.568374235317062e-05,1.30240313094298e-07,2.5840048542872718e-05,5.6999037789582025e-05,1.3640127492537991e-07,2.641235316382372e-05,5.8329593740146475e-05,1.4277816047239423e-07,2.699016596311159e-05,5.9675405919376054e-05,1.4937594877613668e-07,2.7573461923464602e-05,6.10364699926579e-05,1.561996751771788e-07,2.8162216040395872e-05,6.241278157626849e-05,0.6499999999999999
1.0250403677379835e-07,2.3062024599945267e-05,5.0575249738645504e-05,1.076580937363342e-07,2.3606412629708878e-05,5.182946124656074e-05,1.1300402441018278e-07,2.4156434112418925e-05,5.309894991904826e-05,1.185465260372453e-07,2.4712063968389135e-05,5.438371166726093e-05,1.2429035225843665e-07,2.527327713021462e-05,5.568374235317062e-05,1.30240313094298e-07,2.5840048542872718e-05,5.6999037789582025e-05,1.3640127492537991e-07,2.641235316382372e-05,5.8329593740146475e-05,1.4277816047239423e-07,2.699016596311159e-05,5.9675405919376054e-05,1.4937594877613668e-07,2.7573461923464602e-05,6.10364699926579e-05,1.561996751771788e-07,2.8162216040395872e-05,6.241278157626849e-05,0.6499999999999999
1.0250403677379835e-07,2.3062024599945267e-05,5.0575249738645504e-05,1.076580937363342e-07,2.3606412629708878e-05,5.182946124656074e-05,1.1300402441018278e-07,2.4156434112418925e-05,5.309894991904826e-05,1.185465260372453e-07,2.4712063968389135e-05,5.438371166726093e-05,1.2429035225843665e-07,2.527327713021462e-05,5.568374235317062e-05,1.30240313094298e-07,2.5840048542872718e-05,5.6999037789582025e-05,1.3640127492537991e-07,2.641235316382372e-05,5.8329593740146475e-05,1.4277816047239423e-07,2.699016596311159e-05,5.9675405919376054e-05,1.4937594877613668e-07,2.7573461923464602e-05,6.10364699926579e-05,1.561996751771788e-07,2.8162216040395872e-05,6.241278157626849e-05,0.6499999999999999
1.0250403677379835e-07,2.3062024599945267e-05,5.0575249738645504e-05,1.076580937363342e-07,2.3606412629708878e-05,5.182946124656074e-05,1.1300402441018278e-07,2.4156434112418925e-05,5.309894991904826e-05,1.185465260372453e-07,2.4712063968389135e-05,5.438371166726093e-05,1.2429035225843665e-07,2.527327713021462e-05,5.568374235317062e-05,1.30240313094298e-07,2.5840048542872718e-05,5.6999037789582025e-05,1.3640127492537991e-07,2.641235316382372e-05,5.8329593740146475e-05,1.4277816047239423e-07,2.699016596311159e-05,5.9675405919376054e-05,1.4937594877613668e-07,2.7573461923464602e-05,6.10364699926579e-05,1.561996751771788e-07,2.8162216040395872e-05,6.241278157626849e-05,0.6499999999999999
1.0250403677379835e-07,2.3062024599945267e-05,5.0575249738645504e-05,1.076580937363342e-07,2.3606412629708878e-05,5.182946124656074e-05,1.1300402441018278e-07,2.4156434112418925e-05,5.309894991904826e-05,1.185465260372453e-07,2.4712063968389135e-05,5.438371166726093e-05,1.2429035225843665e-07,2.527327713021462e-05,5.568374235317062e-05,1.30240313094298e-07,2.5840048542872718e-05,5.6999037789582025e-05,1.3640127492537991e-07,2.641235316382372e-05,5.8329593740146475e-05,1.4277816047239423e-07,2.699016596311159e-05,5.9675405919376054e-05,1.4937594877613668e-07,2.7573461923464602e-05,6.10364699926579e-05,1.561996751771788e-07,2.8162216040395872e-05,6.241278157626849e-05,0.6499999999999999
1.0250403677379835e-07,2.3062024599945267e-05,5.0575249738645504e-05,1.076580937363342e-07,2.3606412629708878e-05,5.182946124656074e-05,1.1300402441018278e-07,2.4156434112418925e-05,5.309894991904826e-05,1.185465260372453e-07,2.4712063968389135e-05,5.438371166726093e-05,1.2429035225843665e-07,2.527327713021462e-05,5.568374235317062e-05,1.30240313094298e-07,2.5840048542872718e-05,5.6999037789582025e-05,1.3640127492537991e-07,2.641235316382372e-05,5.8329593740146475e-05,1.4277816047239423e-07,2.699016596311159e-05,5.9675405919376054e-05,1.4937594877613668e-07,2.7573461923464602e-05,6.10364699926579e-05,1.561996751771788e-07,2.8162216040395872e-05,6.241278157626849e-05,0.6499999999999999
1.0250403677379835e-07,2.3062024599945267e-05,5.0575249738645504e-05,1.076580937363342e-07,2.3606412629708878e-05,5.182946124656074e-05,1.1300402441018278e-07,2.4156434112418925e-05,5.309894991904826e-05,1.185465260372453e-07,2.4712063968389135e-05,5.438371166726093e-05,1.2429035225843665e-07,2.527327713021462e-05,5.568374235317062e-05,1.30240313094298e-07,2.5840048542872718e-05,5.6999037789582025e-05,1.3640127492537991e-07,2.641235316382372e-05,5.8329593740146475e-05,1.4277816047239423e-07,2.699016596311159e-05,5.9675405919376054e-05,1.4937594877613668e-07,2.7573461923464602e-05,6.10364699926579e-05,1.561996751771788e-07,2.8162216040395872e-05,6.241278157626849e-05,0.6499999999999999
1.0250403677379835e-07,2.3062024599945267e-05,5.0575249738645504e-05,1.076580937363342e-07,2.3606412629708878e-05,5.182946124656074e-05,1.1300402441018278e-07,2.4156434112418925e-05,5.309894991904826e-05,1.185465260372453e-07,2.4712063968389135e-05,5.438371166726093e-05,1.2429035225843665e-07,2.527327713021462e-05,5.568374235317062e-05,1.30240313094298e-07,2.5840048542872718e-05,5.6999037789582025e-05,1.3640127492537991e-07,2.641235316382372e-05,5.8329593740146475e-05,1.4277816047239423e-07,2.699016596311159e-05,5.9675405919376054e-05,1.4937594877613668e-07,2.7573461923464602e-05,6.10364699926579e-05,1.561996751771788e-07,2.8162216040395872e-05,6.241278157626849e-05,0.6499999999999999
1.0250403677379835e-07,2.3062024599945267e-05,5.0575249738645504e-05,1.076580937363342e-07,2.3606412629708878e-05,5.182946124656074e-05,1.1300402441018278e-07,2.4156434112418925e-05,5.309894991904826e-05,1.185465260372453e-07,2.4712063968389135e-05,5.438371166726093e-05,1.2429035225843665e-07,2.527327713021462e-05,5.568374235317062e-05,1.30240313094298e-07,2.5840048542872718e-05,5.6999037789582025e-05,1.3640127492537991e-07,2.641235316382372e-05,5.8329593740146475e-05,1.4277816047239423e-07,2.699016596311159e-05,5.9675405919376054e-05,1.4937594877613668e-07,2.7573461923464602e-05,6.10364699926579e-05,1.561996751771788e-07,2.8162216040395872e-05,6.241278157626849e-05,0.6499999999999999
1.0250403677379835e-07,2.3062024599945267e-05,5.0575249738645504e-05,1.076580937363342e-07,2.3606412629708878e-05,5.182946124656074e-05,1.1300402441018278e-07,2.4156434112418925e-05,5.309894991904826e-05,1.185465260372453e-07,2.4712063968389135e-05,5.438371166726093e-05,1.2429035225843665e-07,2.527327713021462e-05,5.568374235317062e-05,1.30240313094298e-07,2.5840048542872718e-05,5.6999037789582025e-05,1.3640127492537991e-07,2.641235316382372e-05,5.8329593740146475e-05,1.4277816047239423e-07,2.699016596311159e-05,5.9675405919376054e-05,1.4937594877613668e-07,2.7573461923464602e-05,6.10364699926579e-05,1.561996751771788e-07,2.8162216040395872e-05,6.241278157626849e-05,0.6499999999999999
1.0250403677379835e-07,2.3062024599945267e-05,5.0575249738645504e-05,1.076580937363342e-07,2.3606412629708878e-05,5.182946124656074e-05,1.1300402441018278e-07,2.4156434112418925e-05,5.309894991904826e-05,1.185465260372453e-07,2.4712063968389135e-05,5.438371166726093e-05,1.2429035225843665e-07,2.527327713021462e-05,5.568374235317062e-05,1.30240313094298e-07,2.5840048542872718e-05,5.6999037789582025e-05,1.3640127492537991e-07,2.641235316382372e-05,5.8329593740146475e-05,1.4277816047239423e-07,2.699016596311159e-05,5.9675405919376054e-05,1.4937594877613668e-07,2.7573461923464602e-05,6.10364699926579e-05,1.561996751771788e-07,2.8162216040395872e-05,6.241278157626849e-05,0.6499999999999999
1.0250403677379835e-07,2.3062024599945267e-05,5.0575249738645504e-05,1.076580937363342e-07,2.3606412629708878e-05,5.182946124656074e-05,1.1300402441018278e-07,2.4156434112418925e-05,5.309894991904826e-05,1.185465260372453e-07,2.4712063968389135e-05,5.438371166726093e-05,1.2429035225843665e-07,2.527327713021462e-05,5.568374235317062e-05,1.30240313094298e-07,2.5840048542872718e-05,5.6999037789582025e-05,1.3640127492537991e-07,2.641235316382372e-05,5.8329593740146475e-05,1.4277816047239423e-07,2.699016596311159e-05,5.9675405919376054e-05,1.4937594877613668e-07,2.7573461923464602e-05,6.10364699926579e-05,1.561996751771788e-07,2.8162216040395872e-05,6.241278157626849e-05,0.6499999999999999
1.0250403677379835e-07,2.3062024599945267e-05,5.0575249738645504e-05,1.076580937363342e-07,2.3606412629708878e-05,5.182946124656074e-05,1.1300402441018278e-07,2.4156434112418925e-05,5.309894991904826e-05,1.185465260372453e-07,2.4712063968389135e-05,5.438371166726093e-05,1.2429035225843665e-07,2.527327713021462e-05,5.568374235317062e-05,1.30240313094298e-07,2.5840048542872718e-05,5.6999037789582025e-05,1.3640127492537991e-07,2.641235316382372e-05,5.8329593740146475e-05,1.4277816047239423e-07,2.699016596311159e-05,5.9675405919376054e-05,1.4937594877613668e-07,2.7573461923464602e-05,6.10364699926579e-05,1.561996751771788e-07,2.8162216040395872e-05,6.241278157626849e-05,0.6499999999999999
1.0250403677379835e-07,2.3062024599945267e-05,5.0575249738645504e-05,1.076580937363342e-07,2.3606412629708878e-05,5.182946124656074e-05,1.1300402441018278e-07,2.4156434112418925e-05,5.309894991904826e-05,1.185465260372453e-07,2.4712063968389135e-05,5.438371166726093e-05,1.2429035225843665e-07,2.527327713021462e-05,5.568374235317062e-05,1.30240313094298e-07,2.5840048542872718e-05,5.6999037789582025e-05,1.3640127492537991e-07,2.641235316382372e-05,5.8329593740146475e-05,1.4277816047239423e-07,2.699016596311159e-05,5.9675405919376054e-05,1.4937594877613668e-07,2.7573461923464602e-05,6.10364699926579e-05,1.561996751771788e-07,2.8162216040395872e-05,6.241278157626849e-05,0.6499999999999999
1.0250403677379835e-07,2.3062024599945267e-05,5.0575249738645504e-05,1.076580937363342e-07,2.3606412629708878e-05,5.182946124656074e-05,1.1300402441018278e-07,2.4156434112418925e-05,5.309894991904826e-05,1.185465260372453e-07,2.4712063968389135e-05,5.438371166726093e-05,1.2429035225843665e-07,2.527327713021462e-05,5.568374235317062e-05,1.30240313094298e-07,2.5840048542872718e-05,5.6999037789582025e-05,1.3640127492537991e-07,2.641235316382372e-05,5.8329593740146475e-05,1.4277816047239423e-07,2.699016596311159e-05,5.9675405919376054e-05,1.4937594877613668e-07,2.7573461923464602e-05,6.10364699926579e-05,1.561996751771788e-07,2.8162216040395872e-05,6.241278157626849e-05,0.6499999999999999
1.0250403677379835e-07,2.3062024599945267e-05,5.0575249738645504e-05,1.076580937363342e-07,2.3606412629708878e-05,5.182946124656074e-05,1.1300402441018278e-07,2.4156434112418925e-05,5.309894991904826e-05,1.185465260372453e-07,2.4712063968389135e-05,5.438371166726093e-05,1.2429035225843665e-07,2.527327713021462e-05,5.568374235317062e-05,1.30240313094298e-07,2.5840048542872718e-05,5.6999037789582025e-05,1.3640127492537991e-07,2.641235316382372e-05,5.8329593740146475e-05,1.4277816047239423e-07,2.699016596311159e-05,5.9675405919376054e-05,1.4937594877613668e-07,2.7573461923464602e-05,6.10364699926579e-05,1.561996751771788e-07,2.8162216040395872e-05,6.241278157626849e-05,0.6499999999999999
1.0250403677379835e-07,2.3062024599945267e-05,5.0575249738645504e-05,1.076580937363342e-07,2.3606412629708878e-05,5.182946124656074e-05,1.1300402441018278e-07,2.4156434112418925e-05,5.309894991904826e-05,1.185465260372453e-07,2.4712063968389135e-05,5.438371166726093e-05,1.2429035225843665e-07,2.527327713021462e-05,5.568374235317062e-05,1.30240313094298e-07,2.5840048542872718e-05,5.6999037789582025e-05,1.3640127492537991e-07,2.641235316382372e-05,5.8329593740146475e-05,1.4277816047239423e-07,2.699016596311159e-05,5.9675405919376054e-05,1.4937594877613668e-07,2.7573461923464602e-05,6.10364699926579e-05,1.561996751771788e-07,2.8162216040395872e-05,6.241278157626849e-05,0.6499999999999999
1.0250403677379835e-07,2.3062024599945267e-05,5.0575249738645504e-05,1.076580937363342e-07,2.3606412629708878e-05,5.182946124656074e-05,1.1300402441018278e-07,2.4156434112418925e-05,5.309894991904826e-05,1.185465260372453e-07,2.4712063968389135e-05,5.438371166726093e-05,1.2429035225843665e-07,2.527327713021462e-05,5.568374235317062e-05,1.30240313094298e-07,2.5840048542872718e-05,5.6999037789582025e-05,1.3640127492537991e-07,2.641235316382372e-05,5.8329593740146475e-05,1.4277816047239423e-07,2.699016596311159e-05,5.9675405919376054e-05,1.4937594877613668e-07,2.7573461923464602e-05,6.10364699926579e-05,1.561996751771788e-07,2.8162216040395872e-05,6.241278157626849e-05,0.6499999999999999
1.0250403677379835e-07,2.3062024599945267e-05,5.0575249738645504e-05,1.076580937363342e-07,2.3606412629708878e-05,5.182946124656074e-05,1.1300402441018278e-07,2.4156434112418925e-05,5.309894991904826e-05,1.185465260372453e-07,2.4712063968389135e-05,5.438371166726093e-05,1.2429035225843665e-07,2.527327713021462e-05,5.568374235317062e-05,1.30240313094298e-07,2.5840048542872718e-05,5.6999037789582025e-05,1.3640127492537991e-07,2.641235316382372e-05,5.8329593740146475e-05,1.4277816047239423e-07,2.699016596311159e-05,5.9675405919376054e-05,1.4937594877613668e-07,2.7573461923464602e-05,6.10364699926579e-05,1.561996751771788e-07,2.8162216040395872e-05,6.241278157626849e-05,0.6499999999999999
1.0250403677379835e-07,2.3062024599945267e-05,5.0575249738645504e-05,1.076580937363342e-07,2.3606412629708878e-05,5.182946124656074e-05,1.1300402441018278e-07,2.4156434112418925e-05,5.309894991904826e-05,1.185465260372453e-07,2.4712063968389135e-05,5.438371166726093e-05,1.2429035225843665e-07,2.527327713021462e-05,5.568374235317062e-05,1.30240313094298e-07,2.5840048542872718e-05,5.6999037789582025e-05,1.3640127492537991e-07,2.641235316382372e-05,5.8329593740146475e-05,1.4277816047239423e-07,2.699016596311159e-05,5.9675405919376054e-05,1.4937594877613668e-07,2.7573461923464602e-05,6.10364699926579e-05,1.561996751771788e-07,2.8162216040395872e-05,6.241278157626849e-05,0.6499999999999999
1.0250403677379835e-07,2.3062024599945267e-05,5.0575249738645504e-05,1.076580937363342e-07,2.3606412629708878e-05,5.182946124656074e-05,1.1300402441018278e-07,2.4156434112418925e-05,5.309894991904826e-05,1.185465260372453e-07,2.4712063968389135e-05,5.438371166726093e-05,1.2429035225843665e-07,2.527327713021462e-05,5.568374235317062e-05,1.30240313094298e-07,2.5840048542872718e-05,5.6999037789582025e-05,1.3640127492537991e-07,2.641235316382372e-05,5.8329593740146475e-05,1.4277816047239423e-07,2.699016596311159e-05,5.9675405919376054e-05,1.4937594877613668e-07,2.7573461923464602e-05,6.10364699926579e-05,1.561996751771788e-07,2.8162216040395872e-05,6.241278157626849e-05,0.6499999999999999
1.0250403677379835e-07,2.3062024599945267e-05,5.0575249738645504e-05,1.076580937363342e-07,2.3606412629708878e-05,5.182946124656074e-05,1.1300402441018278e-07,2.4156434112418925e-05,5.309894991904826e-05,1.185465260372453e-07,2.4712063968389135e-05,5.438371166726093e-05,1.2429035225843665e-07,2.527327713021462e-05,5.568374235317062e-05,1.30240313094298e-07,2.5840048542872718e-05,5.6999037789582025e-05,1.3640127492537991e-07,2.641235316382372e-05,5.8329593740146475e-05,1.4277816047239423e-07,2.699016596311159e-05,5.9675405919376054e-05,1.4937594877613668e-07,2.7573461923464602e-05,6.10364699926579e-05,1.561996751771788e-07,2.8162216040395872e-05,6.241278157626849e-05,0.6499999999999999
1.0250403677379835e-07,2.3062024599945267e-05,5.0575249738645504e-05,1.076580937363342e-07,2.3606412629708878e-05,5.182946124656074e-05,1.1300402441018278e-07,2.4156434112418925e-05,5.309894991904826e-05,1.185465260372453e-07,2.4712063968389135e-05,5.438371166726093e-05,1.2429035225843665e-07,2.527327713021462e-05,5.568374235317062e-05,1.30240313094298e-07,2.5840048542872718e-05,5.6999037789582025e-05,1.3640127492537991e-07,2.641235316382372e-05,5.8329593740146475e-05,1.4277816047239423e-07,2.699016596311159e-05,5.9675405919376054e-05,1.4937594877613668e-07,2.7573461923464602e-05,6.10364699926579e-05,1.561996751771788e-07,2.8162216040395872e-05,6.241278157626849e-05,0.6499999999999999
1.0250403677379835e-07,2.3062024599945267e-05,5.0575249738645504e-05,1.076580937363342e-07,2.3606412629708878e-05,5.182946124656074e-05,1.1300402441018278e-07,2.4156434112418925e-05,5.309894991904826e-05,1.185465260372453e-07,2.4712063968389135e-05,5.438371166726093e-05,1.2429035225843665e-07,2.527327713021462e-05,5.568374235317062e-05,1.30240313094298e-07,2.5840048542872718e-05,5.6999037789582025e-05,1.3640127492537991e-07,2.641235316382372e-05,5.8329593740146475e-05,1.4277816047239423e-07,2.699016596311159e-05,5.9675405919376054e-05,1.4937594877613668e-07,2.7573461923464602e-05,6.10364699926579e-05,1.561996751771788e-07,2.8162216040395872e-05,6.241278157626849e-05,0.6499999999999999
1.0250403677379835e-07,2.3062024599945267e-05,5.0575249738645504e-05,1.076580937363342e-07,2.3606412629708878e-05,5.182946124656074e-05,1.1300402441018278e-07,2.4156434112418925e-05,5.309894991904826e-05,1.185465260372453e-07,2.4712063968389135e-05,5.438371166726093e-05,1.2429035225843665e-07,2.527327713021462e-05,5.568374235317062e-05,1.30240313094298e-07,2.5840048542872718e-05,5.6999037789582025e-05,1.3640127492537991e-07,2.641235316382372e-05,5.8329593740146475e-05,1.4277816047239423e-07,2.699016596311159e-05,5.9675405919376054e-05,1.4937594877613668e-07,2.7573461923464602e-05,6.10364699926579e-05,1.561996751771788e-07,2.8162216040395872e-05,6.241278157626849e-05,0.6499999999999999
1.0250403677379835e-07,2.3062024599945267e-05,5.0575249738645504e-05,1.076580937363342e-07,2.3606412629708878e-05,5.182946124656074e-05,1.1300402441018278e-07,2.4156434112418925e-05,5.309894991904826e-05,1.185465260372453e-07,2.4712063968389135e-05,5.438371166726093e-05,1.2429035225843665e-07,2.527327713021462e-05,5.568374235317062e-05,1.30240313094298e-07,2.5840048542872718e-05,5.6999037789582025e-05,1.3640127492537991e-07,2.641235316382372e-05,5.8329593740146475e-05,1.4277816047239423e-07,2.699016596311159e-05,5.9675405919376054e-05,1.4937594877613668e-07,2.7573461923464602e-05,6.10364699926579e-05,1.561996751771788e-07,2.8162216040395872e-05,6.241278157626849e-05,0.6499999999999999
1.0250403677379835e-07,2.3062024599945267e-05,5.0575249738645504e-05,1.076580937363342e-07,2.3606412629708878e-05,5.182946124656074e-05,1.1300402441018278e-07,2.4156434112418925e-05,5.309894991904826e-05,1.185465260372453e-07,2.4712063968389135e-05,5.438371166726093e-05,1.2429035225843665e-07,2.527327713021462e-05,5.568374235317062e-05,1.30240313094298e-07,2.5840048542872718e-05,5.6999037789582025e-05,1.3640127492537991e-07,2.641235316382372e-05,5.8329593740146475e-05,1.4277816047239423e-07,2.699016596311159e-05,5.9675405919376054e-05,1.4937594877613668e-07,2.7573461923464602e-05,6.10364699926579e-05,1.561996751771788e-07,2.8162216040395872e-05,6.241278157626849e-05,0.6499999999999999
1.0250403677379835e-07,2.3062024599945267e-05,5.0575249738645504e-05,1.076580937363342e-07,2.3606412629708878e-05,5.182946124656074e-05,1.1300402441018278e-07,2.4156434112418925e-05,5.309894991904826e-05,1.185465260372453e-07,2.4712063968389135e-05,5.438371166726093e-05,1.2429035225843665e-07,2.527327713021462e-05,5.568374235317062e-05,1.30240313094298e-07,2.5840048542872718e-05,5.6999037789582025e-05,1.3640127492537991e-07,2.641235316382372e-05,5.8329593740146475e-05,1.4277816047239423e-07,2.699016596311159e-05,5.9675405919376054e-05,1.4937594877613668e-07,2.7573461923464602e-05,6.10364699926579e-05,1.561996751771788e-07,2.8162216040395872e-05,6.241278157626849e-05,0.6499999999999999
1.0250403677379835e-07,2.3062024599945267e-05,5.0575249738645504e-05,1.076580937363342e-07,2.3606412629708878e-05,5.182946124656074e-05,1.1300402441018278e-07,2.4156434112418925e-05,5.309894991904826e-05,1.185465260372453e-07,2.4712063968389135e-05,5.438371166726093e-05,1.2429035225843665e-07,2.527327713021462e-05,5.568374235317062e-05,1.30240313094298e-07,2.5840048542872718e-05,5.6999037789582025e-05,1.3640127492537991e-07,2.641235316382372e-05,5.8329593740146475e-05,1.4277816047239423e-07,2.699016596311159e-05,5.9675405919376054e-05,1.4937594877613668e-07,2.7573461923464602e-05,6.10364699926579e-05,1.561996751771788e-07,2.8162216040395872e-05,6.241278157626849e-05,0.6499999999999999
1.0250403677379835e-07,2.3062024599945267e-05,5.0575249738645504e-05,1.076580937363342e-07,2.3606412629708878e-05,5.182946124656074e-05,1.1300402441018278e-07,2.4156434112418925e-05,5.309894991904826e-05,1.185465260372453e-07,2.4712063968389135e-05,5.438371166726093e-05,1.2429035225843665e-07,2.527327713021462e-05,5.568374235317062e-05,1.30240313094298e-07,2.5840048542872718e-05,5.6999037789582025e-05,1.3640127492537991e-07,2.641235316382372e-05,5.8329593740146475e-05,1.4277816047239423e-07,2.699016596311159e-05,5.9675405919376054e-05,1.4937594877613668e-07,2.7573461923464602e-05,6.10364699926579e-05,1.561996751771788e-07,2.8162216040395872e-05,6.241278157626849e-05,0.6499999999999999
1.0250403677379835e-07,2.3062024599945267e-05,5.0575249738645504e-05,1.076580937363342e-07,2.3606412629708878e-05,5.182946124656074e-05,1.1300402441018278e-07,2.4156434112418925e-05,5.309894991904826e-05,1.185465260372453e-07,2.4712063968389135e-05,5.438371166726093e-05,1.2429035225843665e-07,2.527327713021462e-05,5.568374235317062e-05,1.30240313094298e-07,2.5840048542872718e-05,5.6999037789582025e-05,1.3640127492537991e-07,2.641235316382372e-05,5.8329593740146475e-05,1.4277816047239423e-07,2.699016596311159e-05,5.9675405919376054e-05,1.4937594877613668e-07,2.7573461923464602e-05,6.10364699926579e-05,1.561996751771788e-07,2.8162216040395872e-05,6.241278157626849e-05,0.6499999999999999
1.0250403677379835e-07,2.3062024599945267e-05,5.0575249738645504e-05,1.076580937363342e-07,2.3606412629708878e-05,5.182946124656074e-05,1.1300402441018278e-07,2.4156434112418925e-05,5.309894991904826e-05,1.185465260372453e-07,2.4712063968389135e-05,5.438371166726093e-05,1.2429035225843665e-07,2.527327713021462e-05,5.568374235317062e-05,1.30240313094298e-07,2.5840048542872718e-05,5.6999037789582025e-05,1.3640127492537991e-07,2.641235316382372e-05,5.8329593740146475e-05,1.4277816047239423e-07,2.699016596311159e-05,5.9675405919376054e-05,1.4937594877613668e-07,2.7573461923464602e-05,6.10364699926579e-05,1.561996751771788e-07,2.8162216040395872e-05,6.241278157626849e-05,0.6499999999999999
1.0250403677379835e-07,2.3062024599945267e-05,5.0575249738645504e-05,1.076580937363342e-07,2.3606412629708878e-05,5.182946124656074e-05,1.1300402441018278e-07,2.4156434112418925e-05,5.309894991904826e-05,1.185465260372453e-07,2.4712063968389135e-05,5.438371166726093e-05,1.2429035225843665e-07,2.527327713021462e-05,5.568374235317062e-05,1.30240313094298e-07,2.5840048542872718e-05,5.6999037789582025e-05,1.3640127492537991e-07,2.641235316382372e-05,5.8329593740146475e-05,1.4277816047239423e-07,2.699016596311159e-05,5.9675405919376054e-05,1.4937594877613668e-07,2.7573461923464602e-05,6.10364699926579e-05,1.561996751771788e-07,2.8162216040395872e-05,6.241278157626849e-05,0.6499999999999999
1.0250403677379835e-07,2.3062024599945267e-05,5.0575249738645504e-05,1.076580937363342e-07,2.3606412629708878e-05,5.182946124656074e-05,1.1300402441018278e-07,2.4156434112418925e-05,5.309894991904826e-05,1.185465260372453e-07,2.4712063968389135e-05,5.438371166726093e-05,1.2429035225843665e-07,2.527327713021462e-05,5.568374235317062e-05,1.30240313094298e-07,2.5840048542872718e-05,5.6999037789582025e-05,1.3640127492537991e-07,2.641235316382372e-05,5.8329593740146475e-05,1.4277816047239423e-07,2.699016596311159e-05,5.9675405919376054e-05,1.4937594877613668e-07,2.7573461923464602e-05,6.10364699926579e-05,1.561996751771788e-07,2.8162216040395872e-05,6.241278157626849e-05,0.6499999999999999
1.0250403677379835e-07,2.3062024599945267e-05,5.0575249738645504e-05,1.076580937363342e-07,2.3606412629708878e-05,5.182946124656074e-05,1.1300402441018278e-07,2.4156434112418925e-05,5.309894991904826e-05,1.185465260372453e-07,2.4712063968389135e-05,5.438371166726093e-05,1.2429035225843665e-07,2.527327713021462e-05,5.568374235317062e-05,1.30240313094298e-07,2.5840048542872718e-05,5.6999037789582025e-05,1.3640127492537991e-07,2.641235316382372e-05,5.8329593740146475e-05,1.4277816047239423e-07,2.699016596311159e-05,5.9675405919376054e-05,1.4937594877613668e-07,2.7573461923464602e-05,6.10364699926579e-05,1.561996751771788e-07,2.8162216040395872e-05,6.241278157626849e-05,0.6499999999999999
1.3669090696044348e-07,3.075360889471726e-05,6.744297073625139e-05,1.435639311113019e-07,3.1479559751727094e-05,6.91154834832986e-05,1.5069282217627073e-07,3.221302291564751e-05,7.080836859349027e-05,1.580838440086845e-07,3.295396494228068e-05,7.252162061427269e-05,1.6574333567093694e-07,3.370235240380625e-05,7.425523402750826e-05,1.7367771140862816e-07,3.445815188891568e-05,7.600920324949396e-05,1.8189346062440413e-07,3.5221330002946756e-05,7.778352263098002e-05,1.9039714785149013e-07,3.5991853368017704e-05,7.957818645718846e-05,1.9919541272691623e-07,3.6769688623161504e-05,8.139318894783225e-05,2.082949699644363e-07,3.755480242445994e-05,8.322852425713447e-05,0.7
1.3669090696044348e-07,3.075360889471726e-05,6.744297073625139e-05,1.435639311113019e-07,3.1479559751727094e-05,6.91154834832986e-05,1.5069282217627073e-07,3.221302291564751e-05,7.080836859349027e-05,1.580838440086845e-07,3.295396494228068e-05,7.252162061427269e-05,1.6574333567093694e-07,3.370235240380625e-05,7.425523402750826e-05,1.7367771140862816e-07,3.445815188891568e-05,7.600920324949396e-05,1.8189346062440413e-07,3.5221330002946756e-05,7.778352263098002e-05,1.9039714785149013e-07,3.5991853368017704e-05,7.957818645718846e-05,1.9919541272691623e-07,3.6769688623161504e-05,8.139318894783225e-05,2.082949699644363e-07,3.755480242445994e-05,8.322852425713447e-05,0.7
1.3669090696044348e-07,3.075360889471726e-05,6.744297073625139e-05,1.435639311113019e-07,3.1479559751727094e-05,6.91154834832986e-05,1.5069282217627073e-07,3.221302291564751e-05,7.080836859349027e-05,1.580838440086845e-07,3.295396494228068e-05,7.252162061427269e-05,1.6574333567093694e-07,3.370235240380625e-05,7.425523402750826e-05,1.7367771140862816e-07,3.445815188891568e-05,7.600920324949396e-05,1.8189346062440413e-07,3.5221330002946756e-05,7.778352263098002e-05,1.9039714785149013e-07,3.5991853368017704e-05,7.957818645718846e-05,1.9919541272691623e-07,3.6769688623161504e-05,8.139318894783225e-05,2.082949699644363e-07,3.755480242445994e-05,8.322852425713447e-05,0.7
1.3669090696044348e-07,3.075360889471726e-05,6.744297073625139e-05,1.435639311113019e-07,3.1479559751727094e-05,6.91154834832986e-05,1.5069282217627073e-07,3.221302291564751e-05,7.080836859349027e-05,1.580838440086845e-07,3.295396494228068e-05,7.252162061427269e-05,1.6574333567093694e-07,3.370235240380625e-05,7.425523402750826e-05,1.7367771140862816e-07,3.445815188891568e-05,7.600920324949396e-05,1.8189346062440413e-07,3.5221330002946756e-05,7.778352263098002e-05,1.9039714785149013e-07,3.5991853368017704e-05,7.957818645718846e-05,1.9919541272691623e-07,3.6769688623161504e-05,8.139318894783225e-05,2.082949699644363e-07,3.755480242445994e-05,8.322852425713447e-05,0.7
1.3669090696044348e-07,3.075360889471726e-05,6.744297073625139e-05,1.435639311113019e-07,3.1479559751727094e-05,6.91154834832986e-05,1.5069282217627073e-07,3.221302291564751e-05,7.080836859349027e-05,1.580838440086845e-07,3.295396494228068e-05,7.252162061427269e-05,1.6574333567093694e-07,3.370235240380625e-05,7.425523402750826e-05,1.7367771140862816e-07,3.445815188891568e-05,7.600920324949396e-05,1.8189346062440413e-07,3.5221330002946756e-05,7.778352263098002e-05,1.9039714785149013e-07,3.5991853368017704e-05,7.957818645718846e-05,1.9919541272691623e-07,3.6769688623161504e-05,8.139318894783225e-05,2.082949699644363e-07,3.755480242445994e-05,8.322852425713447e-05,0.7
1.3669090696044348e-07,3.075360889471726e-05,6.744297073625139e-05,1.435639311113019e-07,3.1479559751727094e-05,6.91154834832986e-05,1.5069282217627073e-07,3.221302291564751e-05,7.080836859349027e-05,1.580838440086845e-07,3.295396494228068e-05,7.252162061427269e-05,1.6574333567093694e-07,3.370235240380625e-05,7.425523402750826e-05,1.7367771140862816e-07,3.445815188891568e-05,7.600920324949396e-05,1.8189346062440413e-07,3.5221330002946756e-05,7.778352263098002e-05,1.9039714785149013e-07,3.5991853368017704e-05,7.957818645718846e-05,1.9919541272691623e-07,3.6769688623161504e-05,8.139318894783225e-05,2.082949699644363e-07,3.755480242445994e-05,8.322852425713447e-05,0.7
1.3669090696044348e-07,3.075360889471726e-05,6.744297073625139e-05,1.435639311113019e-07,3.1479559751727094e-05,6.91154834832986e-05,1.5069282217627073e-07,3.221302291564751e-05,7.080836859349027e-05,1.580838440086845e-07,3.295396494228068e-05,7.252162061427269e-05,1.6574333567093694e-07,3.370235240380625e-05,7.425523402750826e-05,1.7367771140862816e-07,3.445815188891568e-05,7.600920324949396e-05,1.8189346062440413e-07,3.5221330002946756e-05,7.778352263098002e-05,1.9039714785149013e-07,3.5991853368017704e-05,7.957818645718846e-05,1.9919541272691623e-07,3.6769688623161504e-05,8.139318894783225e-05,2.082949699644363e-07,3.755480242445994e-05,8.322852425713447e-05,0.7
1.3669090696044348e-07,3.075360889471726e-05,6.744297073625139e-05,1.435639311113019e-07,3.1479559751727094e-05,6.91154834832986e-05,1.5069282217627073e-07,3.221302291564751e-05,7.080836859349027e-05,1.580838440086845e-07,3.295396494228068e-05,7.252162061427269e-05,1.6574333567093694e-07,3.370235240380625e-05,7.425523402750826e-05,1.7367771140862816e-07,3.445815188891568e-05,7.600920324949396e-05,1.8189346062440413e-07,3.5221330002946756e-05,7.778352263098002e-05,1.9039714785149013e-07,3.5991853368017704e-05,7.957818645718846e-05,1.9919541272691623e-07,3.6769688623161504e-05,8.139318894783225e-05,2.082949699644363e-07,3.755480242445994e-05,8.322852425713447e-05,0.7
1.3669090696044348e-07,3.075360889471726e-05,6.744297073625139e-05,1.435639311113019e-07,3.1479559751727094e-05,6.91154834832986e-05,1.5069282217627073e-07,3.221302291564751e-05,7.080836859349027e-05,1.580838440086845e-07,3.295396494228068e-05,7.252162061427269e-05,1.6574333567093694e-07,3.370235240380625e-05,7.425523402750826e-05,1.7367771140862816e-07,3.445815188891568e-05,7.600920324949396e-05,1.8189346062440413e-07,3.5221330002946756e-05,7.778352263098002e-05,1.9039714785149013e-07,3.5991853368017704e-05,7.957818645718846e-05,1.9919541272691623e-07,3.6769688623161504e-05,8.139318894783225e-05,2.082949699644363e-07,3.755480242445994e-05,8.322852425713447e-05,0.7
1.3669090696044348e-07,3.075360889471726e-05,6.744297073625139e-05,1.435639311113019e-07,3.1479559751727094e-05,6.91154834832986e-05,1.5069282217627073e-07,3.221302291564751e-05,7.080836859349027e-05,1.580838440086845e-07,3.295396494228068e-05,7.252162061427269e-05,1.6574333567093694e-07,3.370235240380625e-05,7.425523402750826e-05,1.7367771140862816e-07,3.445815188891568e-05,7.600920324949396e-05,1.8189346062440413e-07,3.5221330002946756e-05,7.778352263098002e-05,1.9039714785149013e-07,3.5991853368017704e-05,7.957818645718846e-05,1.9919541272691623e-07,3.6769688623161504e-05,8.139318894783225e-05,2.082949699644363e-07,3.755480242445994e-05,8.322852425713447e-05,0.7
1.3669090696044348e-07,3.075360889471726e-05,6.744297073625139e-05,1.435639311113019e-07,3.1479559751727094e-05,6.91154834832986e-05,1.5069282217627073e-07,3.221302291564751e-05,7.080836859349027e-05,1.580838440086845e-07,3.295396494228068e-05,7.252162061427269e-05,1.6574333567093694e-07,3.370235240380625e-05,7.425523402750826e-05,1.7367771140862816e-07,3.445815188891568e-05,7.600920324949396e-05,1.8189346062440413e-07,3.5221330002946756e-05,7.778352263098002e-05,1.9039714785149013e-07,3.5991853368017704e-05,7.957818645718846e-05,1.9919541272691623e-07,3.6769688623161504e-05,8.139318894783225e-05,2.082949699644363e-07,3.755480242445994e-05,8.322852425713447e-05,0.7
1.3669090696044348e-07,3.075360889471726e-05,6.744297073625139e-05,1.435639311113019e-07,3.1479559751727094e-05,6.91154834832986e-05,1.5069282217627073e-07,3.221302291564751e-05,7.080836859349027e-05,1.580838440086845e-07,3.295396494228068e-05,7.252162061427269e-05,1.6574333567093694e-07,3.370235240380625e-05,7.425523402750826e-05,1.7367771140862816e-07,3.445815188891568e-05,7.600920324949396e-05,1.8189346062440413e-07,3.5221330002946756e-05,7.778352263098002e-05,1.9039714785149013e-07,3.5991853368017704e-05,7.957818645718846e-05,1.9919541272691623e-07,3.6769688623161504e-05,8.139318894783225e-05,2.082949699644363e-07,3.755480242445994e-05,8.322852425713447e-05,0.7
1.3669090696044348e-07,3.075360889471726e-05,6.744297073625139e-05,1.435639311113019e-07,3.1479559751727094e-05,6.91154834832986e-05,1.5069282217627073e-07,3.221302291564751e-05,7.080836859349027e-05,1.580838440086845e-07,3.295396494228068e-05,7.252162061427269e-05,1.6574333567093694e-07,3.370235240380625e-05,7.425523402750826e-05,1.7367771140862816e-07,3.445815188891568e-05,7.600920324949396e-05,1.8189346062440413e-07,3.5221330002946756e-05,7.778352263098002e-05,1.9039714785149013e-07,3.5991853368017704e-05,7.957818645718846e-05,1.9919541272691623e-07,3.6769688623161504e-05,8.139318894783225e-05,2.082949699644363e-07,3.755480242445994e-05,8.322852425713447e-05,0.7
1.3669090696044348e-07,3.075360889471726e-05,6.744297073625139e-05,1.435639311113019e-07,3.1479559751727094e-05,6.91154834832986e-05,1.5069282217627073e-07,3.221302291564751e-05,7.080836859349027e-05,1.580838440086845e-07,3.295396494228068e-05,7.252162061427269e-05,1.6574333567093694e-07,3.370235240380625e-05,7.425523402750826e-05,1.7367771140862816e-07,3.445815188891568e-05,7.600920324949396e-05,1.8189346062440413e-07,3.5221330002946756e-05,7.778352263098002e-05,1.9039714785149013e-07,3.5991853368017704e-05,7.957818645718846e-05,1.9919541272691623e-07,3.6769688623161504e-05,8.139318894783225e-05,2.082949699644363e-07,3.755480242445994e-05,8.322852425713447e-05,0.7
1.3669090696044348e-07,3.075360889471726e-05,6.744297073625139e-05,1.435639311113019e-07,3.1479559751727094e-05,6.91154834832986e-05,1.5069282217627073e-07,3.221302291564751e-05,7.080836859349027e-05,1.580838440086845e-07,3.295396494228068e-05,7.252162061427269e-05,1.6574333567093694e-07,3.370235240380625e-05,7.425523402750826e-05,1.7367771140862816e-07,3.445815188891568e-05,7.600920324949396e-05,1.8189346062440413e-07,3.5221330002946756e-05,7.778352263098002e-05,1.9039714785149013e-07,3.5991853368017704e-05,7.957818645718846e-05,1.9919541272691623e-07,3.6769688623161504e-05,8.139318894783225e-05,2.082949699644363e-07,3.755480242445994e-05,8.322852425713447e-05,0.7
1.3669090696044348e-07,3.075360889471726e-05,6.744297073625139e-05,1.435639311113019e-07,3.1479559751727094e-05,6.91154834832986e-05,1.5069282217627073e-07,3.221302291564751e-05,7.080836859349027e-05,1.580838440086845e-07,3.295396494228068e-05,7.252162061427269e-05,1.6574333567093694e-07,3.370235240380625e-05,7.425523402750826e-05,1.7367771140862816e-07,3.445815188891568e-05,7.600920324949396e-05,1.8189346062440413e-07,3.5221330002946756e-05,7.778352263098002e-05,1.9039714785149013e-07,3.5991853368017704e-05,7.957818645718846e-05,1.9919541272691623e-07,3.6769688623161504e-05,8.139318894783225e-05,2.082949699644363e-07,3.755480242445994e-05,8.322852425713447e-05,0.7
1.3669090696044348e-07,3.075360889471726e-05,6.744297073625139e-05,1.435639311113019e-07,3.1479559751727094e-05,6.91154834832986e-05,1.5069282217627073e-07,3.221302291564751e-05,7.080836859349027e-05,1.580838440086845e-07,3.295396494228068e-05,7.252162061427269e-05,1.6574333567093694e-07,3.370235240380625e-05,7.425523402750826e-05,1.7367771140862816e-07,3.445815188891568e-05,7.600920324949396e-05,1.8189346062440413e-07,3.5221330002946756e-05,7.778352263098002e-05,1.9039714785149013e-07,3.5991853368017704e-05,7.957818645718846e-05,1.9919541272691623e-07,3.6769688623161504e-05,8.139318894783225e-05,2.082949699644363e-07,3.755480242445994e-05,8.322852425713447e-05,0.7
1.3669090696044348e-07,3.075360889471726e-05,6.744297073625139e-05,1.435639311113019e-07,3.1479559751727094e-05,6.91154834832986e-05,1.5069282217627073e-07,3.221302291564751e-05,7.080836859349027e-05,1.580838440086845e-07,3.295396494228068e-05,7.252162061427269e-05,1.6574333567093694e-07,3.370235240380625e-05,7.425523402750826e-05,1.7367771140862816e-07,3.445815188891568e-05,7.600920324949396e-05,1.8189346062440413e-07,3.5221330002946756e-05,7.778352263098002e-05,1.9039714785149013e-07,3.5991853368017704e-05,7.957818645718846e-05,1.9919541272691623e-07,3.6769688623161504e-05,8.139318894783225e-05,2.082949699644363e-07,3.755480242445994e-05,8.322852425713447e-05,0.7
1.3669090696044348e-07,3.075360889471726e-05,6.744297073625139e-05,1.435639311113019e-07,3.1479559751727094e-05,6.91154834832986e-05,1.5069282217627073e-07,3.221302291564751e-05,7.080836859349027e-05,1.580838440086845e-07,3.295396494228068e-05,7.252162061427269e-05,1.6574333567093694e-07,3.370235240380625e-05,7.425523402750826e-05,1.7367771140862816e-07,3.445815188891568e-05,7.600920324949396e-05,1.8189346062440413e-07,3.5221330002946756e-05,7.778352263098002e-05,1.9039714785149013e-07,3.5991853368017704e-05,7.957818645718846e-05,1.9919541272691623e-07,3.6769688623161504e-05,8.139318894783225e-05,2.082949699644363e-07,3.755480242445994e-05,8.322852425713447e-05,0.7
1.3669090696044348e-07,3.075360889471726e-05,6.744297073625139e-05,1.435639311113019e-07,3.1479559751727094e-05,6.91154834832986e-05,1.5069282217627073e-07,3.221302291564751e-05,7.080836859349027e-05,1.580838440086845e-07,3.295396494228068e-05,7.252162061427269e-05,1.6574333567093694e-07,3.370235240380625e-05,7.425523402750826e-05,1.7367771140862816e-07,3.445815188891568e-05,7.600920324949396e-05,1.8189346062440413e-07,3.5221330002946756e-05,7.778352263098002e-05,1.9039714785149013e-07,3.5991853368017704e-05,7.957818645718846e-05,1.9919541272691623e-07,3.6769688623161504e-05,8.139318894783225e-05,2.082949699644363e-07,3.755480242445994e-05,8.322852425713447e-05,0.7
1.3669090696044348e-07,3.075360889471726e-05,6.744297073625139e-05,1.435639311113019e-07,3.1479559751727094e-05,6.91154834832986e-05,1.5069282217627073e-07,3.221302291564751e-05,7.080836859349027e-05,1.580838440086845e-07,3.295396494228068e-05,7.252162061427269e-05,1.6574333567093694e-07,3.370235240380625e-05,7.425523402750826e-05,1.7367771140862816e-07,3.445815188891568e-05,7.600920324949396e-05,1.8189346062440413e-07,3.5221330002946756e-05,7.778352263098002e-05,1.9039714785149013e-07,3.5991853368017704e-05,7.957818645718846e-05,1.9919541272691623e-07,3.6769688623161504e-05,8.139318894783225e-05,2.082949699644363e-07,3.755480242445994e-05,8.322852425713447e-05,0.7
1.3669090696044348e-07,3.075360889471726e-05,6.744297073625139e-05,1.435639311113019e-07,3.1479559751727094e-05,6.91154834832986e-05,1.5069282217627073e-07,3.221302291564751e-05,7.080836859349027e-05,1.580838440086845e-07,3.295396494228068e-05,7.252162061427269e-05,1.6574333567093694e-07,3.370235240380625e-05,7.425523402750826e-05,1.7367771140862816e-07,3.445815188891568e-05,7.600920324949396e-05,1.8189346062440413e-07,3.5221330002946756e-05,7.778352263098002e-05,1.9039714785149013e-07,3.5991853368017704e-05,7.957818645718846e-05,1.9919541272691623e-07,3.6769688623161504e-05,8.139318894783225e-05,2.082949699644363e-07,3.755480242445994e-05,8.322852425713447e-05,0.7
1.3669090696044348e-07,3.075360889471726e-05,6.744297073625139e-05,1.435639311113019e-07,3.1479559751727094e-05,6.91154834832986e-05,1.5069282217627073e-07,3.221302291564751e-05,7.080836859349027e-05,1.580838440086845e-07,3.295396494228068e-05,7.252162061427269e-05,1.6574333567093694e-07,3.370235240380625e-05,7.425523402750826e-05,1.7367771140862816e-07,3.445815188891568e-05,7.600920324949396e-05,1.8189346062440413e-07,3.5221330002946756e-05,7.778352263098002e-05,1.9039714785149013e-07,3.5991853368017704e-05,7.957818645718846e-05,1.9919541272691623e-07,3.6769688623161504e-05,8.139318894783225e-05,2.082949699644363e-07,3.755480242445994e-05,8.322852425713447e-05,0.7
1.3669090696044348e-07,3.075360889471726e-05,6.744297073625139e-05,1.435639311113019e-07,3.1479559751727094e-05,6.91154834832986e-05,1.5069282217627073e-07,3.221302291564751e-05,7.080836859349027e-05,1.580838440086845e-07,3.295396494228068e-05,7.252162061427269e-05,1.6574333567093694e-07,3.370235240380625e-05,7.425523402750826e-05,1.7367771140862816e-07,3.445815188891568e-05,7.600920324949396e-05,1.8189346062440413e-07,3.5221330002946756e-05,7.778352263098002e-05,1.9039714785149013e-07,3.5991853368017704e-05,7.957818645718846e-05,1.9919541272691623e-07,3.6769688623161504e-05,8.139318894783225e-05,2.082949699644363e-07,3.755480242445994e-05,8.322852425713447e-05,0.7
1.3669090696044348e-07,3.075360889471726e-05,6.744297073625139e-05,1.435639311113019e-07,3.1479559751727094e-05,6.91154834832986e-05,1.5069282217627073e-07,3.221302291564751e-05,7.080836859349027e-05,1.580838440086845e-07,3.295396494228068e-05,7.252162061427269e-05,1.6574333567093694e-07,3.370235240380625e-05,7.425523402750826e-05,1.7367771140862816e-07,3.445815188891568e-05,7.600920324949396e-05,1.8189346062440413e-07,3.5221330002946756e-05,7.778352263098002e-05,1.9039714785149013e-07,3.5991853368017704e-05,7.957818645718846e-05,1.9919541272691623e-07,3.6769688623161504e-05,8.139318894783225e-05,2.082949699644363e-07,3.755480242445994e-05,8.322852425713447e-05,0.7
1.3669090696044348e-07,3.075360889471726e-05,6.744297073625139e-05,1.435639311113019e-07,3.1479559751727094e-05,6.91154834832986e-05,1.5069282217627073e-07,3.221302291564751e-05,7.080836859349027e-05,1.580838440086845e-07,3.295396494228068e-05,7.252162061427269e-05,1.6574333567093694e-07,3.370235240380625e-05,7.425523402750826e-05,1.7367771140862816e-07,3.445815188891568e-05,7.600920324949396e-05,1.8189346062440413e-07,3.5221330002946756e-05,7.778352263098002e-05,1.9039714785149013e-07,3.5991853368017704e-05,7.957818645718846e-05,1.9919541272691623e-07,3.6769688623161504e-05,8.139318894783225e-05,2.082949699644363e-07,3.755480242445994e-05,8.322852425713447e-05,0.7
1.3669090696044348e-07,3.075360889471726e-05,6.744297073625139e-05,1.435639311113019e-07,3.1479559751727094e-05,6.91154834832986e-05,1.5069282217627073e-07,3.221302291564751e-05,7.080836859349027e-05,1.580838440086845e-07,3.295396494228068e-05,7.252162061427269e-05,1.6574333567093694e-07,3.370235240380625e-05,7.425523402750826e-05,1.7367771140862816e-07,3.445815188891568e-05,7.600920324949396e-05,1.8189346062440413e-07,3.5221330002946756e-05,7.778352263098002e-05,1.9039714785149013e-07,3.5991853368017704e-05,7.957818645718846e-05,1.9919541272691623e-07,3.6769688623161504e-05,8.139318894783225e-05,2.082949699644363e-07,3.755480242445994e-05,8.322852425713447e-05,0.7
1.3669090696044348e-07,3.075360889471726e-05,6.744297073625139e-05,1.435639311113019e-07,3.1479559751727094e-05,6.91154834832986e-05,1.5069282217627073e-07,3.221302291564751e-05,7.080836859349027e-05,1.580838440086845e-07,3.295396494228068e-05,7.252162061427269e-05,1.6574333567093694e-07,3.370235240380625e-05,7.425523402750826e-05,1.7367771140862816e-07,3.445815188891568e-05,7.600920324949396e-05,1.8189346062440413e-07,3.5221330002946756e-05,7.778352263098002e-05,1.9039714785149013e-07,3.5991853368017704e-05,7.957818645718846e-05,1.9919541272691623e-07,3.6769688623161504e-05,8.139318894783225e-05,2.082949699644363e-07,3.755480242445994e-05,8.322852425713447e-05,0.7
1.3669090696044348e-07,3.075360889471726e-05,6.744297073625139e-05,1.435639311113019e-07,3.1479559751727094e-05,6.91154834832986e-05,1.5069282217627073e-07,3.221302291564751e-05,7.080836859349027e-05,1.580838440086845e-07,3.295396494228068e-05,7.252162061427269e-05,1.6574333567093694e-07,3.370235240380625e-05,7.425523402750826e-05,1.7367771140862816e-07,3.445815188891568e-05,7.600920324949396e-05,1.8189346062440413e-07,3.5221330002946756e-05,7.778352263098002e-05,1.9039714785149013e-07,3.5991853368017704e-05,7.957818645718846e-05,1.9919541272691623e-07,3.6769688623161504e-05,8.139318894783225e-05,2.082949699644363e-07,3.755480242445994e-05,8.322852425713447e-05,0.7
1.3669090696044348e-07,3.075360889471726e-05,6.744297073625139e-05,1.435639311113019e-07,3.1479559751727094e-05,6.91154834832986e-05,1.5069282217627073e-07,3.221302291564751e-05,7.080836859349027e-05,1.580838440086845e-07,3.295396494228068e-05,7.252162061427269e-05,1.6574333567093694e-07,3.370235240380625e-05,7.425523402750826e-05,1.7367771140862816e-07,3.445815188891568e-05,7.600920324949396e-05,1.8189346062440413e-07,3.5221330002946756e-05,7.778352263098002e-05,1.9039714785149013e-07,3.5991853368017704e-05,7.957818645718846e-05,1.9919541272691623e-07,3.6769688623161504e-05,8.139318894783225e-05,2.082949699644363e-07,3.755480242445994e-05,8.322852425713447e-05,0.7
1.3669090696044348e-07,3.075360889471726e-05,6.744297073625139e-05,1.435639311113019e-07,3.1479559751727094e-05,6.91154834832986e-05,1.5069282217627073e-07,3.221302291564751e-05,7.080836859349027e-05,1.580838440086845e-07,3.295396494228068e-05,7.252162061427269e-05,1.6574333567093694e-07,3.370235240380625e-05,7.425523402750826e-05,1.7367771140862816e-07,3.445815188891568e-05,7.600920324949396e-05,1.8189346062440413e-07,3.5221330002946756e-05,7.778352263098002e-05,1.9039714785149013e-07,3.5991853368017704e-05,7.957818645718846e-05,1.9919541272691623e-07,3.6769688623161504e-05,8.139318894783225e-05,2.082949699644363e-07,3.755480242445994e-05,8.322852425713447e-05,0.7
1.3669090696044348e-07,3.075360889471726e-05,6.744297073625139e-05,1.435639311113019e-07,3.1479559751727094e-05,6.91154834832986e-05,1.5069282217627073e-07,3.221302291564751e-05,7.080836859349027e-05,1.580838440086845e-07,3.295396494228068e-05,7.252162061427269e-05,1.6574333567093694e-07,3.370235240380625e-05,7.425523402750826e-05,1.7367771140862816e-07,3.445815188891568e-05,7.600920324949396e-05,1.8189346062440413e-07,3.5221330002946756e-05,7.778352263098002e-05,1.9039714785149013e-07,3.5991853368017704e-05,7.957818645718846e-05,1.9919541272691623e-07,3.6769688623161504e-05,8.139318894783225e-05,2.082949699644363e-07,3.755480242445994e-05,8.322852425713447e-05,0.7
1.3669090696044348e-07,3.075360889471726e-05,6.744297073625139e-05,1.435639311113019e-07,3.1479559751727094e-05,6.91154834832986e-05,1.5069282217627073e-07,3.221302291564751e-05,7.080836859349027e-05,1.580838440086845e-07,3.295396494228068e-05,7.252162061427269e-05,1.6574333567093694e-07,3.370235240380625e-05,7.425523402750826e-05,1.7367771140862816e-07,3.445815188891568e-05,7.600920324949396e-05,1.8189346062440413e-07,3.5221330002946756e-05,7.778352263098002e-05,1.9039714785149013e-07,3.5991853368017704e-05,7.957818645718846e-05,1.9919541272691623e-07,3.6769688623161504e-05,8.139318894783225e-05,2.082949699644363e-07,3.755480242445994e-05,8.322852425713447e-05,0.7
1.3669090696044348e-07,3.075360889471726e-05,6.744297073625139e-05,1.435639311113019e-07,3.1479559751727094e-05,6.91154834832986e-05,1.5069282217627073e-07,3.221302291564751e-05,7.080836859349027e-05,1.580838440086845e-07,3.295396494228068e-05,7.252162061427269e-05,1.6574333567093694e-07,3.370235240380625e-05,7.425523402750826e-05,1.7367771140862816e-07,3.445815188891568e-05,7.600920324949396e-05,1.8189346062440413e-07,3.5221330002946756e-05,7.778352263098002e-05,1.9039714785149013e-07,3.5991853368017704e-05,7.957818645718846e-05,1.9919541272691623e-07,3.6769688623161504e-05,8.139318894783225e-05,2.082949699644363e-07,3.755480242445994e-05,8.322852425713447e-05,0.7
1.3669090696044348e-07,3.075360889471726e-05,6.744297073625139e-05,1.435639311113019e-07,3.1479559751727094e-05,6.91154834832986e-05,1.5069282217627073e-07,3.221302291564751e-05,7.080836859349027e-05,1.580838440086845e-07,3.295396494228068e-05,7.252162061427269e-05,1.6574333567093694e-07,3.370235240380625e-05,7.425523402750826e-05,1.7367771140862816e-07,3.445815188891568e-05,7.600920324949396e-05,1.8189346062440413e-07,3.5221330002946756e-05,7.778352263098002e-05,1.9039714785149013e-07,3.5991853368017704e-05,7.957818645718846e-05,1.9919541272691623e-07,3.6769688623161504e-05,8.139318894783225e-05,2.082949699644363e-07,3.755480242445994e-05,8.322852425713447e-05,0.7
1.3669090696044348e-07,3.075360889471726e-05,6.744297073625139e-05,1.435639311113019e-07,3.1479559751727094e-05,6.91154834832986e-05,1.5069282217627073e-07,3.221302291564751e-05,7.080836859349027e-05,1.580838440086845e-07,3.295396494228068e-05,7.252162061427269e-05,1.6574333567093694e-07,3.370235240380625e-05,7.425523402750826e-05,1.7367771140862816e-07,3.445815188891568e-05,7.600920324949396e-05,1.8189346062440413e-07,3.5221330002946756e-05,7.778352263098002e-05,1.9039714785149013e-07,3.5991853368017704e-05,7.957818645718846e-05,1.9919541272691623e-07,3.6769688623161504e-05,8.139318894783225e-05,2.082949699644363e-07,3.755480242445994e-05,8.322852425713447e-05,0.7
1.3669090696044348e-07,3.075360889471726e-05,6.744297073625139e-05,1.435639311113019e-07,3.1479559751727094e-05,6.91154834832986e-05,1.5069282217627073e-07,3.221302291564751e-05,7.080836859349027e-05,1.580838440086845e-07,3.295396494228068e-05,7.252162061427269e-05,1.6574333567093694e-07,3.370235240380625e-05,7.425523402750826e-05,1.7367771140862816e-07,3.445815188891568e-05,7.600920324949396e-05,1.8189346062440413e-07,3.5221330002946756e-05,7.778352263098002e-05,1.9039714785149013e-07,3.5991853368017704e-05,7.957818645718846e-05,1.9919541272691623e-07,3.6769688623161504e-05,8.139318894783225e-05,2.082949699644363e-07,3.755480242445994e-05,8.322852425713447e-05,0.7
1.3669090696044348e-07,3.075360889471726e-05,6.744297073625139e-05,1.435639311113019e-07,3.1479559751727094e-05,6.91154834832986e-05,1.5069282217627073e-07,3.221302291564751e-05,7.080836859349027e-05,1.580838440086845e-07,3.295396494228068e-05,7.252162061427269e-05,1.6574333567093694e-07,3.370235240380625e-05,7.425523402750826e-05,1.7367771140862816e-07,3.445815188891568e-05,7.600920324949396e-05,1.8189346062440413e-07,3.5221330002946756e-05,7.778352263098002e-05,1.9039714785149013e-07,3.5991853368017704e-05,7.957818645718846e-05,1.9919541272691623e-07,3.6769688623161504e-05,8.139318894783225e-05,2.082949699644363e-07,3.755480242445994e-05,8.322852425713447e-05,0.7
1.3669090696044348e-07,3.075360889471726e-05,6.744297073625139e-05,1.435639311113019e-07,3.1479559751727094e-05,6.91154834832986e-05,1.5069282217627073e-07,3.221302291564751e-05,7.080836859349027e-05,1.580838440086845e-07,3.295396494228068e-05,7.252162061427269e-05,1.6574333567093694e-07,3.370235240380625e-05,7.425523402750826e-05,1.7367771140862816e-07,3.445815188891568e-05,7.600920324949396e-05,1.8189346062440413e-07,3.5221330002946756e-05,7.778352263098002e-05,1.9039714785149013e-07,3.5991853368017704e-05,7.957818645718846e-05,1.9919541272691623e-07,3.6769688623161504e-05,8.139318894783225e-05,2.082949699644363e-07,3.755480242445994e-05,8.322852425713447e-05,0.7
1.3669090696044348e-07,3.075360889471726e-05,6.744297073625139e-05,1.435639311113019e-07,3.1479559751727094e-05,6.91154834832986e-05,1.5069282217627073e-07,3.221302291564751e-05,7.080836859349027e-05,1.580838440086845e-07,3.295396494228068e-05,7.252162061427269e-05,1.6574333567093694e-07,3.370235240380625e-05,7.425523402750826e-05,1.7367771140862816e-07,3.445815188891568e-05,7.600920324949396e-05,1.8189346062440413e-07,3.5221330002946756e-05,7.778352263098002e-05,1.9039714785149013e-07,3.5991853368017704e-05,7.957818645718846e-05,1.9919541272691623e-07,3.6769688623161504e-05,8.139318894783225e-05,2.082949699644363e-07,3.755480242445994e-05,8.322852425713447e-05,0.7
1.3669090696044348e-07,3.075360889471726e-05,6.744297073625139e-05,1.435639311113019e-07,3.1479559751727094e-05,6.91154834832986e-05,1.5069282217627073e-07,3.221302291564751e-05,7.080836859349027e-05,1.580838440086845e-07,3.295396494228068e-05,7.252162061427269e-05,1.6574333567093694e-07,3.370235240380625e-05,7.425523402750826e-05,1.7367771140862816e-07,3.445815188891568e-05,7.600920324949396e-05,1.8189346062440413e-07,3.5221330002946756e-05,7.778352263098002e-05,1.9039714785149013e-07,3.5991853368017704e-05,7.957818645718846e-05,1.9919541272691623e-07,3.6769688623161504e-05,8.139318894783225e-05,2.082949699644363e-07,3.755480242445994e-05,8.322852425713447e-05,0.7
1.3669090696044348e-07,3.075360889471726e-05,6.744297073625139e-05,1.435639311113019e-07,3.1479559751727094e-05,6.91154834832986e-05,1.5069282217627073e-07,3.221302291564751e-05,7.080836859349027e-05,1.580838440086845e-07,3.295396494228068e-05,7.252162061427269e-05,1.6574333567093694e-07,3.370235240380625e-05,7.425523402750826e-05,1.7367771140862816e-07,3.445815188891568e-05,7.600920324949396e-05,1.8189346062440413e-07,3.5221330002946756e-05,7.778352263098002e-05,1.9039714785149013e-07,3.5991853368017704e-05,7.957818645718846e-05,1.9919541272691623e-07,3.6769688623161504e-05,8.139318894783225e-05,2.082949699644363e-07,3.755480242445994e-05,8.322852425713447e-05,0.7
1.3669090696044348e-07,3.075360889471726e-05,6.744297073625139e-05,1.435639311113019e-07,3.1479559751727094e-05,6.91154834832986e-05,1.5069282217627073e-07,3.221302291564751e-05,7.080836859349027e-05,1.580838440086845e-07,3.295396494228068e-05,7.252162061427269e-05,1.6574333567093694e-07,3.370235240380625e-05,7.425523402750826e-05,1.7367771140862816e-07,3.445815188891568e-05,7.600920324949396e-05,1.8189346062440413e-07,3.5221330002946756e-05,7.778352263098002e-05,1.9039714785149013e-07,3.5991853368017704e-05,7.957818645718846e-05,1.9919541272691623e-07,3.6769688623161504e-05,8.139318894783225e-05,2.082949699644363e-07,3.755480242445994e-05,8.322852425713447e-05,0.7
1.3669090696044348e-07,3.075360889471726e-05,6.744297073625139e-05,1.435639311113019e-07,3.1479559751727094e-05,6.91154834832986e-05,1.5069282217627073e-07,3.221302291564751e-05,7.080836859349027e-05,1.580838440086845e-07,3.295396494228068e-05,7.252162061427269e-05,1.6574333567093694e-07,3.370235240380625e-05,7.425523402750826e-05,1.7367771140862816e-07,3.445815188891568e-05,7.600920324949396e-05,1.8189346062440413e-07,3.5221330002946756e-05,7.778352263098002e-05,1.9039714785149013e-07,3.5991853368017704e-05,7.957818645718846e-05,1.9919541272691623e-07,3.6769688623161504e-05,8.139318894783225e-05,2.082949699644363e-07,3.755480242445994e-05,8.322852425713447e-05,0.7
1.3669090696044348e-07,3.075360889471726e-05,6.744297073625139e-05,1.435639311113019e-07,3.1479559751727094e-05,6.91154834832986e-05,1.5069282217627073e-07,3.221302291564751e-05,7.080836859349027e-05,1.580838440086845e-07,3.295396494228068e-05,7.252162061427269e-05,1.6574333567093694e-07,3.370235240380625e-05,7.425523402750826e-05,1.7367771140862816e-07,3.445815188891568e-05,7.600920324949396e-05,1.8189346062440413e-07,3.5221330002946756e-05,7.778352263098002e-05,1.9039714785149013e-07,3.5991853368017704e-05,7.957818645718846e-05,1.9919541272691623e-07,3.6769688623161504e-05,8.139318894783225e-05,2.082949699644363e-07,3.755480242445994e-05,8.322852425713447e-05,0.7
1.3669090696044348e-07,3.075360889471726e-05,6.744297073625139e-05,1.435639311113019e-07,3.1479559751727094e-05,6.91154834832986e-05,1.5069282217627073e-07,3.221302291564751e-05,7.080836859349027e-05,1.580838440086845e-07,3.295396494228068e-05,7.252162061427269e-05,1.6574333567093694e-07,3.370235240380625e-05,7.425523402750826e-05,1.7367771140862816e-07,3.445815188891568e-05,7.600920324949396e-05,1.8189346062440413e-07,3.5221330002946756e-05,7.778352263098002e-05,1.9039714785149013e-07,3.5991853368017704e-05,7.957818645718846e-05,1.9919541272691623e-07,3.6769688623161504e-05,8.139318894783225e-05,2.082949699644363e-07,3.755480242445994e-05,8.322852425713447e-05,0.7
1.3669090696044348e-07,3.075360889471726e-05,6.744297073625139e-05,1.435639311113019e-07,3.1479559751727094e-05,6.91154834832986e-05,1.5069282217627073e-07,3.221302291564751e-05,7.080836859349027e-05,1.580838440086845e-07,3.295396494228068e-05,7.252162061427269e-05,1.6574333567093694e-07,3.370235240380625e-05,7.425523402750826e-05,1.7367771140862816e-07,3.445815188891568e-05,7.600920324949396e-05,1.8189346062440413e-07,3.5221330002946756e-05,7.778352263098002e-05,1.9039714785149013e-07,3.5991853368017704e-05,7.957818645718846e-05,1.9919541272691623e-07,3.6769688623161504e-05,8.139318894783225e-05,2.082949699644363e-07,3.755480242445994e-05,8.322852425713447e-05,0.7
1.3669090696044348e-07,3.075360889471726e-05,6.744297073625139e-05,1.435639311113019e-07,3.1479559751727094e-05,6.91154834832986e-05,1.5069282217627073e-07,3.221302291564751e-05,7.080836859349027e-05,1.580838440086845e-07,3.295396494228068e-05,7.252162061427269e-05,1.6574333567093694e-07,3.370235240380625e-05,7.425523402750826e-05,1.7367771140862816e-07,3.445815188891568e-05,7.600920324949396e-05,1.8189346062440413e-07,3.5221330002946756e-05,7.778352263098002e-05,1.9039714785149013e-07,3.5991853368017704e-05,7.957818645718846e-05,1.9919541272691623e-07,3.6769688623161504e-05,8.139318894783225e-05,2.082949699644363e-07,3.755480242445994e-05,8.322852425713447e-05,0.7
1.3669090696044348e-07,3.075360889471726e-05,6.744297073625139e-05,1.435639311113019e-07,3.1479559751727094e-05,6.91154834832986e-05,1.5069282217627073e-07,3.221302291564751e-05,7.080836859349027e-05,1.580838440086845e-07,3.295396494228068e-05,7.252162061427269e-05,1.6574333567093694e-07,3.370235240380625e-05,7.425523402750826e-05,1.7367771140862816e-07,3.445815188891568e-05,7.600920324949396e-05,1.8189346062440413e-07,3.5221330002946756e-05,7.778352263098002e-05,1.9039714785149013e-07,3.5991853368017704e-05,7.957818645718846e-05,1.9919541272691623e-07,3.6769688623161504e-05,8.139318894783225e-05,2.082949699644363e-07,3.755480242445994e-05,8.322852425713447e-05,0.7
1.3669090696044348e-07,3.075360889471726e-05,6.744297073625139e-05,1.435639311113019e-07,3.1479559751727094e-05,6.91154834832986e-05,1.5069282217627073e-07,3.221302291564751e-05,7.080836859349027e-05,1.580838440086845e-07,3.295396494228068e-05,7.252162061427269e-05,1.6574333567093694e-07,3.370235240380625e-05,7.425523402750826e-05,1.7367771140862816e-07,3.445815188891568e-05,7.600920324949396e-05,1.8189346062440413e-07,3.5221330002946756e-05,7.778352263098002e-05,1.9039714785149013e-07,3.5991853368017704e-05,7.957818645718846e-05,1.9919541272691623e-07,3.6769688623161504e-05,8.139318894783225e-05,2.082949699644363e-07,3.755480242445994e-05,8.322852425713447e-05,0.7
1.3669090696044348e-07,3.075360889471726e-05,6.744297073625139e-05,1.435639311113019e-07,3.1479559751727094e-05,6.91154834832986e-05,1.5069282217627073e-07,3.221302291564751e-05,7.080836859349027e-05,1.580838440086845e-07,3.295396494228068e-05,7.252162061427269e-05,1.6574333567093694e-07,3.370235240380625e-05,7.425523402750826e-05,1.7367771140862816e-07,3.445815188891568e-05,7.600920324949396e-05,1.8189346062440413e-07,3.5221330002946756e-05,7.778352263098002e-05,1.9039714785149013e-07,3.5991853368017704e-05,7.957818645718846e-05,1.9919541272691623e-07,3.6769688623161504e-05,8.139318894783225e-05,2.082949699644363e-07,3.755480242445994e-05,8.322852425713447e-05,0.7
1.3669090696044348e-07,3.075360889471726e-05,6.744297073625139e-05,1.435639311113019e-07,3.1479559751727094e-05,6.91154834832986e-05,1.5069282217627073e-07,3.221302291564751e-05,7.080836859349027e-05,1.580838440086845e-07,3.295396494228068e-05,7.252162061427269e-05,1.6574333567093694e-07,3.370235240380625e-05,7.425523402750826e-05,1.7367771140862816e-07,3.445815188891568e-05,7.600920324949396e-05,1.8189346062440413e-07,3.5221330002946756e-05,7.778352263098002e-05,1.9039714785149013e-07,3.5991853368017704e-05,7.957818645718846e-05,1.9919541272691623e-07,3.6769688623161504e-05,8.139318894783225e-05,2.082949699644363e-07,3.755480242445994e-05,8.322852425713447e-05,0.7
1.3669090696044348e-07,3.075360889471726e-05,6.744297073625139e-05,1.435639311113019e-07,3.1479559751727094e-05,6.91154834832986e-05,1.5069282217627073e-07,3.221302291564751e-05,7.080836859349027e-05,1.580838440086845e-07,3.295396494228068e-05,7.252162061427269e-05,1.6574333567093694e-07,3.370235240380625e-05,7.425523402750826e-05,1.7367771140862816e-07,3.445815188891568e-05,7.600920324949396e-05,1.8189346062440413e-07,3.5221330002946756e-05,7.778352263098002e-05,1.9039714785149013e-07,3.5991853368017704e-05,7.957818645718846e-05,1.9919541272691623e-07,3.6769688623161504e-05,8.139318894783225e-05,2.082949699644363e-07,3.755480242445994e-05,8.322852425713447e-05,0.7
1.3669090696044348e-07,3.075360889471726e-05,6.744297073625139e-05,1.435639311113019e-07,3.1479559751727094e-05,6.91154834832986e-05,1.5069282217627073e-07,3.221302291564751e-05,7.080836859349027e-05,1.580838440086845e-07,3.295396494228068e-05,7.252162061427269e-05,1.6574333567093694e-07,3.370235240380625e-05,7.425523402750826e-05,1.7367771140862816e-07,3.445815188891568e-05,7.600920324949396e-05,1.8189346062440413e-07,3.5221330002946756e-05,7.778352263098002e-05,1.9039714785149013e-07,3.5991853368017704e-05,7.957818645718846e-05,1.9919541272691623e-07,3.6769688623161504e-05,8.139318894783225e-05,2.082949699644363e-07,3.755480242445994e-05,8.322852425713447e-05,0.7
1.3669090696044348e-07,3.075360889471726e-05,6.744297073625139e-05,1.435639311113019e-07,3.1479559751727094e-05,6.91154834832986e-05,1.5069282217627073e-07,3.221302291564751e-05,7.080836859349027e-05,1.580838440086845e-07,3.295396494228068e-05,7.252162061427269e-05,1.6574333567093694e-07,3.370235240380625e-05,7.425523402750826e-05,1.7367771140862816e-07,3.445815188891568e-05,7.600920324949396e-05,1.8189346062440413e-07,3.5221330002946756e-05,7.778352263098002e-05,1.9039714785149013e-07,3.5991853368017704e-05,7.957818645718846e-05,1.9919541272691623e-07,3.6769688623161504e-05,8.139318894783225e-05,2.082949699644363e-07,3.755480242445994e-05,8.322852425713447e-05,0.7
1.3669090696044348e-07,3.075360889471726e-05,6.744297073625139e-05,1.435639311113019e-07,3.1479559751727094e-05,6.91154834832986e-05,1.5069282217627073e-07,3.221302291564751e-05,7.080836859349027e-05,1.580838440086845e-07,3.295396494228068e-05,7.252162061427269e-05,1.6574333567093694e-07,3.370235240380625e-05,7.425523402750826e-05,1.7367771140862816e-07,3.445815188891568e-05,7.600920324949396e-05,1.8189346062440413e-07,3.5221330002946756e-05,7.778352263098002e-05,1.9039714785149013e-07,3.5991853368017704e-05,7.957818645718846e-05,1.9919541272691623e-07,3.6769688623161504e-05,8.139318894783225e-05,2.082949699644363e-07,3.755480242445994e-05,8.322852425713447e-05,0.7
1.3669090696044348e-07,3.075360889471726e-05,6.744297073625139e-05,1.435639311113019e-07,3.1479559751727094e-05,6.91154834832986e-05,1.5069282217627073e-07,3.221302291564751e-05,7.080836859349027e-05,1.580838440086845e-07,3.295396494228068e-05,7.252162061427269e-05,1.6574333567093694e-07,3.370235240380625e-05,7.425523402750826e-05,1.7367771140862816e-07,3.445815188891568e-05,7.600920324949396e-05,1.8189346062440413e-07,3.5221330002946756e-05,7.778352263098002e-05,1.9039714785149013e-07,3.5991853368017704e-05,7.957818645718846e-05,1.9919541272691623e-07,3.6769688623161504e-05,8.139318894783225e-05,2.082949699644363e-07,3.755480242445994e-05,8.322852425713447e-05,0.7
1.3669090696044348e-07,3.075360889471726e-05,6.744297073625139e-05,1.435639311113019e-07,3.1479559751727094e-05,6.91154834832986e-05,1.5069282217627073e-07,3.221302291564751e-05,7.080836859349027e-05,1.580838440086845e-07,3.295396494228068e-05,7.252162061427269e-05,1.6574333567093694e-07,3.370235240380625e-05,7.425523402750826e-05,1.7367771140862816e-07,3.445815188891568e-05,7.600920324949396e-05,1.8189346062440413e-07,3.5221330002946756e-05,7.778352263098002e-05,1.9039714785149013e-07,3.5991853368017704e-05,7.957818645718846e-05,1.9919541272691623e-07,3.6769688623161504e-05,8.139318894783225e-05,2.082949699644363e-07,3.755480242445994e-05,8.322852425713447e-05,0.7
1.3669090696044348e-07,3.075360889471726e-05,6.744297073625139e-05,1.435639311113019e-07,3.1479559751727094e-05,6.91154834832986e-05,1.5069282217627073e-07,3.221302291564751e-05,7.080836859349027e-05,1.580838440086845e-07,3.295396494228068e-05,7.252162061427269e-05,1.6574333567093694e-07,3.370235240380625e-05,7.425523402750826e-05,1.7367771140862816e-07,3.445815188891568e-05,7.600920324949396e-05,1.8189346062440413e-07,3.5221330002946756e-05,7.778352263098002e-05,1.9039714785149013e-07,3.5991853368017704e-05,7.957818645718846e-05,1.9919541272691623e-07,3.6769688623161504e-05,8.139318894783225e-05,2.082949699644363e-07,3.755480242445994e-05,8.322852425713447e-05,0.7
1.3669090696044348e-07,3.075360889471726e-05,6.744297073625139e-05,1.435639311113019e-07,3.1479559751727094e-05,6.91154834832986e-05,1.5069282217627073e-07,3.221302291564751e-05,7.080836859349027e-05,1.580838440086845e-07,3.295396494228068e-05,7.252162061427269e-05,1.6574333567093694e-07,3.370235240380625e-05,7.425523402750826e-05,1.7367771140862816e-07,3.445815188891568e-05,7.600920324949396e-05,1.8189346062440413e-07,3.5221330002946756e-05,7.778352263098002e-05,1.9039714785149013e-07,3.5991853368017704e-05,7.957818645718846e-05,1.9919541272691623e-07,3.6769688623161504e-05,8.139318894783225e-05,2.082949699644363e-07,3.755480242445994e-05,8.322852425713447e-05,0.7
1.3669090696044348e-07,3.075360889471726e-05,6.744297073625139e-05,1.435639311113019e-07,3.1479559751727094e-05,6.91154834832986e-05,1.5069282217627073e-07,3.221302291564751e-05,7.080836859349027e-05,1.580838440086845e-07,3.295396494228068e-05,7.252162061427269e-05,1.6574333567093694e-07,3.370235240380625e-05,7.425523402750826e-05,1.7367771140862816e-07,3.445815188891568e-05,7.600920324949396e-05,1.8189346062440413e-07,3.5221330002946756e-05,7.778352263098002e-05,1.9039714785149013e-07,3.5991853368017704e-05,7.957818645718846e-05,1.9919541272691623e-07,3.6769688623161504e-05,8.139318894783225e-05,2.082949699644363e-07,3.755480242445994e-05,8.322852425713447e-05,0.7
1.3669090696044348e-07,3.075360889471726e-05,6.744297073625139e-05,1.435639311113019e-07,3.1479559751727094e-05,6.91154834832986e-05,1.5069282217627073e-07,3.221302291564751e-05,7.080836859349027e-05,1.580838440086845e-07,3.295396494228068e-05,7.252162061427269e-05,1.6574333567093694e-07,3.370235240380625e-05,7.425523402750826e-05,1.7367771140862816e-07,3.445815188891568e-05,7.600920324949396e-05,1.8189346062440413e-07,3.5221330002946756e-05,7.778352263098002e-05,1.9039714785149013e-07,3.5991853368017704e-05,7.957818645718846e-05,1.9919541272691623e-07,3.6769688623161504e-05,8.139318894783225e-05,2.082949699644363e-07,3.755480242445994e-05,8.322852425713447e-05,0.7
1.3669090696044348e-07,3.075360889471726e-05,6.744297073625139e-05,1.435639311113019e-07,3.1479559751727094e-05,6.91154834832986e-05,1.5069282217627073e-07,3.221302291564751e-05,7.080836859349027e-05,1.580838440086845e-07,3.295396494228068e-05,7.252162061427269e-05,1.6574333567093694e-07,3.370235240380625e-05,7.425523402750826e-05,1.7367771140862816e-07,3.445815188891568e-05,7.600920324949396e-05,1.8189346062440413e-07,3.5221330002946756e-05,7.778352263098002e-05,1.9039714785149013e-07,3.5991853368017704e-05,7.957818645718846e-05,1.9919541272691623e-07,3.6769688623161504e-05,8.139318894783225e-05,2.082949699644363e-07,3.755480242445994e-05,8.322852425713447e-05,0.7
1.3669090696044348e-07,3.075360889471726e-05,6.744297073625139e-05,1.435639311113019e-07,3.1479559751727094e-05,6.91154834832986e-05,1.5069282217627073e-07,3.221302291564751e-05,7.080836859349027e-05,1.580838440086845e-07,3.295396494228068e-05,7.252162061427269e-05,1.6574333567093694e-07,3.370235240380625e-05,7.425523402750826e-05,1.7367771140862816e-07,3.445815188891568e-05,7.600920324949396e-05,1.8189346062440413e-07,3.5221330002946756e-05,7.778352263098002e-05,1.9039714785149013e-07,3.5991853368017704e-05,7.957818645718846e-05,1.9919541272691623e-07,3.6769688623161504e-05,8.139318894783225e-05,2.082949699644363e-07,3.755480242445994e-05,8.322852425713447e-05,0.7
1.3669090696044348e-07,3.075360889471726e-05,6.744297073625139e-05,1.435639311113019e-07,3.1479559751727094e-05,6.91154834832986e-05,1.5069282217627073e-07,3.221302291564751e-05,7.080836859349027e-05,1.580838440086845e-07,3.295396494228068e-05,7.252162061427269e-05,1.6574333567093694e-07,3.370235240380625e-05,7.425523402750826e-05,1.7367771140862816e-07,3.445815188891568e-05,7.600920324949396e-05,1.8189346062440413e-07,3.5221330002946756e-05,7.778352263098002e-05,1.9039714785149013e-07,3.5991853368017704e-05,7.957818645718846e-05,1.9919541272691623e-07,3.6769688623161504e-05,8.139318894783225e-05,2.082949699644363e-07,3.755480242445994e-05,8.322852425713447e-05,0.7
1.3669090696044348e-07,3.075360889471726e-05,6.744297073625139e-05,1.435639311113019e-07,3.1479559751727094e-05,6.91154834832986e-05,1.5069282217627073e-07,3.221302291564751e-05,7.080836859349027e-05,1.580838440086845e-07,3.295396494228068e-05,7.252162061427269e-05,1.6574333567093694e-07,3.370235240380625e-05,7.425523402750826e-05,1.7367771140862816e-07,3.445815188891568e-05,7.600920324949396e-05,1.8189346062440413e-07,3.5221330002946756e-05,7.778352263098002e-05,1.9039714785149013e-07,3.5991853368017704e-05,7.957818645718846e-05,1.9919541272691623e-07,3.6769688623161504e-05,8.139318894783225e-05,2.082949699644363e-07,3.755480242445994e-05,8.322852425713447e-05,0.7
1.3669090696044348e-07,3.075360889471726e-05,6.744297073625139e-05,1.435639311113019e-07,3.1479559751727094e-05,6.91154834832986e-05,1.5069282217627073e-07,3.221302291564751e-05,7.080836859349027e-05,1.580838440086845e-07,3.295396494228068e-05,7.252162061427269e-05,1.6574333567093694e-07,3.370235240380625e-05,7.425523402750826e-05,1.7367771140862816e-07,3.445815188891568e-05,7.600920324949396e-05,1.8189346062440413e-07,3.5221330002946756e-05,7.778352263098002e-05,1.9039714785149013e-07,3.5991853368017704e-05,7.957818645718846e-05,1.9919541272691623e-07,3.6769688623161504e-05,8.139318894783225e-05,2.082949699644363e-07,3.755480242445994e-05,8.322852425713447e-05,0.7
1.3669090696044348e-07,3.075360889471726e-05,6.744297073625139e-05,1.435639311113019e-07,3.1479559751727094e-05,6.91154834832986e-05,1.5069282217627073e-07,3.221302291564751e-05,7.080836859349027e-05,1.580838440086845e-07,3.295396494228068e-05,7.252162061427269e-05,1.6574333567093694e-07,3.370235240380625e-05,7.425523402750826e-05,1.7367771140862816e-07,3.445815188891568e-05,7.600920324949396e-05,1.8189346062440413e-07,3.5221330002946756e-05,7.778352263098002e-05,1.9039714785149013e-07,3.5991853368017704e-05,7.957818645718846e-05,1.9919541272691623e-07,3.6769688623161504e-05,8.139318894783225e-05,2.082949699644363e-07,3.755480242445994e-05,8.322852425713447e-05,0.7
1.3669090696044348e-07,3.075360889471726e-05,6.744297073625139e-05,1.435639311113019e-07,3.1479559751727094e-05,6.91154834832986e-05,1.5069282217627073e-07,3.221302291564751e-05,7.080836859349027e-05,1.580838440086845e-07,3.295396494228068e-05,7.252162061427269e-05,1.6574333567093694e-07,3.370235240380625e-05,7.425523402750826e-05,1.7367771140862816e-07,3.445815188891568e-05,7.600920324949396e-05,1.8189346062440413e-07,3.5221330002946756e-05,7.778352263098002e-05,1.9039714785149013e-07,3.5991853368017704e-05,7.957818645718846e-05,1.9919541272691623e-07,3.6769688623161504e-05,8.139318894783225e-05,2.082949699644363e-07,3.755480242445994e-05,8.322852425713447e-05,0.7
1.3669090696044348e-07,3.075360889471726e-05,6.744297073625139e-05,1.435639311113019e-07,3.1479559751727094e-05,6.91154834832986e-05,1.5069282217627073e-07,3.221302291564751e-05,7.080836859349027e-05,1.580838440086845e-07,3.295396494228068e-05,7.252162061427269e-05,1.6574333567093694e-07,3.370235240380625e-05,7.425523402750826e-05,1.7367771140862816e-07,3.445815188891568e-05,7.600920324949396e-05,1.8189346062440413e-07,3.5221330002946756e-05,7.778352263098002e-05,1.9039714785149013e-07,3.5991853368017704e-05,7.957818645718846e-05,1.9919541272691623e-07,3.6769688623161504e-05,8.139318894783225e-05,2.082949699644363e-07,3.755480242445994e-05,8.322852425713447e-05,0.7
1.3669090696044348e-07,3.075360889471726e-05,6.744297073625139e-05,1.435639311113019e-07,3.1479559751727094e-05,6.91154834832986e-05,1.5069282217627073e-07,3.221302291564751e-05,7.080836859349027e-05,1.580838440086845e-07,3.295396494228068e-05,7.252162061427269e-05,1.6574333567093694e-07,3.370235240380625e-05,7.425523402750826e-05,1.7367771140862816e-07,3.445815188891568e-05,7.600920324949396e-05,1.8189346062440413e-07,3.5221330002946756e-05,7.778352263098002e-05,1.9039714785149013e-07,3.5991853368017704e-05,7.957818645718846e-05,1.9919541272691623e-07,3.6769688623161504e-05,8.139318894783225e-05,2.082949699644363e-07,3.755480242445994e-05,8.322852425713447e-05,0.7
1.3669090696044348e-07,3.075360889471726e-05,6.744297073625139e-05,1.435639311113019e-07,3.1479559751727094e-05,6.91154834832986e-05,1.5069282217627073e-07,3.221302291564751e-05,7.080836859349027e-05,1.580838440086845e-07,3.295396494228068e-05,7.252162061427269e-05,1.6574333567093694e-07,3.370235240380625e-05,7.425523402750826e-05,1.7367771140862816e-07,3.445815188891568e-05,7.600920324949396e-05,1.8189346062440413e-07,3.5221330002946756e-05,7.778352263098002e-05,1.9039714785149013e-07,3.5991853368017704e-05,7.957818645718846e-05,1.9919541272691623e-07,3.6769688623161504e-05,8.139318894783225e-05,2.082949699644363e-07,3.755480242445994e-05,8.322852425713447e-05,0.7
1.3669090696044348e-07,3.075360889471726e-05,6.744297073625139e-05,1.435639311113019e-07,3.1479559751727094e-05,6.91154834832986e-05,1.5069282217627073e-07,3.221302291564751e-05,7.080836859349027e-05,1.580838440086845e-07,3.295396494228068e-05,7.252162061427269e-05,1.6574333567093694e-07,3.370235240380625e-05,7.425523402750826e-05,1.7367771140862816e-07,3.445815188891568e-05,7.600920324949396e-05,1.8189346062440413e-07,3.5221330002946756e-05,7.778352263098002e-05,1.9039714785149013e-07,3.5991853368017704e-05,7.957818645718846e-05,1.9919541272691623e-07,3.6769688623161504e-05,8.139318894783225e-05,2.082949699644363e-07,3.755480242445994e-05,8.322852425713447e-05,0.7
1.3669090696044348e-07,3.075360889471726e-05,6.744297073625139e-05,1.435639311113019e-07,3.1479559751727094e-05,6.91154834832986e-05,1.5069282217627073e-07,3.221302291564751e-05,7.080836859349027e-05,1.580838440086845e-07,3.295396494228068e-05,7.252162061427269e-05,1.6574333567093694e-07,3.370235240380625e-05,7.425523402750826e-05,1.7367771140862816e-07,3.445815188891568e-05,7.600920324949396e-05,1.8189346062440413e-07,3.5221330002946756e-05,7.778352263098002e-05,1.9039714785149013e-07,3.5991853368017704e-05,7.957818645718846e-05,1.9919541272691623e-07,3.6769688623161504e-05,8.139318894783225e-05,2.082949699644363e-07,3.755480242445994e-05,8.322852425713447e-05,0.7
1.3669090696044348e-07,3.075360889471726e-05,6.744297073625139e-05,1.435639311113019e-07,3.1479559751727094e-05,6.91154834832986e-05,1.5069282217627073e-07,3.221302291564751e-05,7.080836859349027e-05,1.580838440086845e-07,3.295396494228068e-05,7.252162061427269e-05,1.6574333567093694e-07,3.370235240380625e-05,7.425523402750826e-05,1.7367771140862816e-07,3.445815188891568e-05,7.600920324949396e-05,1.8189346062440413e-07,3.5221330002946756e-05,7.778352263098002e-05,1.9039714785149013e-07,3.5991853368017704e-05,7.957818645718846e-05,1.9919541272691623e-07,3.6769688623161504e-05,8.139318894783225e-05,2.082949699644363e-07,3.755480242445994e-05,8.322852425713447e-05,0.7
1.3669090696044348e-07,3.075360889471726e-05,6.744297073625139e-05,1.435639311113019e-07,3.1479559751727094e-05,6.91154834832986e-05,1.5069282217627073e-07,3.221302291564751e-05,7.080836859349027e-05,1.580838440086845e-07,3.295396494228068e-05,7.252162061427269e-05,1.6574333567093694e-07,3.370235240380625e-05,7.425523402750826e-05,1.7367771140862816e-07,3.445815188891568e-05,7.600920324949396e-05,1.8189346062440413e-07,3.5221330002946756e-05,7.778352263098002e-05,1.9039714785149013e-07,3.5991853368017704e-05,7.957818645718846e-05,1.9919541272691623e-07,3.6769688623161504e-05,8.139318894783225e-05,2.082949699644363e-07,3.755480242445994e-05,8.322852425713447e-05,0.7
1.3669090696044348e-07,3.075360889471726e-05,6.744297073625139e-05,1.435639311113019e-07,3.1479559751727094e-05,6.91154834832986e-05,1.5069282217627073e-07,3.221302291564751e-05,7.080836859349027e-05,1.580838440086845e-07,3.295396494228068e-05,7.252162061427269e-05,1.6574333567093694e-07,3.370235240380625e-05,7.425523402750826e-05,1.7367771140862816e-07,3.445815188891568e-05,7.600920324949396e-05,1.8189346062440413e-07,3.5221330002946756e-05,7.778352263098002e-05,1.9039714785149013e-07,3.5991853368017704e-05,7.957818645718846e-05,1.9919541272691623e-07,3.6769688623161504e-05,8.139318894783225e-05,2.082949699644363e-07,3.755480242445994e-05,8.322852425713447e-05,0.7
1.3669090696044348e-07,3.075360889471726e-05,6.744297073625139e-05,1.435639311113019e-07,3.1479559751727094e-05,6.91154834832986e-05,1.5069282217627073e-07,3.221302291564751e-05,7.080836859349027e-05,1.580838440086845e-07,3.295396494228068e-05,7.252162061427269e-05,1.6574333567093694e-07,3.370235240380625e-05,7.425523402750826e-05,1.7367771140862816e-07,3.445815188891568e-05,7.600920324949396e-05,1.8189346062440413e-07,3.5221330002946756e-05,7.778352263098002e-05,1.9039714785149013e-07,3.5991853368017704e-05,7.957818645718846e-05,1.9919541272691623e-07,3.6769688623161504e-05,8.139318894783225e-05,2.082949699644363e-07,3.755480242445994e-05,8.322852425713447e-05,0.7
1.3669090696044348e-07,3.075360889471726e-05,6.744297073625139e-05,1.435639311113019e-07,3.1479559751727094e-05,6.91154834832986e-05,1.5069282217627073e-07,3.221302291564751e-05,7.080836859349027e-05,1.580838440086845e-07,3.295396494228068e-05,7.252162061427269e-05,1.6574333567093694e-07,3.370235240380625e-05,7.425523402750826e-05,1.7367771140862816e-07,3.445815188891568e-05,7.600920324949396e-05,1.8189346062440413e-07,3.5221330002946756e-05,7.778352263098002e-05,1.9039714785149013e-07,3.5991853368017704e-05,7.957818645718846e-05,1.9919541272691623e-07,3.6769688623161504e-05,8.139318894783225e-05,2.082949699644363e-07,3.755480242445994e-05,8.322852425713447e-05,0.7
1.3669090696044348e-07,3.075360889471726e-05,6.744297073625139e-05,1.435639311113019e-07,3.1479559751727094e-05,6.91154834832986e-05,1.5069282217627073e-07,3.221302291564751e-05,7.080836859349027e-05,1.580838440086845e-07,3.295396494228068e-05,7.252162061427269e-05,1.6574333567093694e-07,3.370235240380625e-05,7.425523402750826e-05,1.7367771140862816e-07,3.445815188891568e-05,7.600920324949396e-05,1.8189346062440413e-07,3.5221330002946756e-05,7.778352263098002e-05,1.9039714785149013e-07,3.5991853368017704e-05,7.957818645718846e-05,1.9919541272691623e-07,3.6769688623161504e-05,8.139318894783225e-05,2.082949699644363e-07,3.755480242445994e-05,8.322852425713447e-05,0.7
1.3669090696044348e-07,3.075360889471726e-05,6.744297073625139e-05,1.435639311113019e-07,3.1479559751727094e-05,6.91154834832986e-05,1.5069282217627073e-07,3.221302291564751e-05,7.080836859349027e-05,1.580838440086845e-07,3.295396494228068e-05,7.252162061427269e-05,1.6574333567093694e-07,3.370235240380625e-05,7.425523402750826e-05,1.7367771140862816e-07,3.445815188891568e-05,7.600920324949396e-05,1.8189346062440413e-07,3.5221330002946756e-05,7.778352263098002e-05,1.9039714785149013e-07,3.5991853368017704e-05,7.957818645718846e-05,1.9919541272691623e-07,3.6769688623161504e-05,8.139318894783225e-05,2.082949699644363e-07,3.755480242445994e-05,8.322852425713447e-05,0.7
1.3669090696044348e-07,3.075360889471726e-05,6.744297073625139e-05,1.435639311113019e-07,3.1479559751727094e-05,6.91154834832986e-05,1.5069282217627073e-07,3.221302291564751e-05,7.080836859349027e-05,1.580838440086845e-07,3.295396494228068e-05,7.252162061427269e-05,1.6574333567093694e-07,3.370235240380625e-05,7.425523402750826e-05,1.7367771140862816e-07,3.445815188891568e-05,7.600920324949396e-05,1.8189346062440413e-07,3.5221330002946756e-05,7.778352263098002e-05,1.9039714785149013e-07,3.5991853368017704e-05,7.957818645718846e-05,1.9919541272691623e-07,3.6769688623161504e-05,8.139318894783225e-05,2.082949699644363e-07,3.755480242445994e-05,8.322852425713447e-05,0.7
1.3669090696044348e-07,3.075360889471726e-05,6.744297073625139e-05,1.435639311113019e-07,3.1479559751727094e-05,6.91154834832986e-05,1.5069282217627073e-07,3.221302291564751e-05,7.080836859349027e-05,1.580838440086845e-07,3.295396494228068e-05,7.252162061427269e-05,1.6574333567093694e-07,3.370235240380625e-05,7.425523402750826e-05,1.7367771140862816e-07,3.445815188891568e-05,7.600920324949396e-05,1.8189346062440413e-07,3.5221330002946756e-05,7.778352263098002e-05,1.9039714785149013e-07,3.5991853368017704e-05,7.957818645718846e-05,1.9919541272691623e-07,3.6769688623161504e-05,8.139318894783225e-05,2.082949699644363e-07,3.755480242445994e-05,8.322852425713447e-05,0.7
1.3669090696044348e-07,3.075360889471726e-05,6.744297073625139e-05,1.435639311113019e-07,3.1479559751727094e-05,6.91154834832986e-05,1.5069282217627073e-07,3.221302291564751e-05,7.080836859349027e-05,1.580838440086845e-07,3.295396494228068e-05,7.252162061427269e-05,1.6574333567093694e-07,3.370235240380625e-05,7.425523402750826e-05,1.7367771140862816e-07,3.445815188891568e-05,7.600920324949396e-05,1.8189346062440413e-07,3.5221330002946756e-05,7.778352263098002e-05,1.9039714785149013e-07,3.5991853368017704e-05,7.957818645718846e-05,1.9919541272691623e-07,3.6769688623161504e-05,8.139318894783225e-05,2.082949699644363e-07,3.755480242445994e-05,8.322852425713447e-05,0.7
1.3669090696044348e-07,3.075360889471726e-05,6.744297073625139e-05,1.435639311113019e-07,3.1479559751727094e-05,6.91154834832986e-05,1.5069282217627073e-07,3.221302291564751e-05,7.080836859349027e-05,1.580838440086845e-07,3.295396494228068e-05,7.252162061427269e-05,1.6574333567093694e-07,3.370235240380625e-05,7.425523402750826e-05,1.7367771140862816e-07,3.445815188891568e-05,7.600920324949396e-05,1.8189346062440413e-07,3.5221330002946756e-05,7.778352263098002e-05,1.9039714785149013e-07,3.5991853368017704e-05,7.957818645718846e-05,1.9919541272691623e-07,3.6769688623161504e-05,8.139318894783225e-05,2.082949699644363e-07,3.755480242445994e-05,8.322852425713447e-05,0.7
1.3669090696044348e-07,3.075360889471726e-05,6.744297073625139e-05,1.435639311113019e-07,3.1479559751727094e-05,6.91154834832986e-05,1.5069282217627073e-07,3.221302291564751e-05,7.080836859349027e-05,1.580838440086845e-07,3.295396494228068e-05,7.252162061427269e-05,1.6574333567093694e-07,3.370235240380625e-05,7.425523402750826e-05,1.7367771140862816e-07,3.445815188891568e-05,7.600920324949396e-05,1.8189346062440413e-07,3.5221330002946756e-05,7.778352263098002e-05,1.9039714785149013e-07,3.5991853368017704e-05,7.957818645718846e-05,1.9919541272691623e-07,3.6769688623161504e-05,8.139318894783225e-05,2.082949699644363e-07,3.755480242445994e-05,8.322852425713447e-05,0.7
1.3669090696044348e-07,3.075360889471726e-05,6.744297073625139e-05,1.435639311113019e-07,3.1479559751727094e-05,6.91154834832986e-05,1.5069282217627073e-07,3.221302291564751e-05,7.080836859349027e-05,1.580838440086845e-07,3.295396494228068e-05,7.252162061427269e-05,1.6574333567093694e-07,3.370235240380625e-05,7.425523402750826e-05,1.7367771140862816e-07,3.445815188891568e-05,7.600920324949396e-05,1.8189346062440413e-07,3.5221330002946756e-05,7.778352263098002e-05,1.9039714785149013e-07,3.5991853368017704e-05,7.957818645718846e-05,1.9919541272691623e-07,3.6769688623161504e-05,8.139318894783225e-05,2.082949699644363e-07,3.755480242445994e-05,8.322852425713447e-05,0.7
1.3669090696044348e-07,3.075360889471726e-05,6.744297073625139e-05,1.435639311113019e-07,3.1479559751727094e-05,6.91154834832986e-05,1.5069282217627073e-07,3.221302291564751e-05,7.080836859349027e-05,1.580838440086845e-07,3.295396494228068e-05,7.252162061427269e-05,1.6574333567093694e-07,3.370235240380625e-05,7.425523402750826e-05,1.7367771140862816e-07,3.445815188891568e-05,7.600920324949396e-05,1.8189346062440413e-07,3.5221330002946756e-05,7.778352263098002e-05,1.9039714785149013e-07,3.5991853368017704e-05,7.957818645718846e-05,1.9919541272691623e-07,3.6769688623161504e-05,8.139318894783225e-05,2.082949699644363e-07,3.755480242445994e-05,8.322852425713447e-05,0.7
1.3669090696044348e-07,3.075360889471726e-05,6.744297073625139e-05,1.435639311113019e-07,3.1479559751727094e-05,6.91154834832986e-05,1.5069282217627073e-07,3.221302291564751e-05,7.080836859349027e-05,1.580838440086845e-07,3.295396494228068e-05,7.252162061427269e-05,1.6574333567093694e-07,3.370235240380625e-05,7.425523402750826e-05,1.7367771140862816e-07,3.445815188891568e-05,7.600920324949396e-05,1.8189346062440413e-07,3.5221330002946756e-05,7.778352263098002e-05,1.9039714785149013e-07,3.5991853368017704e-05,7.957818645718846e-05,1.9919541272691623e-07,3.6769688623161504e-05,8.139318894783225e-05,2.082949699644363e-07,3.755480242445994e-05,8.322852425713447e-05,0.7
1.3669090696044348e-07,3.075360889471726e-05,6.744297073625139e-05,1.435639311113019e-07,3.1479559751727094e-05,6.91154834832986e-05,1.5069282217627073e-07,3.221302291564751e-05,7.080836859349027e-05,1.580838440086845e-07,3.295396494228068e-05,7.252162061427269e-05,1.6574333567093694e-07,3.370235240380625e-05,7.425523402750826e-05,1.7367771140862816e-07,3.445815188891568e-05,7.600920324949396e-05,1.8189346062440413e-07,3.5221330002946756e-05,7.778352263098002e-05,1.9039714785149013e-07,3.5991853368017704e-05,7.957818645718846e-05,1.9919541272691623e-07,3.6769688623161504e-05,8.139318894783225e-05,2.082949699644363e-07,3.755480242445994e-05,8.322852425713447e-05,0.7
1.3669090696044348e-07,3.075360889471726e-05,6.744297073625139e-05,1.435639311113019e-07,3.1479559751727094e-05,6.91154834832986e-05,1.5069282217627073e-07,3.221302291564751e-05,7.080836859349027e-05,1.580838440086845e-07,3.295396494228068e-05,7.252162061427269e-05,1.6574333567093694e-07,3.370235240380625e-05,7.425523402750826e-05,1.7367771140862816e-07,3.445815188891568e-05,7.600920324949396e-05,1.8189346062440413e-07,3.5221330002946756e-05,7.778352263098002e-05,1.9039714785149013e-07,3.5991853368017704e-05,7.957818645718846e-05,1.9919541272691623e-07,3.6769688623161504e-05,8.139318894783225e-05,2.082949699644363e-07,3.755480242445994e-05,8.322852425713447e-05,0.7
1.3669090696044348e-07,3.075360889471726e-05,6.744297073625139e-05,1.435639311113019e-07,3.1479559751727094e-05,6.91154834832986e-05,1.5069282217627073e-07,3.221302291564751e-05,7.080836859349027e-05,1.580838440086845e-07,3.295396494228068e-05,7.252162061427269e-05,1.6574333567093694e-07,3.370235240380625e-05,7.425523402750826e-05,1.7367771140862816e-07,3.445815188891568e-05,7.600920324949396e-05,1.8189346062440413e-07,3.5221330002946756e-05,7.778352263098002e-05,1.9039714785149013e-07,3.5991853368017704e-05,7.957818645718846e-05,1.9919541272691623e-07,3.6769688623161504e-05,8.139318894783225e-05,2.082949699644363e-07,3.755480242445994e-05,8.322852425713447e-05,0.7
1.3669090696044348e-07,3.075360889471726e-05,6.744297073625139e-05,1.435639311113019e-07,3.1479559751727094e-05,6.91154834832986e-05,1.5069282217627073e-07,3.221302291564751e-05,7.080836859349027e-05,1.580838440086845e-07,3.295396494228068e-05,7.252162061427269e-05,1.6574333567093694e-07,3.370235240380625e-05,7.425523402750826e-05,1.7367771140862816e-07,3.445815188891568e-05,7.600920324949396e-05,1.8189346062440413e-07,3.5221330002946756e-05,7.778352263098002e-05,1.9039714785149013e-07,3.5991853368017704e-05,7.957818645718846e-05,1.9919541272691623e-07,3.6769688623161504e-05,8.139318894783225e-05,2.082949699644363e-07,3.755480242445994e-05,8.322852425713447e-05,0.7
1.3669090696044348e-07,3.075360889471726e-05,6.744297073625139e-05,1.435639311113019e-07,3.1479559751727094e-05,6.91154834832986e-05,1.5069282217627073e-07,3.221302291564751e-05,7.080836859349027e-05,1.580838440086845e-07,3.295396494228068e-05,7.252162061427269e-05,1.6574333567093694e-07,3.370235240380625e-05,7.425523402750826e-05,1.7367771140862816e-07,3.445815188891568e-05,7.600920324949396e-05,1.8189346062440413e-07,3.5221330002946756e-05,7.778352263098002e-05,1.9039714785149013e-07,3.5991853368017704e-05,7.957818645718846e-05,1.9919541272691623e-07,3.6769688623161504e-05,8.139318894783225e-05,2.082949699644363e-07,3.755480242445994e-05,8.322852425713447e-05,0.7
1.3669090696044348e-07,3.075360889471726e-05,6.744297073625139e-05,1.435639311113019e-07,3.1479559751727094e-05,6.91154834832986e-05,1.5069282217627073e-07,3.221302291564751e-05,7.080836859349027e-05,1.580838440086845e-07,3.295396494228068e-05,7.252162061427269e-05,1.6574333567093694e-07,3.370235240380625e-05,7.425523402750826e-05,1.7367771140862816e-07,3.445815188891568e-05,7.600920324949396e-05,1.8189346062440413e-07,3.5221330002946756e-05,7.778352263098002e-05,1.9039714785149013e-07,3.5991853368017704e-05,7.957818645718846e-05,1.9919541272691623e-07,3.6769688623161504e-05,8.139318894783225e-05,2.082949699644363e-07,3.755480242445994e-05,8.322852425713447e-05,0.7
1.3669090696044348e-07,3.075360889471726e-05,6.744297073625139e-05,1.435639311113019e-07,3.1479559751727094e-05,6.91154834832986e-05,1.5069282217627073e-07,3.221302291564751e-05,7.080836859349027e-05,1.580838440086845e-07,3.295396494228068e-05,7.252162061427269e-05,1.6574333567093694e-07,3.370235240380625e-05,7.425523402750826e-05,1.7367771140862816e-07,3.445815188891568e-05,7.600920324949396e-05,1.8189346062440413e-07,3.5221330002946756e-05,7.778352263098002e-05,1.9039714785149013e-07,3.5991853368017704e-05,7.957818645718846e-05,1.9919541272691623e-07,3.6769688623161504e-05,8.139318894783225e-05,2.082949699644363e-07,3.755480242445994e-05,8.322852425713447e-05,0.7
1.3669090696044348e-07,3.075360889471726e-05,6.744297073625139e-05,1.435639311113019e-07,3.1479559751727094e-05,6.91154834832986e-05,1.5069282217627073e-07,3.221302291564751e-05,7.080836859349027e-05,1.580838440086845e-07,3.295396494228068e-05,7.252162061427269e-05,1.6574333567093694e-07,3.370235240380625e-05,7.425523402750826e-05,1.7367771140862816e-07,3.445815188891568e-05,7.600920324949396e-05,1.8189346062440413e-07,3.5221330002946756e-05,7.778352263098002e-05,1.9039714785149013e-07,3.5991853368017704e-05,7.957818645718846e-05,1.9919541272691623e-07,3.6769688623161504e-05,8.139318894783225e-05,2.082949699644363e-07,3.755480242445994e-05,8.322852425713447e-05,0.7
1.3669090696044348e-07,3.075360889471726e-05,6.744297073625139e-05,1.435639311113019e-07,3.1479559751727094e-05,6.91154834832986e-05,1.5069282217627073e-07,3.221302291564751e-05,7.080836859349027e-05,1.580838440086845e-07,3.295396494228068e-05,7.252162061427269e-05,1.6574333567093694e-07,3.370235240380625e-05,7.425523402750826e-05,1.7367771140862816e-07,3.445815188891568e-05,7.600920324949396e-05,1.8189346062440413e-07,3.5221330002946756e-05,7.778352263098002e-05,1.9039714785149013e-07,3.5991853368017704e-05,7.957818645718846e-05,1.9919541272691623e-07,3.6769688623161504e-05,8.139318894783225e-05,2.082949699644363e-07,3.755480242445994e-05,8.322852425713447e-05,0.7
1.3669090696044348e-07,3.075360889471726e-05,6.744297073625139e-05,1.435639311113019e-07,3.1479559751727094e-05,6.91154834832986e-05,1.5069282217627073e-07,3.221302291564751e-05,7.080836859349027e-05,1.580838440086845e-07,3.295396494228068e-05,7.252162061427269e-05,1.6574333567093694e-07,3.370235240380625e-05,7.425523402750826e-05,1.7367771140862816e-07,3.445815188891568e-05,7.600920324949396e-05,1.8189346062440413e-07,3.5221330002946756e-05,7.778352263098002e-05,1.9039714785149013e-07,3.5991853368017704e-05,7.957818645718846e-05,1.9919541272691623e-07,3.6769688623161504e-05,8.139318894783225e-05,2.082949699644363e-07,3.755480242445994e-05,8.322852425713447e-05,0.7
1.3669090696044348e-07,3.075360889471726e-05,6.744297073625139e-05,1.435639311113019e-07,3.1479559751727094e-05,6.91154834832986e-05,1.5069282217627073e-07,3.221302291564751e-05,7.080836859349027e-05,1.580838440086845e-07,3.295396494228068e-05,7.252162061427269e-05,1.6574333567093694e-07,3.370235240380625e-05,7.425523402750826e-05,1.7367771140862816e-07,3.445815188891568e-05,7.600920324949396e-05,1.8189346062440413e-07,3.5221330002946756e-05,7.778352263098002e-05,1.9039714785149013e-07,3.5991853368017704e-05,7.957818645718846e-05,1.9919541272691623e-07,3.6769688623161504e-05,8.139318894783225e-05,2.082949699644363e-07,3.755480242445994e-05,8.322852425713447e-05,0.7
1.3669090696044348e-07,3.075360889471726e-05,6.744297073625139e-05,1.435639311113019e-07,3.1479559751727094e-05,6.91154834832986e-05,1.5069282217627073e-07,3.221302291564751e-05,7.080836859349027e-05,1.580838440086845e-07,3.295396494228068e-05,7.252162061427269e-05,1.6574333567093694e-07,3.370235240380625e-05,7.425523402750826e-05,1.7367771140862816e-07,3.445815188891568e-05,7.600920324949396e-05,1.8189346062440413e-07,3.5221330002946756e-05,7.778352263098002e-05,1.9039714785149013e-07,3.5991853368017704e-05,7.957818645718846e-05,1.9919541272691623e-07,3.6769688623161504e-05,8.139318894783225e-05,2.082949699644363e-07,3.755480242445994e-05,8.322852425713447e-05,0.7
1.3669090696044348e-07,3.075360889471726e-05,6.744297073625139e-05,1.435639311113019e-07,3.1479559751727094e-05,6.91154834832986e-05,1.5069282217627073e-07,3.221302291564751e-05,7.080836859349027e-05,1.580838440086845e-07,3.295396494228068e-05,7.252162061427269e-05,1.6574333567093694e-07,3.370235240380625e-05,7.425523402750826e-05,1.7367771140862816e-07,3.445815188891568e-05,7.600920324949396e-05,1.8189346062440413e-07,3.5221330002946756e-05,7.778352263098002e-05,1.9039714785149013e-07,3.5991853368017704e-05,7.957818645718846e-05,1.9919541272691623e-07,3.6769688623161504e-05,8.139318894783225e-05,2.082949699644363e-07,3.755480242445994e-05,8.322852425713447e-05,0.7
1.3669090696044348e-07,3.075360889471726e-05,6.744297073625139e-05,1.435639311113019e-07,3.1479559751727094e-05,6.91154834832986e-05,1.5069282217627073e-07,3.221302291564751e-05,7.080836859349027e-05,1.580838440086845e-07,3.295396494228068e-05,7.252162061427269e-05,1.6574333567093694e-07,3.370235240380625e-05,7.425523402750826e-05,1.7367771140862816e-07,3.445815188891568e-05,7.600920324949396e-05,1.8189346062440413e-07,3.5221330002946756e-05,7.778352263098002e-05,1.9039714785149013e-07,3.5991853368017704e-05,7.957818645718846e-05,1.9919541272691623e-07,3.6769688623161504e-05,8.139318894783225e-05,2.082949699644363e-07,3.755480242445994e-05,8.322852425713447e-05,0.7
1.3669090696044348e-07,3.075360889471726e-05,6.744297073625139e-05,1.435639311113019e-07,3.1479559751727094e-05,6.91154834832986e-05,1.5069282217627073e-07,3.221302291564751e-05,7.080836859349027e-05,1.580838440086845e-07,3.295396494228068e-05,7.252162061427269e-05,1.6574333567093694e-07,3.370235240380625e-05,7.425523402750826e-05,1.7367771140862816e-07,3.445815188891568e-05,7.600920324949396e-05,1.8189346062440413e-07,3.5221330002946756e-05,7.778352263098002e-05,1.9039714785149013e-07,3.5991853368017704e-05,7.957818645718846e-05,1.9919541272691623e-07,3.6769688623161504e-05,8.139318894783225e-05,2.082949699644363e-07,3.755480242445994e-05,8.322852425713447e-05,0.7
1.3669090696044348e-07,3.075360889471726e-05,6.744297073625139e-05,1.435639311113019e-07,3.1479559751727094e-05,6.91154834832986e-05,1.5069282217627073e-07,3.221302291564751e-05,7.080836859349027e-05,1.580838440086845e-07,3.295396494228068e-05,7.252162061427269e-05,1.6574333567093694e-07,3.370235240380625e-05,7.425523402750826e-05,1.7367771140862816e-07,3.445815188891568e-05,7.600920324949396e-05,1.8189346062440413e-07,3.5221330002946756e-05,7.778352263098002e-05,1.9039714785149013e-07,3.5991853368017704e-05,7.957818645718846e-05,1.9919541272691623e-07,3.6769688623161504e-05,8.139318894783225e-05,2.082949699644363e-07,3.755480242445994e-05,8.322852425713447e-05,0.7
1.3669090696044348e-07,3.075360889471726e-05,6.744297073625139e-05,1.435639311113019e-07,3.1479559751727094e-05,6.91154834832986e-05,1.5069282217627073e-07,3.221302291564751e-05,7.080836859349027e-05,1.580838440086845e-07,3.295396494228068e-05,7.252162061427269e-05,1.6574333567093694e-07,3.370235240380625e-05,7.425523402750826e-05,1.7367771140862816e-07,3.445815188891568e-05,7.600920324949396e-05,1.8189346062440413e-07,3.5221330002946756e-05,7.778352263098002e-05,1.9039714785149013e-07,3.5991853368017704e-05,7.957818645718846e-05,1.9919541272691623e-07,3.6769688623161504e-05,8.139318894783225e-05,2.082949699644363e-07,3.755480242445994e-05,8.322852425713447e-05,0.7
1.3669090696044348e-07,3.075360889471726e-05,6.744297073625139e-05,1.435639311113019e-07,3.1479559751727094e-05,6.91154834832986e-05,1.5069282217627073e-07,3.221302291564751e-05,7.080836859349027e-05,1.580838440086845e-07,3.295396494228068e-05,7.252162061427269e-05,1.6574333567093694e-07,3.370235240380625e-05,7.425523402750826e-05,1.7367771140862816e-07,3.445815188891568e-05,7.600920324949396e-05,1.8189346062440413e-07,3.5221330002946756e-05,7.778352263098002e-05,1.9039714785149013e-07,3.5991853368017704e-05,7.957818645718846e-05,1.9919541272691623e-07,3.6769688623161504e-05,8.139318894783225e-05,2.082949699644363e-07,3.755480242445994e-05,8.322852425713447e-05,0.7
1.3669090696044348e-07,3.075360889471726e-05,6.744297073625139e-05,1.435639311113019e-07,3.1479559751727094e-05,6.91154834832986e-05,1.5069282217627073e-07,3.221302291564751e-05,7.080836859349027e-05,1.580838440086845e-07,3.295396494228068e-05,7.252162061427269e-05,1.6574333567093694e-07,3.370235240380625e-05,7.425523402750826e-05,1.7367771140862816e-07,3.445815188891568e-05,7.600920324949396e-05,1.8189346062440413e-07,3.5221330002946756e-05,7.778352263098002e-05,1.9039714785149013e-07,3.5991853368017704e-05,7.957818645718846e-05,1.9919541272691623e-07,3.6769688623161504e-05,8.139318894783225e-05,2.082949699644363e-07,3.755480242445994e-05,8.322852425713447e-05,0.7
1.3669090696044348e-07,3.075360889471726e-05,6.744297073625139e-05,1.435639311113019e-07,3.1479559751727094e-05,6.91154834832986e-05,1.5069282217627073e-07,3.221302291564751e-05,7.080836859349027e-05,1.580838440086845e-07,3.295396494228068e-05,7.252162061427269e-05,1.6574333567093694e-07,3.370235240380625e-05,7.425523402750826e-05,1.7367771140862816e-07,3.445815188891568e-05,7.600920324949396e-05,1.8189346062440413e-07,3.5221330002946756e-05,7.778352263098002e-05,1.9039714785149013e-07,3.5991853368017704e-05,7.957818645718846e-05,1.9919541272691623e-07,3.6769688623161504e-05,8.139318894783225e-05,2.082949699644363e-07,3.755480242445994e-05,8.322852425713447e-05,0.7
1.3669090696044348e-07,3.075360889471726e-05,6.744297073625139e-05,1.435639311113019e-07,3.1479559751727094e-05,6.91154834832986e-05,1.5069282217627073e-07,3.221302291564751e-05,7.080836859349027e-05,1.580838440086845e-07,3.295396494228068e-05,7.252162061427269e-05,1.6574333567093694e-07,3.370235240380625e-05,7.425523402750826e-05,1.7367771140862816e-07,3.445815188891568e-05,7.600920324949396e-05,1.8189346062440413e-07,3.5221330002946756e-05,7.778352263098002e-05,1.9039714785149013e-07,3.5991853368017704e-05,7.957818645718846e-05,1.9919541272691623e-07,3.6769688623161504e-05,8.139318894783225e-05,2.082949699644363e-07,3.755480242445994e-05,8.322852425713447e-05,0.7
1.3669090696044348e-07,3.075360889471726e-05,6.744297073625139e-05,1.435639311113019e-07,3.1479559751727094e-05,6.91154834832986e-05,1.5069282217627073e-07,3.221302291564751e-05,7.080836859349027e-05,1.580838440086845e-07,3.295396494228068e-05,7.252162061427269e-05,1.6574333567093694e-07,3.370235240380625e-05,7.425523402750826e-05,1.7367771140862816e-07,3.445815188891568e-05,7.600920324949396e-05,1.8189346062440413e-07,3.5221330002946756e-05,7.778352263098002e-05,1.9039714785149013e-07,3.5991853368017704e-05,7.957818645718846e-05,1.9919541272691623e-07,3.6769688623161504e-05,8.139318894783225e-05,2.082949699644363e-07,3.755480242445994e-05,8.322852425713447e-05,0.7
1.3669090696044348e-07,3.075360889471726e-05,6.744297073625139e-05,1.435639311113019e-07,3.1479559751727094e-05,6.91154834832986e-05,1.5069282217627073e-07,3.221302291564751e-05,7.080836859349027e-05,1.580838440086845e-07,3.295396494228068e-05,7.252162061427269e-05,1.6574333567093694e-07,3.370235240380625e-05,7.425523402750826e-05,1.7367771140862816e-07,3.445815188891568e-05,7.600920324949396e-05,1.8189346062440413e-07,3.5221330002946756e-05,7.778352263098002e-05,1.9039714785149013e-07,3.5991853368017704e-05,7.957818645718846e-05,1.9919541272691623e-07,3.6769688623161504e-05,8.139318894783225e-05,2.082949699644363e-07,3.755480242445994e-05,8.322852425713447e-05,0.7
1.3669090696044348e-07,3.075360889471726e-05,6.744297073625139e-05,1.435639311113019e-07,3.1479559751727094e-05,6.91154834832986e-05,1.5069282217627073e-07,3.221302291564751e-05,7.080836859349027e-05,1.580838440086845e-07,3.295396494228068e-05,7.252162061427269e-05,1.6574333567093694e-07,3.370235240380625e-05,7.425523402750826e-05,1.7367771140862816e-07,3.445815188891568e-05,7.600920324949396e-05,1.8189346062440413e-07,3.5221330002946756e-05,7.778352263098002e-05,1.9039714785149013e-07,3.5991853368017704e-05,7.957818645718846e-05,1.9919541272691623e-07,3.6769688623161504e-05,8.139318894783225e-05,2.082949699644363e-07,3.755480242445994e-05,8.322852425713447e-05,0.7
1.3669090696044348e-07,3.075360889471726e-05,6.744297073625139e-05,1.435639311113019e-07,3.1479559751727094e-05,6.91154834832986e-05,1.5069282217627073e-07,3.221302291564751e-05,7.080836859349027e-05,1.580838440086845e-07,3.295396494228068e-05,7.252162061427269e-05,1.6574333567093694e-07,3.370235240380625e-05,7.425523402750826e-05,1.7367771140862816e-07,3.445815188891568e-05,7.600920324949396e-05,1.8189346062440413e-07,3.5221330002946756e-05,7.778352263098002e-05,1.9039714785149013e-07,3.5991853368017704e-05,7.957818645718846e-05,1.9919541272691623e-07,3.6769688623161504e-05,8.139318894783225e-05,2.082949699644363e-07,3.755480242445994e-05,8.322852425713447e-05,0.7
1.3669090696044348e-07,3.075360889471726e-05,6.744297073625139e-05,1.435639311113019e-07,3.1479559751727094e-05,6.91154834832986e-05,1.5069282217627073e-07,3.221302291564751e-05,7.080836859349027e-05,1.580838440086845e-07,3.295396494228068e-05,7.252162061427269e-05,1.6574333567093694e-07,3.370235240380625e-05,7.425523402750826e-05,1.7367771140862816e-07,3.445815188891568e-05,7.600920324949396e-05,1.8189346062440413e-07,3.5221330002946756e-05,7.778352263098002e-05,1.9039714785149013e-07,3.5991853368017704e-05,7.957818645718846e-05,1.9919541272691623e-07,3.6769688623161504e-05,8.139318894783225e-05,2.082949699644363e-07,3.755480242445994e-05,8.322852425713447e-05,0.7
1.3669090696044348e-07,3.075360889471726e-05,6.744297073625139e-05,1.435639311113019e-07,3.1479559751727094e-05,6.91154834832986e-05,1.5069282217627073e-07,3.221302291564751e-05,7.080836859349027e-05,1.580838440086845e-07,3.295396494228068e-05,7.252162061427269e-05,1.6574333567093694e-07,3.370235240380625e-05,7.425523402750826e-05,1.7367771140862816e-07,3.445815188891568e-05,7.600920324949396e-05,1.8189346062440413e-07,3.5221330002946756e-05,7.778352263098002e-05,1.9039714785149013e-07,3.5991853368017704e-05,7.957818645718846e-05,1.9919541272691623e-07,3.6769688623161504e-05,8.139318894783225e-05,2.082949699644363e-07,3.755480242445994e-05,8.322852425713447e-05,0.7
1.3669090696044348e-07,3.075360889471726e-05,6.744297073625139e-05,1.435639311113019e-07,3.1479559751727094e-05,6.91154834832986e-05,1.5069282217627073e-07,3.221302291564751e-05,7.080836859349027e-05,1.580838440086845e-07,3.295396494228068e-05,7.252162061427269e-05,1.6574333567093694e-07,3.370235240380625e-05,7.425523402750826e-05,1.7367771140862816e-07,3.445815188891568e-05,7.600920324949396e-05,1.8189346062440413e-07,3.5221330002946756e-05,7.778352263098002e-05,1.9039714785149013e-07,3.5991853368017704e-05,7.957818645718846e-05,1.9919541272691623e-07,3.6769688623161504e-05,8.139318894783225e-05,2.082949699644363e-07,3.755480242445994e-05,8.322852425713447e-05,0.7
1.3669090696044348e-07,3.075360889471726e-05,6.744297073625139e-05,1.435639311113019e-07,3.1479559751727094e-05,6.91154834832986e-05,1.5069282217627073e-07,3.221302291564751e-05,7.080836859349027e-05,1.580838440086845e-07,3.295396494228068e-05,7.252162061427269e-05,1.6574333567093694e-07,3.370235240380625e-05,7.425523402750826e-05,1.7367771140862816e-07,3.445815188891568e-05,7.600920324949396e-05,1.8189346062440413e-07,3.5221330002946756e-05,7.778352263098002e-05,1.9039714785149013e-07,3.5991853368017704e-05,7.957818645718846e-05,1.9919541272691623e-07,3.6769688623161504e-05,8.139318894783225e-05,2.082949699644363e-07,3.755480242445994e-05,8.322852425713447e-05,0.7
1.3669090696044348e-07,3.075360889471726e-05,6.744297073625139e-05,1.435639311113019e-07,3.1479559751727094e-05,6.91154834832986e-05,1.5069282217627073e-07,3.221302291564751e-05,7.080836859349027e-05,1.580838440086845e-07,3.295396494228068e-05,7.252162061427269e-05,1.6574333567093694e-07,3.370235240380625e-05,7.425523402750826e-05,1.7367771140862816e-07,3.445815188891568e-05,7.600920324949396e-05,1.8189346062440413e-07,3.5221330002946756e-05,7.778352263098002e-05,1.9039714785149013e-07,3.5991853368017704e-05,7.957818645718846e-05,1.9919541272691623e-07,3.6769688623161504e-05,8.139318894783225e-05,2.082949699644363e-07,3.755480242445994e-05,8.322852425713447e-05,0.7
1.3669090696044348e-07,3.075360889471726e-05,6.744297073625139e-05,1.435639311113019e-07,3.1479559751727094e-05,6.91154834832986e-05,1.5069282217627073e-07,3.221302291564751e-05,7.080836859349027e-05,1.580838440086845e-07,3.295396494228068e-05,7.252162061427269e-05,1.6574333567093694e-07,3.370235240380625e-05,7.425523402750826e-05,1.7367771140862816e-07,3.445815188891568e-05,7.600920324949396e-05,1.8189346062440413e-07,3.5221330002946756e-05,7.778352263098002e-05,1.9039714785149013e-07,3.5991853368017704e-05,7.957818645718846e-05,1.9919541272691623e-07,3.6769688623161504e-05,8.139318894783225e-05,2.082949699644363e-07,3.755480242445994e-05,8.322852425713447e-05,0.7
1.3669090696044348e-07,3.075360889471726e-05,6.744297073625139e-05,1.435639311113019e-07,3.1479559751727094e-05,6.91154834832986e-05,1.5069282217627073e-07,3.221302291564751e-05,7.080836859349027e-05,1.580838440086845e-07,3.295396494228068e-05,7.252162061427269e-05,1.6574333567093694e-07,3.370235240380625e-05,7.425523402750826e-05,1.7367771140862816e-07,3.445815188891568e-05,7.600920324949396e-05,1.8189346062440413e-07,3.5221330002946756e-05,7.778352263098002e-05,1.9039714785149013e-07,3.5991853368017704e-05,7.957818645718846e-05,1.9919541272691623e-07,3.6769688623161504e-05,8.139318894783225e-05,2.082949699644363e-07,3.755480242445994e-05,8.322852425713447e-05,0.7
1.3669090696044348e-07,3.075360889471726e-05,6.744297073625139e-05,1.435639311113019e-07,3.1479559751727094e-05,6.91154834832986e-05,1.5069282217627073e-07,3.221302291564751e-05,7.080836859349027e-05,1.580838440086845e-07,3.295396494228068e-05,7.252162061427269e-05,1.6574333567093694e-07,3.370235240380625e-05,7.425523402750826e-05,1.7367771140862816e-07,3.445815188891568e-05,7.600920324949396e-05,1.8189346062440413e-07,3.5221330002946756e-05,7.778352263098002e-05,1.9039714785149013e-07,3.5991853368017704e-05,7.957818645718846e-05,1.9919541272691623e-07,3.6769688623161504e-05,8.139318894783225e-05,2.082949699644363e-07,3.755480242445994e-05,8.322852425713447e-05,0.7
1.3669090696044348e-07,3.075360889471726e-05,6.744297073625139e-05,1.435639311113019e-07,3.1479559751727094e-05,6.91154834832986e-05,1.5069282217627073e-07,3.221302291564751e-05,7.080836859349027e-05,1.580838440086845e-07,3.295396494228068e-05,7.252162061427269e-05,1.6574333567093694e-07,3.370235240380625e-05,7.425523402750826e-05,1.7367771140862816e-07,3.445815188891568e-05,7.600920324949396e-05,1.8189346062440413e-07,3.5221330002946756e-05,7.778352263098002e-05,1.9039714785149013e-07,3.5991853368017704e-05,7.957818645718846e-05,1.9919541272691623e-07,3.6769688623161504e-05,8.139318894783225e-05,2.082949699644363e-07,3.755480242445994e-05,8.322852425713447e-05,0.7
1.3669090696044348e-07,3.075360889471726e-05,6.744297073625139e-05,1.435639311113019e-07,3.1479559751727094e-05,6.91154834832986e-05,1.5069282217627073e-07,3.221302291564751e-05,7.080836859349027e-05,1.580838440086845e-07,3.295396494228068e-05,7.252162061427269e-05,1.6574333567093694e-07,3.370235240380625e-05,7.425523402750826e-05,1.7367771140862816e-07,3.445815188891568e-05,7.600920324949396e-05,1.8189346062440413e-07,3.5221330002946756e-05,7.778352263098002e-05,1.9039714785149013e-07,3.5991853368017704e-05,7.957818645718846e-05,1.9919541272691623e-07,3.6769688623161504e-05,8.139318894783225e-05,2.082949699644363e-07,3.755480242445994e-05,8.322852425713447e-05,0.7
1.3669090696044348e-07,3.075360889471726e-05,6.744297073625139e-05,1.435639311113019e-07,3.1479559751727094e-05,6.91154834832986e-05,1.5069282217627073e-07,3.221302291564751e-05,7.080836859349027e-05,1.580838440086845e-07,3.295396494228068e-05,7.252162061427269e-05,1.6574333567093694e-07,3.370235240380625e-05,7.425523402750826e-05,1.7367771140862816e-07,3.445815188891568e-05,7.600920324949396e-05,1.8189346062440413e-07,3.5221330002946756e-05,7.778352263098002e-05,1.9039714785149013e-07,3.5991853368017704e-05,7.957818645718846e-05,1.9919541272691623e-07,3.6769688623161504e-05,8.139318894783225e-05,2.082949699644363e-07,3.755480242445994e-05,8.322852425713447e-05,0.7
1.3669090696044348e-07,3.075360889471726e-05,6.744297073625139e-05,1.435639311113019e-07,3.1479559751727094e-05,6.91154834832986e-05,1.5069282217627073e-07,3.221302291564751e-05,7.080836859349027e-05,1.580838440086845e-07,3.295396494228068e-05,7.252162061427269e-05,1.6574333567093694e-07,3.370235240380625e-05,7.425523402750826e-05,1.7367771140862816e-07,3.445815188891568e-05,7.600920324949396e-05,1.8189346062440413e-07,3.5221330002946756e-05,7.778352263098002e-05,1.9039714785149013e-07,3.5991853368017704e-05,7.957818645718846e-05,1.9919541272691623e-07,3.6769688623161504e-05,8.139318894783225e-05,2.082949699644363e-07,3.755480242445994e-05,8.322852425713447e-05,0.7
1.3669090696044348e-07,3.075360889471726e-05,6.744297073625139e-05,1.435639311113019e-07,3.1479559751727094e-05,6.91154834832986e-05,1.5069282217627073e-07,3.221302291564751e-05,7.080836859349027e-05,1.580838440086845e-07,3.295396494228068e-05,7.252162061427269e-05,1.6574333567093694e-07,3.370235240380625e-05,7.425523402750826e-05,1.7367771140862816e-07,3.445815188891568e-05,7.600920324949396e-05,1.8189346062440413e-07,3.5221330002946756e-05,7.778352263098002e-05,1.9039714785149013e-07,3.5991853368017704e-05,7.957818645718846e-05,1.9919541272691623e-07,3.6769688623161504e-05,8.139318894783225e-05,2.082949699644363e-07,3.755480242445994e-05,8.322852425713447e-05,0.7
1.3669090696044348e-07,3.075360889471726e-05,6.744297073625139e-05,1.435639311113019e-07,3.1479559751727094e-05,6.91154834832986e-05,1.5069282217627073e-07,3.221302291564751e-05,7.080836859349027e-05,1.580838440086845e-07,3.295396494228068e-05,7.252162061427269e-05,1.6574333567093694e-07,3.370235240380625e-05,7.425523402750826e-05,1.7367771140862816e-07,3.445815188891568e-05,7.600920324949396e-05,1.8189346062440413e-07,3.5221330002946756e-05,7.778352263098002e-05,1.9039714785149013e-07,3.5991853368017704e-05,7.957818645718846e-05,1.9919541272691623e-07,3.6769688623161504e-05,8.139318894783225e-05,2.082949699644363e-07,3.755480242445994e-05,8.322852425713447e-05,0.7
1.3669090696044348e-07,3.075360889471726e-05,6.744297073625139e-05,1.435639311113019e-07,3.1479559751727094e-05,6.91154834832986e-05,1.5069282217627073e-07,3.221302291564751e-05,7.080836859349027e-05,1.580838440086845e-07,3.295396494228068e-05,7.252162061427269e-05,1.6574333567093694e-07,3.370235240380625e-05,7.425523402750826e-05,1.7367771140862816e-07,3.445815188891568e-05,7.600920324949396e-05,1.8189346062440413e-07,3.5221330002946756e-05,7.778352263098002e-05,1.9039714785149013e-07,3.5991853368017704e-05,7.957818645718846e-05,1.9919541272691623e-07,3.6769688623161504e-05,8.139318894783225e-05,2.082949699644363e-07,3.755480242445994e-05,8.322852425713447e-05,0.7
1.3669090696044348e-07,3.075360889471726e-05,6.744297073625139e-05,1.435639311113019e-07,3.1479559751727094e-05,6.91154834832986e-05,1.5069282217627073e-07,3.221302291564751e-05,7.080836859349027e-05,1.580838440086845e-07,3.295396494228068e-05,7.252162061427269e-05,1.6574333567093694e-07,3.370235240380625e-05,7.425523402750826e-05,1.7367771140862816e-07,3.445815188891568e-05,7.600920324949396e-05,1.8189346062440413e-07,3.5221330002946756e-05,7.778352263098002e-05,1.9039714785149013e-07,3.5991853368017704e-05,7.957818645718846e-05,1.9919541272691623e-07,3.6769688623161504e-05,8.139318894783225e-05,2.082949699644363e-07,3.755480242445994e-05,8.322852425713447e-05,0.7
1.3669090696044348e-07,3.075360889471726e-05,6.744297073625139e-05,1.435639311113019e-07,3.1479559751727094e-05,6.91154834832986e-05,1.5069282217627073e-07,3.221302291564751e-05,7.080836859349027e-05,1.580838440086845e-07,3.295396494228068e-05,7.252162061427269e-05,1.6574333567093694e-07,3.370235240380625e-05,7.425523402750826e-05,1.7367771140862816e-07,3.445815188891568e-05,7.600920324949396e-05,1.8189346062440413e-07,3.5221330002946756e-05,7.778352263098002e-05,1.9039714785149013e-07,3.5991853368017704e-05,7.957818645718846e-05,1.9919541272691623e-07,3.6769688623161504e-05,8.139318894783225e-05,2.082949699644363e-07,3.755480242445994e-05,8.322852425713447e-05,0.7
1.3669090696044348e-07,3.075360889471726e-05,6.744297073625139e-05,1.435639311113019e-07,3.1479559751727094e-05,6.91154834832986e-05,1.5069282217627073e-07,3.221302291564751e-05,7.080836859349027e-05,1.580838440086845e-07,3.295396494228068e-05,7.252162061427269e-05,1.6574333567093694e-07,3.370235240380625e-05,7.425523402750826e-05,1.7367771140862816e-07,3.445815188891568e-05,7.600920324949396e-05,1.8189346062440413e-07,3.5221330002946756e-05,7.778352263098002e-05,1.9039714785149013e-07,3.5991853368017704e-05,7.957818645718846e-05,1.9919541272691623e-07,3.6769688623161504e-05,8.139318894783225e-05,2.082949699644363e-07,3.755480242445994e-05,8.322852425713447e-05,0.7
1.3669090696044348e-07,3.075360889471726e-05,6.744297073625139e-05,1.435639311113019e-07,3.1479559751727094e-05,6.91154834832986e-05,1.5069282217627073e-07,3.221302291564751e-05,7.080836859349027e-05,1.580838440086845e-07,3.295396494228068e-05,7.252162061427269e-05,1.6574333567093694e-07,3.370235240380625e-05,7.425523402750826e-05,1.7367771140862816e-07,3.445815188891568e-05,7.600920324949396e-05,1.8189346062440413e-07,3.5221330002946756e-05,7.778352263098002e-05,1.9039714785149013e-07,3.5991853368017704e-05,7.957818645718846e-05,1.9919541272691623e-07,3.6769688623161504e-05,8.139318894783225e-05,2.082949699644363e-07,3.755480242445994e-05,8.322852425713447e-05,0.7
1.3669090696044348e-07,3.075360889471726e-05,6.744297073625139e-05,1.435639311113019e-07,3.1479559751727094e-05,6.91154834832986e-05,1.5069282217627073e-07,3.221302291564751e-05,7.080836859349027e-05,1.580838440086845e-07,3.295396494228068e-05,7.252162061427269e-05,1.6574333567093694e-07,3.370235240380625e-05,7.425523402750826e-05,1.7367771140862816e-07,3.445815188891568e-05,7.600920324949396e-05,1.8189346062440413e-07,3.5221330002946756e-05,7.778352263098002e-05,1.9039714785149013e-07,3.5991853368017704e-05,7.957818645718846e-05,1.9919541272691623e-07,3.6769688623161504e-05,8.139318894783225e-05,2.082949699644363e-07,3.755480242445994e-05,8.322852425713447e-05,0.7
1.3669090696044348e-07,3.075360889471726e-05,6.744297073625139e-05,1.435639311113019e-07,3.1479559751727094e-05,6.91154834832986e-05,1.5069282217627073e-07,3.221302291564751e-05,7.080836859349027e-05,1.580838440086845e-07,3.295396494228068e-05,7.252162061427269e-05,1.6574333567093694e-07,3.370235240380625e-05,7.425523402750826e-05,1.7367771140862816e-07,3.445815188891568e-05,7.600920324949396e-05,1.8189346062440413e-07,3.5221330002946756e-05,7.778352263098002e-05,1.9039714785149013e-07,3.5991853368017704e-05,7.957818645718846e-05,1.9919541272691623e-07,3.6769688623161504e-05,8.139318894783225e-05,2.082949699644363e-07,3.755480242445994e-05,8.322852425713447e-05,0.7
1.3669090696044348e-07,3.075360889471726e-05,6.744297073625139e-05,1.435639311113019e-07,3.1479559751727094e-05,6.91154834832986e-05,1.5069282217627073e-07,3.221302291564751e-05,7.080836859349027e-05,1.580838440086845e-07,3.295396494228068e-05,7.252162061427269e-05,1.6574333567093694e-07,3.370235240380625e-05,7.425523402750826e-05,1.7367771140862816e-07,3.445815188891568e-05,7.600920324949396e-05,1.8189346062440413e-07,3.5221330002946756e-05,7.778352263098002e-05,1.9039714785149013e-07,3.5991853368017704e-05,7.957818645718846e-05,1.9919541272691623e-07,3.6769688623161504e-05,8.139318894783225e-05,2.082949699644363e-07,3.755480242445994e-05,8.322852425713447e-05,0.7
1.3669090696044348e-07,3.075360889471726e-05,6.744297073625139e-05,1.435639311113019e-07,3.1479559751727094e-05,6.91154834832986e-05,1.5069282217627073e-07,3.221302291564751e-05,7.080836859349027e-05,1.580838440086845e-07,3.295396494228068e-05,7.252162061427269e-05,1.6574333567093694e-07,3.370235240380625e-05,7.425523402750826e-05,1.7367771140862816e-07,3.445815188891568e-05,7.600920324949396e-05,1.8189346062440413e-07,3.5221330002946756e-05,7.778352263098002e-05,1.9039714785149013e-07,3.5991853368017704e-05,7.957818645718846e-05,1.9919541272691623e-07,3.6769688623161504e-05,8.139318894783225e-05,2.082949699644363e-07,3.755480242445994e-05,8.322852425713447e-05,0.7
1.3669090696044348e-07,3.075360889471726e-05,6.744297073625139e-05,1.435639311113019e-07,3.1479559751727094e-05,6.91154834832986e-05,1.5069282217627073e-07,3.221302291564751e-05,7.080836859349027e-05,1.580838440086845e-07,3.295396494228068e-05,7.252162061427269e-05,1.6574333567093694e-07,3.370235240380625e-05,7.425523402750826e-05,1.7367771140862816e-07,3.445815188891568e-05,7.600920324949396e-05,1.8189346062440413e-07,3.5221330002946756e-05,7.778352263098002e-05,1.9039714785149013e-07,3.5991853368017704e-05,7.957818645718846e-05,1.9919541272691623e-07,3.6769688623161504e-05,8.139318894783225e-05,2.082949699644363e-07,3.755480242445994e-05,8.322852425713447e-05,0.7
1.3669090696044348e-07,3.075360889471726e-05,6.744297073625139e-05,1.435639311113019e-07,3.1479559751727094e-05,6.91154834832986e-05,1.5069282217627073e-07,3.221302291564751e-05,7.080836859349027e-05,1.580838440086845e-07,3.295396494228068e-05,7.252162061427269e-05,1.6574333567093694e-07,3.370235240380625e-05,7.425523402750826e-05,1.7367771140862816e-07,3.445815188891568e-05,7.600920324949396e-05,1.8189346062440413e-07,3.5221330002946756e-05,7.778352263098002e-05,1.9039714785149013e-07,3.5991853368017704e-05,7.957818645718846e-05,1.9919541272691623e-07,3.6769688623161504e-05,8.139318894783225e-05,2.082949699644363e-07,3.755480242445994e-05,8.322852425713447e-05,0.7
1.3669090696044348e-07,3.075360889471726e-05,6.744297073625139e-05,1.435639311113019e-07,3.1479559751727094e-05,6.91154834832986e-05,1.5069282217627073e-07,3.221302291564751e-05,7.080836859349027e-05,1.580838440086845e-07,3.295396494228068e-05,7.252162061427269e-05,1.6574333567093694e-07,3.370235240380625e-05,7.425523402750826e-05,1.7367771140862816e-07,3.445815188891568e-05,7.600920324949396e-05,1.8189346062440413e-07,3.5221330002946756e-05,7.778352263098002e-05,1.9039714785149013e-07,3.5991853368017704e-05,7.957818645718846e-05,1.9919541272691623e-07,3.6769688623161504e-05,8.139318894783225e-05,2.082949699644363e-07,3.755480242445994e-05,8.322852425713447e-05,0.7
1.3669090696044348e-07,3.075360889471726e-05,6.744297073625139e-05,1.435639311113019e-07,3.1479559751727094e-05,6.91154834832986e-05,1.5069282217627073e-07,3.221302291564751e-05,7.080836859349027e-05,1.580838440086845e-07,3.295396494228068e-05,7.252162061427269e-05,1.6574333567093694e-07,3.370235240380625e-05,7.425523402750826e-05,1.7367771140862816e-07,3.445815188891568e-05,7.600920324949396e-05,1.8189346062440413e-07,3.5221330002946756e-05,7.778352263098002e-05,1.9039714785149013e-07,3.5991853368017704e-05,7.957818645718846e-05,1.9919541272691623e-07,3.6769688623161504e-05,8.139318894783225e-05,2.082949699644363e-07,3.755480242445994e-05,8.322852425713447e-05,0.7
1.3669090696044348e-07,3.075360889471726e-05,6.744297073625139e-05,1.435639311113019e-07,3.1479559751727094e-05,6.91154834832986e-05,1.5069282217627073e-07,3.221302291564751e-05,7.080836859349027e-05,1.580838440086845e-07,3.295396494228068e-05,7.252162061427269e-05,1.6574333567093694e-07,3.370235240380625e-05,7.425523402750826e-05,1.7367771140862816e-07,3.445815188891568e-05,7.600920324949396e-05,1.8189346062440413e-07,3.5221330002946756e-05,7.778352263098002e-05,1.9039714785149013e-07,3.5991853368017704e-05,7.957818645718846e-05,1.9919541272691623e-07,3.6769688623161504e-05,8.139318894783225e-05,2.082949699644363e-07,3.755480242445994e-05,8.322852425713447e-05,0.7
1.3669090696044348e-07,3.075360889471726e-05,6.744297073625139e-05,1.435639311113019e-07,3.1479559751727094e-05,6.91154834832986e-05,1.5069282217627073e-07,3.221302291564751e-05,7.080836859349027e-05,1.580838440086845e-07,3.295396494228068e-05,7.252162061427269e-05,1.6574333567093694e-07,3.370235240380625e-05,7.425523402750826e-05,1.7367771140862816e-07,3.445815188891568e-05,7.600920324949396e-05,1.8189346062440413e-07,3.5221330002946756e-05,7.778352263098002e-05,1.9039714785149013e-07,3.5991853368017704e-05,7.957818645718846e-05,1.9919541272691623e-07,3.6769688623161504e-05,8.139318894783225e-05,2.082949699644363e-07,3.755480242445994e-05,8.322852425713447e-05,0.7
1.3669090696044348e-07,3.075360889471726e-05,6.744297073625139e-05,1.435639311113019e-07,3.1479559751727094e-05,6.91154834832986e-05,1.5069282217627073e-07,3.221302291564751e-05,7.080836859349027e-05,1.580838440086845e-07,3.295396494228068e-05,7.252162061427269e-05,1.6574333567093694e-07,3.370235240380625e-05,7.425523402750826e-05,1.7367771140862816e-07,3.445815188891568e-05,7.600920324949396e-05,1.8189346062440413e-07,3.5221330002946756e-05,7.778352263098002e-05,1.9039714785149013e-07,3.5991853368017704e-05,7.957818645718846e-05,1.9919541272691623e-07,3.6769688623161504e-05,8.139318894783225e-05,2.082949699644363e-07,3.755480242445994e-05,8.322852425713447e-05,0.7
1.3669090696044348e-07,3.075360889471726e-05,6.744297073625139e-05,1.435639311113019e-07,3.1479559751727094e-05,6.91154834832986e-05,1.5069282217627073e-07,3.221302291564751e-05,7.080836859349027e-05,1.580838440086845e-07,3.295396494228068e-05,7.252162061427269e-05,1.6574333567093694e-07,3.370235240380625e-05,7.425523402750826e-05,1.7367771140862816e-07,3.445815188891568e-05,7.600920324949396e-05,1.8189346062440413e-07,3.5221330002946756e-05,7.778352263098002e-05,1.9039714785149013e-07,3.5991853368017704e-05,7.957818645718846e-05,1.9919541272691623e-07,3.6769688623161504e-05,8.139318894783225e-05,2.082949699644363e-07,3.755480242445994e-05,8.322852425713447e-05,0.7
1.3669090696044348e-07,3.075360889471726e-05,6.744297073625139e-05,1.435639311113019e-07,3.1479559751727094e-05,6.91154834832986e-05,1.5069282217627073e-07,3.221302291564751e-05,7.080836859349027e-05,1.580838440086845e-07,3.295396494228068e-05,7.252162061427269e-05,1.6574333567093694e-07,3.370235240380625e-05,7.425523402750826e-05,1.7367771140862816e-07,3.445815188891568e-05,7.600920324949396e-05,1.8189346062440413e-07,3.5221330002946756e-05,7.778352263098002e-05,1.9039714785149013e-07,3.5991853368017704e-05,7.957818645718846e-05,1.9919541272691623e-07,3.6769688623161504e-05,8.139318894783225e-05,2.082949699644363e-07,3.755480242445994e-05,8.322852425713447e-05,0.7
1.3669090696044348e-07,3.075360889471726e-05,6.744297073625139e-05,1.435639311113019e-07,3.1479559751727094e-05,6.91154834832986e-05,1.5069282217627073e-07,3.221302291564751e-05,7.080836859349027e-05,1.580838440086845e-07,3.295396494228068e-05,7.252162061427269e-05,1.6574333567093694e-07,3.370235240380625e-05,7.425523402750826e-05,1.7367771140862816e-07,3.445815188891568e-05,7.600920324949396e-05,1.8189346062440413e-07,3.5221330002946756e-05,7.778352263098002e-05,1.9039714785149013e-07,3.5991853368017704e-05,7.957818645718846e-05,1.9919541272691623e-07,3.6769688623161504e-05,8.139318894783225e-05,2.082949699644363e-07,3.755480242445994e-05,8.322852425713447e-05,0.7
1.3669090696044348e-07,3.075360889471726e-05,6.744297073625139e-05,1.435639311113019e-07,3.1479559751727094e-05,6.91154834832986e-05,1.5069282217627073e-07,3.221302291564751e-05,7.080836859349027e-05,1.580838440086845e-07,3.295396494228068e-05,7.252162061427269e-05,1.6574333567093694e-07,3.370235240380625e-05,7.425523402750826e-05,1.7367771140862816e-07,3.445815188891568e-05,7.600920324949396e-05,1.8189346062440413e-07,3.5221330002946756e-05,7.778352263098002e-05,1.9039714785149013e-07,3.5991853368017704e-05,7.957818645718846e-05,1.9919541272691623e-07,3.6769688623161504e-05,8.139318894783225e-05,2.082949699644363e-07,3.755480242445994e-05,8.322852425713447e-05,0.7
1.3669090696044348e-07,3.075360889471726e-05,6.744297073625139e-05,1.435639311113019e-07,3.1479559751727094e-05,6.91154834832986e-05,1.5069282217627073e-07,3.221302291564751e-05,7.080836859349027e-05,1.580838440086845e-07,3.295396494228068e-05,7.252162061427269e-05,1.6574333567093694e-07,3.370235240380625e-05,7.425523402750826e-05,1.7367771140862816e-07,3.445815188891568e-05,7.600920324949396e-05,1.8189346062440413e-07,3.5221330002946756e-05,7.778352263098002e-05,1.9039714785149013e-07,3.5991853368017704e-05,7.957818645718846e-05,1.9919541272691623e-07,3.6769688623161504e-05,8.139318894783225e-05,2.082949699644363e-07,3.755480242445994e-05,8.322852425713447e-05,0.7
1.3669090696044348e-07,3.075360889471726e-05,6.744297073625139e-05,1.435639311113019e-07,3.1479559751727094e-05,6.91154834832986e-05,1.5069282217627073e-07,3.221302291564751e-05,7.080836859349027e-05,1.580838440086845e-07,3.295396494228068e-05,7.252162061427269e-05,1.6574333567093694e-07,3.370235240380625e-05,7.425523402750826e-05,1.7367771140862816e-07,3.445815188891568e-05,7.600920324949396e-05,1.8189346062440413e-07,3.5221330002946756e-05,7.778352263098002e-05,1.9039714785149013e-07,3.5991853368017704e-05,7.957818645718846e-05,1.9919541272691623e-07,3.6769688623161504e-05,8.139318894783225e-05,2.082949699644363e-07,3.755480242445994e-05,8.322852425713447e-05,0.7
1.3669090696044348e-07,3.075360889471726e-05,6.744297073625139e-05,1.435639311113019e-07,3.1479559751727094e-05,6.91154834832986e-05,1.5069282217627073e-07,3.221302291564751e-05,7.080836859349027e-05,1.580838440086845e-07,3.295396494228068e-05,7.252162061427269e-05,1.6574333567093694e-07,3.370235240380625e-05,7.425523402750826e-05,1.7367771140862816e-07,3.445815188891568e-05,7.600920324949396e-05,1.8189346062440413e-07,3.5221330002946756e-05,7.778352263098002e-05,1.9039714785149013e-07,3.5991853368017704e-05,7.957818645718846e-05,1.9919541272691623e-07,3.6769688623161504e-05,8.139318894783225e-05,2.082949699644363e-07,3.755480242445994e-05,8.322852425713447e-05,0.7
1.3669090696044348e-07,3.075360889471726e-05,6.744297073625139e-05,1.435639311113019e-07,3.1479559751727094e-05,6.91154834832986e-05,1.5069282217627073e-07,3.221302291564751e-05,7.080836859349027e-05,1.580838440086845e-07,3.295396494228068e-05,7.252162061427269e-05,1.6574333567093694e-07,3.370235240380625e-05,7.425523402750826e-05,1.7367771140862816e-07,3.445815188891568e-05,7.600920324949396e-05,1.8189346062440413e-07,3.5221330002946756e-05,7.778352263098002e-05,1.9039714785149013e-07,3.5991853368017704e-05,7.957818645718846e-05,1.9919541272691623e-07,3.6769688623161504e-05,8.139318894783225e-05,2.082949699644363e-07,3.755480242445994e-05,8.322852425713447e-05,0.7
1.3669090696044348e-07,3.075360889471726e-05,6.744297073625139e-05,1.435639311113019e-07,3.1479559751727094e-05,6.91154834832986e-05,1.5069282217627073e-07,3.221302291564751e-05,7.080836859349027e-05,1.580838440086845e-07,3.295396494228068e-05,7.252162061427269e-05,1.6574333567093694e-07,3.370235240380625e-05,7.425523402750826e-05,1.7367771140862816e-07,3.445815188891568e-05,7.600920324949396e-05,1.8189346062440413e-07,3.5221330002946756e-05,7.778352263098002e-05,1.9039714785149013e-07,3.5991853368017704e-05,7.957818645718846e-05,1.9919541272691623e-07,3.6769688623161504e-05,8.139318894783225e-05,2.082949699644363e-07,3.755480242445994e-05,8.322852425713447e-05,0.7
1.3669090696044348e-07,3.075360889471726e-05,6.744297073625139e-05,1.435639311113019e-07,3.1479559751727094e-05,6.91154834832986e-05,1.5069282217627073e-07,3.221302291564751e-05,7.080836859349027e-05,1.580838440086845e-07,3.295396494228068e-05,7.252162061427269e-05,1.6574333567093694e-07,3.370235240380625e-05,7.425523402750826e-05,1.7367771140862816e-07,3.445815188891568e-05,7.600920324949396e-05,1.8189346062440413e-07,3.5221330002946756e-05,7.778352263098002e-05,1.9039714785149013e-07,3.5991853368017704e-05,7.957818645718846e-05,1.9919541272691623e-07,3.6769688623161504e-05,8.139318894783225e-05,2.082949699644363e-07,3.755480242445994e-05,8.322852425713447e-05,0.7
1.3669090696044348e-07,3.075360889471726e-05,6.744297073625139e-05,1.435639311113019e-07,3.1479559751727094e-05,6.91154834832986e-05,1.5069282217627073e-07,3.221302291564751e-05,7.080836859349027e-05,1.580838440086845e-07,3.295396494228068e-05,7.252162061427269e-05,1.6574333567093694e-07,3.370235240380625e-05,7.425523402750826e-05,1.7367771140862816e-07,3.445815188891568e-05,7.600920324949396e-05,1.8189346062440413e-07,3.5221330002946756e-05,7.778352263098002e-05,1.9039714785149013e-07,3.5991853368017704e-05,7.957818645718846e-05,1.9919541272691623e-07,3.6769688623161504e-05,8.139318894783225e-05,2.082949699644363e-07,3.755480242445994e-05,8.322852425713447e-05,0.7
1.3669090696044348e-07,3.075360889471726e-05,6.744297073625139e-05,1.435639311113019e-07,3.1479559751727094e-05,6.91154834832986e-05,1.5069282217627073e-07,3.221302291564751e-05,7.080836859349027e-05,1.580838440086845e-07,3.295396494228068e-05,7.252162061427269e-05,1.6574333567093694e-07,3.370235240380625e-05,7.425523402750826e-05,1.7367771140862816e-07,3.445815188891568e-05,7.600920324949396e-05,1.8189346062440413e-07,3.5221330002946756e-05,7.778352263098002e-05,1.9039714785149013e-07,3.5991853368017704e-05,7.957818645718846e-05,1.9919541272691623e-07,3.6769688623161504e-05,8.139318894783225e-05,2.082949699644363e-07,3.755480242445994e-05,8.322852425713447e-05,0.7
1.3669090696044348e-07,3.075360889471726e-05,6.744297073625139e-05,1.435639311113019e-07,3.1479559751727094e-05,6.91154834832986e-05,1.5069282217627073e-07,3.221302291564751e-05,7.080836859349027e-05,1.580838440086845e-07,3.295396494228068e-05,7.252162061427269e-05,1.6574333567093694e-07,3.370235240380625e-05,7.425523402750826e-05,1.7367771140862816e-07,3.445815188891568e-05,7.600920324949396e-05,1.8189346062440413e-07,3.5221330002946756e-05,7.778352263098002e-05,1.9039714785149013e-07,3.5991853368017704e-05,7.957818645718846e-05,1.9919541272691623e-07,3.6769688623161504e-05,8.139318894783225e-05,2.082949699644363e-07,3.755480242445994e-05,8.322852425713447e-05,0.7
1.3669090696044348e-07,3.075360889471726e-05,6.744297073625139e-05,1.435639311113019e-07,3.1479559751727094e-05,6.91154834832986e-05,1.5069282217627073e-07,3.221302291564751e-05,7.080836859349027e-05,1.580838440086845e-07,3.295396494228068e-05,7.252162061427269e-05,1.6574333567093694e-07,3.370235240380625e-05,7.425523402750826e-05,1.7367771140862816e-07,3.445815188891568e-05,7.600920324949396e-05,1.8189346062440413e-07,3.5221330002946756e-05,7.778352263098002e-05,1.9039714785149013e-07,3.5991853368017704e-05,7.957818645718846e-05,1.9919541272691623e-07,3.6769688623161504e-05,8.139318894783225e-05,2.082949699644363e-07,3.755480242445994e-05,8.322852425713447e-05,0.7
1.3669090696044348e-07,3.075360889471726e-05,6.744297073625139e-05,1.435639311113019e-07,3.1479559751727094e-05,6.91154834832986e-05,1.5069282217627073e-07,3.221302291564751e-05,7.080836859349027e-05,1.580838440086845e-07,3.295396494228068e-05,7.252162061427269e-05,1.6574333567093694e-07,3.370235240380625e-05,7.425523402750826e-05,1.7367771140862816e-07,3.445815188891568e-05,7.600920324949396e-05,1.8189346062440413e-07,3.5221330002946756e-05,7.778352263098002e-05,1.9039714785149013e-07,3.5991853368017704e-05,7.957818645718846e-05,1.9919541272691623e-07,3.6769688623161504e-05,8.139318894783225e-05,2.082949699644363e-07,3.755480242445994e-05,8.322852425713447e-05,0.7
1.3669090696044348e-07,3.075360889471726e-05,6.744297073625139e-05,1.435639311113019e-07,3.1479559751727094e-05,6.91154834832986e-05,1.5069282217627073e-07,3.221302291564751e-05,7.080836859349027e-05,1.580838440086845e-07,3.295396494228068e-05,7.252162061427269e-05,1.6574333567093694e-07,3.370235240380625e-05,7.425523402750826e-05,1.7367771140862816e-07,3.445815188891568e-05,7.600920324949396e-05,1.8189346062440413e-07,3.5221330002946756e-05,7.778352263098002e-05,1.9039714785149013e-07,3.5991853368017704e-05,7.957818645718846e-05,1.9919541272691623e-07,3.6769688623161504e-05,8.139318894783225e-05,2.082949699644363e-07,3.755480242445994e-05,8.322852425713447e-05,0.7
1.3669090696044348e-07,3.075360889471726e-05,6.744297073625139e-05,1.435639311113019e-07,3.1479559751727094e-05,6.91154834832986e-05,1.5069282217627073e-07,3.221302291564751e-05,7.080836859349027e-05,1.580838440086845e-07,3.295396494228068e-05,7.252162061427269e-05,1.6574333567093694e-07,3.370235240380625e-05,7.425523402750826e-05,1.7367771140862816e-07,3.445815188891568e-05,7.600920324949396e-05,1.8189346062440413e-07,3.5221330002946756e-05,7.778352263098002e-05,1.9039714785149013e-07,3.5991853368017704e-05,7.957818645718846e-05,1.9919541272691623e-07,3.6769688623161504e-05,8.139318894783225e-05,2.082949699644363e-07,3.755480242445994e-05,8.322852425713447e-05,0.7
1.3669090696044348e-07,3.075360889471726e-05,6.744297073625139e-05,1.435639311113019e-07,3.1479559751727094e-05,6.91154834832986e-05,1.5069282217627073e-07,3.221302291564751e-05,7.080836859349027e-05,1.580838440086845e-07,3.295396494228068e-05,7.252162061427269e-05,1.6574333567093694e-07,3.370235240380625e-05,7.425523402750826e-05,1.7367771140862816e-07,3.445815188891568e-05,7.600920324949396e-05,1.8189346062440413e-07,3.5221330002946756e-05,7.778352263098002e-05,1.9039714785149013e-07,3.5991853368017704e-05,7.957818645718846e-05,1.9919541272691623e-07,3.6769688623161504e-05,8.139318894783225e-05,2.082949699644363e-07,3.755480242445994e-05,8.322852425713447e-05,0.7
1.3669090696044348e-07,3.075360889471726e-05,6.744297073625139e-05,1.435639311113019e-07,3.1479559751727094e-05,6.91154834832986e-05,1.5069282217627073e-07,3.221302291564751e-05,7.080836859349027e-05,1.580838440086845e-07,3.295396494228068e-05,7.252162061427269e-05,1.6574333567093694e-07,3.370235240380625e-05,7.425523402750826e-05,1.7367771140862816e-07,3.445815188891568e-05,7.600920324949396e-05,1.8189346062440413e-07,3.5221330002946756e-05,7.778352263098002e-05,1.9039714785149013e-07,3.5991853368017704e-05,7.957818645718846e-05,1.9919541272691623e-07,3.6769688623161504e-05,8.139318894783225e-05,2.082949699644363e-07,3.755480242445994e-05,8.322852425713447e-05,0.7
1.3669090696044348e-07,3.075360889471726e-05,6.744297073625139e-05,1.435639311113019e-07,3.1479559751727094e-05,6.91154834832986e-05,1.5069282217627073e-07,3.221302291564751e-05,7.080836859349027e-05,1.580838440086845e-07,3.295396494228068e-05,7.252162061427269e-05,1.6574333567093694e-07,3.370235240380625e-05,7.425523402750826e-05,1.7367771140862816e-07,3.445815188891568e-05,7.600920324949396e-05,1.8189346062440413e-07,3.5221330002946756e-05,7.778352263098002e-05,1.9039714785149013e-07,3.5991853368017704e-05,7.957818645718846e-05,1.9919541272691623e-07,3.6769688623161504e-05,8.139318894783225e-05,2.082949699644363e-07,3.755480242445994e-05,8.322852425713447e-05,0.7
1.3669090696044348e-07,3.075360889471726e-05,6.744297073625139e-05,1.435639311113019e-07,3.1479559751727094e-05,6.91154834832986e-05,1.5069282217627073e-07,3.221302291564751e-05,7.080836859349027e-05,1.580838440086845e-07,3.295396494228068e-05,7.252162061427269e-05,1.6574333567093694e-07,3.370235240380625e-05,7.425523402750826e-05,1.7367771140862816e-07,3.445815188891568e-05,7.600920324949396e-05,1.8189346062440413e-07,3.5221330002946756e-05,7.778352263098002e-05,1.9039714785149013e-07,3.5991853368017704e-05,7.957818645718846e-05,1.9919541272691623e-07,3.6769688623161504e-05,8.139318894783225e-05,2.082949699644363e-07,3.755480242445994e-05,8.322852425713447e-05,0.7
1.3669090696044348e-07,3.075360889471726e-05,6.744297073625139e-05,1.435639311113019e-07,3.1479559751727094e-05,6.91154834832986e-05,1.5069282217627073e-07,3.221302291564751e-05,7.080836859349027e-05,1.580838440086845e-07,3.295396494228068e-05,7.252162061427269e-05,1.6574333567093694e-07,3.370235240380625e-05,7.425523402750826e-05,1.7367771140862816e-07,3.445815188891568e-05,7.600920324949396e-05,1.8189346062440413e-07,3.5221330002946756e-05,7.778352263098002e-05,1.9039714785149013e-07,3.5991853368017704e-05,7.957818645718846e-05,1.9919541272691623e-07,3.6769688623161504e-05,8.139318894783225e-05,2.082949699644363e-07,3.755480242445994e-05,8.322852425713447e-05,0.7
1.3669090696044348e-07,3.075360889471726e-05,6.744297073625139e-05,1.435639311113019e-07,3.1479559751727094e-05,6.91154834832986e-05,1.5069282217627073e-07,3.221302291564751e-05,7.080836859349027e-05,1.580838440086845e-07,3.295396494228068e-05,7.252162061427269e-05,1.6574333567093694e-07,3.370235240380625e-05,7.425523402750826e-05,1.7367771140862816e-07,3.445815188891568e-05,7.600920324949396e-05,1.8189346062440413e-07,3.5221330002946756e-05,7.778352263098002e-05,1.9039714785149013e-07,3.5991853368017704e-05,7.957818645718846e-05,1.9919541272691623e-07,3.6769688623161504e-05,8.139318894783225e-05,2.082949699644363e-07,3.755480242445994e-05,8.322852425713447e-05,0.7
1.3669090696044348e-07,3.075360889471726e-05,6.744297073625139e-05,1.435639311113019e-07,3.1479559751727094e-05,6.91154834832986e-05,1.5069282217627073e-07,3.221302291564751e-05,7.080836859349027e-05,1.580838440086845e-07,3.295396494228068e-05,7.252162061427269e-05,1.6574333567093694e-07,3.370235240380625e-05,7.425523402750826e-05,1.7367771140862816e-07,3.445815188891568e-05,7.600920324949396e-05,1.8189346062440413e-07,3.5221330002946756e-05,7.778352263098002e-05,1.9039714785149013e-07,3.5991853368017704e-05,7.957818645718846e-05,1.9919541272691623e-07,3.6769688623161504e-05,8.139318894783225e-05,2.082949699644363e-07,3.755480242445994e-05,8.322852425713447e-05,0.7
1.3669090696044348e-07,3.075360889471726e-05,6.744297073625139e-05,1.435639311113019e-07,3.1479559751727094e-05,6.91154834832986e-05,1.5069282217627073e-07,3.221302291564751e-05,7.080836859349027e-05,1.580838440086845e-07,3.295396494228068e-05,7.252162061427269e-05,1.6574333567093694e-07,3.370235240380625e-05,7.425523402750826e-05,1.7367771140862816e-07,3.445815188891568e-05,7.600920324949396e-05,1.8189346062440413e-07,3.5221330002946756e-05,7.778352263098002e-05,1.9039714785149013e-07,3.5991853368017704e-05,7.957818645718846e-05,1.9919541272691623e-07,3.6769688623161504e-05,8.139318894783225e-05,2.082949699644363e-07,3.755480242445994e-05,8.322852425713447e-05,0.7
1.3669090696044348e-07,3.075360889471726e-05,6.744297073625139e-05,1.435639311113019e-07,3.1479559751727094e-05,6.91154834832986e-05,1.5069282217627073e-07,3.221302291564751e-05,7.080836859349027e-05,1.580838440086845e-07,3.295396494228068e-05,7.252162061427269e-05,1.6574333567093694e-07,3.370235240380625e-05,7.425523402750826e-05,1.7367771140862816e-07,3.445815188891568e-05,7.600920324949396e-05,1.8189346062440413e-07,3.5221330002946756e-05,7.778352263098002e-05,1.9039714785149013e-07,3.5991853368017704e-05,7.957818645718846e-05,1.9919541272691623e-07,3.6769688623161504e-05,8.139318894783225e-05,2.082949699644363e-07,3.755480242445994e-05,8.322852425713447e-05,0.7
1.3669090696044348e-07,3.075360889471726e-05,6.744297073625139e-05,1.435639311113019e-07,3.1479559751727094e-05,6.91154834832986e-05,1.5069282217627073e-07,3.221302291564751e-05,7.080836859349027e-05,1.580838440086845e-07,3.295396494228068e-05,7.252162061427269e-05,1.6574333567093694e-07,3.370235240380625e-05,7.425523402750826e-05,1.7367771140862816e-07,3.445815188891568e-05,7.600920324949396e-05,1.8189346062440413e-07,3.5221330002946756e-05,7.778352263098002e-05,1.9039714785149013e-07,3.5991853368017704e-05,7.957818645718846e-05,1.9919541272691623e-07,3.6769688623161504e-05,8.139318894783225e-05,2.082949699644363e-07,3.755480242445994e-05,8.322852425713447e-05,0.7
1.3669090696044348e-07,3.075360889471726e-05,6.744297073625139e-05,1.435639311113019e-07,3.1479559751727094e-05,6.91154834832986e-05,1.5069282217627073e-07,3.221302291564751e-05,7.080836859349027e-05,1.580838440086845e-07,3.295396494228068e-05,7.252162061427269e-05,1.6574333567093694e-07,3.370235240380625e-05,7.425523402750826e-05,1.7367771140862816e-07,3.445815188891568e-05,7.600920324949396e-05,1.8189346062440413e-07,3.5221330002946756e-05,7.778352263098002e-05,1.9039714785149013e-07,3.5991853368017704e-05,7.957818645718846e-05,1.9919541272691623e-07,3.6769688623161504e-05,8.139318894783225e-05,2.082949699644363e-07,3.755480242445994e-05,8.322852425713447e-05,0.7
1.3669090696044348e-07,3.075360889471726e-05,6.744297073625139e-05,1.435639311113019e-07,3.1479559751727094e-05,6.91154834832986e-05,1.5069282217627073e-07,3.221302291564751e-05,7.080836859349027e-05,1.580838440086845e-07,3.295396494228068e-05,7.252162061427269e-05,1.6574333567093694e-07,3.370235240380625e-05,7.425523402750826e-05,1.7367771140862816e-07,3.445815188891568e-05,7.600920324949396e-05,1.8189346062440413e-07,3.5221330002946756e-05,7.778352263098002e-05,1.9039714785149013e-07,3.5991853368017704e-05,7.957818645718846e-05,1.9919541272691623e-07,3.6769688623161504e-05,8.139318894783225e-05,2.082949699644363e-07,3.755480242445994e-05,8.322852425713447e-05,0.7
1.3669090696044348e-07,3.075360889471726e-05,6.744297073625139e-05,1.435639311113019e-07,3.1479559751727094e-05,6.91154834832986e-05,1.5069282217627073e-07,3.221302291564751e-05,7.080836859349027e-05,1.580838440086845e-07,3.295396494228068e-05,7.252162061427269e-05,1.6574333567093694e-07,3.370235240380625e-05,7.425523402750826e-05,1.7367771140862816e-07,3.445815188891568e-05,7.600920324949396e-05,1.8189346062440413e-07,3.5221330002946756e-05,7.778352263098002e-05,1.9039714785149013e-07,3.5991853368017704e-05,7.957818645718846e-05,1.9919541272691623e-07,3.6769688623161504e-05,8.139318894783225e-05,2.082949699644363e-07,3.755480242445994e-05,8.322852425713447e-05,0.7
1.3669090696044348e-07,3.075360889471726e-05,6.744297073625139e-05,1.435639311113019e-07,3.1479559751727094e-05,6.91154834832986e-05,1.5069282217627073e-07,3.221302291564751e-05,7.080836859349027e-05,1.580838440086845e-07,3.295396494228068e-05,7.252162061427269e-05,1.6574333567093694e-07,3.370235240380625e-05,7.425523402750826e-05,1.7367771140862816e-07,3.445815188891568e-05,7.600920324949396e-05,1.8189346062440413e-07,3.5221330002946756e-05,7.778352263098002e-05,1.9039714785149013e-07,3.5991853368017704e-05,7.957818645718846e-05,1.9919541272691623e-07,3.6769688623161504e-05,8.139318894783225e-05,2.082949699644363e-07,3.755480242445994e-05,8.322852425713447e-05,0.7
1.3669090696044348e-07,3.075360889471726e-05,6.744297073625139e-05,1.435639311113019e-07,3.1479559751727094e-05,6.91154834832986e-05,1.5069282217627073e-07,3.221302291564751e-05,7.080836859349027e-05,1.580838440086845e-07,3.295396494228068e-05,7.252162061427269e-05,1.6574333567093694e-07,3.370235240380625e-05,7.425523402750826e-05,1.7367771140862816e-07,3.445815188891568e-05,7.600920324949396e-05,1.8189346062440413e-07,3.5221330002946756e-05,7.778352263098002e-05,1.9039714785149013e-07,3.5991853368017704e-05,7.957818645718846e-05,1.9919541272691623e-07,3.6769688623161504e-05,8.139318894783225e-05,2.082949699644363e-07,3.755480242445994e-05,8.322852425713447e-05,0.7
1.3669090696044348e-07,3.075360889471726e-05,6.744297073625139e-05,1.435639311113019e-07,3.1479559751727094e-05,6.91154834832986e-05,1.5069282217627073e-07,3.221302291564751e-05,7.080836859349027e-05,1.580838440086845e-07,3.295396494228068e-05,7.252162061427269e-05,1.6574333567093694e-07,3.370235240380625e-05,7.425523402750826e-05,1.7367771140862816e-07,3.445815188891568e-05,7.600920324949396e-05,1.8189346062440413e-07,3.5221330002946756e-05,7.778352263098002e-05,1.9039714785149013e-07,3.5991853368017704e-05,7.957818645718846e-05,1.9919541272691623e-07,3.6769688623161504e-05,8.139318894783225e-05,2.082949699644363e-07,3.755480242445994e-05,8.322852425713447e-05,0.7
1.3669090696044348e-07,3.075360889471726e-05,6.744297073625139e-05,1.435639311113019e-07,3.1479559751727094e-05,6.91154834832986e-05,1.5069282217627073e-07,3.221302291564751e-05,7.080836859349027e-05,1.580838440086845e-07,3.295396494228068e-05,7.252162061427269e-05,1.6574333567093694e-07,3.370235240380625e-05,7.425523402750826e-05,1.7367771140862816e-07,3.445815188891568e-05,7.600920324949396e-05,1.8189346062440413e-07,3.5221330002946756e-05,7.778352263098002e-05,1.9039714785149013e-07,3.5991853368017704e-05,7.957818645718846e-05,1.9919541272691623e-07,3.6769688623161504e-05,8.139318894783225e-05,2.082949699644363e-07,3.755480242445994e-05,8.322852425713447e-05,0.7
1.3669090696044348e-07,3.075360889471726e-05,6.744297073625139e-05,1.435639311113019e-07,3.1479559751727094e-05,6.91154834832986e-05,1.5069282217627073e-07,3.221302291564751e-05,7.080836859349027e-05,1.580838440086845e-07,3.295396494228068e-05,7.252162061427269e-05,1.6574333567093694e-07,3.370235240380625e-05,7.425523402750826e-05,1.7367771140862816e-07,3.445815188891568e-05,7.600920324949396e-05,1.8189346062440413e-07,3.5221330002946756e-05,7.778352263098002e-05,1.9039714785149013e-07,3.5991853368017704e-05,7.957818645718846e-05,1.9919541272691623e-07,3.6769688623161504e-05,8.139318894783225e-05,2.082949699644363e-07,3.755480242445994e-05,8.322852425713447e-05,0.7
1.3669090696044348e-07,3.075360889471726e-05,6.744297073625139e-05,1.435639311113019e-07,3.1479559751727094e-05,6.91154834832986e-05,1.5069282217627073e-07,3.221302291564751e-05,7.080836859349027e-05,1.580838440086845e-07,3.295396494228068e-05,7.252162061427269e-05,1.6574333567093694e-07,3.370235240380625e-05,7.425523402750826e-05,1.7367771140862816e-07,3.445815188891568e-05,7.600920324949396e-05,1.8189346062440413e-07,3.5221330002946756e-05,7.778352263098002e-05,1.9039714785149013e-07,3.5991853368017704e-05,7.957818645718846e-05,1.9919541272691623e-07,3.6769688623161504e-05,8.139318894783225e-05,2.082949699644363e-07,3.755480242445994e-05,8.322852425713447e-05,0.7
1.3669090696044348e-07,3.075360889471726e-05,6.744297073625139e-05,1.435639311113019e-07,3.1479559751727094e-05,6.91154834832986e-05,1.5069282217627073e-07,3.221302291564751e-05,7.080836859349027e-05,1.580838440086845e-07,3.295396494228068e-05,7.252162061427269e-05,1.6574333567093694e-07,3.370235240380625e-05,7.425523402750826e-05,1.7367771140862816e-07,3.445815188891568e-05,7.600920324949396e-05,1.8189346062440413e-07,3.5221330002946756e-05,7.778352263098002e-05,1.9039714785149013e-07,3.5991853368017704e-05,7.957818645718846e-05,1.9919541272691623e-07,3.6769688623161504e-05,8.139318894783225e-05,2.082949699644363e-07,3.755480242445994e-05,8.322852425713447e-05,0.7
1.3669090696044348e-07,3.075360889471726e-05,6.744297073625139e-05,1.435639311113019e-07,3.1479559751727094e-05,6.91154834832986e-05,1.5069282217627073e-07,3.221302291564751e-05,7.080836859349027e-05,1.580838440086845e-07,3.295396494228068e-05,7.252162061427269e-05,1.6574333567093694e-07,3.370235240380625e-05,7.425523402750826e-05,1.7367771140862816e-07,3.445815188891568e-05,7.600920324949396e-05,1.8189346062440413e-07,3.5221330002946756e-05,7.778352263098002e-05,1.9039714785149013e-07,3.5991853368017704e-05,7.957818645718846e-05,1.9919541272691623e-07,3.6769688623161504e-05,8.139318894783225e-05,2.082949699644363e-07,3.755480242445994e-05,8.322852425713447e-05,0.7
1.3669090696044348e-07,3.075360889471726e-05,6.744297073625139e-05,1.435639311113019e-07,3.1479559751727094e-05,6.91154834832986e-05,1.5069282217627073e-07,3.221302291564751e-05,7.080836859349027e-05,1.580838440086845e-07,3.295396494228068e-05,7.252162061427269e-05,1.6574333567093694e-07,3.370235240380625e-05,7.425523402750826e-05,1.7367771140862816e-07,3.445815188891568e-05,7.600920324949396e-05,1.8189346062440413e-07,3.5221330002946756e-05,7.778352263098002e-05,1.9039714785149013e-07,3.5991853368017704e-05,7.957818645718846e-05,1.9919541272691623e-07,3.6769688623161504e-05,8.139318894783225e-05,2.082949699644363e-07,3.755480242445994e-05,8.322852425713447e-05,0.7
1.3669090696044348e-07,3.075360889471726e-05,6.744297073625139e-05,1.435639311113019e-07,3.1479559751727094e-05,6.91154834832986e-05,1.5069282217627073e-07,3.221302291564751e-05,7.080836859349027e-05,1.580838440086845e-07,3.295396494228068e-05,7.252162061427269e-05,1.6574333567093694e-07,3.370235240380625e-05,7.425523402750826e-05,1.7367771140862816e-07,3.445815188891568e-05,7.600920324949396e-05,1.8189346062440413e-07,3.5221330002946756e-05,7.778352263098002e-05,1.9039714785149013e-07,3.5991853368017704e-05,7.957818645718846e-05,1.9919541272691623e-07,3.6769688623161504e-05,8.139318894783225e-05,2.082949699644363e-07,3.755480242445994e-05,8.322852425713447e-05,0.7
1.3669090696044348e-07,3.075360889471726e-05,6.744297073625139e-05,1.435639311113019e-07,3.1479559751727094e-05,6.91154834832986e-05,1.5069282217627073e-07,3.221302291564751e-05,7.080836859349027e-05,1.580838440086845e-07,3.295396494228068e-05,7.252162061427269e-05,1.6574333567093694e-07,3.370235240380625e-05,7.425523402750826e-05,1.7367771140862816e-07,3.445815188891568e-05,7.600920324949396e-05,1.8189346062440413e-07,3.5221330002946756e-05,7.778352263098002e-05,1.9039714785149013e-07,3.5991853368017704e-05,7.957818645718846e-05,1.9919541272691623e-07,3.6769688623161504e-05,8.139318894783225e-05,2.082949699644363e-07,3.755480242445994e-05,8.322852425713447e-05,0.7
1.3669090696044348e-07,3.075360889471726e-05,6.744297073625139e-05,1.435639311113019e-07,3.1479559751727094e-05,6.91154834832986e-05,1.5069282217627073e-07,3.221302291564751e-05,7.080836859349027e-05,1.580838440086845e-07,3.295396494228068e-05,7.252162061427269e-05,1.6574333567093694e-07,3.370235240380625e-05,7.425523402750826e-05,1.7367771140862816e-07,3.445815188891568e-05,7.600920324949396e-05,1.8189346062440413e-07,3.5221330002946756e-05,7.778352263098002e-05,1.9039714785149013e-07,3.5991853368017704e-05,7.957818645718846e-05,1.9919541272691623e-07,3.6769688623161504e-05,8.139318894783225e-05,2.082949699644363e-07,3.755480242445994e-05,8.322852425713447e-05,0.7
1.3669090696044348e-07,3.075360889471726e-05,6.744297073625139e-05,1.435639311113019e-07,3.1479559751727094e-05,6.91154834832986e-05,1.5069282217627073e-07,3.221302291564751e-05,7.080836859349027e-05,1.580838440086845e-07,3.295396494228068e-05,7.252162061427269e-05,1.6574333567093694e-07,3.370235240380625e-05,7.425523402750826e-05,1.7367771140862816e-07,3.445815188891568e-05,7.600920324949396e-05,1.8189346062440413e-07,3.5221330002946756e-05,7.778352263098002e-05,1.9039714785149013e-07,3.5991853368017704e-05,7.957818645718846e-05,1.9919541272691623e-07,3.6769688623161504e-05,8.139318894783225e-05,2.082949699644363e-07,3.755480242445994e-05,8.322852425713447e-05,0.7
1.3669090696044348e-07,3.075360889471726e-05,6.744297073625139e-05,1.435639311113019e-07,3.1479559751727094e-05,6.91154834832986e-05,1.5069282217627073e-07,3.221302291564751e-05,7.080836859349027e-05,1.580838440086845e-07,3.295396494228068e-05,7.252162061427269e-05,1.6574333567093694e-07,3.370235240380625e-05,7.425523402750826e-05,1.7367771140862816e-07,3.445815188891568e-05,7.600920324949396e-05,1.8189346062440413e-07,3.5221330002946756e-05,7.778352263098002e-05,1.9039714785149013e-07,3.5991853368017704e-05,7.957818645718846e-05,1.9919541272691623e-07,3.6769688623161504e-05,8.139318894783225e-05,2.082949699644363e-07,3.755480242445994e-05,8.322852425713447e-05,0.7
1.3669090696044348e-07,3.075360889471726e-05,6.744297073625139e-05,1.435639311113019e-07,3.1479559751727094e-05,6.91154834832986e-05,1.5069282217627073e-07,3.221302291564751e-05,7.080836859349027e-05,1.580838440086845e-07,3.295396494228068e-05,7.252162061427269e-05,1.6574333567093694e-07,3.370235240380625e-05,7.425523402750826e-05,1.7367771140862816e-07,3.445815188891568e-05,7.600920324949396e-05,1.8189346062440413e-07,3.5221330002946756e-05,7.778352263098002e-05,1.9039714785149013e-07,3.5991853368017704e-05,7.957818645718846e-05,1.9919541272691623e-07,3.6769688623161504e-05,8.139318894783225e-05,2.082949699644363e-07,3.755480242445994e-05,8.322852425713447e-05,0.7
1.3669090696044348e-07,3.075360889471726e-05,6.744297073625139e-05,1.435639311113019e-07,3.1479559751727094e-05,6.91154834832986e-05,1.5069282217627073e-07,3.221302291564751e-05,7.080836859349027e-05,1.580838440086845e-07,3.295396494228068e-05,7.252162061427269e-05,1.6574333567093694e-07,3.370235240380625e-05,7.425523402750826e-05,1.7367771140862816e-07,3.445815188891568e-05,7.600920324949396e-05,1.8189346062440413e-07,3.5221330002946756e-05,7.778352263098002e-05,1.9039714785149013e-07,3.5991853368017704e-05,7.957818645718846e-05,1.9919541272691623e-07,3.6769688623161504e-05,8.139318894783225e-05,2.082949699644363e-07,3.755480242445994e-05,8.322852425713447e-05,0.7
1.3669090696044348e-07,3.075360889471726e-05,6.744297073625139e-05,1.435639311113019e-07,3.1479559751727094e-05,6.91154834832986e-05,1.5069282217627073e-07,3.221302291564751e-05,7.080836859349027e-05,1.580838440086845e-07,3.295396494228068e-05,7.252162061427269e-05,1.6574333567093694e-07,3.370235240380625e-05,7.425523402750826e-05,1.7367771140862816e-07,3.445815188891568e-05,7.600920324949396e-05,1.8189346062440413e-07,3.5221330002946756e-05,7.778352263098002e-05,1.9039714785149013e-07,3.5991853368017704e-05,7.957818645718846e-05,1.9919541272691623e-07,3.6769688623161504e-05,8.139318894783225e-05,2.082949699644363e-07,3.755480242445994e-05,8.322852425713447e-05,0.7
1.3669090696044348e-07,3.075360889471726e-05,6.744297073625139e-05,1.435639311113019e-07,3.1479559751727094e-05,6.91154834832986e-05,1.5069282217627073e-07,3.221302291564751e-05,7.080836859349027e-05,1.580838440086845e-07,3.295396494228068e-05,7.252162061427269e-05,1.6574333567093694e-07,3.370235240380625e-05,7.425523402750826e-05,1.7367771140862816e-07,3.445815188891568e-05,7.600920324949396e-05,1.8189346062440413e-07,3.5221330002946756e-05,7.778352263098002e-05,1.9039714785149013e-07,3.5991853368017704e-05,7.957818645718846e-05,1.9919541272691623e-07,3.6769688623161504e-05,8.139318894783225e-05,2.082949699644363e-07,3.755480242445994e-05,8.322852425713447e-05,0.7
1.3669090696044348e-07,3.075360889471726e-05,6.744297073625139e-05,1.435639311113019e-07,3.1479559751727094e-05,6.91154834832986e-05,1.5069282217627073e-07,3.221302291564751e-05,7.080836859349027e-05,1.580838440086845e-07,3.295396494228068e-05,7.252162061427269e-05,1.6574333567093694e-07,3.370235240380625e-05,7.425523402750826e-05,1.7367771140862816e-07,3.445815188891568e-05,7.600920324949396e-05,1.8189346062440413e-07,3.5221330002946756e-05,7.778352263098002e-05,1.9039714785149013e-07,3.5991853368017704e-05,7.957818645718846e-05,1.9919541272691623e-07,3.6769688623161504e-05,8.139318894783225e-05,2.082949699644363e-07,3.755480242445994e-05,8.322852425713447e-05,0.7
1.3669090696044348e-07,3.075360889471726e-05,6.744297073625139e-05,1.435639311113019e-07,3.1479559751727094e-05,6.91154834832986e-05,1.5069282217627073e-07,3.221302291564751e-05,7.080836859349027e-05,1.580838440086845e-07,3.295396494228068e-05,7.252162061427269e-05,1.6574333567093694e-07,3.370235240380625e-05,7.425523402750826e-05,1.7367771140862816e-07,3.445815188891568e-05,7.600920324949396e-05,1.8189346062440413e-07,3.5221330002946756e-05,7.778352263098002e-05,1.9039714785149013e-07,3.5991853368017704e-05,7.957818645718846e-05,1.9919541272691623e-07,3.6769688623161504e-05,8.139318894783225e-05,2.082949699644363e-07,3.755480242445994e-05,8.322852425713447e-05,0.7
1.3669090696044348e-07,3.075360889471726e-05,6.744297073625139e-05,1.435639311113019e-07,3.1479559751727094e-05,6.91154834832986e-05,1.5069282217627073e-07,3.221302291564751e-05,7.080836859349027e-05,1.580838440086845e-07,3.295396494228068e-05,7.252162061427269e-05,1.6574333567093694e-07,3.370235240380625e-05,7.425523402750826e-05,1.7367771140862816e-07,3.445815188891568e-05,7.600920324949396e-05,1.8189346062440413e-07,3.5221330002946756e-05,7.778352263098002e-05,1.9039714785149013e-07,3.5991853368017704e-05,7.957818645718846e-05,1.9919541272691623e-07,3.6769688623161504e-05,8.139318894783225e-05,2.082949699644363e-07,3.755480242445994e-05,8.322852425713447e-05,0.7
1.3669090696044348e-07,3.075360889471726e-05,6.744297073625139e-05,1.435639311113019e-07,3.1479559751727094e-05,6.91154834832986e-05,1.5069282217627073e-07,3.221302291564751e-05,7.080836859349027e-05,1.580838440086845e-07,3.295396494228068e-05,7.252162061427269e-05,1.6574333567093694e-07,3.370235240380625e-05,7.425523402750826e-05,1.7367771140862816e-07,3.445815188891568e-05,7.600920324949396e-05,1.8189346062440413e-07,3.5221330002946756e-05,7.778352263098002e-05,1.9039714785149013e-07,3.5991853368017704e-05,7.957818645718846e-05,1.9919541272691623e-07,3.6769688623161504e-05,8.139318894783225e-05,2.082949699644363e-07,3.755480242445994e-05,8.322852425713447e-05,0.7
1.3669090696044348e-07,3.075360889471726e-05,6.744297073625139e-05,1.435639311113019e-07,3.1479559751727094e-05,6.91154834832986e-05,1.5069282217627073e-07,3.221302291564751e-05,7.080836859349027e-05,1.580838440086845e-07,3.295396494228068e-05,7.252162061427269e-05,1.6574333567093694e-07,3.370235240380625e-05,7.425523402750826e-05,1.7367771140862816e-07,3.445815188891568e-05,7.600920324949396e-05,1.8189346062440413e-07,3.5221330002946756e-05,7.778352263098002e-05,1.9039714785149013e-07,3.5991853368017704e-05,7.957818645718846e-05,1.9919541272691623e-07,3.6769688623161504e-05,8.139318894783225e-05,2.082949699644363e-07,3.755480242445994e-05,8.322852425713447e-05,0.7
1.3669090696044348e-07,3.075360889471726e-05,6.744297073625139e-05,1.435639311113019e-07,3.1479559751727094e-05,6.91154834832986e-05,1.5069282217627073e-07,3.221302291564751e-05,7.080836859349027e-05,1.580838440086845e-07,3.295396494228068e-05,7.252162061427269e-05,1.6574333567093694e-07,3.370235240380625e-05,7.425523402750826e-05,1.7367771140862816e-07,3.445815188891568e-05,7.600920324949396e-05,1.8189346062440413e-07,3.5221330002946756e-05,7.778352263098002e-05,1.9039714785149013e-07,3.5991853368017704e-05,7.957818645718846e-05,1.9919541272691623e-07,3.6769688623161504e-05,8.139318894783225e-05,2.082949699644363e-07,3.755480242445994e-05,8.322852425713447e-05,0.7
1.3669090696044348e-07,3.075360889471726e-05,6.744297073625139e-05,1.435639311113019e-07,3.1479559751727094e-05,6.91154834832986e-05,1.5069282217627073e-07,3.221302291564751e-05,7.080836859349027e-05,1.580838440086845e-07,3.295396494228068e-05,7.252162061427269e-05,1.6574333567093694e-07,3.370235240380625e-05,7.425523402750826e-05,1.7367771140862816e-07,3.445815188891568e-05,7.600920324949396e-05,1.8189346062440413e-07,3.5221330002946756e-05,7.778352263098002e-05,1.9039714785149013e-07,3.5991853368017704e-05,7.957818645718846e-05,1.9919541272691623e-07,3.6769688623161504e-05,8.139318894783225e-05,2.082949699644363e-07,3.755480242445994e-05,8.322852425713447e-05,0.7
1.3669090696044348e-07,3.075360889471726e-05,6.744297073625139e-05,1.435639311113019e-07,3.1479559751727094e-05,6.91154834832986e-05,1.5069282217627073e-07,3.221302291564751e-05,7.080836859349027e-05,1.580838440086845e-07,3.295396494228068e-05,7.252162061427269e-05,1.6574333567093694e-07,3.370235240380625e-05,7.425523402750826e-05,1.7367771140862816e-07,3.445815188891568e-05,7.600920324949396e-05,1.8189346062440413e-07,3.5221330002946756e-05,7.778352263098002e-05,1.9039714785149013e-07,3.5991853368017704e-05,7.957818645718846e-05,1.9919541272691623e-07,3.6769688623161504e-05,8.139318894783225e-05,2.082949699644363e-07,3.755480242445994e-05,8.322852425713447e-05,0.7
1.3669090696044348e-07,3.075360889471726e-05,6.744297073625139e-05,1.435639311113019e-07,3.1479559751727094e-05,6.91154834832986e-05,1.5069282217627073e-07,3.221302291564751e-05,7.080836859349027e-05,1.580838440086845e-07,3.295396494228068e-05,7.252162061427269e-05,1.6574333567093694e-07,3.370235240380625e-05,7.425523402750826e-05,1.7367771140862816e-07,3.445815188891568e-05,7.600920324949396e-05,1.8189346062440413e-07,3.5221330002946756e-05,7.778352263098002e-05,1.9039714785149013e-07,3.5991853368017704e-05,7.957818645718846e-05,1.9919541272691623e-07,3.6769688623161504e-05,8.139318894783225e-05,2.082949699644363e-07,3.755480242445994e-05,8.322852425713447e-05,0.7
1.3669090696044348e-07,3.075360889471726e-05,6.744297073625139e-05,1.435639311113019e-07,3.1479559751727094e-05,6.91154834832986e-05,1.5069282217627073e-07,3.221302291564751e-05,7.080836859349027e-05,1.580838440086845e-07,3.295396494228068e-05,7.252162061427269e-05,1.6574333567093694e-07,3.370235240380625e-05,7.425523402750826e-05,1.7367771140862816e-07,3.445815188891568e-05,7.600920324949396e-05,1.8189346062440413e-07,3.5221330002946756e-05,7.778352263098002e-05,1.9039714785149013e-07,3.5991853368017704e-05,7.957818645718846e-05,1.9919541272691623e-07,3.6769688623161504e-05,8.139318894783225e-05,2.082949699644363e-07,3.755480242445994e-05,8.322852425713447e-05,0.7
1.3669090696044348e-07,3.075360889471726e-05,6.744297073625139e-05,1.435639311113019e-07,3.1479559751727094e-05,6.91154834832986e-05,1.5069282217627073e-07,3.221302291564751e-05,7.080836859349027e-05,1.580838440086845e-07,3.295396494228068e-05,7.252162061427269e-05,1.6574333567093694e-07,3.370235240380625e-05,7.425523402750826e-05,1.7367771140862816e-07,3.445815188891568e-05,7.600920324949396e-05,1.8189346062440413e-07,3.5221330002946756e-05,7.778352263098002e-05,1.9039714785149013e-07,3.5991853368017704e-05,7.957818645718846e-05,1.9919541272691623e-07,3.6769688623161504e-05,8.139318894783225e-05,2.082949699644363e-07,3.755480242445994e-05,8.322852425713447e-05,0.7
1.3669090696044348e-07,3.075360889471726e-05,6.744297073625139e-05,1.435639311113019e-07,3.1479559751727094e-05,6.91154834832986e-05,1.5069282217627073e-07,3.221302291564751e-05,7.080836859349027e-05,1.580838440086845e-07,3.295396494228068e-05,7.252162061427269e-05,1.6574333567093694e-07,3.370235240380625e-05,7.425523402750826e-05,1.7367771140862816e-07,3.445815188891568e-05,7.600920324949396e-05,1.8189346062440413e-07,3.5221330002946756e-05,7.778352263098002e-05,1.9039714785149013e-07,3.5991853368017704e-05,7.957818645718846e-05,1.9919541272691623e-07,3.6769688623161504e-05,8.139318894783225e-05,2.082949699644363e-07,3.755480242445994e-05,8.322852425713447e-05,0.7
1.3669090696044348e-07,3.075360889471726e-05,6.744297073625139e-05,1.435639311113019e-07,3.1479559751727094e-05,6.91154834832986e-05,1.5069282217627073e-07,3.221302291564751e-05,7.080836859349027e-05,1.580838440086845e-07,3.295396494228068e-05,7.252162061427269e-05,1.6574333567093694e-07,3.370235240380625e-05,7.425523402750826e-05,1.7367771140862816e-07,3.445815188891568e-05,7.600920324949396e-05,1.8189346062440413e-07,3.5221330002946756e-05,7.778352263098002e-05,1.9039714785149013e-07,3.5991853368017704e-05,7.957818645718846e-05,1.9919541272691623e-07,3.6769688623161504e-05,8.139318894783225e-05,2.082949699644363e-07,3.755480242445994e-05,8.322852425713447e-05,0.7
1.3669090696044348e-07,3.075360889471726e-05,6.744297073625139e-05,1.435639311113019e-07,3.1479559751727094e-05,6.91154834832986e-05,1.5069282217627073e-07,3.221302291564751e-05,7.080836859349027e-05,1.580838440086845e-07,3.295396494228068e-05,7.252162061427269e-05,1.6574333567093694e-07,3.370235240380625e-05,7.425523402750826e-05,1.7367771140862816e-07,3.445815188891568e-05,7.600920324949396e-05,1.8189346062440413e-07,3.5221330002946756e-05,7.778352263098002e-05,1.9039714785149013e-07,3.5991853368017704e-05,7.957818645718846e-05,1.9919541272691623e-07,3.6769688623161504e-05,8.139318894783225e-05,2.082949699644363e-07,3.755480242445994e-05,8.322852425713447e-05,0.7
1.3669090696044348e-07,3.075360889471726e-05,6.744297073625139e-05,1.435639311113019e-07,3.1479559751727094e-05,6.91154834832986e-05,1.5069282217627073e-07,3.221302291564751e-05,7.080836859349027e-05,1.580838440086845e-07,3.295396494228068e-05,7.252162061427269e-05,1.6574333567093694e-07,3.370235240380625e-05,7.425523402750826e-05,1.7367771140862816e-07,3.445815188891568e-05,7.600920324949396e-05,1.8189346062440413e-07,3.5221330002946756e-05,7.778352263098002e-05,1.9039714785149013e-07,3.5991853368017704e-05,7.957818645718846e-05,1.9919541272691623e-07,3.6769688623161504e-05,8.139318894783225e-05,2.082949699644363e-07,3.755480242445994e-05,8.322852425713447e-05,0.7
1.3669090696044348e-07,3.075360889471726e-05,6.744297073625139e-05,1.435639311113019e-07,3.1479559751727094e-05,6.91154834832986e-05,1.5069282217627073e-07,3.221302291564751e-05,7.080836859349027e-05,1.580838440086845e-07,3.295396494228068e-05,7.252162061427269e-05,1.6574333567093694e-07,3.370235240380625e-05,7.425523402750826e-05,1.7367771140862816e-07,3.445815188891568e-05,7.600920324949396e-05,1.8189346062440413e-07,3.5221330002946756e-05,7.778352263098002e-05,1.9039714785149013e-07,3.5991853368017704e-05,7.957818645718846e-05,1.9919541272691623e-07,3.6769688623161504e-05,8.139318894783225e-05,2.082949699644363e-07,3.755480242445994e-05,8.322852425713447e-05,0.7
1.3669090696044348e-07,3.075360889471726e-05,6.744297073625139e-05,1.435639311113019e-07,3.1479559751727094e-05,6.91154834832986e-05,1.5069282217627073e-07,3.221302291564751e-05,7.080836859349027e-05,1.580838440086845e-07,3.295396494228068e-05,7.252162061427269e-05,1.6574333567093694e-07,3.370235240380625e-05,7.425523402750826e-05,1.7367771140862816e-07,3.445815188891568e-05,7.600920324949396e-05,1.8189346062440413e-07,3.5221330002946756e-05,7.778352263098002e-05,1.9039714785149013e-07,3.5991853368017704e-05,7.957818645718846e-05,1.9919541272691623e-07,3.6769688623161504e-05,8.139318894783225e-05,2.082949699644363e-07,3.755480242445994e-05,8.322852425713447e-05,0.7
1.3669090696044348e-07,3.075360889471726e-05,6.744297073625139e-05,1.435639311113019e-07,3.1479559751727094e-05,6.91154834832986e-05,1.5069282217627073e-07,3.221302291564751e-05,7.080836859349027e-05,1.580838440086845e-07,3.295396494228068e-05,7.252162061427269e-05,1.6574333567093694e-07,3.370235240380625e-05,7.425523402750826e-05,1.7367771140862816e-07,3.445815188891568e-05,7.600920324949396e-05,1.8189346062440413e-07,3.5221330002946756e-05,7.778352263098002e-05,1.9039714785149013e-07,3.5991853368017704e-05,7.957818645718846e-05,1.9919541272691623e-07,3.6769688623161504e-05,8.139318894783225e-05,2.082949699644363e-07,3.755480242445994e-05,8.322852425713447e-05,0.7
1.3669090696044348e-07,3.075360889471726e-05,6.744297073625139e-05,1.435639311113019e-07,3.1479559751727094e-05,6.91154834832986e-05,1.5069282217627073e-07,3.221302291564751e-05,7.080836859349027e-05,1.580838440086845e-07,3.295396494228068e-05,7.252162061427269e-05,1.6574333567093694e-07,3.370235240380625e-05,7.425523402750826e-05,1.7367771140862816e-07,3.445815188891568e-05,7.600920324949396e-05,1.8189346062440413e-07,3.5221330002946756e-05,7.778352263098002e-05,1.9039714785149013e-07,3.5991853368017704e-05,7.957818645718846e-05,1.9919541272691623e-07,3.6769688623161504e-05,8.139318894783225e-05,2.082949699644363e-07,3.755480242445994e-05,8.322852425713447e-05,0.7
1.3669090696044348e-07,3.075360889471726e-05,6.744297073625139e-05,1.435639311113019e-07,3.1479559751727094e-05,6.91154834832986e-05,1.5069282217627073e-07,3.221302291564751e-05,7.080836859349027e-05,1.580838440086845e-07,3.295396494228068e-05,7.252162061427269e-05,1.6574333567093694e-07,3.370235240380625e-05,7.425523402750826e-05,1.7367771140862816e-07,3.445815188891568e-05,7.600920324949396e-05,1.8189346062440413e-07,3.5221330002946756e-05,7.778352263098002e-05,1.9039714785149013e-07,3.5991853368017704e-05,7.957818645718846e-05,1.9919541272691623e-07,3.6769688623161504e-05,8.139318894783225e-05,2.082949699644363e-07,3.755480242445994e-05,8.322852425713447e-05,0.7
1.3669090696044348e-07,3.075360889471726e-05,6.744297073625139e-05,1.435639311113019e-07,3.1479559751727094e-05,6.91154834832986e-05,1.5069282217627073e-07,3.221302291564751e-05,7.080836859349027e-05,1.580838440086845e-07,3.295396494228068e-05,7.252162061427269e-05,1.6574333567093694e-07,3.370235240380625e-05,7.425523402750826e-05,1.7367771140862816e-07,3.445815188891568e-05,7.600920324949396e-05,1.8189346062440413e-07,3.5221330002946756e-05,7.778352263098002e-05,1.9039714785149013e-07,3.5991853368017704e-05,7.957818645718846e-05,1.9919541272691623e-07,3.6769688623161504e-05,8.139318894783225e-05,2.082949699644363e-07,3.755480242445994e-05,8.322852425713447e-05,0.7
1.3669090696044348e-07,3.075360889471726e-05,6.744297073625139e-05,1.435639311113019e-07,3.1479559751727094e-05,6.91154834832986e-05,1.5069282217627073e-07,3.221302291564751e-05,7.080836859349027e-05,1.580838440086845e-07,3.295396494228068e-05,7.252162061427269e-05,1.6574333567093694e-07,3.370235240380625e-05,7.425523402750826e-05,1.7367771140862816e-07,3.445815188891568e-05,7.600920324949396e-05,1.8189346062440413e-07,3.5221330002946756e-05,7.778352263098002e-05,1.9039714785149013e-07,3.5991853368017704e-05,7.957818645718846e-05,1.9919541272691623e-07,3.6769688623161504e-05,8.139318894783225e-05,2.082949699644363e-07,3.755480242445994e-05,8.322852425713447e-05,0.7
1.3669090696044348e-07,3.075360889471726e-05,6.744297073625139e-05,1.435639311113019e-07,3.1479559751727094e-05,6.91154834832986e-05,1.5069282217627073e-07,3.221302291564751e-05,7.080836859349027e-05,1.580838440086845e-07,3.295396494228068e-05,7.252162061427269e-05,1.6574333567093694e-07,3.370235240380625e-05,7.425523402750826e-05,1.7367771140862816e-07,3.445815188891568e-05,7.600920324949396e-05,1.8189346062440413e-07,3.5221330002946756e-05,7.778352263098002e-05,1.9039714785149013e-07,3.5991853368017704e-05,7.957818645718846e-05,1.9919541272691623e-07,3.6769688623161504e-05,8.139318894783225e-05,2.082949699644363e-07,3.755480242445994e-05,8.322852425713447e-05,0.7
1.3669090696044348e-07,3.075360889471726e-05,6.744297073625139e-05,1.435639311113019e-07,3.1479559751727094e-05,6.91154834832986e-05,1.5069282217627073e-07,3.221302291564751e-05,7.080836859349027e-05,1.580838440086845e-07,3.295396494228068e-05,7.252162061427269e-05,1.6574333567093694e-07,3.370235240380625e-05,7.425523402750826e-05,1.7367771140862816e-07,3.445815188891568e-05,7.600920324949396e-05,1.8189346062440413e-07,3.5221330002946756e-05,7.778352263098002e-05,1.9039714785149013e-07,3.5991853368017704e-05,7.957818645718846e-05,1.9919541272691623e-07,3.6769688623161504e-05,8.139318894783225e-05,2.082949699644363e-07,3.755480242445994e-05,8.322852425713447e-05,0.7
1.3669090696044348e-07,3.075360889471726e-05,6.744297073625139e-05,1.435639311113019e-07,3.1479559751727094e-05,6.91154834832986e-05,1.5069282217627073e-07,3.221302291564751e-05,7.080836859349027e-05,1.580838440086845e-07,3.295396494228068e-05,7.252162061427269e-05,1.6574333567093694e-07,3.370235240380625e-05,7.425523402750826e-05,1.7367771140862816e-07,3.445815188891568e-05,7.600920324949396e-05,1.8189346062440413e-07,3.5221330002946756e-05,7.778352263098002e-05,1.9039714785149013e-07,3.5991853368017704e-05,7.957818645718846e-05,1.9919541272691623e-07,3.6769688623161504e-05,8.139318894783225e-05,2.082949699644363e-07,3.755480242445994e-05,8.322852425713447e-05,0.7
1.3669090696044348e-07,3.075360889471726e-05,6.744297073625139e-05,1.435639311113019e-07,3.1479559751727094e-05,6.91154834832986e-05,1.5069282217627073e-07,3.221302291564751e-05,7.080836859349027e-05,1.580838440086845e-07,3.295396494228068e-05,7.252162061427269e-05,1.6574333567093694e-07,3.370235240380625e-05,7.425523402750826e-05,1.7367771140862816e-07,3.445815188891568e-05,7.600920324949396e-05,1.8189346062440413e-07,3.5221330002946756e-05,7.778352263098002e-05,1.9039714785149013e-07,3.5991853368017704e-05,7.957818645718846e-05,1.9919541272691623e-07,3.6769688623161504e-05,8.139318894783225e-05,2.082949699644363e-07,3.755480242445994e-05,8.322852425713447e-05,0.7
1.3669090696044348e-07,3.075360889471726e-05,6.744297073625139e-05,1.435639311113019e-07,3.1479559751727094e-05,6.91154834832986e-05,1.5069282217627073e-07,3.221302291564751e-05,7.080836859349027e-05,1.580838440086845e-07,3.295396494228068e-05,7.252162061427269e-05,1.6574333567093694e-07,3.370235240380625e-05,7.425523402750826e-05,1.7367771140862816e-07,3.445815188891568e-05,7.600920324949396e-05,1.8189346062440413e-07,3.5221330002946756e-05,7.778352263098002e-05,1.9039714785149013e-07,3.5991853368017704e-05,7.957818645718846e-05,1.9919541272691623e-07,3.6769688623161504e-05,8.139318894783225e-05,2.082949699644363e-07,3.755480242445994e-05,8.322852425713447e-05,0.7
1.3669090696044348e-07,3.075360889471726e-05,6.744297073625139e-05,1.435639311113019e-07,3.1479559751727094e-05,6.91154834832986e-05,1.5069282217627073e-07,3.221302291564751e-05,7.080836859349027e-05,1.580838440086845e-07,3.295396494228068e-05,7.252162061427269e-05,1.6574333567093694e-07,3.370235240380625e-05,7.425523402750826e-05,1.7367771140862816e-07,3.445815188891568e-05,7.600920324949396e-05,1.8189346062440413e-07,3.5221330002946756e-05,7.778352263098002e-05,1.9039714785149013e-07,3.5991853368017704e-05,7.957818645718846e-05,1.9919541272691623e-07,3.6769688623161504e-05,8.139318894783225e-05,2.082949699644363e-07,3.755480242445994e-05,8.322852425713447e-05,0.7
1.3669090696044348e-07,3.075360889471726e-05,6.744297073625139e-05,1.435639311113019e-07,3.1479559751727094e-05,6.91154834832986e-05,1.5069282217627073e-07,3.221302291564751e-05,7.080836859349027e-05,1.580838440086845e-07,3.295396494228068e-05,7.252162061427269e-05,1.6574333567093694e-07,3.370235240380625e-05,7.425523402750826e-05,1.7367771140862816e-07,3.445815188891568e-05,7.600920324949396e-05,1.8189346062440413e-07,3.5221330002946756e-05,7.778352263098002e-05,1.9039714785149013e-07,3.5991853368017704e-05,7.957818645718846e-05,1.9919541272691623e-07,3.6769688623161504e-05,8.139318894783225e-05,2.082949699644363e-07,3.755480242445994e-05,8.322852425713447e-05,0.7
1.3669090696044348e-07,3.075360889471726e-05,6.744297073625139e-05,1.435639311113019e-07,3.1479559751727094e-05,6.91154834832986e-05,1.5069282217627073e-07,3.221302291564751e-05,7.080836859349027e-05,1.580838440086845e-07,3.295396494228068e-05,7.252162061427269e-05,1.6574333567093694e-07,3.370235240380625e-05,7.425523402750826e-05,1.7367771140862816e-07,3.445815188891568e-05,7.600920324949396e-05,1.8189346062440413e-07,3.5221330002946756e-05,7.778352263098002e-05,1.9039714785149013e-07,3.5991853368017704e-05,7.957818645718846e-05,1.9919541272691623e-07,3.6769688623161504e-05,8.139318894783225e-05,2.082949699644363e-07,3.755480242445994e-05,8.322852425713447e-05,0.7
1.3669090696044348e-07,3.075360889471726e-05,6.744297073625139e-05,1.435639311113019e-07,3.1479559751727094e-05,6.91154834832986e-05,1.5069282217627073e-07,3.221302291564751e-05,7.080836859349027e-05,1.580838440086845e-07,3.295396494228068e-05,7.252162061427269e-05,1.6574333567093694e-07,3.370235240380625e-05,7.425523402750826e-05,1.7367771140862816e-07,3.445815188891568e-05,7.600920324949396e-05,1.8189346062440413e-07,3.5221330002946756e-05,7.778352263098002e-05,1.9039714785149013e-07,3.5991853368017704e-05,7.957818645718846e-05,1.9919541272691623e-07,3.6769688623161504e-05,8.139318894783225e-05,2.082949699644363e-07,3.755480242445994e-05,8.322852425713447e-05,0.7
1.3669090696044348e-07,3.075360889471726e-05,6.744297073625139e-05,1.435639311113019e-07,3.1479559751727094e-05,6.91154834832986e-05,1.5069282217627073e-07,3.221302291564751e-05,7.080836859349027e-05,1.580838440086845e-07,3.295396494228068e-05,7.252162061427269e-05,1.6574333567093694e-07,3.370235240380625e-05,7.425523402750826e-05,1.7367771140862816e-07,3.445815188891568e-05,7.600920324949396e-05,1.8189346062440413e-07,3.5221330002946756e-05,7.778352263098002e-05,1.9039714785149013e-07,3.5991853368017704e-05,7.957818645718846e-05,1.9919541272691623e-07,3.6769688623161504e-05,8.139318894783225e-05,2.082949699644363e-07,3.755480242445994e-05,8.322852425713447e-05,0.7
1.3669090696044348e-07,3.075360889471726e-05,6.744297073625139e-05,1.435639311113019e-07,3.1479559751727094e-05,6.91154834832986e-05,1.5069282217627073e-07,3.221302291564751e-05,7.080836859349027e-05,1.580838440086845e-07,3.295396494228068e-05,7.252162061427269e-05,1.6574333567093694e-07,3.370235240380625e-05,7.425523402750826e-05,1.7367771140862816e-07,3.445815188891568e-05,7.600920324949396e-05,1.8189346062440413e-07,3.5221330002946756e-05,7.778352263098002e-05,1.9039714785149013e-07,3.5991853368017704e-05,7.957818645718846e-05,1.9919541272691623e-07,3.6769688623161504e-05,8.139318894783225e-05,2.082949699644363e-07,3.755480242445994e-05,8.322852425713447e-05,0.7
1.3669090696044348e-07,3.075360889471726e-05,6.744297073625139e-05,1.435639311113019e-07,3.1479559751727094e-05,6.91154834832986e-05,1.5069282217627073e-07,3.221302291564751e-05,7.080836859349027e-05,1.580838440086845e-07,3.295396494228068e-05,7.252162061427269e-05,1.6574333567093694e-07,3.370235240380625e-05,7.425523402750826e-05,1.7367771140862816e-07,3.445815188891568e-05,7.600920324949396e-05,1.8189346062440413e-07,3.5221330002946756e-05,7.778352263098002e-05,1.9039714785149013e-07,3.5991853368017704e-05,7.957818645718846e-05,1.9919541272691623e-07,3.6769688623161504e-05,8.139318894783225e-05,2.082949699644363e-07,3.755480242445994e-05,8.322852425713447e-05,0.7
1.3669090696044348e-07,3.075360889471726e-05,6.744297073625139e-05,1.435639311113019e-07,3.1479559751727094e-05,6.91154834832986e-05,1.5069282217627073e-07,3.221302291564751e-05,7.080836859349027e-05,1.580838440086845e-07,3.295396494228068e-05,7.252162061427269e-05,1.6574333567093694e-07,3.370235240380625e-05,7.425523402750826e-05,1.7367771140862816e-07,3.445815188891568e-05,7.600920324949396e-05,1.8189346062440413e-07,3.5221330002946756e-05,7.778352263098002e-05,1.9039714785149013e-07,3.5991853368017704e-05,7.957818645718846e-05,1.9919541272691623e-07,3.6769688623161504e-05,8.139318894783225e-05,2.082949699644363e-07,3.755480242445994e-05,8.322852425713447e-05,0.7
1.3669090696044348e-07,3.075360889471726e-05,6.744297073625139e-05,1.435639311113019e-07,3.1479559751727094e-05,6.91154834832986e-05,1.5069282217627073e-07,3.221302291564751e-05,7.080836859349027e-05,1.580838440086845e-07,3.295396494228068e-05,7.252162061427269e-05,1.6574333567093694e-07,3.370235240380625e-05,7.425523402750826e-05,1.7367771140862816e-07,3.445815188891568e-05,7.600920324949396e-05,1.8189346062440413e-07,3.5221330002946756e-05,7.778352263098002e-05,1.9039714785149013e-07,3.5991853368017704e-05,7.957818645718846e-05,1.9919541272691623e-07,3.6769688623161504e-05,8.139318894783225e-05,2.082949699644363e-07,3.755480242445994e-05,8.322852425713447e-05,0.7
1.3669090696044348e-07,3.075360889471726e-05,6.744297073625139e-05,1.435639311113019e-07,3.1479559751727094e-05,6.91154834832986e-05,1.5069282217627073e-07,3.221302291564751e-05,7.080836859349027e-05,1.580838440086845e-07,3.295396494228068e-05,7.252162061427269e-05,1.6574333567093694e-07,3.370235240380625e-05,7.425523402750826e-05,1.7367771140862816e-07,3.445815188891568e-05,7.600920324949396e-05,1.8189346062440413e-07,3.5221330002946756e-05,7.778352263098002e-05,1.9039714785149013e-07,3.5991853368017704e-05,7.957818645718846e-05,1.9919541272691623e-07,3.6769688623161504e-05,8.139318894783225e-05,2.082949699644363e-07,3.755480242445994e-05,8.322852425713447e-05,0.7
1.3669090696044348e-07,3.075360889471726e-05,6.744297073625139e-05,1.435639311113019e-07,3.1479559751727094e-05,6.91154834832986e-05,1.5069282217627073e-07,3.221302291564751e-05,7.080836859349027e-05,1.580838440086845e-07,3.295396494228068e-05,7.252162061427269e-05,1.6574333567093694e-07,3.370235240380625e-05,7.425523402750826e-05,1.7367771140862816e-07,3.445815188891568e-05,7.600920324949396e-05,1.8189346062440413e-07,3.5221330002946756e-05,7.778352263098002e-05,1.9039714785149013e-07,3.5991853368017704e-05,7.957818645718846e-05,1.9919541272691623e-07,3.6769688623161504e-05,8.139318894783225e-05,2.082949699644363e-07,3.755480242445994e-05,8.322852425713447e-05,0.7
1.3669090696044348e-07,3.075360889471726e-05,6.744297073625139e-05,1.435639311113019e-07,3.1479559751727094e-05,6.91154834832986e-05,1.5069282217627073e-07,3.221302291564751e-05,7.080836859349027e-05,1.580838440086845e-07,3.295396494228068e-05,7.252162061427269e-05,1.6574333567093694e-07,3.370235240380625e-05,7.425523402750826e-05,1.7367771140862816e-07,3.445815188891568e-05,7.600920324949396e-05,1.8189346062440413e-07,3.5221330002946756e-05,7.778352263098002e-05,1.9039714785149013e-07,3.5991853368017704e-05,7.957818645718846e-05,1.9919541272691623e-07,3.6769688623161504e-05,8.139318894783225e-05,2.082949699644363e-07,3.755480242445994e-05,8.322852425713447e-05,0.7
1.3669090696044348e-07,3.075360889471726e-05,6.744297073625139e-05,1.435639311113019e-07,3.1479559751727094e-05,6.91154834832986e-05,1.5069282217627073e-07,3.221302291564751e-05,7.080836859349027e-05,1.580838440086845e-07,3.295396494228068e-05,7.252162061427269e-05,1.6574333567093694e-07,3.370235240380625e-05,7.425523402750826e-05,1.7367771140862816e-07,3.445815188891568e-05,7.600920324949396e-05,1.8189346062440413e-07,3.5221330002946756e-05,7.778352263098002e-05,1.9039714785149013e-07,3.5991853368017704e-05,7.957818645718846e-05,1.9919541272691623e-07,3.6769688623161504e-05,8.139318894783225e-05,2.082949699644363e-07,3.755480242445994e-05,8.322852425713447e-05,0.7
1.3669090696044348e-07,3.075360889471726e-05,6.744297073625139e-05,1.435639311113019e-07,3.1479559751727094e-05,6.91154834832986e-05,1.5069282217627073e-07,3.221302291564751e-05,7.080836859349027e-05,1.580838440086845e-07,3.295396494228068e-05,7.252162061427269e-05,1.6574333567093694e-07,3.370235240380625e-05,7.425523402750826e-05,1.7367771140862816e-07,3.445815188891568e-05,7.600920324949396e-05,1.8189346062440413e-07,3.5221330002946756e-05,7.778352263098002e-05,1.9039714785149013e-07,3.5991853368017704e-05,7.957818645718846e-05,1.9919541272691623e-07,3.6769688623161504e-05,8.139318894783225e-05,2.082949699644363e-07,3.755480242445994e-05,8.322852425713447e-05,0.7
1.3669090696044348e-07,3.075360889471726e-05,6.744297073625139e-05,1.435639311113019e-07,3.1479559751727094e-05,6.91154834832986e-05,1.5069282217627073e-07,3.221302291564751e-05,7.080836859349027e-05,1.580838440086845e-07,3.295396494228068e-05,7.252162061427269e-05,1.6574333567093694e-07,3.370235240380625e-05,7.425523402750826e-05,1.7367771140862816e-07,3.445815188891568e-05,7.600920324949396e-05,1.8189346062440413e-07,3.5221330002946756e-05,7.778352263098002e-05,1.9039714785149013e-07,3.5991853368017704e-05,7.957818645718846e-05,1.9919541272691623e-07,3.6769688623161504e-05,8.139318894783225e-05,2.082949699644363e-07,3.755480242445994e-05,8.322852425713447e-05,0.7
1.3669090696044348e-07,3.075360889471726e-05,6.744297073625139e-05,1.435639311113019e-07,3.1479559751727094e-05,6.91154834832986e-05,1.5069282217627073e-07,3.221302291564751e-05,7.080836859349027e-05,1.580838440086845e-07,3.295396494228068e-05,7.252162061427269e-05,1.6574333567093694e-07,3.370235240380625e-05,7.425523402750826e-05,1.7367771140862816e-07,3.445815188891568e-05,7.600920324949396e-05,1.8189346062440413e-07,3.5221330002946756e-05,7.778352263098002e-05,1.9039714785149013e-07,3.5991853368017704e-05,7.957818645718846e-05,1.9919541272691623e-07,3.6769688623161504e-05,8.139318894783225e-05,2.082949699644363e-07,3.755480242445994e-05,8.322852425713447e-05,0.7
1.3669090696044348e-07,3.075360889471726e-05,6.744297073625139e-05,1.435639311113019e-07,3.1479559751727094e-05,6.91154834832986e-05,1.5069282217627073e-07,3.221302291564751e-05,7.080836859349027e-05,1.580838440086845e-07,3.295396494228068e-05,7.252162061427269e-05,1.6574333567093694e-07,3.370235240380625e-05,7.425523402750826e-05,1.7367771140862816e-07,3.445815188891568e-05,7.600920324949396e-05,1.8189346062440413e-07,3.5221330002946756e-05,7.778352263098002e-05,1.9039714785149013e-07,3.5991853368017704e-05,7.957818645718846e-05,1.9919541272691623e-07,3.6769688623161504e-05,8.139318894783225e-05,2.082949699644363e-07,3.755480242445994e-05,8.322852425713447e-05,0.7
1.3669090696044348e-07,3.075360889471726e-05,6.744297073625139e-05,1.435639311113019e-07,3.1479559751727094e-05,6.91154834832986e-05,1.5069282217627073e-07,3.221302291564751e-05,7.080836859349027e-05,1.580838440086845e-07,3.295396494228068e-05,7.252162061427269e-05,1.6574333567093694e-07,3.370235240380625e-05,7.425523402750826e-05,1.7367771140862816e-07,3.445815188891568e-05,7.600920324949396e-05,1.8189346062440413e-07,3.5221330002946756e-05,7.778352263098002e-05,1.9039714785149013e-07,3.5991853368017704e-05,7.957818645718846e-05,1.9919541272691623e-07,3.6769688623161504e-05,8.139318894783225e-05,2.082949699644363e-07,3.755480242445994e-05,8.322852425713447e-05,0.7
1.3669090696044348e-07,3.075360889471726e-05,6.744297073625139e-05,1.435639311113019e-07,3.1479559751727094e-05,6.91154834832986e-05,1.5069282217627073e-07,3.221302291564751e-05,7.080836859349027e-05,1.580838440086845e-07,3.295396494228068e-05,7.252162061427269e-05,1.6574333567093694e-07,3.370235240380625e-05,7.425523402750826e-05,1.7367771140862816e-07,3.445815188891568e-05,7.600920324949396e-05,1.8189346062440413e-07,3.5221330002946756e-05,7.778352263098002e-05,1.9039714785149013e-07,3.5991853368017704e-05,7.957818645718846e-05,1.9919541272691623e-07,3.6769688623161504e-05,8.139318894783225e-05,2.082949699644363e-07,3.755480242445994e-05,8.322852425713447e-05,0.7
1.3669090696044348e-07,3.075360889471726e-05,6.744297073625139e-05,1.435639311113019e-07,3.1479559751727094e-05,6.91154834832986e-05,1.5069282217627073e-07,3.221302291564751e-05,7.080836859349027e-05,1.580838440086845e-07,3.295396494228068e-05,7.252162061427269e-05,1.6574333567093694e-07,3.370235240380625e-05,7.425523402750826e-05,1.7367771140862816e-07,3.445815188891568e-05,7.600920324949396e-05,1.8189346062440413e-07,3.5221330002946756e-05,7.778352263098002e-05,1.9039714785149013e-07,3.5991853368017704e-05,7.957818645718846e-05,1.9919541272691623e-07,3.6769688623161504e-05,8.139318894783225e-05,2.082949699644363e-07,3.755480242445994e-05,8.322852425713447e-05,0.7
1.3669090696044348e-07,3.075360889471726e-05,6.744297073625139e-05,1.435639311113019e-07,3.1479559751727094e-05,6.91154834832986e-05,1.5069282217627073e-07,3.221302291564751e-05,7.080836859349027e-05,1.580838440086845e-07,3.295396494228068e-05,7.252162061427269e-05,1.6574333567093694e-07,3.370235240380625e-05,7.425523402750826e-05,1.7367771140862816e-07,3.445815188891568e-05,7.600920324949396e-05,1.8189346062440413e-07,3.5221330002946756e-05,7.778352263098002e-05,1.9039714785149013e-07,3.5991853368017704e-05,7.957818645718846e-05,1.9919541272691623e-07,3.6769688623161504e-05,8.139318894783225e-05,2.082949699644363e-07,3.755480242445994e-05,8.322852425713447e-05,0.7
1.3669090696044348e-07,3.075360889471726e-05,6.744297073625139e-05,1.435639311113019e-07,3.1479559751727094e-05,6.91154834832986e-05,1.5069282217627073e-07,3.221302291564751e-05,7.080836859349027e-05,1.580838440086845e-07,3.295396494228068e-05,7.252162061427269e-05,1.6574333567093694e-07,3.370235240380625e-05,7.425523402750826e-05,1.7367771140862816e-07,3.445815188891568e-05,7.600920324949396e-05,1.8189346062440413e-07,3.5221330002946756e-05,7.778352263098002e-05,1.9039714785149013e-07,3.5991853368017704e-05,7.957818645718846e-05,1.9919541272691623e-07,3.6769688623161504e-05,8.139318894783225e-05,2.082949699644363e-07,3.755480242445994e-05,8.322852425713447e-05,0.7
1.3669090696044348e-07,3.075360889471726e-05,6.744297073625139e-05,1.435639311113019e-07,3.1479559751727094e-05,6.91154834832986e-05,1.5069282217627073e-07,3.221302291564751e-05,7.080836859349027e-05,1.580838440086845e-07,3.295396494228068e-05,7.252162061427269e-05,1.6574333567093694e-07,3.370235240380625e-05,7.425523402750826e-05,1.7367771140862816e-07,3.445815188891568e-05,7.600920324949396e-05,1.8189346062440413e-07,3.5221330002946756e-05,7.778352263098002e-05,1.9039714785149013e-07,3.5991853368017704e-05,7.957818645718846e-05,1.9919541272691623e-07,3.6769688623161504e-05,8.139318894783225e-05,2.082949699644363e-07,3.755480242445994e-05,8.322852425713447e-05,0.7
1.3669090696044348e-07,3.075360889471726e-05,6.744297073625139e-05,1.435639311113019e-07,3.1479559751727094e-05,6.91154834832986e-05,1.5069282217627073e-07,3.221302291564751e-05,7.080836859349027e-05,1.580838440086845e-07,3.295396494228068e-05,7.252162061427269e-05,1.6574333567093694e-07,3.370235240380625e-05,7.425523402750826e-05,1.7367771140862816e-07,3.445815188891568e-05,7.600920324949396e-05,1.8189346062440413e-07,3.5221330002946756e-05,7.778352263098002e-05,1.9039714785149013e-07,3.5991853368017704e-05,7.957818645718846e-05,1.9919541272691623e-07,3.6769688623161504e-05,8.139318894783225e-05,2.082949699644363e-07,3.755480242445994e-05,8.322852425713447e-05,0.7
1.3669090696044348e-07,3.075360889471726e-05,6.744297073625139e-05,1.435639311113019e-07,3.1479559751727094e-05,6.91154834832986e-05,1.5069282217627073e-07,3.221302291564751e-05,7.080836859349027e-05,1.580838440086845e-07,3.295396494228068e-05,7.252162061427269e-05,1.6574333567093694e-07,3.370235240380625e-05,7.425523402750826e-05,1.7367771140862816e-07,3.445815188891568e-05,7.600920324949396e-05,1.8189346062440413e-07,3.5221330002946756e-05,7.778352263098002e-05,1.9039714785149013e-07,3.5991853368017704e-05,7.957818645718846e-05,1.9919541272691623e-07,3.6769688623161504e-05,8.139318894783225e-05,2.082949699644363e-07,3.755480242445994e-05,8.322852425713447e-05,0.7
1.3669090696044348e-07,3.075360889471726e-05,6.744297073625139e-05,1.435639311113019e-07,3.1479559751727094e-05,6.91154834832986e-05,1.5069282217627073e-07,3.221302291564751e-05,7.080836859349027e-05,1.580838440086845e-07,3.295396494228068e-05,7.252162061427269e-05,1.6574333567093694e-07,3.370235240380625e-05,7.425523402750826e-05,1.7367771140862816e-07,3.445815188891568e-05,7.600920324949396e-05,1.8189346062440413e-07,3.5221330002946756e-05,7.778352263098002e-05,1.9039714785149013e-07,3.5991853368017704e-05,7.957818645718846e-05,1.9919541272691623e-07,3.6769688623161504e-05,8.139318894783225e-05,2.082949699644363e-07,3.755480242445994e-05,8.322852425713447e-05,0.7
1.3669090696044348e-07,3.075360889471726e-05,6.744297073625139e-05,1.435639311113019e-07,3.1479559751727094e-05,6.91154834832986e-05,1.5069282217627073e-07,3.221302291564751e-05,7.080836859349027e-05,1.580838440086845e-07,3.295396494228068e-05,7.252162061427269e-05,1.6574333567093694e-07,3.370235240380625e-05,7.425523402750826e-05,1.7367771140862816e-07,3.445815188891568e-05,7.600920324949396e-05,1.8189346062440413e-07,3.5221330002946756e-05,7.778352263098002e-05,1.9039714785149013e-07,3.5991853368017704e-05,7.957818645718846e-05,1.9919541272691623e-07,3.6769688623161504e-05,8.139318894783225e-05,2.082949699644363e-07,3.755480242445994e-05,8.322852425713447e-05,0.7
1.3669090696044348e-07,3.075360889471726e-05,6.744297073625139e-05,1.435639311113019e-07,3.1479559751727094e-05,6.91154834832986e-05,1.5069282217627073e-07,3.221302291564751e-05,7.080836859349027e-05,1.580838440086845e-07,3.295396494228068e-05,7.252162061427269e-05,1.6574333567093694e-07,3.370235240380625e-05,7.425523402750826e-05,1.7367771140862816e-07,3.445815188891568e-05,7.600920324949396e-05,1.8189346062440413e-07,3.5221330002946756e-05,7.778352263098002e-05,1.9039714785149013e-07,3.5991853368017704e-05,7.957818645718846e-05,1.9919541272691623e-07,3.6769688623161504e-05,8.139318894783225e-05,2.082949699644363e-07,3.755480242445994e-05,8.322852425713447e-05,0.7
1.3669090696044348e-07,3.075360889471726e-05,6.744297073625139e-05,1.435639311113019e-07,3.1479559751727094e-05,6.91154834832986e-05,1.5069282217627073e-07,3.221302291564751e-05,7.080836859349027e-05,1.580838440086845e-07,3.295396494228068e-05,7.252162061427269e-05,1.6574333567093694e-07,3.370235240380625e-05,7.425523402750826e-05,1.7367771140862816e-07,3.445815188891568e-05,7.600920324949396e-05,1.8189346062440413e-07,3.5221330002946756e-05,7.778352263098002e-05,1.9039714785149013e-07,3.5991853368017704e-05,7.957818645718846e-05,1.9919541272691623e-07,3.6769688623161504e-05,8.139318894783225e-05,2.082949699644363e-07,3.755480242445994e-05,8.322852425713447e-05,0.7
1.3669090696044348e-07,3.075360889471726e-05,6.744297073625139e-05,1.435639311113019e-07,3.1479559751727094e-05,6.91154834832986e-05,1.5069282217627073e-07,3.221302291564751e-05,7.080836859349027e-05,1.580838440086845e-07,3.295396494228068e-05,7.252162061427269e-05,1.6574333567093694e-07,3.370235240380625e-05,7.425523402750826e-05,1.7367771140862816e-07,3.445815188891568e-05,7.600920324949396e-05,1.8189346062440413e-07,3.5221330002946756e-05,7.778352263098002e-05,1.9039714785149013e-07,3.5991853368017704e-05,7.957818645718846e-05,1.9919541272691623e-07,3.6769688623161504e-05,8.139318894783225e-05,2.082949699644363e-07,3.755480242445994e-05,8.322852425713447e-05,0.7
1.3669090696044348e-07,3.075360889471726e-05,6.744297073625139e-05,1.435639311113019e-07,3.1479559751727094e-05,6.91154834832986e-05,1.5069282217627073e-07,3.221302291564751e-05,7.080836859349027e-05,1.580838440086845e-07,3.295396494228068e-05,7.252162061427269e-05,1.6574333567093694e-07,3.370235240380625e-05,7.425523402750826e-05,1.7367771140862816e-07,3.445815188891568e-05,7.600920324949396e-05,1.8189346062440413e-07,3.5221330002946756e-05,7.778352263098002e-05,1.9039714785149013e-07,3.5991853368017704e-05,7.957818645718846e-05,1.9919541272691623e-07,3.6769688623161504e-05,8.139318894783225e-05,2.082949699644363e-07,3.755480242445994e-05,8.322852425713447e-05,0.7
1.3669090696044348e-07,3.075360889471726e-05,6.744297073625139e-05,1.435639311113019e-07,3.1479559751727094e-05,6.91154834832986e-05,1.5069282217627073e-07,3.221302291564751e-05,7.080836859349027e-05,1.580838440086845e-07,3.295396494228068e-05,7.252162061427269e-05,1.6574333567093694e-07,3.370235240380625e-05,7.425523402750826e-05,1.7367771140862816e-07,3.445815188891568e-05,7.600920324949396e-05,1.8189346062440413e-07,3.5221330002946756e-05,7.778352263098002e-05,1.9039714785149013e-07,3.5991853368017704e-05,7.957818645718846e-05,1.9919541272691623e-07,3.6769688623161504e-05,8.139318894783225e-05,2.082949699644363e-07,3.755480242445994e-05,8.322852425713447e-05,0.7
1.3669090696044348e-07,3.075360889471726e-05,6.744297073625139e-05,1.435639311113019e-07,3.1479559751727094e-05,6.91154834832986e-05,1.5069282217627073e-07,3.221302291564751e-05,7.080836859349027e-05,1.580838440086845e-07,3.295396494228068e-05,7.252162061427269e-05,1.6574333567093694e-07,3.370235240380625e-05,7.425523402750826e-05,1.7367771140862816e-07,3.445815188891568e-05,7.600920324949396e-05,1.8189346062440413e-07,3.5221330002946756e-05,7.778352263098002e-05,1.9039714785149013e-07,3.5991853368017704e-05,7.957818645718846e-05,1.9919541272691623e-07,3.6769688623161504e-05,8.139318894783225e-05,2.082949699644363e-07,3.755480242445994e-05,8.322852425713447e-05,0.7
1.3669090696044348e-07,3.075360889471726e-05,6.744297073625139e-05,1.435639311113019e-07,3.1479559751727094e-05,6.91154834832986e-05,1.5069282217627073e-07,3.221302291564751e-05,7.080836859349027e-05,1.580838440086845e-07,3.295396494228068e-05,7.252162061427269e-05,1.6574333567093694e-07,3.370235240380625e-05,7.425523402750826e-05,1.7367771140862816e-07,3.445815188891568e-05,7.600920324949396e-05,1.8189346062440413e-07,3.5221330002946756e-05,7.778352263098002e-05,1.9039714785149013e-07,3.5991853368017704e-05,7.957818645718846e-05,1.9919541272691623e-07,3.6769688623161504e-05,8.139318894783225e-05,2.082949699644363e-07,3.755480242445994e-05,8.322852425713447e-05,0.7
1.3669090696044348e-07,3.075360889471726e-05,6.744297073625139e-05,1.435639311113019e-07,3.1479559751727094e-05,6.91154834832986e-05,1.5069282217627073e-07,3.221302291564751e-05,7.080836859349027e-05,1.580838440086845e-07,3.295396494228068e-05,7.252162061427269e-05,1.6574333567093694e-07,3.370235240380625e-05,7.425523402750826e-05,1.7367771140862816e-07,3.445815188891568e-05,7.600920324949396e-05,1.8189346062440413e-07,3.5221330002946756e-05,7.778352263098002e-05,1.9039714785149013e-07,3.5991853368017704e-05,7.957818645718846e-05,1.9919541272691623e-07,3.6769688623161504e-05,8.139318894783225e-05,2.082949699644363e-07,3.755480242445994e-05,8.322852425713447e-05,0.7
1.3669090696044348e-07,3.075360889471726e-05,6.744297073625139e-05,1.435639311113019e-07,3.1479559751727094e-05,6.91154834832986e-05,1.5069282217627073e-07,3.221302291564751e-05,7.080836859349027e-05,1.580838440086845e-07,3.295396494228068e-05,7.252162061427269e-05,1.6574333567093694e-07,3.370235240380625e-05,7.425523402750826e-05,1.7367771140862816e-07,3.445815188891568e-05,7.600920324949396e-05,1.8189346062440413e-07,3.5221330002946756e-05,7.778352263098002e-05,1.9039714785149013e-07,3.5991853368017704e-05,7.957818645718846e-05,1.9919541272691623e-07,3.6769688623161504e-05,8.139318894783225e-05,2.082949699644363e-07,3.755480242445994e-05,8.322852425713447e-05,0.7
1.3669090696044348e-07,3.075360889471726e-05,6.744297073625139e-05,1.435639311113019e-07,3.1479559751727094e-05,6.91154834832986e-05,1.5069282217627073e-07,3.221302291564751e-05,7.080836859349027e-05,1.580838440086845e-07,3.295396494228068e-05,7.252162061427269e-05,1.6574333567093694e-07,3.370235240380625e-05,7.425523402750826e-05,1.7367771140862816e-07,3.445815188891568e-05,7.600920324949396e-05,1.8189346062440413e-07,3.5221330002946756e-05,7.778352263098002e-05,1.9039714785149013e-07,3.5991853368017704e-05,7.957818645718846e-05,1.9919541272691623e-07,3.6769688623161504e-05,8.139318894783225e-05,2.082949699644363e-07,3.755480242445994e-05,8.322852425713447e-05,0.7
1.3669090696044348e-07,3.075360889471726e-05,6.744297073625139e-05,1.435639311113019e-07,3.1479559751727094e-05,6.91154834832986e-05,1.5069282217627073e-07,3.221302291564751e-05,7.080836859349027e-05,1.580838440086845e-07,3.295396494228068e-05,7.252162061427269e-05,1.6574333567093694e-07,3.370235240380625e-05,7.425523402750826e-05,1.7367771140862816e-07,3.445815188891568e-05,7.600920324949396e-05,1.8189346062440413e-07,3.5221330002946756e-05,7.778352263098002e-05,1.9039714785149013e-07,3.5991853368017704e-05,7.957818645718846e-05,1.9919541272691623e-07,3.6769688623161504e-05,8.139318894783225e-05,2.082949699644363e-07,3.755480242445994e-05,8.322852425713447e-05,0.7
1.3669090696044348e-07,3.075360889471726e-05,6.744297073625139e-05,1.435639311113019e-07,3.1479559751727094e-05,6.91154834832986e-05,1.5069282217627073e-07,3.221302291564751e-05,7.080836859349027e-05,1.580838440086845e-07,3.295396494228068e-05,7.252162061427269e-05,1.6574333567093694e-07,3.370235240380625e-05,7.425523402750826e-05,1.7367771140862816e-07,3.445815188891568e-05,7.600920324949396e-05,1.8189346062440413e-07,3.5221330002946756e-05,7.778352263098002e-05,1.9039714785149013e-07,3.5991853368017704e-05,7.957818645718846e-05,1.9919541272691623e-07,3.6769688623161504e-05,8.139318894783225e-05,2.082949699644363e-07,3.755480242445994e-05,8.322852425713447e-05,0.7
1.3669090696044348e-07,3.075360889471726e-05,6.744297073625139e-05,1.435639311113019e-07,3.1479559751727094e-05,6.91154834832986e-05,1.5069282217627073e-07,3.221302291564751e-05,7.080836859349027e-05,1.580838440086845e-07,3.295396494228068e-05,7.252162061427269e-05,1.6574333567093694e-07,3.370235240380625e-05,7.425523402750826e-05,1.7367771140862816e-07,3.445815188891568e-05,7.600920324949396e-05,1.8189346062440413e-07,3.5221330002946756e-05,7.778352263098002e-05,1.9039714785149013e-07,3.5991853368017704e-05,7.957818645718846e-05,1.9919541272691623e-07,3.6769688623161504e-05,8.139318894783225e-05,2.082949699644363e-07,3.755480242445994e-05,8.322852425713447e-05,0.7
1.3669090696044348e-07,3.075360889471726e-05,6.744297073625139e-05,1.435639311113019e-07,3.1479559751727094e-05,6.91154834832986e-05,1.5069282217627073e-07,3.221302291564751e-05,7.080836859349027e-05,1.580838440086845e-07,3.295396494228068e-05,7.252162061427269e-05,1.6574333567093694e-07,3.370235240380625e-05,7.425523402750826e-05,1.7367771140862816e-07,3.445815188891568e-05,7.600920324949396e-05,1.8189346062440413e-07,3.5221330002946756e-05,7.778352263098002e-05,1.9039714785149013e-07,3.5991853368017704e-05,7.957818645718846e-05,1.9919541272691623e-07,3.6769688623161504e-05,8.139318894783225e-05,2.082949699644363e-07,3.755480242445994e-05,8.322852425713447e-05,0.7
1.3669090696044348e-07,3.075360889471726e-05,6.744297073625139e-05,1.435639311113019e-07,3.1479559751727094e-05,6.91154834832986e-05,1.5069282217627073e-07,3.221302291564751e-05,7.080836859349027e-05,1.580838440086845e-07,3.295396494228068e-05,7.252162061427269e-05,1.6574333567093694e-07,3.370235240380625e-05,7.425523402750826e-05,1.7367771140862816e-07,3.445815188891568e-05,7.600920324949396e-05,1.8189346062440413e-07,3.5221330002946756e-05,7.778352263098002e-05,1.9039714785149013e-07,3.5991853368017704e-05,7.957818645718846e-05,1.9919541272691623e-07,3.6769688623161504e-05,8.139318894783225e-05,2.082949699644363e-07,3.755480242445994e-05,8.322852425713447e-05,0.7
1.3669090696044348e-07,3.075360889471726e-05,6.744297073625139e-05,1.435639311113019e-07,3.1479559751727094e-05,6.91154834832986e-05,1.5069282217627073e-07,3.221302291564751e-05,7.080836859349027e-05,1.580838440086845e-07,3.295396494228068e-05,7.252162061427269e-05,1.6574333567093694e-07,3.370235240380625e-05,7.425523402750826e-05,1.7367771140862816e-07,3.445815188891568e-05,7.600920324949396e-05,1.8189346062440413e-07,3.5221330002946756e-05,7.778352263098002e-05,1.9039714785149013e-07,3.5991853368017704e-05,7.957818645718846e-05,1.9919541272691623e-07,3.6769688623161504e-05,8.139318894783225e-05,2.082949699644363e-07,3.755480242445994e-05,8.322852425713447e-05,0.7
1.3669090696044348e-07,3.075360889471726e-05,6.744297073625139e-05,1.435639311113019e-07,3.1479559751727094e-05,6.91154834832986e-05,1.5069282217627073e-07,3.221302291564751e-05,7.080836859349027e-05,1.580838440086845e-07,3.295396494228068e-05,7.252162061427269e-05,1.6574333567093694e-07,3.370235240380625e-05,7.425523402750826e-05,1.7367771140862816e-07,3.445815188891568e-05,7.600920324949396e-05,1.8189346062440413e-07,3.5221330002946756e-05,7.778352263098002e-05,1.9039714785149013e-07,3.5991853368017704e-05,7.957818645718846e-05,1.9919541272691623e-07,3.6769688623161504e-05,8.139318894783225e-05,2.082949699644363e-07,3.755480242445994e-05,8.322852425713447e-05,0.7
1.3669090696044348e-07,3.075360889471726e-05,6.744297073625139e-05,1.435639311113019e-07,3.1479559751727094e-05,6.91154834832986e-05,1.5069282217627073e-07,3.221302291564751e-05,7.080836859349027e-05,1.580838440086845e-07,3.295396494228068e-05,7.252162061427269e-05,1.6574333567093694e-07,3.370235240380625e-05,7.425523402750826e-05,1.7367771140862816e-07,3.445815188891568e-05,7.600920324949396e-05,1.8189346062440413e-07,3.5221330002946756e-05,7.778352263098002e-05,1.9039714785149013e-07,3.5991853368017704e-05,7.957818645718846e-05,1.9919541272691623e-07,3.6769688623161504e-05,8.139318894783225e-05,2.082949699644363e-07,3.755480242445994e-05,8.322852425713447e-05,0.7
1.3669090696044348e-07,3.075360889471726e-05,6.744297073625139e-05,1.435639311113019e-07,3.1479559751727094e-05,6.91154834832986e-05,1.5069282217627073e-07,3.221302291564751e-05,7.080836859349027e-05,1.580838440086845e-07,3.295396494228068e-05,7.252162061427269e-05,1.6574333567093694e-07,3.370235240380625e-05,7.425523402750826e-05,1.7367771140862816e-07,3.445815188891568e-05,7.600920324949396e-05,1.8189346062440413e-07,3.5221330002946756e-05,7.778352263098002e-05,1.9039714785149013e-07,3.5991853368017704e-05,7.957818645718846e-05,1.9919541272691623e-07,3.6769688623161504e-05,8.139318894783225e-05,2.082949699644363e-07,3.755480242445994e-05,8.322852425713447e-05,0.7
1.3669090696044348e-07,3.075360889471726e-05,6.744297073625139e-05,1.435639311113019e-07,3.1479559751727094e-05,6.91154834832986e-05,1.5069282217627073e-07,3.221302291564751e-05,7.080836859349027e-05,1.580838440086845e-07,3.295396494228068e-05,7.252162061427269e-05,1.6574333567093694e-07,3.370235240380625e-05,7.425523402750826e-05,1.7367771140862816e-07,3.445815188891568e-05,7.600920324949396e-05,1.8189346062440413e-07,3.5221330002946756e-05,7.778352263098002e-05,1.9039714785149013e-07,3.5991853368017704e-05,7.957818645718846e-05,1.9919541272691623e-07,3.6769688623161504e-05,8.139318894783225e-05,2.082949699644363e-07,3.755480242445994e-05,8.322852425713447e-05,0.7
1.3669090696044348e-07,3.075360889471726e-05,6.744297073625139e-05,1.435639311113019e-07,3.1479559751727094e-05,6.91154834832986e-05,1.5069282217627073e-07,3.221302291564751e-05,7.080836859349027e-05,1.580838440086845e-07,3.295396494228068e-05,7.252162061427269e-05,1.6574333567093694e-07,3.370235240380625e-05,7.425523402750826e-05,1.7367771140862816e-07,3.445815188891568e-05,7.600920324949396e-05,1.8189346062440413e-07,3.5221330002946756e-05,7.778352263098002e-05,1.9039714785149013e-07,3.5991853368017704e-05,7.957818645718846e-05,1.9919541272691623e-07,3.6769688623161504e-05,8.139318894783225e-05,2.082949699644363e-07,3.755480242445994e-05,8.322852425713447e-05,0.7
1.3669090696044348e-07,3.075360889471726e-05,6.744297073625139e-05,1.435639311113019e-07,3.1479559751727094e-05,6.91154834832986e-05,1.5069282217627073e-07,3.221302291564751e-05,7.080836859349027e-05,1.580838440086845e-07,3.295396494228068e-05,7.252162061427269e-05,1.6574333567093694e-07,3.370235240380625e-05,7.425523402750826e-05,1.7367771140862816e-07,3.445815188891568e-05,7.600920324949396e-05,1.8189346062440413e-07,3.5221330002946756e-05,7.778352263098002e-05,1.9039714785149013e-07,3.5991853368017704e-05,7.957818645718846e-05,1.9919541272691623e-07,3.6769688623161504e-05,8.139318894783225e-05,2.082949699644363e-07,3.755480242445994e-05,8.322852425713447e-05,0.7
1.3669090696044348e-07,3.075360889471726e-05,6.744297073625139e-05,1.435639311113019e-07,3.1479559751727094e-05,6.91154834832986e-05,1.5069282217627073e-07,3.221302291564751e-05,7.080836859349027e-05,1.580838440086845e-07,3.295396494228068e-05,7.252162061427269e-05,1.6574333567093694e-07,3.370235240380625e-05,7.425523402750826e-05,1.7367771140862816e-07,3.445815188891568e-05,7.600920324949396e-05,1.8189346062440413e-07,3.5221330002946756e-05,7.778352263098002e-05,1.9039714785149013e-07,3.5991853368017704e-05,7.957818645718846e-05,1.9919541272691623e-07,3.6769688623161504e-05,8.139318894783225e-05,2.082949699644363e-07,3.755480242445994e-05,8.322852425713447e-05,0.7
1.3669090696044348e-07,3.075360889471726e-05,6.744297073625139e-05,1.435639311113019e-07,3.1479559751727094e-05,6.91154834832986e-05,1.5069282217627073e-07,3.221302291564751e-05,7.080836859349027e-05,1.580838440086845e-07,3.295396494228068e-05,7.252162061427269e-05,1.6574333567093694e-07,3.370235240380625e-05,7.425523402750826e-05,1.7367771140862816e-07,3.445815188891568e-05,7.600920324949396e-05,1.8189346062440413e-07,3.5221330002946756e-05,7.778352263098002e-05,1.9039714785149013e-07,3.5991853368017704e-05,7.957818645718846e-05,1.9919541272691623e-07,3.6769688623161504e-05,8.139318894783225e-05,2.082949699644363e-07,3.755480242445994e-05,8.322852425713447e-05,0.7
1.3669090696044348e-07,3.075360889471726e-05,6.744297073625139e-05,1.435639311113019e-07,3.1479559751727094e-05,6.91154834832986e-05,1.5069282217627073e-07,3.221302291564751e-05,7.080836859349027e-05,1.580838440086845e-07,3.295396494228068e-05,7.252162061427269e-05,1.6574333567093694e-07,3.370235240380625e-05,7.425523402750826e-05,1.7367771140862816e-07,3.445815188891568e-05,7.600920324949396e-05,1.8189346062440413e-07,3.5221330002946756e-05,7.778352263098002e-05,1.9039714785149013e-07,3.5991853368017704e-05,7.957818645718846e-05,1.9919541272691623e-07,3.6769688623161504e-05,8.139318894783225e-05,2.082949699644363e-07,3.755480242445994e-05,8.322852425713447e-05,0.7
1.3669090696044348e-07,3.075360889471726e-05,6.744297073625139e-05,1.435639311113019e-07,3.1479559751727094e-05,6.91154834832986e-05,1.5069282217627073e-07,3.221302291564751e-05,7.080836859349027e-05,1.580838440086845e-07,3.295396494228068e-05,7.252162061427269e-05,1.6574333567093694e-07,3.370235240380625e-05,7.425523402750826e-05,1.7367771140862816e-07,3.445815188891568e-05,7.600920324949396e-05,1.8189346062440413e-07,3.5221330002946756e-05,7.778352263098002e-05,1.9039714785149013e-07,3.5991853368017704e-05,7.957818645718846e-05,1.9919541272691623e-07,3.6769688623161504e-05,8.139318894783225e-05,2.082949699644363e-07,3.755480242445994e-05,8.322852425713447e-05,0.7
1.3669090696044348e-07,3.075360889471726e-05,6.744297073625139e-05,1.435639311113019e-07,3.1479559751727094e-05,6.91154834832986e-05,1.5069282217627073e-07,3.221302291564751e-05,7.080836859349027e-05,1.580838440086845e-07,3.295396494228068e-05,7.252162061427269e-05,1.6574333567093694e-07,3.370235240380625e-05,7.425523402750826e-05,1.7367771140862816e-07,3.445815188891568e-05,7.600920324949396e-05,1.8189346062440413e-07,3.5221330002946756e-05,7.778352263098002e-05,1.9039714785149013e-07,3.5991853368017704e-05,7.957818645718846e-05,1.9919541272691623e-07,3.6769688623161504e-05,8.139318894783225e-05,2.082949699644363e-07,3.755480242445994e-05,8.322852425713447e-05,0.7
1.3669090696044348e-07,3.075360889471726e-05,6.744297073625139e-05,1.435639311113019e-07,3.1479559751727094e-05,6.91154834832986e-05,1.5069282217627073e-07,3.221302291564751e-05,7.080836859349027e-05,1.580838440086845e-07,3.295396494228068e-05,7.252162061427269e-05,1.6574333567093694e-07,3.370235240380625e-05,7.425523402750826e-05,1.7367771140862816e-07,3.445815188891568e-05,7.600920324949396e-05,1.8189346062440413e-07,3.5221330002946756e-05,7.778352263098002e-05,1.9039714785149013e-07,3.5991853368017704e-05,7.957818645718846e-05,1.9919541272691623e-07,3.6769688623161504e-05,8.139318894783225e-05,2.082949699644363e-07,3.755480242445994e-05,8.322852425713447e-05,0.7
1.3669090696044348e-07,3.075360889471726e-05,6.744297073625139e-05,1.435639311113019e-07,3.1479559751727094e-05,6.91154834832986e-05,1.5069282217627073e-07,3.221302291564751e-05,7.080836859349027e-05,1.580838440086845e-07,3.295396494228068e-05,7.252162061427269e-05,1.6574333567093694e-07,3.370235240380625e-05,7.425523402750826e-05,1.7367771140862816e-07,3.445815188891568e-05,7.600920324949396e-05,1.8189346062440413e-07,3.5221330002946756e-05,7.778352263098002e-05,1.9039714785149013e-07,3.5991853368017704e-05,7.957818645718846e-05,1.9919541272691623e-07,3.6769688623161504e-05,8.139318894783225e-05,2.082949699644363e-07,3.755480242445994e-05,8.322852425713447e-05,0.7
1.3669090696044348e-07,3.075360889471726e-05,6.744297073625139e-05,1.435639311113019e-07,3.1479559751727094e-05,6.91154834832986e-05,1.5069282217627073e-07,3.221302291564751e-05,7.080836859349027e-05,1.580838440086845e-07,3.295396494228068e-05,7.252162061427269e-05,1.6574333567093694e-07,3.370235240380625e-05,7.425523402750826e-05,1.7367771140862816e-07,3.445815188891568e-05,7.600920324949396e-05,1.8189346062440413e-07,3.5221330002946756e-05,7.778352263098002e-05,1.9039714785149013e-07,3.5991853368017704e-05,7.957818645718846e-05,1.9919541272691623e-07,3.6769688623161504e-05,8.139318894783225e-05,2.082949699644363e-07,3.755480242445994e-05,8.322852425713447e-05,0.7
1.3669090696044348e-07,3.075360889471726e-05,6.744297073625139e-05,1.435639311113019e-07,3.1479559751727094e-05,6.91154834832986e-05,1.5069282217627073e-07,3.221302291564751e-05,7.080836859349027e-05,1.580838440086845e-07,3.295396494228068e-05,7.252162061427269e-05,1.6574333567093694e-07,3.370235240380625e-05,7.425523402750826e-05,1.7367771140862816e-07,3.445815188891568e-05,7.600920324949396e-05,1.8189346062440413e-07,3.5221330002946756e-05,7.778352263098002e-05,1.9039714785149013e-07,3.5991853368017704e-05,7.957818645718846e-05,1.9919541272691623e-07,3.6769688623161504e-05,8.139318894783225e-05,2.082949699644363e-07,3.755480242445994e-05,8.322852425713447e-05,0.7
1.3669090696044348e-07,3.075360889471726e-05,6.744297073625139e-05,1.435639311113019e-07,3.1479559751727094e-05,6.91154834832986e-05,1.5069282217627073e-07,3.221302291564751e-05,7.080836859349027e-05,1.580838440086845e-07,3.295396494228068e-05,7.252162061427269e-05,1.6574333567093694e-07,3.370235240380625e-05,7.425523402750826e-05,1.7367771140862816e-07,3.445815188891568e-05,7.600920324949396e-05,1.8189346062440413e-07,3.5221330002946756e-05,7.778352263098002e-05,1.9039714785149013e-07,3.5991853368017704e-05,7.957818645718846e-05,1.9919541272691623e-07,3.6769688623161504e-05,8.139318894783225e-05,2.082949699644363e-07,3.755480242445994e-05,8.322852425713447e-05,0.7
1.3669090696044348e-07,3.075360889471726e-05,6.744297073625139e-05,1.435639311113019e-07,3.1479559751727094e-05,6.91154834832986e-05,1.5069282217627073e-07,3.221302291564751e-05,7.080836859349027e-05,1.580838440086845e-07,3.295396494228068e-05,7.252162061427269e-05,1.6574333567093694e-07,3.370235240380625e-05,7.425523402750826e-05,1.7367771140862816e-07,3.445815188891568e-05,7.600920324949396e-05,1.8189346062440413e-07,3.5221330002946756e-05,7.778352263098002e-05,1.9039714785149013e-07,3.5991853368017704e-05,7.957818645718846e-05,1.9919541272691623e-07,3.6769688623161504e-05,8.139318894783225e-05,2.082949699644363e-07,3.755480242445994e-05,8.322852425713447e-05,0.7
1.3669090696044348e-07,3.075360889471726e-05,6.744297073625139e-05,1.435639311113019e-07,3.1479559751727094e-05,6.91154834832986e-05,1.5069282217627073e-07,3.221302291564751e-05,7.080836859349027e-05,1.580838440086845e-07,3.295396494228068e-05,7.252162061427269e-05,1.6574333567093694e-07,3.370235240380625e-05,7.425523402750826e-05,1.7367771140862816e-07,3.445815188891568e-05,7.600920324949396e-05,1.8189346062440413e-07,3.5221330002946756e-05,7.778352263098002e-05,1.9039714785149013e-07,3.5991853368017704e-05,7.957818645718846e-05,1.9919541272691623e-07,3.6769688623161504e-05,8.139318894783225e-05,2.082949699644363e-07,3.755480242445994e-05,8.322852425713447e-05,0.7
1.3669090696044348e-07,3.075360889471726e-05,6.744297073625139e-05,1.435639311113019e-07,3.1479559751727094e-05,6.91154834832986e-05,1.5069282217627073e-07,3.221302291564751e-05,7.080836859349027e-05,1.580838440086845e-07,3.295396494228068e-05,7.252162061427269e-05,1.6574333567093694e-07,3.370235240380625e-05,7.425523402750826e-05,1.7367771140862816e-07,3.445815188891568e-05,7.600920324949396e-05,1.8189346062440413e-07,3.5221330002946756e-05,7.778352263098002e-05,1.9039714785149013e-07,3.5991853368017704e-05,7.957818645718846e-05,1.9919541272691623e-07,3.6769688623161504e-05,8.139318894783225e-05,2.082949699644363e-07,3.755480242445994e-05,8.322852425713447e-05,0.7
1.3669090696044348e-07,3.075360889471726e-05,6.744297073625139e-05,1.435639311113019e-07,3.1479559751727094e-05,6.91154834832986e-05,1.5069282217627073e-07,3.221302291564751e-05,7.080836859349027e-05,1.580838440086845e-07,3.295396494228068e-05,7.252162061427269e-05,1.6574333567093694e-07,3.370235240380625e-05,7.425523402750826e-05,1.7367771140862816e-07,3.445815188891568e-05,7.600920324949396e-05,1.8189346062440413e-07,3.5221330002946756e-05,7.778352263098002e-05,1.9039714785149013e-07,3.5991853368017704e-05,7.957818645718846e-05,1.9919541272691623e-07,3.6769688623161504e-05,8.139318894783225e-05,2.082949699644363e-07,3.755480242445994e-05,8.322852425713447e-05,0.7
1.3669090696044348e-07,3.075360889471726e-05,6.744297073625139e-05,1.435639311113019e-07,3.1479559751727094e-05,6.91154834832986e-05,1.5069282217627073e-07,3.221302291564751e-05,7.080836859349027e-05,1.580838440086845e-07,3.295396494228068e-05,7.252162061427269e-05,1.6574333567093694e-07,3.370235240380625e-05,7.425523402750826e-05,1.7367771140862816e-07,3.445815188891568e-05,7.600920324949396e-05,1.8189346062440413e-07,3.5221330002946756e-05,7.778352263098002e-05,1.9039714785149013e-07,3.5991853368017704e-05,7.957818645718846e-05,1.9919541272691623e-07,3.6769688623161504e-05,8.139318894783225e-05,2.082949699644363e-07,3.755480242445994e-05,8.322852425713447e-05,0.7
1.3669090696044348e-07,3.075360889471726e-05,6.744297073625139e-05,1.435639311113019e-07,3.1479559751727094e-05,6.91154834832986e-05,1.5069282217627073e-07,3.221302291564751e-05,7.080836859349027e-05,1.580838440086845e-07,3.295396494228068e-05,7.252162061427269e-05,1.6574333567093694e-07,3.370235240380625e-05,7.425523402750826e-05,1.7367771140862816e-07,3.445815188891568e-05,7.600920324949396e-05,1.8189346062440413e-07,3.5221330002946756e-05,7.778352263098002e-05,1.9039714785149013e-07,3.5991853368017704e-05,7.957818645718846e-05,1.9919541272691623e-07,3.6769688623161504e-05,8.139318894783225e-05,2.082949699644363e-07,3.755480242445994e-05,8.322852425713447e-05,0.7
1.3669090696044348e-07,3.075360889471726e-05,6.744297073625139e-05,1.435639311113019e-07,3.1479559751727094e-05,6.91154834832986e-05,1.5069282217627073e-07,3.221302291564751e-05,7.080836859349027e-05,1.580838440086845e-07,3.295396494228068e-05,7.252162061427269e-05,1.6574333567093694e-07,3.370235240380625e-05,7.425523402750826e-05,1.7367771140862816e-07,3.445815188891568e-05,7.600920324949396e-05,1.8189346062440413e-07,3.5221330002946756e-05,7.778352263098002e-05,1.9039714785149013e-07,3.5991853368017704e-05,7.957818645718846e-05,1.9919541272691623e-07,3.6769688623161504e-05,8.139318894783225e-05,2.082949699644363e-07,3.755480242445994e-05,8.322852425713447e-05,0.7
1.3669090696044348e-07,3.075360889471726e-05,6.744297073625139e-05,1.435639311113019e-07,3.1479559751727094e-05,6.91154834832986e-05,1.5069282217627073e-07,3.221302291564751e-05,7.080836859349027e-05,1.580838440086845e-07,3.295396494228068e-05,7.252162061427269e-05,1.6574333567093694e-07,3.370235240380625e-05,7.425523402750826e-05,1.7367771140862816e-07,3.445815188891568e-05,7.600920324949396e-05,1.8189346062440413e-07,3.5221330002946756e-05,7.778352263098002e-05,1.9039714785149013e-07,3.5991853368017704e-05,7.957818645718846e-05,1.9919541272691623e-07,3.6769688623161504e-05,8.139318894783225e-05,2.082949699644363e-07,3.755480242445994e-05,8.322852425713447e-05,0.7
1.3669090696044348e-07,3.075360889471726e-05,6.744297073625139e-05,1.435639311113019e-07,3.1479559751727094e-05,6.91154834832986e-05,1.5069282217627073e-07,3.221302291564751e-05,7.080836859349027e-05,1.580838440086845e-07,3.295396494228068e-05,7.252162061427269e-05,1.6574333567093694e-07,3.370235240380625e-05,7.425523402750826e-05,1.7367771140862816e-07,3.445815188891568e-05,7.600920324949396e-05,1.8189346062440413e-07,3.5221330002946756e-05,7.778352263098002e-05,1.9039714785149013e-07,3.5991853368017704e-05,7.957818645718846e-05,1.9919541272691623e-07,3.6769688623161504e-05,8.139318894783225e-05,2.082949699644363e-07,3.755480242445994e-05,8.322852425713447e-05,0.7
1.3669090696044348e-07,3.075360889471726e-05,6.744297073625139e-05,1.435639311113019e-07,3.1479559751727094e-05,6.91154834832986e-05,1.5069282217627073e-07,3.221302291564751e-05,7.080836859349027e-05,1.580838440086845e-07,3.295396494228068e-05,7.252162061427269e-05,1.6574333567093694e-07,3.370235240380625e-05,7.425523402750826e-05,1.7367771140862816e-07,3.445815188891568e-05,7.600920324949396e-05,1.8189346062440413e-07,3.5221330002946756e-05,7.778352263098002e-05,1.9039714785149013e-07,3.5991853368017704e-05,7.957818645718846e-05,1.9919541272691623e-07,3.6769688623161504e-05,8.139318894783225e-05,2.082949699644363e-07,3.755480242445994e-05,8.322852425713447e-05,0.7
1.3669090696044348e-07,3.075360889471726e-05,6.744297073625139e-05,1.435639311113019e-07,3.1479559751727094e-05,6.91154834832986e-05,1.5069282217627073e-07,3.221302291564751e-05,7.080836859349027e-05,1.580838440086845e-07,3.295396494228068e-05,7.252162061427269e-05,1.6574333567093694e-07,3.370235240380625e-05,7.425523402750826e-05,1.7367771140862816e-07,3.445815188891568e-05,7.600920324949396e-05,1.8189346062440413e-07,3.5221330002946756e-05,7.778352263098002e-05,1.9039714785149013e-07,3.5991853368017704e-05,7.957818645718846e-05,1.9919541272691623e-07,3.6769688623161504e-05,8.139318894783225e-05,2.082949699644363e-07,3.755480242445994e-05,8.322852425713447e-05,0.7
1.3669090696044348e-07,3.075360889471726e-05,6.744297073625139e-05,1.435639311113019e-07,3.1479559751727094e-05,6.91154834832986e-05,1.5069282217627073e-07,3.221302291564751e-05,7.080836859349027e-05,1.580838440086845e-07,3.295396494228068e-05,7.252162061427269e-05,1.6574333567093694e-07,3.370235240380625e-05,7.425523402750826e-05,1.7367771140862816e-07,3.445815188891568e-05,7.600920324949396e-05,1.8189346062440413e-07,3.5221330002946756e-05,7.778352263098002e-05,1.9039714785149013e-07,3.5991853368017704e-05,7.957818645718846e-05,1.9919541272691623e-07,3.6769688623161504e-05,8.139318894783225e-05,2.082949699644363e-07,3.755480242445994e-05,8.322852425713447e-05,0.7
1.3669090696044348e-07,3.075360889471726e-05,6.744297073625139e-05,1.435639311113019e-07,3.1479559751727094e-05,6.91154834832986e-05,1.5069282217627073e-07,3.221302291564751e-05,7.080836859349027e-05,1.580838440086845e-07,3.295396494228068e-05,7.252162061427269e-05,1.6574333567093694e-07,3.370235240380625e-05,7.425523402750826e-05,1.7367771140862816e-07,3.445815188891568e-05,7.600920324949396e-05,1.8189346062440413e-07,3.5221330002946756e-05,7.778352263098002e-05,1.9039714785149013e-07,3.5991853368017704e-05,7.957818645718846e-05,1.9919541272691623e-07,3.6769688623161504e-05,8.139318894783225e-05,2.082949699644363e-07,3.755480242445994e-05,8.322852425713447e-05,0.7
1.3669090696044348e-07,3.075360889471726e-05,6.744297073625139e-05,1.435639311113019e-07,3.1479559751727094e-05,6.91154834832986e-05,1.5069282217627073e-07,3.221302291564751e-05,7.080836859349027e-05,1.580838440086845e-07,3.295396494228068e-05,7.252162061427269e-05,1.6574333567093694e-07,3.370235240380625e-05,7.425523402750826e-05,1.7367771140862816e-07,3.445815188891568e-05,7.600920324949396e-05,1.8189346062440413e-07,3.5221330002946756e-05,7.778352263098002e-05,1.9039714785149013e-07,3.5991853368017704e-05,7.957818645718846e-05,1.9919541272691623e-07,3.6769688623161504e-05,8.139318894783225e-05,2.082949699644363e-07,3.755480242445994e-05,8.322852425713447e-05,0.7
1.3669090696044348e-07,3.075360889471726e-05,6.744297073625139e-05,1.435639311113019e-07,3.1479559751727094e-05,6.91154834832986e-05,1.5069282217627073e-07,3.221302291564751e-05,7.080836859349027e-05,1.580838440086845e-07,3.295396494228068e-05,7.252162061427269e-05,1.6574333567093694e-07,3.370235240380625e-05,7.425523402750826e-05,1.7367771140862816e-07,3.445815188891568e-05,7.600920324949396e-05,1.8189346062440413e-07,3.5221330002946756e-05,7.778352263098002e-05,1.9039714785149013e-07,3.5991853368017704e-05,7.957818645718846e-05,1.9919541272691623e-07,3.6769688623161504e-05,8.139318894783225e-05,2.082949699644363e-07,3.755480242445994e-05,8.322852425713447e-05,0.7
1.3669090696044348e-07,3.075360889471726e-05,6.744297073625139e-05,1.435639311113019e-07,3.1479559751727094e-05,6.91154834832986e-05,1.5069282217627073e-07,3.221302291564751e-05,7.080836859349027e-05,1.580838440086845e-07,3.295396494228068e-05,7.252162061427269e-05,1.6574333567093694e-07,3.370235240380625e-05,7.425523402750826e-05,1.7367771140862816e-07,3.445815188891568e-05,7.600920324949396e-05,1.8189346062440413e-07,3.5221330002946756e-05,7.778352263098002e-05,1.9039714785149013e-07,3.5991853368017704e-05,7.957818645718846e-05,1.9919541272691623e-07,3.6769688623161504e-05,8.139318894783225e-05,2.082949699644363e-07,3.755480242445994e-05,8.322852425713447e-05,0.7
1.3669090696044348e-07,3.075360889471726e-05,6.744297073625139e-05,1.435639311113019e-07,3.1479559751727094e-05,6.91154834832986e-05,1.5069282217627073e-07,3.221302291564751e-05,7.080836859349027e-05,1.580838440086845e-07,3.295396494228068e-05,7.252162061427269e-05,1.6574333567093694e-07,3.370235240380625e-05,7.425523402750826e-05,1.7367771140862816e-07,3.445815188891568e-05,7.600920324949396e-05,1.8189346062440413e-07,3.5221330002946756e-05,7.778352263098002e-05,1.9039714785149013e-07,3.5991853368017704e-05,7.957818645718846e-05,1.9919541272691623e-07,3.6769688623161504e-05,8.139318894783225e-05,2.082949699644363e-07,3.755480242445994e-05,8.322852425713447e-05,0.7
1.3669090696044348e-07,3.075360889471726e-05,6.744297073625139e-05,1.435639311113019e-07,3.1479559751727094e-05,6.91154834832986e-05,1.5069282217627073e-07,3.221302291564751e-05,7.080836859349027e-05,1.580838440086845e-07,3.295396494228068e-05,7.252162061427269e-05,1.6574333567093694e-07,3.370235240380625e-05,7.425523402750826e-05,1.7367771140862816e-07,3.445815188891568e-05,7.600920324949396e-05,1.8189346062440413e-07,3.5221330002946756e-05,7.778352263098002e-05,1.9039714785149013e-07,3.5991853368017704e-05,7.957818645718846e-05,1.9919541272691623e-07,3.6769688623161504e-05,8.139318894783225e-05,2.082949699644363e-07,3.755480242445994e-05,8.322852425713447e-05,0.7
1.3669090696044348e-07,3.075360889471726e-05,6.744297073625139e-05,1.435639311113019e-07,3.1479559751727094e-05,6.91154834832986e-05,1.5069282217627073e-07,3.221302291564751e-05,7.080836859349027e-05,1.580838440086845e-07,3.295396494228068e-05,7.252162061427269e-05,1.6574333567093694e-07,3.370235240380625e-05,7.425523402750826e-05,1.7367771140862816e-07,3.445815188891568e-05,7.600920324949396e-05,1.8189346062440413e-07,3.5221330002946756e-05,7.778352263098002e-05,1.9039714785149013e-07,3.5991853368017704e-05,7.957818645718846e-05,1.9919541272691623e-07,3.6769688623161504e-05,8.139318894783225e-05,2.082949699644363e-07,3.755480242445994e-05,8.322852425713447e-05,0.7
1.3669090696044348e-07,3.075360889471726e-05,6.744297073625139e-05,1.435639311113019e-07,3.1479559751727094e-05,6.91154834832986e-05,1.5069282217627073e-07,3.221302291564751e-05,7.080836859349027e-05,1.580838440086845e-07,3.295396494228068e-05,7.252162061427269e-05,1.6574333567093694e-07,3.370235240380625e-05,7.425523402750826e-05,1.7367771140862816e-07,3.445815188891568e-05,7.600920324949396e-05,1.8189346062440413e-07,3.5221330002946756e-05,7.778352263098002e-05,1.9039714785149013e-07,3.5991853368017704e-05,7.957818645718846e-05,1.9919541272691623e-07,3.6769688623161504e-05,8.139318894783225e-05,2.082949699644363e-07,3.755480242445994e-05,8.322852425713447e-05,0.7
1.3669090696044348e-07,3.075360889471726e-05,6.744297073625139e-05,1.435639311113019e-07,3.1479559751727094e-05,6.91154834832986e-05,1.5069282217627073e-07,3.221302291564751e-05,7.080836859349027e-05,1.580838440086845e-07,3.295396494228068e-05,7.252162061427269e-05,1.6574333567093694e-07,3.370235240380625e-05,7.425523402750826e-05,1.7367771140862816e-07,3.445815188891568e-05,7.600920324949396e-05,1.8189346062440413e-07,3.5221330002946756e-05,7.778352263098002e-05,1.9039714785149013e-07,3.5991853368017704e-05,7.957818645718846e-05,1.9919541272691623e-07,3.6769688623161504e-05,8.139318894783225e-05,2.082949699644363e-07,3.755480242445994e-05,8.322852425713447e-05,0.7
1.3669090696044348e-07,3.075360889471726e-05,6.744297073625139e-05,1.435639311113019e-07,3.1479559751727094e-05,6.91154834832986e-05,1.5069282217627073e-07,3.221302291564751e-05,7.080836859349027e-05,1.580838440086845e-07,3.295396494228068e-05,7.252162061427269e-05,1.6574333567093694e-07,3.370235240380625e-05,7.425523402750826e-05,1.7367771140862816e-07,3.445815188891568e-05,7.600920324949396e-05,1.8189346062440413e-07,3.5221330002946756e-05,7.778352263098002e-05,1.9039714785149013e-07,3.5991853368017704e-05,7.957818645718846e-05,1.9919541272691623e-07,3.6769688623161504e-05,8.139318894783225e-05,2.082949699644363e-07,3.755480242445994e-05,8.322852425713447e-05,0.7
1.3669090696044348e-07,3.075360889471726e-05,6.744297073625139e-05,1.435639311113019e-07,3.1479559751727094e-05,6.91154834832986e-05,1.5069282217627073e-07,3.221302291564751e-05,7.080836859349027e-05,1.580838440086845e-07,3.295396494228068e-05,7.252162061427269e-05,1.6574333567093694e-07,3.370235240380625e-05,7.425523402750826e-05,1.7367771140862816e-07,3.445815188891568e-05,7.600920324949396e-05,1.8189346062440413e-07,3.5221330002946756e-05,7.778352263098002e-05,1.9039714785149013e-07,3.5991853368017704e-05,7.957818645718846e-05,1.9919541272691623e-07,3.6769688623161504e-05,8.139318894783225e-05,2.082949699644363e-07,3.755480242445994e-05,8.322852425713447e-05,0.7
1.3669090696044348e-07,3.075360889471726e-05,6.744297073625139e-05,1.435639311113019e-07,3.1479559751727094e-05,6.91154834832986e-05,1.5069282217627073e-07,3.221302291564751e-05,7.080836859349027e-05,1.580838440086845e-07,3.295396494228068e-05,7.252162061427269e-05,1.6574333567093694e-07,3.370235240380625e-05,7.425523402750826e-05,1.7367771140862816e-07,3.445815188891568e-05,7.600920324949396e-05,1.8189346062440413e-07,3.5221330002946756e-05,7.778352263098002e-05,1.9039714785149013e-07,3.5991853368017704e-05,7.957818645718846e-05,1.9919541272691623e-07,3.6769688623161504e-05,8.139318894783225e-05,2.082949699644363e-07,3.755480242445994e-05,8.322852425713447e-05,0.7
1.3669090696044348e-07,3.075360889471726e-05,6.744297073625139e-05,1.435639311113019e-07,3.1479559751727094e-05,6.91154834832986e-05,1.5069282217627073e-07,3.221302291564751e-05,7.080836859349027e-05,1.580838440086845e-07,3.295396494228068e-05,7.252162061427269e-05,1.6574333567093694e-07,3.370235240380625e-05,7.425523402750826e-05,1.7367771140862816e-07,3.445815188891568e-05,7.600920324949396e-05,1.8189346062440413e-07,3.5221330002946756e-05,7.778352263098002e-05,1.9039714785149013e-07,3.5991853368017704e-05,7.957818645718846e-05,1.9919541272691623e-07,3.6769688623161504e-05,8.139318894783225e-05,2.082949699644363e-07,3.755480242445994e-05,8.322852425713447e-05,0.7
1.3669090696044348e-07,3.075360889471726e-05,6.744297073625139e-05,1.435639311113019e-07,3.1479559751727094e-05,6.91154834832986e-05,1.5069282217627073e-07,3.221302291564751e-05,7.080836859349027e-05,1.580838440086845e-07,3.295396494228068e-05,7.252162061427269e-05,1.6574333567093694e-07,3.370235240380625e-05,7.425523402750826e-05,1.7367771140862816e-07,3.445815188891568e-05,7.600920324949396e-05,1.8189346062440413e-07,3.5221330002946756e-05,7.778352263098002e-05,1.9039714785149013e-07,3.5991853368017704e-05,7.957818645718846e-05,1.9919541272691623e-07,3.6769688623161504e-05,8.139318894783225e-05,2.082949699644363e-07,3.755480242445994e-05,8.322852425713447e-05,0.7
1.3669090696044348e-07,3.075360889471726e-05,6.744297073625139e-05,1.435639311113019e-07,3.1479559751727094e-05,6.91154834832986e-05,1.5069282217627073e-07,3.221302291564751e-05,7.080836859349027e-05,1.580838440086845e-07,3.295396494228068e-05,7.252162061427269e-05,1.6574333567093694e-07,3.370235240380625e-05,7.425523402750826e-05,1.7367771140862816e-07,3.445815188891568e-05,7.600920324949396e-05,1.8189346062440413e-07,3.5221330002946756e-05,7.778352263098002e-05,1.9039714785149013e-07,3.5991853368017704e-05,7.957818645718846e-05,1.9919541272691623e-07,3.6769688623161504e-05,8.139318894783225e-05,2.082949699644363e-07,3.755480242445994e-05,8.322852425713447e-05,0.7
1.3669090696044348e-07,3.075360889471726e-05,6.744297073625139e-05,1.435639311113019e-07,3.1479559751727094e-05,6.91154834832986e-05,1.5069282217627073e-07,3.221302291564751e-05,7.080836859349027e-05,1.580838440086845e-07,3.295396494228068e-05,7.252162061427269e-05,1.6574333567093694e-07,3.370235240380625e-05,7.425523402750826e-05,1.7367771140862816e-07,3.445815188891568e-05,7.600920324949396e-05,1.8189346062440413e-07,3.5221330002946756e-05,7.778352263098002e-05,1.9039714785149013e-07,3.5991853368017704e-05,7.957818645718846e-05,1.9919541272691623e-07,3.6769688623161504e-05,8.139318894783225e-05,2.082949699644363e-07,3.755480242445994e-05,8.322852425713447e-05,0.7
1.3669090696044348e-07,3.075360889471726e-05,6.744297073625139e-05,1.435639311113019e-07,3.1479559751727094e-05,6.91154834832986e-05,1.5069282217627073e-07,3.221302291564751e-05,7.080836859349027e-05,1.580838440086845e-07,3.295396494228068e-05,7.252162061427269e-05,1.6574333567093694e-07,3.370235240380625e-05,7.425523402750826e-05,1.7367771140862816e-07,3.445815188891568e-05,7.600920324949396e-05,1.8189346062440413e-07,3.5221330002946756e-05,7.778352263098002e-05,1.9039714785149013e-07,3.5991853368017704e-05,7.957818645718846e-05,1.9919541272691623e-07,3.6769688623161504e-05,8.139318894783225e-05,2.082949699644363e-07,3.755480242445994e-05,8.322852425713447e-05,0.7
1.3669090696044348e-07,3.075360889471726e-05,6.744297073625139e-05,1.435639311113019e-07,3.1479559751727094e-05,6.91154834832986e-05,1.5069282217627073e-07,3.221302291564751e-05,7.080836859349027e-05,1.580838440086845e-07,3.295396494228068e-05,7.252162061427269e-05,1.6574333567093694e-07,3.370235240380625e-05,7.425523402750826e-05,1.7367771140862816e-07,3.445815188891568e-05,7.600920324949396e-05,1.8189346062440413e-07,3.5221330002946756e-05,7.778352263098002e-05,1.9039714785149013e-07,3.5991853368017704e-05,7.957818645718846e-05,1.9919541272691623e-07,3.6769688623161504e-05,8.139318894783225e-05,2.082949699644363e-07,3.755480242445994e-05,8.322852425713447e-05,0.7
1.3669090696044348e-07,3.075360889471726e-05,6.744297073625139e-05,1.435639311113019e-07,3.1479559751727094e-05,6.91154834832986e-05,1.5069282217627073e-07,3.221302291564751e-05,7.080836859349027e-05,1.580838440086845e-07,3.295396494228068e-05,7.252162061427269e-05,1.6574333567093694e-07,3.370235240380625e-05,7.425523402750826e-05,1.7367771140862816e-07,3.445815188891568e-05,7.600920324949396e-05,1.8189346062440413e-07,3.5221330002946756e-05,7.778352263098002e-05,1.9039714785149013e-07,3.5991853368017704e-05,7.957818645718846e-05,1.9919541272691623e-07,3.6769688623161504e-05,8.139318894783225e-05,2.082949699644363e-07,3.755480242445994e-05,8.322852425713447e-05,0.7
1.3669090696044348e-07,3.075360889471726e-05,6.744297073625139e-05,1.435639311113019e-07,3.1479559751727094e-05,6.91154834832986e-05,1.5069282217627073e-07,3.221302291564751e-05,7.080836859349027e-05,1.580838440086845e-07,3.295396494228068e-05,7.252162061427269e-05,1.6574333567093694e-07,3.370235240380625e-05,7.425523402750826e-05,1.7367771140862816e-07,3.445815188891568e-05,7.600920324949396e-05,1.8189346062440413e-07,3.5221330002946756e-05,7.778352263098002e-05,1.9039714785149013e-07,3.5991853368017704e-05,7.957818645718846e-05,1.9919541272691623e-07,3.6769688623161504e-05,8.139318894783225e-05,2.082949699644363e-07,3.755480242445994e-05,8.322852425713447e-05,0.7
1.3669090696044348e-07,3.075360889471726e-05,6.744297073625139e-05,1.435639311113019e-07,3.1479559751727094e-05,6.91154834832986e-05,1.5069282217627073e-07,3.221302291564751e-05,7.080836859349027e-05,1.580838440086845e-07,3.295396494228068e-05,7.252162061427269e-05,1.6574333567093694e-07,3.370235240380625e-05,7.425523402750826e-05,1.7367771140862816e-07,3.445815188891568e-05,7.600920324949396e-05,1.8189346062440413e-07,3.5221330002946756e-05,7.778352263098002e-05,1.9039714785149013e-07,3.5991853368017704e-05,7.957818645718846e-05,1.9919541272691623e-07,3.6769688623161504e-05,8.139318894783225e-05,2.082949699644363e-07,3.755480242445994e-05,8.322852425713447e-05,0.7
1.3669090696044348e-07,3.075360889471726e-05,6.744297073625139e-05,1.435639311113019e-07,3.1479559751727094e-05,6.91154834832986e-05,1.5069282217627073e-07,3.221302291564751e-05,7.080836859349027e-05,1.580838440086845e-07,3.295396494228068e-05,7.252162061427269e-05,1.6574333567093694e-07,3.370235240380625e-05,7.425523402750826e-05,1.7367771140862816e-07,3.445815188891568e-05,7.600920324949396e-05,1.8189346062440413e-07,3.5221330002946756e-05,7.778352263098002e-05,1.9039714785149013e-07,3.5991853368017704e-05,7.957818645718846e-05,1.9919541272691623e-07,3.6769688623161504e-05,8.139318894783225e-05,2.082949699644363e-07,3.755480242445994e-05,8.322852425713447e-05,0.7
1.3669090696044348e-07,3.075360889471726e-05,6.744297073625139e-05,1.435639311113019e-07,3.1479559751727094e-05,6.91154834832986e-05,1.5069282217627073e-07,3.221302291564751e-05,7.080836859349027e-05,1.580838440086845e-07,3.295396494228068e-05,7.252162061427269e-05,1.6574333567093694e-07,3.370235240380625e-05,7.425523402750826e-05,1.7367771140862816e-07,3.445815188891568e-05,7.600920324949396e-05,1.8189346062440413e-07,3.5221330002946756e-05,7.778352263098002e-05,1.9039714785149013e-07,3.5991853368017704e-05,7.957818645718846e-05,1.9919541272691623e-07,3.6769688623161504e-05,8.139318894783225e-05,2.082949699644363e-07,3.755480242445994e-05,8.322852425713447e-05,0.7
1.3669090696044348e-07,3.075360889471726e-05,6.744297073625139e-05,1.435639311113019e-07,3.1479559751727094e-05,6.91154834832986e-05,1.5069282217627073e-07,3.221302291564751e-05,7.080836859349027e-05,1.580838440086845e-07,3.295396494228068e-05,7.252162061427269e-05,1.6574333567093694e-07,3.370235240380625e-05,7.425523402750826e-05,1.7367771140862816e-07,3.445815188891568e-05,7.600920324949396e-05,1.8189346062440413e-07,3.5221330002946756e-05,7.778352263098002e-05,1.9039714785149013e-07,3.5991853368017704e-05,7.957818645718846e-05,1.9919541272691623e-07,3.6769688623161504e-05,8.139318894783225e-05,2.082949699644363e-07,3.755480242445994e-05,8.322852425713447e-05,0.7
1.3669090696044348e-07,3.075360889471726e-05,6.744297073625139e-05,1.435639311113019e-07,3.1479559751727094e-05,6.91154834832986e-05,1.5069282217627073e-07,3.221302291564751e-05,7.080836859349027e-05,1.580838440086845e-07,3.295396494228068e-05,7.252162061427269e-05,1.6574333567093694e-07,3.370235240380625e-05,7.425523402750826e-05,1.7367771140862816e-07,3.445815188891568e-05,7.600920324949396e-05,1.8189346062440413e-07,3.5221330002946756e-05,7.778352263098002e-05,1.9039714785149013e-07,3.5991853368017704e-05,7.957818645718846e-05,1.9919541272691623e-07,3.6769688623161504e-05,8.139318894783225e-05,2.082949699644363e-07,3.755480242445994e-05,8.322852425713447e-05,0.7
1.3669090696044348e-07,3.075360889471726e-05,6.744297073625139e-05,1.435639311113019e-07,3.1479559751727094e-05,6.91154834832986e-05,1.5069282217627073e-07,3.221302291564751e-05,7.080836859349027e-05,1.580838440086845e-07,3.295396494228068e-05,7.252162061427269e-05,1.6574333567093694e-07,3.370235240380625e-05,7.425523402750826e-05,1.7367771140862816e-07,3.445815188891568e-05,7.600920324949396e-05,1.8189346062440413e-07,3.5221330002946756e-05,7.778352263098002e-05,1.9039714785149013e-07,3.5991853368017704e-05,7.957818645718846e-05,1.9919541272691623e-07,3.6769688623161504e-05,8.139318894783225e-05,2.082949699644363e-07,3.755480242445994e-05,8.322852425713447e-05,0.7
1.3669090696044348e-07,3.075360889471726e-05,6.744297073625139e-05,1.435639311113019e-07,3.1479559751727094e-05,6.91154834832986e-05,1.5069282217627073e-07,3.221302291564751e-05,7.080836859349027e-05,1.580838440086845e-07,3.295396494228068e-05,7.252162061427269e-05,1.6574333567093694e-07,3.370235240380625e-05,7.425523402750826e-05,1.7367771140862816e-07,3.445815188891568e-05,7.600920324949396e-05,1.8189346062440413e-07,3.5221330002946756e-05,7.778352263098002e-05,1.9039714785149013e-07,3.5991853368017704e-05,7.957818645718846e-05,1.9919541272691623e-07,3.6769688623161504e-05,8.139318894783225e-05,2.082949699644363e-07,3.755480242445994e-05,8.322852425713447e-05,0.7
1.3669090696044348e-07,3.075360889471726e-05,6.744297073625139e-05,1.435639311113019e-07,3.1479559751727094e-05,6.91154834832986e-05,1.5069282217627073e-07,3.221302291564751e-05,7.080836859349027e-05,1.580838440086845e-07,3.295396494228068e-05,7.252162061427269e-05,1.6574333567093694e-07,3.370235240380625e-05,7.425523402750826e-05,1.7367771140862816e-07,3.445815188891568e-05,7.600920324949396e-05,1.8189346062440413e-07,3.5221330002946756e-05,7.778352263098002e-05,1.9039714785149013e-07,3.5991853368017704e-05,7.957818645718846e-05,1.9919541272691623e-07,3.6769688623161504e-05,8.139318894783225e-05,2.082949699644363e-07,3.755480242445994e-05,8.322852425713447e-05,0.7
1.3669090696044348e-07,3.075360889471726e-05,6.744297073625139e-05,1.435639311113019e-07,3.1479559751727094e-05,6.91154834832986e-05,1.5069282217627073e-07,3.221302291564751e-05,7.080836859349027e-05,1.580838440086845e-07,3.295396494228068e-05,7.252162061427269e-05,1.6574333567093694e-07,3.370235240380625e-05,7.425523402750826e-05,1.7367771140862816e-07,3.445815188891568e-05,7.600920324949396e-05,1.8189346062440413e-07,3.5221330002946756e-05,7.778352263098002e-05,1.9039714785149013e-07,3.5991853368017704e-05,7.957818645718846e-05,1.9919541272691623e-07,3.6769688623161504e-05,8.139318894783225e-05,2.082949699644363e-07,3.755480242445994e-05,8.322852425713447e-05,0.7
1.3669090696044348e-07,3.075360889471726e-05,6.744297073625139e-05,1.435639311113019e-07,3.1479559751727094e-05,6.91154834832986e-05,1.5069282217627073e-07,3.221302291564751e-05,7.080836859349027e-05,1.580838440086845e-07,3.295396494228068e-05,7.252162061427269e-05,1.6574333567093694e-07,3.370235240380625e-05,7.425523402750826e-05,1.7367771140862816e-07,3.445815188891568e-05,7.600920324949396e-05,1.8189346062440413e-07,3.5221330002946756e-05,7.778352263098002e-05,1.9039714785149013e-07,3.5991853368017704e-05,7.957818645718846e-05,1.9919541272691623e-07,3.6769688623161504e-05,8.139318894783225e-05,2.082949699644363e-07,3.755480242445994e-05,8.322852425713447e-05,0.7
1.3669090696044348e-07,3.075360889471726e-05,6.744297073625139e-05,1.435639311113019e-07,3.1479559751727094e-05,6.91154834832986e-05,1.5069282217627073e-07,3.221302291564751e-05,7.080836859349027e-05,1.580838440086845e-07,3.295396494228068e-05,7.252162061427269e-05,1.6574333567093694e-07,3.370235240380625e-05,7.425523402750826e-05,1.7367771140862816e-07,3.445815188891568e-05,7.600920324949396e-05,1.8189346062440413e-07,3.5221330002946756e-05,7.778352263098002e-05,1.9039714785149013e-07,3.5991853368017704e-05,7.957818645718846e-05,1.9919541272691623e-07,3.6769688623161504e-05,8.139318894783225e-05,2.082949699644363e-07,3.755480242445994e-05,8.322852425713447e-05,0.7
1.3669090696044348e-07,3.075360889471726e-05,6.744297073625139e-05,1.435639311113019e-07,3.1479559751727094e-05,6.91154834832986e-05,1.5069282217627073e-07,3.221302291564751e-05,7.080836859349027e-05,1.580838440086845e-07,3.295396494228068e-05,7.252162061427269e-05,1.6574333567093694e-07,3.370235240380625e-05,7.425523402750826e-05,1.7367771140862816e-07,3.445815188891568e-05,7.600920324949396e-05,1.8189346062440413e-07,3.5221330002946756e-05,7.778352263098002e-05,1.9039714785149013e-07,3.5991853368017704e-05,7.957818645718846e-05,1.9919541272691623e-07,3.6769688623161504e-05,8.139318894783225e-05,2.082949699644363e-07,3.755480242445994e-05,8.322852425713447e-05,0.7
1.3669090696044348e-07,3.075360889471726e-05,6.744297073625139e-05,1.435639311113019e-07,3.1479559751727094e-05,6.91154834832986e-05,1.5069282217627073e-07,3.221302291564751e-05,7.080836859349027e-05,1.580838440086845e-07,3.295396494228068e-05,7.252162061427269e-05,1.6574333567093694e-07,3.370235240380625e-05,7.425523402750826e-05,1.7367771140862816e-07,3.445815188891568e-05,7.600920324949396e-05,1.8189346062440413e-07,3.5221330002946756e-05,7.778352263098002e-05,1.9039714785149013e-07,3.5991853368017704e-05,7.957818645718846e-05,1.9919541272691623e-07,3.6769688623161504e-05,8.139318894783225e-05,2.082949699644363e-07,3.755480242445994e-05,8.322852425713447e-05,0.7
1.3669090696044348e-07,3.075360889471726e-05,6.744297073625139e-05,1.435639311113019e-07,3.1479559751727094e-05,6.91154834832986e-05,1.5069282217627073e-07,3.221302291564751e-05,7.080836859349027e-05,1.580838440086845e-07,3.295396494228068e-05,7.252162061427269e-05,1.6574333567093694e-07,3.370235240380625e-05,7.425523402750826e-05,1.7367771140862816e-07,3.445815188891568e-05,7.600920324949396e-05,1.8189346062440413e-07,3.5221330002946756e-05,7.778352263098002e-05,1.9039714785149013e-07,3.5991853368017704e-05,7.957818645718846e-05,1.9919541272691623e-07,3.6769688623161504e-05,8.139318894783225e-05,2.082949699644363e-07,3.755480242445994e-05,8.322852425713447e-05,0.7
1.3669090696044348e-07,3.075360889471726e-05,6.744297073625139e-05,1.435639311113019e-07,3.1479559751727094e-05,6.91154834832986e-05,1.5069282217627073e-07,3.221302291564751e-05,7.080836859349027e-05,1.580838440086845e-07,3.295396494228068e-05,7.252162061427269e-05,1.6574333567093694e-07,3.370235240380625e-05,7.425523402750826e-05,1.7367771140862816e-07,3.445815188891568e-05,7.600920324949396e-05,1.8189346062440413e-07,3.5221330002946756e-05,7.778352263098002e-05,1.9039714785149013e-07,3.5991853368017704e-05,7.957818645718846e-05,1.9919541272691623e-07,3.6769688623161504e-05,8.139318894783225e-05,2.082949699644363e-07,3.755480242445994e-05,8.322852425713447e-05,0.7
1.3669090696044348e-07,3.075360889471726e-05,6.744297073625139e-05,1.435639311113019e-07,3.1479559751727094e-05,6.91154834832986e-05,1.5069282217627073e-07,3.221302291564751e-05,7.080836859349027e-05,1.580838440086845e-07,3.295396494228068e-05,7.252162061427269e-05,1.6574333567093694e-07,3.370235240380625e-05,7.425523402750826e-05,1.7367771140862816e-07,3.445815188891568e-05,7.600920324949396e-05,1.8189346062440413e-07,3.5221330002946756e-05,7.778352263098002e-05,1.9039714785149013e-07,3.5991853368017704e-05,7.957818645718846e-05,1.9919541272691623e-07,3.6769688623161504e-05,8.139318894783225e-05,2.082949699644363e-07,3.755480242445994e-05,8.322852425713447e-05,0.7
1.3669090696044348e-07,3.075360889471726e-05,6.744297073625139e-05,1.435639311113019e-07,3.1479559751727094e-05,6.91154834832986e-05,1.5069282217627073e-07,3.221302291564751e-05,7.080836859349027e-05,1.580838440086845e-07,3.295396494228068e-05,7.252162061427269e-05,1.6574333567093694e-07,3.370235240380625e-05,7.425523402750826e-05,1.7367771140862816e-07,3.445815188891568e-05,7.600920324949396e-05,1.8189346062440413e-07,3.5221330002946756e-05,7.778352263098002e-05,1.9039714785149013e-07,3.5991853368017704e-05,7.957818645718846e-05,1.9919541272691623e-07,3.6769688623161504e-05,8.139318894783225e-05,2.082949699644363e-07,3.755480242445994e-05,8.322852425713447e-05,0.7
1.3669090696044348e-07,3.075360889471726e-05,6.744297073625139e-05,1.435639311113019e-07,3.1479559751727094e-05,6.91154834832986e-05,1.5069282217627073e-07,3.221302291564751e-05,7.080836859349027e-05,1.580838440086845e-07,3.295396494228068e-05,7.252162061427269e-05,1.6574333567093694e-07,3.370235240380625e-05,7.425523402750826e-05,1.7367771140862816e-07,3.445815188891568e-05,7.600920324949396e-05,1.8189346062440413e-07,3.5221330002946756e-05,7.778352263098002e-05,1.9039714785149013e-07,3.5991853368017704e-05,7.957818645718846e-05,1.9919541272691623e-07,3.6769688623161504e-05,8.139318894783225e-05,2.082949699644363e-07,3.755480242445994e-05,8.322852425713447e-05,0.7
1.3669090696044348e-07,3.075360889471726e-05,6.744297073625139e-05,1.435639311113019e-07,3.1479559751727094e-05,6.91154834832986e-05,1.5069282217627073e-07,3.221302291564751e-05,7.080836859349027e-05,1.580838440086845e-07,3.295396494228068e-05,7.252162061427269e-05,1.6574333567093694e-07,3.370235240380625e-05,7.425523402750826e-05,1.7367771140862816e-07,3.445815188891568e-05,7.600920324949396e-05,1.8189346062440413e-07,3.5221330002946756e-05,7.778352263098002e-05,1.9039714785149013e-07,3.5991853368017704e-05,7.957818645718846e-05,1.9919541272691623e-07,3.6769688623161504e-05,8.139318894783225e-05,2.082949699644363e-07,3.755480242445994e-05,8.322852425713447e-05,0.7
1.3669090696044348e-07,3.075360889471726e-05,6.744297073625139e-05,1.435639311113019e-07,3.1479559751727094e-05,6.91154834832986e-05,1.5069282217627073e-07,3.221302291564751e-05,7.080836859349027e-05,1.580838440086845e-07,3.295396494228068e-05,7.252162061427269e-05,1.6574333567093694e-07,3.370235240380625e-05,7.425523402750826e-05,1.7367771140862816e-07,3.445815188891568e-05,7.600920324949396e-05,1.8189346062440413e-07,3.5221330002946756e-05,7.778352263098002e-05,1.9039714785149013e-07,3.5991853368017704e-05,7.957818645718846e-05,1.9919541272691623e-07,3.6769688623161504e-05,8.139318894783225e-05,2.082949699644363e-07,3.755480242445994e-05,8.322852425713447e-05,0.7
1.3669090696044348e-07,3.075360889471726e-05,6.744297073625139e-05,1.435639311113019e-07,3.1479559751727094e-05,6.91154834832986e-05,1.5069282217627073e-07,3.221302291564751e-05,7.080836859349027e-05,1.580838440086845e-07,3.295396494228068e-05,7.252162061427269e-05,1.6574333567093694e-07,3.370235240380625e-05,7.425523402750826e-05,1.7367771140862816e-07,3.445815188891568e-05,7.600920324949396e-05,1.8189346062440413e-07,3.5221330002946756e-05,7.778352263098002e-05,1.9039714785149013e-07,3.5991853368017704e-05,7.957818645718846e-05,1.9919541272691623e-07,3.6769688623161504e-05,8.139318894783225e-05,2.082949699644363e-07,3.755480242445994e-05,8.322852425713447e-05,0.7
1.3669090696044348e-07,3.075360889471726e-05,6.744297073625139e-05,1.435639311113019e-07,3.1479559751727094e-05,6.91154834832986e-05,1.5069282217627073e-07,3.221302291564751e-05,7.080836859349027e-05,1.580838440086845e-07,3.295396494228068e-05,7.252162061427269e-05,1.6574333567093694e-07,3.370235240380625e-05,7.425523402750826e-05,1.7367771140862816e-07,3.445815188891568e-05,7.600920324949396e-05,1.8189346062440413e-07,3.5221330002946756e-05,7.778352263098002e-05,1.9039714785149013e-07,3.5991853368017704e-05,7.957818645718846e-05,1.9919541272691623e-07,3.6769688623161504e-05,8.139318894783225e-05,2.082949699644363e-07,3.755480242445994e-05,8.322852425713447e-05,0.7
1.3669090696044348e-07,3.075360889471726e-05,6.744297073625139e-05,1.435639311113019e-07,3.1479559751727094e-05,6.91154834832986e-05,1.5069282217627073e-07,3.221302291564751e-05,7.080836859349027e-05,1.580838440086845e-07,3.295396494228068e-05,7.252162061427269e-05,1.6574333567093694e-07,3.370235240380625e-05,7.425523402750826e-05,1.7367771140862816e-07,3.445815188891568e-05,7.600920324949396e-05,1.8189346062440413e-07,3.5221330002946756e-05,7.778352263098002e-05,1.9039714785149013e-07,3.5991853368017704e-05,7.957818645718846e-05,1.9919541272691623e-07,3.6769688623161504e-05,8.139318894783225e-05,2.082949699644363e-07,3.755480242445994e-05,8.322852425713447e-05,0.7
1.3669090696044348e-07,3.075360889471726e-05,6.744297073625139e-05,1.435639311113019e-07,3.1479559751727094e-05,6.91154834832986e-05,1.5069282217627073e-07,3.221302291564751e-05,7.080836859349027e-05,1.580838440086845e-07,3.295396494228068e-05,7.252162061427269e-05,1.6574333567093694e-07,3.370235240380625e-05,7.425523402750826e-05,1.7367771140862816e-07,3.445815188891568e-05,7.600920324949396e-05,1.8189346062440413e-07,3.5221330002946756e-05,7.778352263098002e-05,1.9039714785149013e-07,3.5991853368017704e-05,7.957818645718846e-05,1.9919541272691623e-07,3.6769688623161504e-05,8.139318894783225e-05,2.082949699644363e-07,3.755480242445994e-05,8.322852425713447e-05,0.7
1.3669090696044348e-07,3.075360889471726e-05,6.744297073625139e-05,1.435639311113019e-07,3.1479559751727094e-05,6.91154834832986e-05,1.5069282217627073e-07,3.221302291564751e-05,7.080836859349027e-05,1.580838440086845e-07,3.295396494228068e-05,7.252162061427269e-05,1.6574333567093694e-07,3.370235240380625e-05,7.425523402750826e-05,1.7367771140862816e-07,3.445815188891568e-05,7.600920324949396e-05,1.8189346062440413e-07,3.5221330002946756e-05,7.778352263098002e-05,1.9039714785149013e-07,3.5991853368017704e-05,7.957818645718846e-05,1.9919541272691623e-07,3.6769688623161504e-05,8.139318894783225e-05,2.082949699644363e-07,3.755480242445994e-05,8.322852425713447e-05,0.7
1.3669090696044348e-07,3.075360889471726e-05,6.744297073625139e-05,1.435639311113019e-07,3.1479559751727094e-05,6.91154834832986e-05,1.5069282217627073e-07,3.221302291564751e-05,7.080836859349027e-05,1.580838440086845e-07,3.295396494228068e-05,7.252162061427269e-05,1.6574333567093694e-07,3.370235240380625e-05,7.425523402750826e-05,1.7367771140862816e-07,3.445815188891568e-05,7.600920324949396e-05,1.8189346062440413e-07,3.5221330002946756e-05,7.778352263098002e-05,1.9039714785149013e-07,3.5991853368017704e-05,7.957818645718846e-05,1.9919541272691623e-07,3.6769688623161504e-05,8.139318894783225e-05,2.082949699644363e-07,3.755480242445994e-05,8.322852425713447e-05,0.7
1.3669090696044348e-07,3.075360889471726e-05,6.744297073625139e-05,1.435639311113019e-07,3.1479559751727094e-05,6.91154834832986e-05,1.5069282217627073e-07,3.221302291564751e-05,7.080836859349027e-05,1.580838440086845e-07,3.295396494228068e-05,7.252162061427269e-05,1.6574333567093694e-07,3.370235240380625e-05,7.425523402750826e-05,1.7367771140862816e-07,3.445815188891568e-05,7.600920324949396e-05,1.8189346062440413e-07,3.5221330002946756e-05,7.778352263098002e-05,1.9039714785149013e-07,3.5991853368017704e-05,7.957818645718846e-05,1.9919541272691623e-07,3.6769688623161504e-05,8.139318894783225e-05,2.082949699644363e-07,3.755480242445994e-05,8.322852425713447e-05,0.7
1.3669090696044348e-07,3.075360889471726e-05,6.744297073625139e-05,1.435639311113019e-07,3.1479559751727094e-05,6.91154834832986e-05,1.5069282217627073e-07,3.221302291564751e-05,7.080836859349027e-05,1.580838440086845e-07,3.295396494228068e-05,7.252162061427269e-05,1.6574333567093694e-07,3.370235240380625e-05,7.425523402750826e-05,1.7367771140862816e-07,3.445815188891568e-05,7.600920324949396e-05,1.8189346062440413e-07,3.5221330002946756e-05,7.778352263098002e-05,1.9039714785149013e-07,3.5991853368017704e-05,7.957818645718846e-05,1.9919541272691623e-07,3.6769688623161504e-05,8.139318894783225e-05,2.082949699644363e-07,3.755480242445994e-05,8.322852425713447e-05,0.7
1.3669090696044348e-07,3.075360889471726e-05,6.744297073625139e-05,1.435639311113019e-07,3.1479559751727094e-05,6.91154834832986e-05,1.5069282217627073e-07,3.221302291564751e-05,7.080836859349027e-05,1.580838440086845e-07,3.295396494228068e-05,7.252162061427269e-05,1.6574333567093694e-07,3.370235240380625e-05,7.425523402750826e-05,1.7367771140862816e-07,3.445815188891568e-05,7.600920324949396e-05,1.8189346062440413e-07,3.5221330002946756e-05,7.778352263098002e-05,1.9039714785149013e-07,3.5991853368017704e-05,7.957818645718846e-05,1.9919541272691623e-07,3.6769688623161504e-05,8.139318894783225e-05,2.082949699644363e-07,3.755480242445994e-05,8.322852425713447e-05,0.7
1.3669090696044348e-07,3.075360889471726e-05,6.744297073625139e-05,1.435639311113019e-07,3.1479559751727094e-05,6.91154834832986e-05,1.5069282217627073e-07,3.221302291564751e-05,7.080836859349027e-05,1.580838440086845e-07,3.295396494228068e-05,7.252162061427269e-05,1.6574333567093694e-07,3.370235240380625e-05,7.425523402750826e-05,1.7367771140862816e-07,3.445815188891568e-05,7.600920324949396e-05,1.8189346062440413e-07,3.5221330002946756e-05,7.778352263098002e-05,1.9039714785149013e-07,3.5991853368017704e-05,7.957818645718846e-05,1.9919541272691623e-07,3.6769688623161504e-05,8.139318894783225e-05,2.082949699644363e-07,3.755480242445994e-05,8.322852425713447e-05,0.7
1.3669090696044348e-07,3.075360889471726e-05,6.744297073625139e-05,1.435639311113019e-07,3.1479559751727094e-05,6.91154834832986e-05,1.5069282217627073e-07,3.221302291564751e-05,7.080836859349027e-05,1.580838440086845e-07,3.295396494228068e-05,7.252162061427269e-05,1.6574333567093694e-07,3.370235240380625e-05,7.425523402750826e-05,1.7367771140862816e-07,3.445815188891568e-05,7.600920324949396e-05,1.8189346062440413e-07,3.5221330002946756e-05,7.778352263098002e-05,1.9039714785149013e-07,3.5991853368017704e-05,7.957818645718846e-05,1.9919541272691623e-07,3.6769688623161504e-05,8.139318894783225e-05,2.082949699644363e-07,3.755480242445994e-05,8.322852425713447e-05,0.7
1.3669090696044348e-07,3.075360889471726e-05,6.744297073625139e-05,1.435639311113019e-07,3.1479559751727094e-05,6.91154834832986e-05,1.5069282217627073e-07,3.221302291564751e-05,7.080836859349027e-05,1.580838440086845e-07,3.295396494228068e-05,7.252162061427269e-05,1.6574333567093694e-07,3.370235240380625e-05,7.425523402750826e-05,1.7367771140862816e-07,3.445815188891568e-05,7.600920324949396e-05,1.8189346062440413e-07,3.5221330002946756e-05,7.778352263098002e-05,1.9039714785149013e-07,3.5991853368017704e-05,7.957818645718846e-05,1.9919541272691623e-07,3.6769688623161504e-05,8.139318894783225e-05,2.082949699644363e-07,3.755480242445994e-05,8.322852425713447e-05,0.7
1.3669090696044348e-07,3.075360889471726e-05,6.744297073625139e-05,1.435639311113019e-07,3.1479559751727094e-05,6.91154834832986e-05,1.5069282217627073e-07,3.221302291564751e-05,7.080836859349027e-05,1.580838440086845e-07,3.295396494228068e-05,7.252162061427269e-05,1.6574333567093694e-07,3.370235240380625e-05,7.425523402750826e-05,1.7367771140862816e-07,3.445815188891568e-05,7.600920324949396e-05,1.8189346062440413e-07,3.5221330002946756e-05,7.778352263098002e-05,1.9039714785149013e-07,3.5991853368017704e-05,7.957818645718846e-05,1.9919541272691623e-07,3.6769688623161504e-05,8.139318894783225e-05,2.082949699644363e-07,3.755480242445994e-05,8.322852425713447e-05,0.7
1.3669090696044348e-07,3.075360889471726e-05,6.744297073625139e-05,1.435639311113019e-07,3.1479559751727094e-05,6.91154834832986e-05,1.5069282217627073e-07,3.221302291564751e-05,7.080836859349027e-05,1.580838440086845e-07,3.295396494228068e-05,7.252162061427269e-05,1.6574333567093694e-07,3.370235240380625e-05,7.425523402750826e-05,1.7367771140862816e-07,3.445815188891568e-05,7.600920324949396e-05,1.8189346062440413e-07,3.5221330002946756e-05,7.778352263098002e-05,1.9039714785149013e-07,3.5991853368017704e-05,7.957818645718846e-05,1.9919541272691623e-07,3.6769688623161504e-05,8.139318894783225e-05,2.082949699644363e-07,3.755480242445994e-05,8.322852425713447e-05,0.7
1.3669090696044348e-07,3.075360889471726e-05,6.744297073625139e-05,1.435639311113019e-07,3.1479559751727094e-05,6.91154834832986e-05,1.5069282217627073e-07,3.221302291564751e-05,7.080836859349027e-05,1.580838440086845e-07,3.295396494228068e-05,7.252162061427269e-05,1.6574333567093694e-07,3.370235240380625e-05,7.425523402750826e-05,1.7367771140862816e-07,3.445815188891568e-05,7.600920324949396e-05,1.8189346062440413e-07,3.5221330002946756e-05,7.778352263098002e-05,1.9039714785149013e-07,3.5991853368017704e-05,7.957818645718846e-05,1.9919541272691623e-07,3.6769688623161504e-05,8.139318894783225e-05,2.082949699644363e-07,3.755480242445994e-05,8.322852425713447e-05,0.7
1.3669090696044348e-07,3.075360889471726e-05,6.744297073625139e-05,1.435639311113019e-07,3.1479559751727094e-05,6.91154834832986e-05,1.5069282217627073e-07,3.221302291564751e-05,7.080836859349027e-05,1.580838440086845e-07,3.295396494228068e-05,7.252162061427269e-05,1.6574333567093694e-07,3.370235240380625e-05,7.425523402750826e-05,1.7367771140862816e-07,3.445815188891568e-05,7.600920324949396e-05,1.8189346062440413e-07,3.5221330002946756e-05,7.778352263098002e-05,1.9039714785149013e-07,3.5991853368017704e-05,7.957818645718846e-05,1.9919541272691623e-07,3.6769688623161504e-05,8.139318894783225e-05,2.082949699644363e-07,3.755480242445994e-05,8.322852425713447e-05,0.7
1.3669090696044348e-07,3.075360889471726e-05,6.744297073625139e-05,1.435639311113019e-07,3.1479559751727094e-05,6.91154834832986e-05,1.5069282217627073e-07,3.221302291564751e-05,7.080836859349027e-05,1.580838440086845e-07,3.295396494228068e-05,7.252162061427269e-05,1.6574333567093694e-07,3.370235240380625e-05,7.425523402750826e-05,1.7367771140862816e-07,3.445815188891568e-05,7.600920324949396e-05,1.8189346062440413e-07,3.5221330002946756e-05,7.778352263098002e-05,1.9039714785149013e-07,3.5991853368017704e-05,7.957818645718846e-05,1.9919541272691623e-07,3.6769688623161504e-05,8.139318894783225e-05,2.082949699644363e-07,3.755480242445994e-05,8.322852425713447e-05,0.7
1.3669090696044348e-07,3.075360889471726e-05,6.744297073625139e-05,1.435639311113019e-07,3.1479559751727094e-05,6.91154834832986e-05,1.5069282217627073e-07,3.221302291564751e-05,7.080836859349027e-05,1.580838440086845e-07,3.295396494228068e-05,7.252162061427269e-05,1.6574333567093694e-07,3.370235240380625e-05,7.425523402750826e-05,1.7367771140862816e-07,3.445815188891568e-05,7.600920324949396e-05,1.8189346062440413e-07,3.5221330002946756e-05,7.778352263098002e-05,1.9039714785149013e-07,3.5991853368017704e-05,7.957818645718846e-05,1.9919541272691623e-07,3.6769688623161504e-05,8.139318894783225e-05,2.082949699644363e-07,3.755480242445994e-05,8.322852425713447e-05,0.7
1.3669090696044348e-07,3.075360889471726e-05,6.744297073625139e-05,1.435639311113019e-07,3.1479559751727094e-05,6.91154834832986e-05,1.5069282217627073e-07,3.221302291564751e-05,7.080836859349027e-05,1.580838440086845e-07,3.295396494228068e-05,7.252162061427269e-05,1.6574333567093694e-07,3.370235240380625e-05,7.425523402750826e-05,1.7367771140862816e-07,3.445815188891568e-05,7.600920324949396e-05,1.8189346062440413e-07,3.5221330002946756e-05,7.778352263098002e-05,1.9039714785149013e-07,3.5991853368017704e-05,7.957818645718846e-05,1.9919541272691623e-07,3.6769688623161504e-05,8.139318894783225e-05,2.082949699644363e-07,3.755480242445994e-05,8.322852425713447e-05,0.7
1.3669090696044348e-07,3.075360889471726e-05,6.744297073625139e-05,1.435639311113019e-07,3.1479559751727094e-05,6.91154834832986e-05,1.5069282217627073e-07,3.221302291564751e-05,7.080836859349027e-05,1.580838440086845e-07,3.295396494228068e-05,7.252162061427269e-05,1.6574333567093694e-07,3.370235240380625e-05,7.425523402750826e-05,1.7367771140862816e-07,3.445815188891568e-05,7.600920324949396e-05,1.8189346062440413e-07,3.5221330002946756e-05,7.778352263098002e-05,1.9039714785149013e-07,3.5991853368017704e-05,7.957818645718846e-05,1.9919541272691623e-07,3.6769688623161504e-05,8.139318894783225e-05,2.082949699644363e-07,3.755480242445994e-05,8.322852425713447e-05,0.7
1.3669090696044348e-07,3.075360889471726e-05,6.744297073625139e-05,1.435639311113019e-07,3.1479559751727094e-05,6.91154834832986e-05,1.5069282217627073e-07,3.221302291564751e-05,7.080836859349027e-05,1.580838440086845e-07,3.295396494228068e-05,7.252162061427269e-05,1.6574333567093694e-07,3.370235240380625e-05,7.425523402750826e-05,1.7367771140862816e-07,3.445815188891568e-05,7.600920324949396e-05,1.8189346062440413e-07,3.5221330002946756e-05,7.778352263098002e-05,1.9039714785149013e-07,3.5991853368017704e-05,7.957818645718846e-05,1.9919541272691623e-07,3.6769688623161504e-05,8.139318894783225e-05,2.082949699644363e-07,3.755480242445994e-05,8.322852425713447e-05,0.7
1.3669090696044348e-07,3.075360889471726e-05,6.744297073625139e-05,1.435639311113019e-07,3.1479559751727094e-05,6.91154834832986e-05,1.5069282217627073e-07,3.221302291564751e-05,7.080836859349027e-05,1.580838440086845e-07,3.295396494228068e-05,7.252162061427269e-05,1.6574333567093694e-07,3.370235240380625e-05,7.425523402750826e-05,1.7367771140862816e-07,3.445815188891568e-05,7.600920324949396e-05,1.8189346062440413e-07,3.5221330002946756e-05,7.778352263098002e-05,1.9039714785149013e-07,3.5991853368017704e-05,7.957818645718846e-05,1.9919541272691623e-07,3.6769688623161504e-05,8.139318894783225e-05,2.082949699644363e-07,3.755480242445994e-05,8.322852425713447e-05,0.7
1.3669090696044348e-07,3.075360889471726e-05,6.744297073625139e-05,1.435639311113019e-07,3.1479559751727094e-05,6.91154834832986e-05,1.5069282217627073e-07,3.221302291564751e-05,7.080836859349027e-05,1.580838440086845e-07,3.295396494228068e-05,7.252162061427269e-05,1.6574333567093694e-07,3.370235240380625e-05,7.425523402750826e-05,1.7367771140862816e-07,3.445815188891568e-05,7.600920324949396e-05,1.8189346062440413e-07,3.5221330002946756e-05,7.778352263098002e-05,1.9039714785149013e-07,3.5991853368017704e-05,7.957818645718846e-05,1.9919541272691623e-07,3.6769688623161504e-05,8.139318894783225e-05,2.082949699644363e-07,3.755480242445994e-05,8.322852425713447e-05,0.7
1.3669090696044348e-07,3.075360889471726e-05,6.744297073625139e-05,1.435639311113019e-07,3.1479559751727094e-05,6.91154834832986e-05,1.5069282217627073e-07,3.221302291564751e-05,7.080836859349027e-05,1.580838440086845e-07,3.295396494228068e-05,7.252162061427269e-05,1.6574333567093694e-07,3.370235240380625e-05,7.425523402750826e-05,1.7367771140862816e-07,3.445815188891568e-05,7.600920324949396e-05,1.8189346062440413e-07,3.5221330002946756e-05,7.778352263098002e-05,1.9039714785149013e-07,3.5991853368017704e-05,7.957818645718846e-05,1.9919541272691623e-07,3.6769688623161504e-05,8.139318894783225e-05,2.082949699644363e-07,3.755480242445994e-05,8.322852425713447e-05,0.7
1.3669090696044348e-07,3.075360889471726e-05,6.744297073625139e-05,1.435639311113019e-07,3.1479559751727094e-05,6.91154834832986e-05,1.5069282217627073e-07,3.221302291564751e-05,7.080836859349027e-05,1.580838440086845e-07,3.295396494228068e-05,7.252162061427269e-05,1.6574333567093694e-07,3.370235240380625e-05,7.425523402750826e-05,1.7367771140862816e-07,3.445815188891568e-05,7.600920324949396e-05,1.8189346062440413e-07,3.5221330002946756e-05,7.778352263098002e-05,1.9039714785149013e-07,3.5991853368017704e-05,7.957818645718846e-05,1.9919541272691623e-07,3.6769688623161504e-05,8.139318894783225e-05,2.082949699644363e-07,3.755480242445994e-05,8.322852425713447e-05,0.7
1.3669090696044348e-07,3.075360889471726e-05,6.744297073625139e-05,1.435639311113019e-07,3.1479559751727094e-05,6.91154834832986e-05,1.5069282217627073e-07,3.221302291564751e-05,7.080836859349027e-05,1.580838440086845e-07,3.295396494228068e-05,7.252162061427269e-05,1.6574333567093694e-07,3.370235240380625e-05,7.425523402750826e-05,1.7367771140862816e-07,3.445815188891568e-05,7.600920324949396e-05,1.8189346062440413e-07,3.5221330002946756e-05,7.778352263098002e-05,1.9039714785149013e-07,3.5991853368017704e-05,7.957818645718846e-05,1.9919541272691623e-07,3.6769688623161504e-05,8.139318894783225e-05,2.082949699644363e-07,3.755480242445994e-05,8.322852425713447e-05,0.7
1.3669090696044348e-07,3.075360889471726e-05,6.744297073625139e-05,1.435639311113019e-07,3.1479559751727094e-05,6.91154834832986e-05,1.5069282217627073e-07,3.221302291564751e-05,7.080836859349027e-05,1.580838440086845e-07,3.295396494228068e-05,7.252162061427269e-05,1.6574333567093694e-07,3.370235240380625e-05,7.425523402750826e-05,1.7367771140862816e-07,3.445815188891568e-05,7.600920324949396e-05,1.8189346062440413e-07,3.5221330002946756e-05,7.778352263098002e-05,1.9039714785149013e-07,3.5991853368017704e-05,7.957818645718846e-05,1.9919541272691623e-07,3.6769688623161504e-05,8.139318894783225e-05,2.082949699644363e-07,3.755480242445994e-05,8.322852425713447e-05,0.7
1.3669090696044348e-07,3.075360889471726e-05,6.744297073625139e-05,1.435639311113019e-07,3.1479559751727094e-05,6.91154834832986e-05,1.5069282217627073e-07,3.221302291564751e-05,7.080836859349027e-05,1.580838440086845e-07,3.295396494228068e-05,7.252162061427269e-05,1.6574333567093694e-07,3.370235240380625e-05,7.425523402750826e-05,1.7367771140862816e-07,3.445815188891568e-05,7.600920324949396e-05,1.8189346062440413e-07,3.5221330002946756e-05,7.778352263098002e-05,1.9039714785149013e-07,3.5991853368017704e-05,7.957818645718846e-05,1.9919541272691623e-07,3.6769688623161504e-05,8.139318894783225e-05,2.082949699644363e-07,3.755480242445994e-05,8.322852425713447e-05,0.7
1.3669090696044348e-07,3.075360889471726e-05,6.744297073625139e-05,1.435639311113019e-07,3.1479559751727094e-05,6.91154834832986e-05,1.5069282217627073e-07,3.221302291564751e-05,7.080836859349027e-05,1.580838440086845e-07,3.295396494228068e-05,7.252162061427269e-05,1.6574333567093694e-07,3.370235240380625e-05,7.425523402750826e-05,1.7367771140862816e-07,3.445815188891568e-05,7.600920324949396e-05,1.8189346062440413e-07,3.5221330002946756e-05,7.778352263098002e-05,1.9039714785149013e-07,3.5991853368017704e-05,7.957818645718846e-05,1.9919541272691623e-07,3.6769688623161504e-05,8.139318894783225e-05,2.082949699644363e-07,3.755480242445994e-05,8.322852425713447e-05,0.7
1.3669090696044348e-07,3.075360889471726e-05,6.744297073625139e-05,1.435639311113019e-07,3.1479559751727094e-05,6.91154834832986e-05,1.5069282217627073e-07,3.221302291564751e-05,7.080836859349027e-05,1.580838440086845e-07,3.295396494228068e-05,7.252162061427269e-05,1.6574333567093694e-07,3.370235240380625e-05,7.425523402750826e-05,1.7367771140862816e-07,3.445815188891568e-05,7.600920324949396e-05,1.8189346062440413e-07,3.5221330002946756e-05,7.778352263098002e-05,1.9039714785149013e-07,3.5991853368017704e-05,7.957818645718846e-05,1.9919541272691623e-07,3.6769688623161504e-05,8.139318894783225e-05,2.082949699644363e-07,3.755480242445994e-05,8.322852425713447e-05,0.7
1.3669090696044348e-07,3.075360889471726e-05,6.744297073625139e-05,1.435639311113019e-07,3.1479559751727094e-05,6.91154834832986e-05,1.5069282217627073e-07,3.221302291564751e-05,7.080836859349027e-05,1.580838440086845e-07,3.295396494228068e-05,7.252162061427269e-05,1.6574333567093694e-07,3.370235240380625e-05,7.425523402750826e-05,1.7367771140862816e-07,3.445815188891568e-05,7.600920324949396e-05,1.8189346062440413e-07,3.5221330002946756e-05,7.778352263098002e-05,1.9039714785149013e-07,3.5991853368017704e-05,7.957818645718846e-05,1.9919541272691623e-07,3.6769688623161504e-05,8.139318894783225e-05,2.082949699644363e-07,3.755480242445994e-05,8.322852425713447e-05,0.7
1.3669090696044348e-07,3.075360889471726e-05,6.744297073625139e-05,1.435639311113019e-07,3.1479559751727094e-05,6.91154834832986e-05,1.5069282217627073e-07,3.221302291564751e-05,7.080836859349027e-05,1.580838440086845e-07,3.295396494228068e-05,7.252162061427269e-05,1.6574333567093694e-07,3.370235240380625e-05,7.425523402750826e-05,1.7367771140862816e-07,3.445815188891568e-05,7.600920324949396e-05,1.8189346062440413e-07,3.5221330002946756e-05,7.778352263098002e-05,1.9039714785149013e-07,3.5991853368017704e-05,7.957818645718846e-05,1.9919541272691623e-07,3.6769688623161504e-05,8.139318894783225e-05,2.082949699644363e-07,3.755480242445994e-05,8.322852425713447e-05,0.7
1.3669090696044348e-07,3.075360889471726e-05,6.744297073625139e-05,1.435639311113019e-07,3.1479559751727094e-05,6.91154834832986e-05,1.5069282217627073e-07,3.221302291564751e-05,7.080836859349027e-05,1.580838440086845e-07,3.295396494228068e-05,7.252162061427269e-05,1.6574333567093694e-07,3.370235240380625e-05,7.425523402750826e-05,1.7367771140862816e-07,3.445815188891568e-05,7.600920324949396e-05,1.8189346062440413e-07,3.5221330002946756e-05,7.778352263098002e-05,1.9039714785149013e-07,3.5991853368017704e-05,7.957818645718846e-05,1.9919541272691623e-07,3.6769688623161504e-05,8.139318894783225e-05,2.082949699644363e-07,3.755480242445994e-05,8.322852425713447e-05,0.7
1.3669090696044348e-07,3.075360889471726e-05,6.744297073625139e-05,1.435639311113019e-07,3.1479559751727094e-05,6.91154834832986e-05,1.5069282217627073e-07,3.221302291564751e-05,7.080836859349027e-05,1.580838440086845e-07,3.295396494228068e-05,7.252162061427269e-05,1.6574333567093694e-07,3.370235240380625e-05,7.425523402750826e-05,1.7367771140862816e-07,3.445815188891568e-05,7.600920324949396e-05,1.8189346062440413e-07,3.5221330002946756e-05,7.778352263098002e-05,1.9039714785149013e-07,3.5991853368017704e-05,7.957818645718846e-05,1.9919541272691623e-07,3.6769688623161504e-05,8.139318894783225e-05,2.082949699644363e-07,3.755480242445994e-05,8.322852425713447e-05,0.7
1.3669090696044348e-07,3.075360889471726e-05,6.744297073625139e-05,1.435639311113019e-07,3.1479559751727094e-05,6.91154834832986e-05,1.5069282217627073e-07,3.221302291564751e-05,7.080836859349027e-05,1.580838440086845e-07,3.295396494228068e-05,7.252162061427269e-05,1.6574333567093694e-07,3.370235240380625e-05,7.425523402750826e-05,1.7367771140862816e-07,3.445815188891568e-05,7.600920324949396e-05,1.8189346062440413e-07,3.5221330002946756e-05,7.778352263098002e-05,1.9039714785149013e-07,3.5991853368017704e-05,7.957818645718846e-05,1.9919541272691623e-07,3.6769688623161504e-05,8.139318894783225e-05,2.082949699644363e-07,3.755480242445994e-05,8.322852425713447e-05,0.7
1.3669090696044348e-07,3.075360889471726e-05,6.744297073625139e-05,1.435639311113019e-07,3.1479559751727094e-05,6.91154834832986e-05,1.5069282217627073e-07,3.221302291564751e-05,7.080836859349027e-05,1.580838440086845e-07,3.295396494228068e-05,7.252162061427269e-05,1.6574333567093694e-07,3.370235240380625e-05,7.425523402750826e-05,1.7367771140862816e-07,3.445815188891568e-05,7.600920324949396e-05,1.8189346062440413e-07,3.5221330002946756e-05,7.778352263098002e-05,1.9039714785149013e-07,3.5991853368017704e-05,7.957818645718846e-05,1.9919541272691623e-07,3.6769688623161504e-05,8.139318894783225e-05,2.082949699644363e-07,3.755480242445994e-05,8.322852425713447e-05,0.7
1.3669090696044348e-07,3.075360889471726e-05,6.744297073625139e-05,1.435639311113019e-07,3.1479559751727094e-05,6.91154834832986e-05,1.5069282217627073e-07,3.221302291564751e-05,7.080836859349027e-05,1.580838440086845e-07,3.295396494228068e-05,7.252162061427269e-05,1.6574333567093694e-07,3.370235240380625e-05,7.425523402750826e-05,1.7367771140862816e-07,3.445815188891568e-05,7.600920324949396e-05,1.8189346062440413e-07,3.5221330002946756e-05,7.778352263098002e-05,1.9039714785149013e-07,3.5991853368017704e-05,7.957818645718846e-05,1.9919541272691623e-07,3.6769688623161504e-05,8.139318894783225e-05,2.082949699644363e-07,3.755480242445994e-05,8.322852425713447e-05,0.7
1.3669090696044348e-07,3.075360889471726e-05,6.744297073625139e-05,1.435639311113019e-07,3.1479559751727094e-05,6.91154834832986e-05,1.5069282217627073e-07,3.221302291564751e-05,7.080836859349027e-05,1.580838440086845e-07,3.295396494228068e-05,7.252162061427269e-05,1.6574333567093694e-07,3.370235240380625e-05,7.425523402750826e-05,1.7367771140862816e-07,3.445815188891568e-05,7.600920324949396e-05,1.8189346062440413e-07,3.5221330002946756e-05,7.778352263098002e-05,1.9039714785149013e-07,3.5991853368017704e-05,7.957818645718846e-05,1.9919541272691623e-07,3.6769688623161504e-05,8.139318894783225e-05,2.082949699644363e-07,3.755480242445994e-05,8.322852425713447e-05,0.7
1.3669090696044348e-07,3.075360889471726e-05,6.744297073625139e-05,1.435639311113019e-07,3.1479559751727094e-05,6.91154834832986e-05,1.5069282217627073e-07,3.221302291564751e-05,7.080836859349027e-05,1.580838440086845e-07,3.295396494228068e-05,7.252162061427269e-05,1.6574333567093694e-07,3.370235240380625e-05,7.425523402750826e-05,1.7367771140862816e-07,3.445815188891568e-05,7.600920324949396e-05,1.8189346062440413e-07,3.5221330002946756e-05,7.778352263098002e-05,1.9039714785149013e-07,3.5991853368017704e-05,7.957818645718846e-05,1.9919541272691623e-07,3.6769688623161504e-05,8.139318894783225e-05,2.082949699644363e-07,3.755480242445994e-05,8.322852425713447e-05,0.7
1.3669090696044348e-07,3.075360889471726e-05,6.744297073625139e-05,1.435639311113019e-07,3.1479559751727094e-05,6.91154834832986e-05,1.5069282217627073e-07,3.221302291564751e-05,7.080836859349027e-05,1.580838440086845e-07,3.295396494228068e-05,7.252162061427269e-05,1.6574333567093694e-07,3.370235240380625e-05,7.425523402750826e-05,1.7367771140862816e-07,3.445815188891568e-05,7.600920324949396e-05,1.8189346062440413e-07,3.5221330002946756e-05,7.778352263098002e-05,1.9039714785149013e-07,3.5991853368017704e-05,7.957818645718846e-05,1.9919541272691623e-07,3.6769688623161504e-05,8.139318894783225e-05,2.082949699644363e-07,3.755480242445994e-05,8.322852425713447e-05,0.7
1.3669090696044348e-07,3.075360889471726e-05,6.744297073625139e-05,1.435639311113019e-07,3.1479559751727094e-05,6.91154834832986e-05,1.5069282217627073e-07,3.221302291564751e-05,7.080836859349027e-05,1.580838440086845e-07,3.295396494228068e-05,7.252162061427269e-05,1.6574333567093694e-07,3.370235240380625e-05,7.425523402750826e-05,1.7367771140862816e-07,3.445815188891568e-05,7.600920324949396e-05,1.8189346062440413e-07,3.5221330002946756e-05,7.778352263098002e-05,1.9039714785149013e-07,3.5991853368017704e-05,7.957818645718846e-05,1.9919541272691623e-07,3.6769688623161504e-05,8.139318894783225e-05,2.082949699644363e-07,3.755480242445994e-05,8.322852425713447e-05,0.7
1.3669090696044348e-07,3.075360889471726e-05,6.744297073625139e-05,1.435639311113019e-07,3.1479559751727094e-05,6.91154834832986e-05,1.5069282217627073e-07,3.221302291564751e-05,7.080836859349027e-05,1.580838440086845e-07,3.295396494228068e-05,7.252162061427269e-05,1.6574333567093694e-07,3.370235240380625e-05,7.425523402750826e-05,1.7367771140862816e-07,3.445815188891568e-05,7.600920324949396e-05,1.8189346062440413e-07,3.5221330002946756e-05,7.778352263098002e-05,1.9039714785149013e-07,3.5991853368017704e-05,7.957818645718846e-05,1.9919541272691623e-07,3.6769688623161504e-05,8.139318894783225e-05,2.082949699644363e-07,3.755480242445994e-05,8.322852425713447e-05,0.7
1.3669090696044348e-07,3.075360889471726e-05,6.744297073625139e-05,1.435639311113019e-07,3.1479559751727094e-05,6.91154834832986e-05,1.5069282217627073e-07,3.221302291564751e-05,7.080836859349027e-05,1.580838440086845e-07,3.295396494228068e-05,7.252162061427269e-05,1.6574333567093694e-07,3.370235240380625e-05,7.425523402750826e-05,1.7367771140862816e-07,3.445815188891568e-05,7.600920324949396e-05,1.8189346062440413e-07,3.5221330002946756e-05,7.778352263098002e-05,1.9039714785149013e-07,3.5991853368017704e-05,7.957818645718846e-05,1.9919541272691623e-07,3.6769688623161504e-05,8.139318894783225e-05,2.082949699644363e-07,3.755480242445994e-05,8.322852425713447e-05,0.7
1.3669090696044348e-07,3.075360889471726e-05,6.744297073625139e-05,1.435639311113019e-07,3.1479559751727094e-05,6.91154834832986e-05,1.5069282217627073e-07,3.221302291564751e-05,7.080836859349027e-05,1.580838440086845e-07,3.295396494228068e-05,7.252162061427269e-05,1.6574333567093694e-07,3.370235240380625e-05,7.425523402750826e-05,1.7367771140862816e-07,3.445815188891568e-05,7.600920324949396e-05,1.8189346062440413e-07,3.5221330002946756e-05,7.778352263098002e-05,1.9039714785149013e-07,3.5991853368017704e-05,7.957818645718846e-05,1.9919541272691623e-07,3.6769688623161504e-05,8.139318894783225e-05,2.082949699644363e-07,3.755480242445994e-05,8.322852425713447e-05,0.7
1.3669090696044348e-07,3.075360889471726e-05,6.744297073625139e-05,1.435639311113019e-07,3.1479559751727094e-05,6.91154834832986e-05,1.5069282217627073e-07,3.221302291564751e-05,7.080836859349027e-05,1.580838440086845e-07,3.295396494228068e-05,7.252162061427269e-05,1.6574333567093694e-07,3.370235240380625e-05,7.425523402750826e-05,1.7367771140862816e-07,3.445815188891568e-05,7.600920324949396e-05,1.8189346062440413e-07,3.5221330002946756e-05,7.778352263098002e-05,1.9039714785149013e-07,3.5991853368017704e-05,7.957818645718846e-05,1.9919541272691623e-07,3.6769688623161504e-05,8.139318894783225e-05,2.082949699644363e-07,3.755480242445994e-05,8.322852425713447e-05,0.7
1.3669090696044348e-07,3.075360889471726e-05,6.744297073625139e-05,1.435639311113019e-07,3.1479559751727094e-05,6.91154834832986e-05,1.5069282217627073e-07,3.221302291564751e-05,7.080836859349027e-05,1.580838440086845e-07,3.295396494228068e-05,7.252162061427269e-05,1.6574333567093694e-07,3.370235240380625e-05,7.425523402750826e-05,1.7367771140862816e-07,3.445815188891568e-05,7.600920324949396e-05,1.8189346062440413e-07,3.5221330002946756e-05,7.778352263098002e-05,1.9039714785149013e-07,3.5991853368017704e-05,7.957818645718846e-05,1.9919541272691623e-07,3.6769688623161504e-05,8.139318894783225e-05,2.082949699644363e-07,3.755480242445994e-05,8.322852425713447e-05,0.7
1.3669090696044348e-07,3.075360889471726e-05,6.744297073625139e-05,1.435639311113019e-07,3.1479559751727094e-05,6.91154834832986e-05,1.5069282217627073e-07,3.221302291564751e-05,7.080836859349027e-05,1.580838440086845e-07,3.295396494228068e-05,7.252162061427269e-05,1.6574333567093694e-07,3.370235240380625e-05,7.425523402750826e-05,1.7367771140862816e-07,3.445815188891568e-05,7.600920324949396e-05,1.8189346062440413e-07,3.5221330002946756e-05,7.778352263098002e-05,1.9039714785149013e-07,3.5991853368017704e-05,7.957818645718846e-05,1.9919541272691623e-07,3.6769688623161504e-05,8.139318894783225e-05,2.082949699644363e-07,3.755480242445994e-05,8.322852425713447e-05,0.7
1.3669090696044348e-07,3.075360889471726e-05,6.744297073625139e-05,1.435639311113019e-07,3.1479559751727094e-05,6.91154834832986e-05,1.5069282217627073e-07,3.221302291564751e-05,7.080836859349027e-05,1.580838440086845e-07,3.295396494228068e-05,7.252162061427269e-05,1.6574333567093694e-07,3.370235240380625e-05,7.425523402750826e-05,1.7367771140862816e-07,3.445815188891568e-05,7.600920324949396e-05,1.8189346062440413e-07,3.5221330002946756e-05,7.778352263098002e-05,1.9039714785149013e-07,3.5991853368017704e-05,7.957818645718846e-05,1.9919541272691623e-07,3.6769688623161504e-05,8.139318894783225e-05,2.082949699644363e-07,3.755480242445994e-05,8.322852425713447e-05,0.7
1.3669090696044348e-07,3.075360889471726e-05,6.744297073625139e-05,1.435639311113019e-07,3.1479559751727094e-05,6.91154834832986e-05,1.5069282217627073e-07,3.221302291564751e-05,7.080836859349027e-05,1.580838440086845e-07,3.295396494228068e-05,7.252162061427269e-05,1.6574333567093694e-07,3.370235240380625e-05,7.425523402750826e-05,1.7367771140862816e-07,3.445815188891568e-05,7.600920324949396e-05,1.8189346062440413e-07,3.5221330002946756e-05,7.778352263098002e-05,1.9039714785149013e-07,3.5991853368017704e-05,7.957818645718846e-05,1.9919541272691623e-07,3.6769688623161504e-05,8.139318894783225e-05,2.082949699644363e-07,3.755480242445994e-05,8.322852425713447e-05,0.7
1.3669090696044348e-07,3.075360889471726e-05,6.744297073625139e-05,1.435639311113019e-07,3.1479559751727094e-05,6.91154834832986e-05,1.5069282217627073e-07,3.221302291564751e-05,7.080836859349027e-05,1.580838440086845e-07,3.295396494228068e-05,7.252162061427269e-05,1.6574333567093694e-07,3.370235240380625e-05,7.425523402750826e-05,1.7367771140862816e-07,3.445815188891568e-05,7.600920324949396e-05,1.8189346062440413e-07,3.5221330002946756e-05,7.778352263098002e-05,1.9039714785149013e-07,3.5991853368017704e-05,7.957818645718846e-05,1.9919541272691623e-07,3.6769688623161504e-05,8.139318894783225e-05,2.082949699644363e-07,3.755480242445994e-05,8.322852425713447e-05,0.7
1.3669090696044348e-07,3.075360889471726e-05,6.744297073625139e-05,1.435639311113019e-07,3.1479559751727094e-05,6.91154834832986e-05,1.5069282217627073e-07,3.221302291564751e-05,7.080836859349027e-05,1.580838440086845e-07,3.295396494228068e-05,7.252162061427269e-05,1.6574333567093694e-07,3.370235240380625e-05,7.425523402750826e-05,1.7367771140862816e-07,3.445815188891568e-05,7.600920324949396e-05,1.8189346062440413e-07,3.5221330002946756e-05,7.778352263098002e-05,1.9039714785149013e-07,3.5991853368017704e-05,7.957818645718846e-05,1.9919541272691623e-07,3.6769688623161504e-05,8.139318894783225e-05,2.082949699644363e-07,3.755480242445994e-05,8.322852425713447e-05,0.7
1.3669090696044348e-07,3.075360889471726e-05,6.744297073625139e-05,1.435639311113019e-07,3.1479559751727094e-05,6.91154834832986e-05,1.5069282217627073e-07,3.221302291564751e-05,7.080836859349027e-05,1.580838440086845e-07,3.295396494228068e-05,7.252162061427269e-05,1.6574333567093694e-07,3.370235240380625e-05,7.425523402750826e-05,1.7367771140862816e-07,3.445815188891568e-05,7.600920324949396e-05,1.8189346062440413e-07,3.5221330002946756e-05,7.778352263098002e-05,1.9039714785149013e-07,3.5991853368017704e-05,7.957818645718846e-05,1.9919541272691623e-07,3.6769688623161504e-05,8.139318894783225e-05,2.082949699644363e-07,3.755480242445994e-05,8.322852425713447e-05,0.7
1.3669090696044348e-07,3.075360889471726e-05,6.744297073625139e-05,1.435639311113019e-07,3.1479559751727094e-05,6.91154834832986e-05,1.5069282217627073e-07,3.221302291564751e-05,7.080836859349027e-05,1.580838440086845e-07,3.295396494228068e-05,7.252162061427269e-05,1.6574333567093694e-07,3.370235240380625e-05,7.425523402750826e-05,1.7367771140862816e-07,3.445815188891568e-05,7.600920324949396e-05,1.8189346062440413e-07,3.5221330002946756e-05,7.778352263098002e-05,1.9039714785149013e-07,3.5991853368017704e-05,7.957818645718846e-05,1.9919541272691623e-07,3.6769688623161504e-05,8.139318894783225e-05,2.082949699644363e-07,3.755480242445994e-05,8.322852425713447e-05,0.7
1.3669090696044348e-07,3.075360889471726e-05,6.744297073625139e-05,1.435639311113019e-07,3.1479559751727094e-05,6.91154834832986e-05,1.5069282217627073e-07,3.221302291564751e-05,7.080836859349027e-05,1.580838440086845e-07,3.295396494228068e-05,7.252162061427269e-05,1.6574333567093694e-07,3.370235240380625e-05,7.425523402750826e-05,1.7367771140862816e-07,3.445815188891568e-05,7.600920324949396e-05,1.8189346062440413e-07,3.5221330002946756e-05,7.778352263098002e-05,1.9039714785149013e-07,3.5991853368017704e-05,7.957818645718846e-05,1.9919541272691623e-07,3.6769688623161504e-05,8.139318894783225e-05,2.082949699644363e-07,3.755480242445994e-05,8.322852425713447e-05,0.7
1.3669090696044348e-07,3.075360889471726e-05,6.744297073625139e-05,1.435639311113019e-07,3.1479559751727094e-05,6.91154834832986e-05,1.5069282217627073e-07,3.221302291564751e-05,7.080836859349027e-05,1.580838440086845e-07,3.295396494228068e-05,7.252162061427269e-05,1.6574333567093694e-07,3.370235240380625e-05,7.425523402750826e-05,1.7367771140862816e-07,3.445815188891568e-05,7.600920324949396e-05,1.8189346062440413e-07,3.5221330002946756e-05,7.778352263098002e-05,1.9039714785149013e-07,3.5991853368017704e-05,7.957818645718846e-05,1.9919541272691623e-07,3.6769688623161504e-05,8.139318894783225e-05,2.082949699644363e-07,3.755480242445994e-05,8.322852425713447e-05,0.7
1.3669090696044348e-07,3.075360889471726e-05,6.744297073625139e-05,1.435639311113019e-07,3.1479559751727094e-05,6.91154834832986e-05,1.5069282217627073e-07,3.221302291564751e-05,7.080836859349027e-05,1.580838440086845e-07,3.295396494228068e-05,7.252162061427269e-05,1.6574333567093694e-07,3.370235240380625e-05,7.425523402750826e-05,1.7367771140862816e-07,3.445815188891568e-05,7.600920324949396e-05,1.8189346062440413e-07,3.5221330002946756e-05,7.778352263098002e-05,1.9039714785149013e-07,3.5991853368017704e-05,7.957818645718846e-05,1.9919541272691623e-07,3.6769688623161504e-05,8.139318894783225e-05,2.082949699644363e-07,3.755480242445994e-05,8.322852425713447e-05,0.7
1.3669090696044348e-07,3.075360889471726e-05,6.744297073625139e-05,1.435639311113019e-07,3.1479559751727094e-05,6.91154834832986e-05,1.5069282217627073e-07,3.221302291564751e-05,7.080836859349027e-05,1.580838440086845e-07,3.295396494228068e-05,7.252162061427269e-05,1.6574333567093694e-07,3.370235240380625e-05,7.425523402750826e-05,1.7367771140862816e-07,3.445815188891568e-05,7.600920324949396e-05,1.8189346062440413e-07,3.5221330002946756e-05,7.778352263098002e-05,1.9039714785149013e-07,3.5991853368017704e-05,7.957818645718846e-05,1.9919541272691623e-07,3.6769688623161504e-05,8.139318894783225e-05,2.082949699644363e-07,3.755480242445994e-05,8.322852425713447e-05,0.7
1.3669090696044348e-07,3.075360889471726e-05,6.744297073625139e-05,1.435639311113019e-07,3.1479559751727094e-05,6.91154834832986e-05,1.5069282217627073e-07,3.221302291564751e-05,7.080836859349027e-05,1.580838440086845e-07,3.295396494228068e-05,7.252162061427269e-05,1.6574333567093694e-07,3.370235240380625e-05,7.425523402750826e-05,1.7367771140862816e-07,3.445815188891568e-05,7.600920324949396e-05,1.8189346062440413e-07,3.5221330002946756e-05,7.778352263098002e-05,1.9039714785149013e-07,3.5991853368017704e-05,7.957818645718846e-05,1.9919541272691623e-07,3.6769688623161504e-05,8.139318894783225e-05,2.082949699644363e-07,3.755480242445994e-05,8.322852425713447e-05,0.7
1.3669090696044348e-07,3.075360889471726e-05,6.744297073625139e-05,1.435639311113019e-07,3.1479559751727094e-05,6.91154834832986e-05,1.5069282217627073e-07,3.221302291564751e-05,7.080836859349027e-05,1.580838440086845e-07,3.295396494228068e-05,7.252162061427269e-05,1.6574333567093694e-07,3.370235240380625e-05,7.425523402750826e-05,1.7367771140862816e-07,3.445815188891568e-05,7.600920324949396e-05,1.8189346062440413e-07,3.5221330002946756e-05,7.778352263098002e-05,1.9039714785149013e-07,3.5991853368017704e-05,7.957818645718846e-05,1.9919541272691623e-07,3.6769688623161504e-05,8.139318894783225e-05,2.082949699644363e-07,3.755480242445994e-05,8.322852425713447e-05,0.7
1.3669090696044348e-07,3.075360889471726e-05,6.744297073625139e-05,1.435639311113019e-07,3.1479559751727094e-05,6.91154834832986e-05,1.5069282217627073e-07,3.221302291564751e-05,7.080836859349027e-05,1.580838440086845e-07,3.295396494228068e-05,7.252162061427269e-05,1.6574333567093694e-07,3.370235240380625e-05,7.425523402750826e-05,1.7367771140862816e-07,3.445815188891568e-05,7.600920324949396e-05,1.8189346062440413e-07,3.5221330002946756e-05,7.778352263098002e-05,1.9039714785149013e-07,3.5991853368017704e-05,7.957818645718846e-05,1.9919541272691623e-07,3.6769688623161504e-05,8.139318894783225e-05,2.082949699644363e-07,3.755480242445994e-05,8.322852425713447e-05,0.7
1.3669090696044348e-07,3.075360889471726e-05,6.744297073625139e-05,1.435639311113019e-07,3.1479559751727094e-05,6.91154834832986e-05,1.5069282217627073e-07,3.221302291564751e-05,7.080836859349027e-05,1.580838440086845e-07,3.295396494228068e-05,7.252162061427269e-05,1.6574333567093694e-07,3.370235240380625e-05,7.425523402750826e-05,1.7367771140862816e-07,3.445815188891568e-05,7.600920324949396e-05,1.8189346062440413e-07,3.5221330002946756e-05,7.778352263098002e-05,1.9039714785149013e-07,3.5991853368017704e-05,7.957818645718846e-05,1.9919541272691623e-07,3.6769688623161504e-05,8.139318894783225e-05,2.082949699644363e-07,3.755480242445994e-05,8.322852425713447e-05,0.7
1.3669090696044348e-07,3.075360889471726e-05,6.744297073625139e-05,1.435639311113019e-07,3.1479559751727094e-05,6.91154834832986e-05,1.5069282217627073e-07,3.221302291564751e-05,7.080836859349027e-05,1.580838440086845e-07,3.295396494228068e-05,7.252162061427269e-05,1.6574333567093694e-07,3.370235240380625e-05,7.425523402750826e-05,1.7367771140862816e-07,3.445815188891568e-05,7.600920324949396e-05,1.8189346062440413e-07,3.5221330002946756e-05,7.778352263098002e-05,1.9039714785149013e-07,3.5991853368017704e-05,7.957818645718846e-05,1.9919541272691623e-07,3.6769688623161504e-05,8.139318894783225e-05,2.082949699644363e-07,3.755480242445994e-05,8.322852425713447e-05,0.7
1.3669090696044348e-07,3.075360889471726e-05,6.744297073625139e-05,1.435639311113019e-07,3.1479559751727094e-05,6.91154834832986e-05,1.5069282217627073e-07,3.221302291564751e-05,7.080836859349027e-05,1.580838440086845e-07,3.295396494228068e-05,7.252162061427269e-05,1.6574333567093694e-07,3.370235240380625e-05,7.425523402750826e-05,1.7367771140862816e-07,3.445815188891568e-05,7.600920324949396e-05,1.8189346062440413e-07,3.5221330002946756e-05,7.778352263098002e-05,1.9039714785149013e-07,3.5991853368017704e-05,7.957818645718846e-05,1.9919541272691623e-07,3.6769688623161504e-05,8.139318894783225e-05,2.082949699644363e-07,3.755480242445994e-05,8.322852425713447e-05,0.7
1.3669090696044348e-07,3.075360889471726e-05,6.744297073625139e-05,1.435639311113019e-07,3.1479559751727094e-05,6.91154834832986e-05,1.5069282217627073e-07,3.221302291564751e-05,7.080836859349027e-05,1.580838440086845e-07,3.295396494228068e-05,7.252162061427269e-05,1.6574333567093694e-07,3.370235240380625e-05,7.425523402750826e-05,1.7367771140862816e-07,3.445815188891568e-05,7.600920324949396e-05,1.8189346062440413e-07,3.5221330002946756e-05,7.778352263098002e-05,1.9039714785149013e-07,3.5991853368017704e-05,7.957818645718846e-05,1.9919541272691623e-07,3.6769688623161504e-05,8.139318894783225e-05,2.082949699644363e-07,3.755480242445994e-05,8.322852425713447e-05,0.7
1.3669090696044348e-07,3.075360889471726e-05,6.744297073625139e-05,1.435639311113019e-07,3.1479559751727094e-05,6.91154834832986e-05,1.5069282217627073e-07,3.221302291564751e-05,7.080836859349027e-05,1.580838440086845e-07,3.295396494228068e-05,7.252162061427269e-05,1.6574333567093694e-07,3.370235240380625e-05,7.425523402750826e-05,1.7367771140862816e-07,3.445815188891568e-05,7.600920324949396e-05,1.8189346062440413e-07,3.5221330002946756e-05,7.778352263098002e-05,1.9039714785149013e-07,3.5991853368017704e-05,7.957818645718846e-05,1.9919541272691623e-07,3.6769688623161504e-05,8.139318894783225e-05,2.082949699644363e-07,3.755480242445994e-05,8.322852425713447e-05,0.7
1.3669090696044348e-07,3.075360889471726e-05,6.744297073625139e-05,1.435639311113019e-07,3.1479559751727094e-05,6.91154834832986e-05,1.5069282217627073e-07,3.221302291564751e-05,7.080836859349027e-05,1.580838440086845e-07,3.295396494228068e-05,7.252162061427269e-05,1.6574333567093694e-07,3.370235240380625e-05,7.425523402750826e-05,1.7367771140862816e-07,3.445815188891568e-05,7.600920324949396e-05,1.8189346062440413e-07,3.5221330002946756e-05,7.778352263098002e-05,1.9039714785149013e-07,3.5991853368017704e-05,7.957818645718846e-05,1.9919541272691623e-07,3.6769688623161504e-05,8.139318894783225e-05,2.082949699644363e-07,3.755480242445994e-05,8.322852425713447e-05,0.7
1.3669090696044348e-07,3.075360889471726e-05,6.744297073625139e-05,1.435639311113019e-07,3.1479559751727094e-05,6.91154834832986e-05,1.5069282217627073e-07,3.221302291564751e-05,7.080836859349027e-05,1.580838440086845e-07,3.295396494228068e-05,7.252162061427269e-05,1.6574333567093694e-07,3.370235240380625e-05,7.425523402750826e-05,1.7367771140862816e-07,3.445815188891568e-05,7.600920324949396e-05,1.8189346062440413e-07,3.5221330002946756e-05,7.778352263098002e-05,1.9039714785149013e-07,3.5991853368017704e-05,7.957818645718846e-05,1.9919541272691623e-07,3.6769688623161504e-05,8.139318894783225e-05,2.082949699644363e-07,3.755480242445994e-05,8.322852425713447e-05,0.7
1.3669090696044348e-07,3.075360889471726e-05,6.744297073625139e-05,1.435639311113019e-07,3.1479559751727094e-05,6.91154834832986e-05,1.5069282217627073e-07,3.221302291564751e-05,7.080836859349027e-05,1.580838440086845e-07,3.295396494228068e-05,7.252162061427269e-05,1.6574333567093694e-07,3.370235240380625e-05,7.425523402750826e-05,1.7367771140862816e-07,3.445815188891568e-05,7.600920324949396e-05,1.8189346062440413e-07,3.5221330002946756e-05,7.778352263098002e-05,1.9039714785149013e-07,3.5991853368017704e-05,7.957818645718846e-05,1.9919541272691623e-07,3.6769688623161504e-05,8.139318894783225e-05,2.082949699644363e-07,3.755480242445994e-05,8.322852425713447e-05,0.7
1.3669090696044348e-07,3.075360889471726e-05,6.744297073625139e-05,1.435639311113019e-07,3.1479559751727094e-05,6.91154834832986e-05,1.5069282217627073e-07,3.221302291564751e-05,7.080836859349027e-05,1.580838440086845e-07,3.295396494228068e-05,7.252162061427269e-05,1.6574333567093694e-07,3.370235240380625e-05,7.425523402750826e-05,1.7367771140862816e-07,3.445815188891568e-05,7.600920324949396e-05,1.8189346062440413e-07,3.5221330002946756e-05,7.778352263098002e-05,1.9039714785149013e-07,3.5991853368017704e-05,7.957818645718846e-05,1.9919541272691623e-07,3.6769688623161504e-05,8.139318894783225e-05,2.082949699644363e-07,3.755480242445994e-05,8.322852425713447e-05,0.7
1.3669090696044348e-07,3.075360889471726e-05,6.744297073625139e-05,1.435639311113019e-07,3.1479559751727094e-05,6.91154834832986e-05,1.5069282217627073e-07,3.221302291564751e-05,7.080836859349027e-05,1.580838440086845e-07,3.295396494228068e-05,7.252162061427269e-05,1.6574333567093694e-07,3.370235240380625e-05,7.425523402750826e-05,1.7367771140862816e-07,3.445815188891568e-05,7.600920324949396e-05,1.8189346062440413e-07,3.5221330002946756e-05,7.778352263098002e-05,1.9039714785149013e-07,3.5991853368017704e-05,7.957818645718846e-05,1.9919541272691623e-07,3.6769688623161504e-05,8.139318894783225e-05,2.082949699644363e-07,3.755480242445994e-05,8.322852425713447e-05,0.7
1.3669090696044348e-07,3.075360889471726e-05,6.744297073625139e-05,1.435639311113019e-07,3.1479559751727094e-05,6.91154834832986e-05,1.5069282217627073e-07,3.221302291564751e-05,7.080836859349027e-05,1.580838440086845e-07,3.295396494228068e-05,7.252162061427269e-05,1.6574333567093694e-07,3.370235240380625e-05,7.425523402750826e-05,1.7367771140862816e-07,3.445815188891568e-05,7.600920324949396e-05,1.8189346062440413e-07,3.5221330002946756e-05,7.778352263098002e-05,1.9039714785149013e-07,3.5991853368017704e-05,7.957818645718846e-05,1.9919541272691623e-07,3.6769688623161504e-05,8.139318894783225e-05,2.082949699644363e-07,3.755480242445994e-05,8.322852425713447e-05,0.7
1.3669090696044348e-07,3.075360889471726e-05,6.744297073625139e-05,1.435639311113019e-07,3.1479559751727094e-05,6.91154834832986e-05,1.5069282217627073e-07,3.221302291564751e-05,7.080836859349027e-05,1.580838440086845e-07,3.295396494228068e-05,7.252162061427269e-05,1.6574333567093694e-07,3.370235240380625e-05,7.425523402750826e-05,1.7367771140862816e-07,3.445815188891568e-05,7.600920324949396e-05,1.8189346062440413e-07,3.5221330002946756e-05,7.778352263098002e-05,1.9039714785149013e-07,3.5991853368017704e-05,7.957818645718846e-05,1.9919541272691623e-07,3.6769688623161504e-05,8.139318894783225e-05,2.082949699644363e-07,3.755480242445994e-05,8.322852425713447e-05,0.7
1.3669090696044348e-07,3.075360889471726e-05,6.744297073625139e-05,1.435639311113019e-07,3.1479559751727094e-05,6.91154834832986e-05,1.5069282217627073e-07,3.221302291564751e-05,7.080836859349027e-05,1.580838440086845e-07,3.295396494228068e-05,7.252162061427269e-05,1.6574333567093694e-07,3.370235240380625e-05,7.425523402750826e-05,1.7367771140862816e-07,3.445815188891568e-05,7.600920324949396e-05,1.8189346062440413e-07,3.5221330002946756e-05,7.778352263098002e-05,1.9039714785149013e-07,3.5991853368017704e-05,7.957818645718846e-05,1.9919541272691623e-07,3.6769688623161504e-05,8.139318894783225e-05,2.082949699644363e-07,3.755480242445994e-05,8.322852425713447e-05,0.7
1.3669090696044348e-07,3.075360889471726e-05,6.744297073625139e-05,1.435639311113019e-07,3.1479559751727094e-05,6.91154834832986e-05,1.5069282217627073e-07,3.221302291564751e-05,7.080836859349027e-05,1.580838440086845e-07,3.295396494228068e-05,7.252162061427269e-05,1.6574333567093694e-07,3.370235240380625e-05,7.425523402750826e-05,1.7367771140862816e-07,3.445815188891568e-05,7.600920324949396e-05,1.8189346062440413e-07,3.5221330002946756e-05,7.778352263098002e-05,1.9039714785149013e-07,3.5991853368017704e-05,7.957818645718846e-05,1.9919541272691623e-07,3.6769688623161504e-05,8.139318894783225e-05,2.082949699644363e-07,3.755480242445994e-05,8.322852425713447e-05,0.7
1.3669090696044348e-07,3.075360889471726e-05,6.744297073625139e-05,1.435639311113019e-07,3.1479559751727094e-05,6.91154834832986e-05,1.5069282217627073e-07,3.221302291564751e-05,7.080836859349027e-05,1.580838440086845e-07,3.295396494228068e-05,7.252162061427269e-05,1.6574333567093694e-07,3.370235240380625e-05,7.425523402750826e-05,1.7367771140862816e-07,3.445815188891568e-05,7.600920324949396e-05,1.8189346062440413e-07,3.5221330002946756e-05,7.778352263098002e-05,1.9039714785149013e-07,3.5991853368017704e-05,7.957818645718846e-05,1.9919541272691623e-07,3.6769688623161504e-05,8.139318894783225e-05,2.082949699644363e-07,3.755480242445994e-05,8.322852425713447e-05,0.7
1.3669090696044348e-07,3.075360889471726e-05,6.744297073625139e-05,1.435639311113019e-07,3.1479559751727094e-05,6.91154834832986e-05,1.5069282217627073e-07,3.221302291564751e-05,7.080836859349027e-05,1.580838440086845e-07,3.295396494228068e-05,7.252162061427269e-05,1.6574333567093694e-07,3.370235240380625e-05,7.425523402750826e-05,1.7367771140862816e-07,3.445815188891568e-05,7.600920324949396e-05,1.8189346062440413e-07,3.5221330002946756e-05,7.778352263098002e-05,1.9039714785149013e-07,3.5991853368017704e-05,7.957818645718846e-05,1.9919541272691623e-07,3.6769688623161504e-05,8.139318894783225e-05,2.082949699644363e-07,3.755480242445994e-05,8.322852425713447e-05,0.7
1.3669090696044348e-07,3.075360889471726e-05,6.744297073625139e-05,1.435639311113019e-07,3.1479559751727094e-05,6.91154834832986e-05,1.5069282217627073e-07,3.221302291564751e-05,7.080836859349027e-05,1.580838440086845e-07,3.295396494228068e-05,7.252162061427269e-05,1.6574333567093694e-07,3.370235240380625e-05,7.425523402750826e-05,1.7367771140862816e-07,3.445815188891568e-05,7.600920324949396e-05,1.8189346062440413e-07,3.5221330002946756e-05,7.778352263098002e-05,1.9039714785149013e-07,3.5991853368017704e-05,7.957818645718846e-05,1.9919541272691623e-07,3.6769688623161504e-05,8.139318894783225e-05,2.082949699644363e-07,3.755480242445994e-05,8.322852425713447e-05,0.7
1.3669090696044348e-07,3.075360889471726e-05,6.744297073625139e-05,1.435639311113019e-07,3.1479559751727094e-05,6.91154834832986e-05,1.5069282217627073e-07,3.221302291564751e-05,7.080836859349027e-05,1.580838440086845e-07,3.295396494228068e-05,7.252162061427269e-05,1.6574333567093694e-07,3.370235240380625e-05,7.425523402750826e-05,1.7367771140862816e-07,3.445815188891568e-05,7.600920324949396e-05,1.8189346062440413e-07,3.5221330002946756e-05,7.778352263098002e-05,1.9039714785149013e-07,3.5991853368017704e-05,7.957818645718846e-05,1.9919541272691623e-07,3.6769688623161504e-05,8.139318894783225e-05,2.082949699644363e-07,3.755480242445994e-05,8.322852425713447e-05,0.7
1.3669090696044348e-07,3.075360889471726e-05,6.744297073625139e-05,1.435639311113019e-07,3.1479559751727094e-05,6.91154834832986e-05,1.5069282217627073e-07,3.221302291564751e-05,7.080836859349027e-05,1.580838440086845e-07,3.295396494228068e-05,7.252162061427269e-05,1.6574333567093694e-07,3.370235240380625e-05,7.425523402750826e-05,1.7367771140862816e-07,3.445815188891568e-05,7.600920324949396e-05,1.8189346062440413e-07,3.5221330002946756e-05,7.778352263098002e-05,1.9039714785149013e-07,3.5991853368017704e-05,7.957818645718846e-05,1.9919541272691623e-07,3.6769688623161504e-05,8.139318894783225e-05,2.082949699644363e-07,3.755480242445994e-05,8.322852425713447e-05,0.7
1.3669090696044348e-07,3.075360889471726e-05,6.744297073625139e-05,1.435639311113019e-07,3.1479559751727094e-05,6.91154834832986e-05,1.5069282217627073e-07,3.221302291564751e-05,7.080836859349027e-05,1.580838440086845e-07,3.295396494228068e-05,7.252162061427269e-05,1.6574333567093694e-07,3.370235240380625e-05,7.425523402750826e-05,1.7367771140862816e-07,3.445815188891568e-05,7.600920324949396e-05,1.8189346062440413e-07,3.5221330002946756e-05,7.778352263098002e-05,1.9039714785149013e-07,3.5991853368017704e-05,7.957818645718846e-05,1.9919541272691623e-07,3.6769688623161504e-05,8.139318894783225e-05,2.082949699644363e-07,3.755480242445994e-05,8.322852425713447e-05,0.7
1.3669090696044348e-07,3.075360889471726e-05,6.744297073625139e-05,1.435639311113019e-07,3.1479559751727094e-05,6.91154834832986e-05,1.5069282217627073e-07,3.221302291564751e-05,7.080836859349027e-05,1.580838440086845e-07,3.295396494228068e-05,7.252162061427269e-05,1.6574333567093694e-07,3.370235240380625e-05,7.425523402750826e-05,1.7367771140862816e-07,3.445815188891568e-05,7.600920324949396e-05,1.8189346062440413e-07,3.5221330002946756e-05,7.778352263098002e-05,1.9039714785149013e-07,3.5991853368017704e-05,7.957818645718846e-05,1.9919541272691623e-07,3.6769688623161504e-05,8.139318894783225e-05,2.082949699644363e-07,3.755480242445994e-05,8.322852425713447e-05,0.7
1.3669090696044348e-07,3.075360889471726e-05,6.744297073625139e-05,1.435639311113019e-07,3.1479559751727094e-05,6.91154834832986e-05,1.5069282217627073e-07,3.221302291564751e-05,7.080836859349027e-05,1.580838440086845e-07,3.295396494228068e-05,7.252162061427269e-05,1.6574333567093694e-07,3.370235240380625e-05,7.425523402750826e-05,1.7367771140862816e-07,3.445815188891568e-05,7.600920324949396e-05,1.8189346062440413e-07,3.5221330002946756e-05,7.778352263098002e-05,1.9039714785149013e-07,3.5991853368017704e-05,7.957818645718846e-05,1.9919541272691623e-07,3.6769688623161504e-05,8.139318894783225e-05,2.082949699644363e-07,3.755480242445994e-05,8.322852425713447e-05,0.7
1.3669090696044348e-07,3.075360889471726e-05,6.744297073625139e-05,1.435639311113019e-07,3.1479559751727094e-05,6.91154834832986e-05,1.5069282217627073e-07,3.221302291564751e-05,7.080836859349027e-05,1.580838440086845e-07,3.295396494228068e-05,7.252162061427269e-05,1.6574333567093694e-07,3.370235240380625e-05,7.425523402750826e-05,1.7367771140862816e-07,3.445815188891568e-05,7.600920324949396e-05,1.8189346062440413e-07,3.5221330002946756e-05,7.778352263098002e-05,1.9039714785149013e-07,3.5991853368017704e-05,7.957818645718846e-05,1.9919541272691623e-07,3.6769688623161504e-05,8.139318894783225e-05,2.082949699644363e-07,3.755480242445994e-05,8.322852425713447e-05,0.7
1.3669090696044348e-07,3.075360889471726e-05,6.744297073625139e-05,1.435639311113019e-07,3.1479559751727094e-05,6.91154834832986e-05,1.5069282217627073e-07,3.221302291564751e-05,7.080836859349027e-05,1.580838440086845e-07,3.295396494228068e-05,7.252162061427269e-05,1.6574333567093694e-07,3.370235240380625e-05,7.425523402750826e-05,1.7367771140862816e-07,3.445815188891568e-05,7.600920324949396e-05,1.8189346062440413e-07,3.5221330002946756e-05,7.778352263098002e-05,1.9039714785149013e-07,3.5991853368017704e-05,7.957818645718846e-05,1.9919541272691623e-07,3.6769688623161504e-05,8.139318894783225e-05,2.082949699644363e-07,3.755480242445994e-05,8.322852425713447e-05,0.7
1.3669090696044348e-07,3.075360889471726e-05,6.744297073625139e-05,1.435639311113019e-07,3.1479559751727094e-05,6.91154834832986e-05,1.5069282217627073e-07,3.221302291564751e-05,7.080836859349027e-05,1.580838440086845e-07,3.295396494228068e-05,7.252162061427269e-05,1.6574333567093694e-07,3.370235240380625e-05,7.425523402750826e-05,1.7367771140862816e-07,3.445815188891568e-05,7.600920324949396e-05,1.8189346062440413e-07,3.5221330002946756e-05,7.778352263098002e-05,1.9039714785149013e-07,3.5991853368017704e-05,7.957818645718846e-05,1.9919541272691623e-07,3.6769688623161504e-05,8.139318894783225e-05,2.082949699644363e-07,3.755480242445994e-05,8.322852425713447e-05,0.7
1.3669090696044348e-07,3.075360889471726e-05,6.744297073625139e-05,1.435639311113019e-07,3.1479559751727094e-05,6.91154834832986e-05,1.5069282217627073e-07,3.221302291564751e-05,7.080836859349027e-05,1.580838440086845e-07,3.295396494228068e-05,7.252162061427269e-05,1.6574333567093694e-07,3.370235240380625e-05,7.425523402750826e-05,1.7367771140862816e-07,3.445815188891568e-05,7.600920324949396e-05,1.8189346062440413e-07,3.5221330002946756e-05,7.778352263098002e-05,1.9039714785149013e-07,3.5991853368017704e-05,7.957818645718846e-05,1.9919541272691623e-07,3.6769688623161504e-05,8.139318894783225e-05,2.082949699644363e-07,3.755480242445994e-05,8.322852425713447e-05,0.7
1.3669090696044348e-07,3.075360889471726e-05,6.744297073625139e-05,1.435639311113019e-07,3.1479559751727094e-05,6.91154834832986e-05,1.5069282217627073e-07,3.221302291564751e-05,7.080836859349027e-05,1.580838440086845e-07,3.295396494228068e-05,7.252162061427269e-05,1.6574333567093694e-07,3.370235240380625e-05,7.425523402750826e-05,1.7367771140862816e-07,3.445815188891568e-05,7.600920324949396e-05,1.8189346062440413e-07,3.5221330002946756e-05,7.778352263098002e-05,1.9039714785149013e-07,3.5991853368017704e-05,7.957818645718846e-05,1.9919541272691623e-07,3.6769688623161504e-05,8.139318894783225e-05,2.082949699644363e-07,3.755480242445994e-05,8.322852425713447e-05,0.7
1.3669090696044348e-07,3.075360889471726e-05,6.744297073625139e-05,1.435639311113019e-07,3.1479559751727094e-05,6.91154834832986e-05,1.5069282217627073e-07,3.221302291564751e-05,7.080836859349027e-05,1.580838440086845e-07,3.295396494228068e-05,7.252162061427269e-05,1.6574333567093694e-07,3.370235240380625e-05,7.425523402750826e-05,1.7367771140862816e-07,3.445815188891568e-05,7.600920324949396e-05,1.8189346062440413e-07,3.5221330002946756e-05,7.778352263098002e-05,1.9039714785149013e-07,3.5991853368017704e-05,7.957818645718846e-05,1.9919541272691623e-07,3.6769688623161504e-05,8.139318894783225e-05,2.082949699644363e-07,3.755480242445994e-05,8.322852425713447e-05,0.7
1.3669090696044348e-07,3.075360889471726e-05,6.744297073625139e-05,1.435639311113019e-07,3.1479559751727094e-05,6.91154834832986e-05,1.5069282217627073e-07,3.221302291564751e-05,7.080836859349027e-05,1.580838440086845e-07,3.295396494228068e-05,7.252162061427269e-05,1.6574333567093694e-07,3.370235240380625e-05,7.425523402750826e-05,1.7367771140862816e-07,3.445815188891568e-05,7.600920324949396e-05,1.8189346062440413e-07,3.5221330002946756e-05,7.778352263098002e-05,1.9039714785149013e-07,3.5991853368017704e-05,7.957818645718846e-05,1.9919541272691623e-07,3.6769688623161504e-05,8.139318894783225e-05,2.082949699644363e-07,3.755480242445994e-05,8.322852425713447e-05,0.7
1.3669090696044348e-07,3.075360889471726e-05,6.744297073625139e-05,1.435639311113019e-07,3.1479559751727094e-05,6.91154834832986e-05,1.5069282217627073e-07,3.221302291564751e-05,7.080836859349027e-05,1.580838440086845e-07,3.295396494228068e-05,7.252162061427269e-05,1.6574333567093694e-07,3.370235240380625e-05,7.425523402750826e-05,1.7367771140862816e-07,3.445815188891568e-05,7.600920324949396e-05,1.8189346062440413e-07,3.5221330002946756e-05,7.778352263098002e-05,1.9039714785149013e-07,3.5991853368017704e-05,7.957818645718846e-05,1.9919541272691623e-07,3.6769688623161504e-05,8.139318894783225e-05,2.082949699644363e-07,3.755480242445994e-05,8.322852425713447e-05,0.7
1.3669090696044348e-07,3.075360889471726e-05,6.744297073625139e-05,1.435639311113019e-07,3.1479559751727094e-05,6.91154834832986e-05,1.5069282217627073e-07,3.221302291564751e-05,7.080836859349027e-05,1.580838440086845e-07,3.295396494228068e-05,7.252162061427269e-05,1.6574333567093694e-07,3.370235240380625e-05,7.425523402750826e-05,1.7367771140862816e-07,3.445815188891568e-05,7.600920324949396e-05,1.8189346062440413e-07,3.5221330002946756e-05,7.778352263098002e-05,1.9039714785149013e-07,3.5991853368017704e-05,7.957818645718846e-05,1.9919541272691623e-07,3.6769688623161504e-05,8.139318894783225e-05,2.082949699644363e-07,3.755480242445994e-05,8.322852425713447e-05,0.7
1.3669090696044348e-07,3.075360889471726e-05,6.744297073625139e-05,1.435639311113019e-07,3.1479559751727094e-05,6.91154834832986e-05,1.5069282217627073e-07,3.221302291564751e-05,7.080836859349027e-05,1.580838440086845e-07,3.295396494228068e-05,7.252162061427269e-05,1.6574333567093694e-07,3.370235240380625e-05,7.425523402750826e-05,1.7367771140862816e-07,3.445815188891568e-05,7.600920324949396e-05,1.8189346062440413e-07,3.5221330002946756e-05,7.778352263098002e-05,1.9039714785149013e-07,3.5991853368017704e-05,7.957818645718846e-05,1.9919541272691623e-07,3.6769688623161504e-05,8.139318894783225e-05,2.082949699644363e-07,3.755480242445994e-05,8.322852425713447e-05,0.7
1.3669090696044348e-07,3.075360889471726e-05,6.744297073625139e-05,1.435639311113019e-07,3.1479559751727094e-05,6.91154834832986e-05,1.5069282217627073e-07,3.221302291564751e-05,7.080836859349027e-05,1.580838440086845e-07,3.295396494228068e-05,7.252162061427269e-05,1.6574333567093694e-07,3.370235240380625e-05,7.425523402750826e-05,1.7367771140862816e-07,3.445815188891568e-05,7.600920324949396e-05,1.8189346062440413e-07,3.5221330002946756e-05,7.778352263098002e-05,1.9039714785149013e-07,3.5991853368017704e-05,7.957818645718846e-05,1.9919541272691623e-07,3.6769688623161504e-05,8.139318894783225e-05,2.082949699644363e-07,3.755480242445994e-05,8.322852425713447e-05,0.7
1.3669090696044348e-07,3.075360889471726e-05,6.744297073625139e-05,1.435639311113019e-07,3.1479559751727094e-05,6.91154834832986e-05,1.5069282217627073e-07,3.221302291564751e-05,7.080836859349027e-05,1.580838440086845e-07,3.295396494228068e-05,7.252162061427269e-05,1.6574333567093694e-07,3.370235240380625e-05,7.425523402750826e-05,1.7367771140862816e-07,3.445815188891568e-05,7.600920324949396e-05,1.8189346062440413e-07,3.5221330002946756e-05,7.778352263098002e-05,1.9039714785149013e-07,3.5991853368017704e-05,7.957818645718846e-05,1.9919541272691623e-07,3.6769688623161504e-05,8.139318894783225e-05,2.082949699644363e-07,3.755480242445994e-05,8.322852425713447e-05,0.7
1.3669090696044348e-07,3.075360889471726e-05,6.744297073625139e-05,1.435639311113019e-07,3.1479559751727094e-05,6.91154834832986e-05,1.5069282217627073e-07,3.221302291564751e-05,7.080836859349027e-05,1.580838440086845e-07,3.295396494228068e-05,7.252162061427269e-05,1.6574333567093694e-07,3.370235240380625e-05,7.425523402750826e-05,1.7367771140862816e-07,3.445815188891568e-05,7.600920324949396e-05,1.8189346062440413e-07,3.5221330002946756e-05,7.778352263098002e-05,1.9039714785149013e-07,3.5991853368017704e-05,7.957818645718846e-05,1.9919541272691623e-07,3.6769688623161504e-05,8.139318894783225e-05,2.082949699644363e-07,3.755480242445994e-05,8.322852425713447e-05,0.7
1.3669090696044348e-07,3.075360889471726e-05,6.744297073625139e-05,1.435639311113019e-07,3.1479559751727094e-05,6.91154834832986e-05,1.5069282217627073e-07,3.221302291564751e-05,7.080836859349027e-05,1.580838440086845e-07,3.295396494228068e-05,7.252162061427269e-05,1.6574333567093694e-07,3.370235240380625e-05,7.425523402750826e-05,1.7367771140862816e-07,3.445815188891568e-05,7.600920324949396e-05,1.8189346062440413e-07,3.5221330002946756e-05,7.778352263098002e-05,1.9039714785149013e-07,3.5991853368017704e-05,7.957818645718846e-05,1.9919541272691623e-07,3.6769688623161504e-05,8.139318894783225e-05,2.082949699644363e-07,3.755480242445994e-05,8.322852425713447e-05,0.7
1.3669090696044348e-07,3.075360889471726e-05,6.744297073625139e-05,1.435639311113019e-07,3.1479559751727094e-05,6.91154834832986e-05,1.5069282217627073e-07,3.221302291564751e-05,7.080836859349027e-05,1.580838440086845e-07,3.295396494228068e-05,7.252162061427269e-05,1.6574333567093694e-07,3.370235240380625e-05,7.425523402750826e-05,1.7367771140862816e-07,3.445815188891568e-05,7.600920324949396e-05,1.8189346062440413e-07,3.5221330002946756e-05,7.778352263098002e-05,1.9039714785149013e-07,3.5991853368017704e-05,7.957818645718846e-05,1.9919541272691623e-07,3.6769688623161504e-05,8.139318894783225e-05,2.082949699644363e-07,3.755480242445994e-05,8.322852425713447e-05,0.7
1.3669090696044348e-07,3.075360889471726e-05,6.744297073625139e-05,1.435639311113019e-07,3.1479559751727094e-05,6.91154834832986e-05,1.5069282217627073e-07,3.221302291564751e-05,7.080836859349027e-05,1.580838440086845e-07,3.295396494228068e-05,7.252162061427269e-05,1.6574333567093694e-07,3.370235240380625e-05,7.425523402750826e-05,1.7367771140862816e-07,3.445815188891568e-05,7.600920324949396e-05,1.8189346062440413e-07,3.5221330002946756e-05,7.778352263098002e-05,1.9039714785149013e-07,3.5991853368017704e-05,7.957818645718846e-05,1.9919541272691623e-07,3.6769688623161504e-05,8.139318894783225e-05,2.082949699644363e-07,3.755480242445994e-05,8.322852425713447e-05,0.7
1.3669090696044348e-07,3.075360889471726e-05,6.744297073625139e-05,1.435639311113019e-07,3.1479559751727094e-05,6.91154834832986e-05,1.5069282217627073e-07,3.221302291564751e-05,7.080836859349027e-05,1.580838440086845e-07,3.295396494228068e-05,7.252162061427269e-05,1.6574333567093694e-07,3.370235240380625e-05,7.425523402750826e-05,1.7367771140862816e-07,3.445815188891568e-05,7.600920324949396e-05,1.8189346062440413e-07,3.5221330002946756e-05,7.778352263098002e-05,1.9039714785149013e-07,3.5991853368017704e-05,7.957818645718846e-05,1.9919541272691623e-07,3.6769688623161504e-05,8.139318894783225e-05,2.082949699644363e-07,3.755480242445994e-05,8.322852425713447e-05,0.7
1.3669090696044348e-07,3.075360889471726e-05,6.744297073625139e-05,1.435639311113019e-07,3.1479559751727094e-05,6.91154834832986e-05,1.5069282217627073e-07,3.221302291564751e-05,7.080836859349027e-05,1.580838440086845e-07,3.295396494228068e-05,7.252162061427269e-05,1.6574333567093694e-07,3.370235240380625e-05,7.425523402750826e-05,1.7367771140862816e-07,3.445815188891568e-05,7.600920324949396e-05,1.8189346062440413e-07,3.5221330002946756e-05,7.778352263098002e-05,1.9039714785149013e-07,3.5991853368017704e-05,7.957818645718846e-05,1.9919541272691623e-07,3.6769688623161504e-05,8.139318894783225e-05,2.082949699644363e-07,3.755480242445994e-05,8.322852425713447e-05,0.7
1.3669090696044348e-07,3.075360889471726e-05,6.744297073625139e-05,1.435639311113019e-07,3.1479559751727094e-05,6.91154834832986e-05,1.5069282217627073e-07,3.221302291564751e-05,7.080836859349027e-05,1.580838440086845e-07,3.295396494228068e-05,7.252162061427269e-05,1.6574333567093694e-07,3.370235240380625e-05,7.425523402750826e-05,1.7367771140862816e-07,3.445815188891568e-05,7.600920324949396e-05,1.8189346062440413e-07,3.5221330002946756e-05,7.778352263098002e-05,1.9039714785149013e-07,3.5991853368017704e-05,7.957818645718846e-05,1.9919541272691623e-07,3.6769688623161504e-05,8.139318894783225e-05,2.082949699644363e-07,3.755480242445994e-05,8.322852425713447e-05,0.7
1.3669090696044348e-07,3.075360889471726e-05,6.744297073625139e-05,1.435639311113019e-07,3.1479559751727094e-05,6.91154834832986e-05,1.5069282217627073e-07,3.221302291564751e-05,7.080836859349027e-05,1.580838440086845e-07,3.295396494228068e-05,7.252162061427269e-05,1.6574333567093694e-07,3.370235240380625e-05,7.425523402750826e-05,1.7367771140862816e-07,3.445815188891568e-05,7.600920324949396e-05,1.8189346062440413e-07,3.5221330002946756e-05,7.778352263098002e-05,1.9039714785149013e-07,3.5991853368017704e-05,7.957818645718846e-05,1.9919541272691623e-07,3.6769688623161504e-05,8.139318894783225e-05,2.082949699644363e-07,3.755480242445994e-05,8.322852425713447e-05,0.7
1.3669090696044348e-07,3.075360889471726e-05,6.744297073625139e-05,1.435639311113019e-07,3.1479559751727094e-05,6.91154834832986e-05,1.5069282217627073e-07,3.221302291564751e-05,7.080836859349027e-05,1.580838440086845e-07,3.295396494228068e-05,7.252162061427269e-05,1.6574333567093694e-07,3.370235240380625e-05,7.425523402750826e-05,1.7367771140862816e-07,3.445815188891568e-05,7.600920324949396e-05,1.8189346062440413e-07,3.5221330002946756e-05,7.778352263098002e-05,1.9039714785149013e-07,3.5991853368017704e-05,7.957818645718846e-05,1.9919541272691623e-07,3.6769688623161504e-05,8.139318894783225e-05,2.082949699644363e-07,3.755480242445994e-05,8.322852425713447e-05,0.7
1.3669090696044348e-07,3.075360889471726e-05,6.744297073625139e-05,1.435639311113019e-07,3.1479559751727094e-05,6.91154834832986e-05,1.5069282217627073e-07,3.221302291564751e-05,7.080836859349027e-05,1.580838440086845e-07,3.295396494228068e-05,7.252162061427269e-05,1.6574333567093694e-07,3.370235240380625e-05,7.425523402750826e-05,1.7367771140862816e-07,3.445815188891568e-05,7.600920324949396e-05,1.8189346062440413e-07,3.5221330002946756e-05,7.778352263098002e-05,1.9039714785149013e-07,3.5991853368017704e-05,7.957818645718846e-05,1.9919541272691623e-07,3.6769688623161504e-05,8.139318894783225e-05,2.082949699644363e-07,3.755480242445994e-05,8.322852425713447e-05,0.7
1.3669090696044348e-07,3.075360889471726e-05,6.744297073625139e-05,1.435639311113019e-07,3.1479559751727094e-05,6.91154834832986e-05,1.5069282217627073e-07,3.221302291564751e-05,7.080836859349027e-05,1.580838440086845e-07,3.295396494228068e-05,7.252162061427269e-05,1.6574333567093694e-07,3.370235240380625e-05,7.425523402750826e-05,1.7367771140862816e-07,3.445815188891568e-05,7.600920324949396e-05,1.8189346062440413e-07,3.5221330002946756e-05,7.778352263098002e-05,1.9039714785149013e-07,3.5991853368017704e-05,7.957818645718846e-05,1.9919541272691623e-07,3.6769688623161504e-05,8.139318894783225e-05,2.082949699644363e-07,3.755480242445994e-05,8.322852425713447e-05,0.7
1.3669090696044348e-07,3.075360889471726e-05,6.744297073625139e-05,1.435639311113019e-07,3.1479559751727094e-05,6.91154834832986e-05,1.5069282217627073e-07,3.221302291564751e-05,7.080836859349027e-05,1.580838440086845e-07,3.295396494228068e-05,7.252162061427269e-05,1.6574333567093694e-07,3.370235240380625e-05,7.425523402750826e-05,1.7367771140862816e-07,3.445815188891568e-05,7.600920324949396e-05,1.8189346062440413e-07,3.5221330002946756e-05,7.778352263098002e-05,1.9039714785149013e-07,3.5991853368017704e-05,7.957818645718846e-05,1.9919541272691623e-07,3.6769688623161504e-05,8.139318894783225e-05,2.082949699644363e-07,3.755480242445994e-05,8.322852425713447e-05,0.7
1.3669090696044348e-07,3.075360889471726e-05,6.744297073625139e-05,1.435639311113019e-07,3.1479559751727094e-05,6.91154834832986e-05,1.5069282217627073e-07,3.221302291564751e-05,7.080836859349027e-05,1.580838440086845e-07,3.295396494228068e-05,7.252162061427269e-05,1.6574333567093694e-07,3.370235240380625e-05,7.425523402750826e-05,1.7367771140862816e-07,3.445815188891568e-05,7.600920324949396e-05,1.8189346062440413e-07,3.5221330002946756e-05,7.778352263098002e-05,1.9039714785149013e-07,3.5991853368017704e-05,7.957818645718846e-05,1.9919541272691623e-07,3.6769688623161504e-05,8.139318894783225e-05,2.082949699644363e-07,3.755480242445994e-05,8.322852425713447e-05,0.7
1.3669090696044348e-07,3.075360889471726e-05,6.744297073625139e-05,1.435639311113019e-07,3.1479559751727094e-05,6.91154834832986e-05,1.5069282217627073e-07,3.221302291564751e-05,7.080836859349027e-05,1.580838440086845e-07,3.295396494228068e-05,7.252162061427269e-05,1.6574333567093694e-07,3.370235240380625e-05,7.425523402750826e-05,1.7367771140862816e-07,3.445815188891568e-05,7.600920324949396e-05,1.8189346062440413e-07,3.5221330002946756e-05,7.778352263098002e-05,1.9039714785149013e-07,3.5991853368017704e-05,7.957818645718846e-05,1.9919541272691623e-07,3.6769688623161504e-05,8.139318894783225e-05,2.082949699644363e-07,3.755480242445994e-05,8.322852425713447e-05,0.7
1.3669090696044348e-07,3.075360889471726e-05,6.744297073625139e-05,1.435639311113019e-07,3.1479559751727094e-05,6.91154834832986e-05,1.5069282217627073e-07,3.221302291564751e-05,7.080836859349027e-05,1.580838440086845e-07,3.295396494228068e-05,7.252162061427269e-05,1.6574333567093694e-07,3.370235240380625e-05,7.425523402750826e-05,1.7367771140862816e-07,3.445815188891568e-05,7.600920324949396e-05,1.8189346062440413e-07,3.5221330002946756e-05,7.778352263098002e-05,1.9039714785149013e-07,3.5991853368017704e-05,7.957818645718846e-05,1.9919541272691623e-07,3.6769688623161504e-05,8.139318894783225e-05,2.082949699644363e-07,3.755480242445994e-05,8.322852425713447e-05,0.7
1.3669090696044348e-07,3.075360889471726e-05,6.744297073625139e-05,1.435639311113019e-07,3.1479559751727094e-05,6.91154834832986e-05,1.5069282217627073e-07,3.221302291564751e-05,7.080836859349027e-05,1.580838440086845e-07,3.295396494228068e-05,7.252162061427269e-05,1.6574333567093694e-07,3.370235240380625e-05,7.425523402750826e-05,1.7367771140862816e-07,3.445815188891568e-05,7.600920324949396e-05,1.8189346062440413e-07,3.5221330002946756e-05,7.778352263098002e-05,1.9039714785149013e-07,3.5991853368017704e-05,7.957818645718846e-05,1.9919541272691623e-07,3.6769688623161504e-05,8.139318894783225e-05,2.082949699644363e-07,3.755480242445994e-05,8.322852425713447e-05,0.7
1.3669090696044348e-07,3.075360889471726e-05,6.744297073625139e-05,1.435639311113019e-07,3.1479559751727094e-05,6.91154834832986e-05,1.5069282217627073e-07,3.221302291564751e-05,7.080836859349027e-05,1.580838440086845e-07,3.295396494228068e-05,7.252162061427269e-05,1.6574333567093694e-07,3.370235240380625e-05,7.425523402750826e-05,1.7367771140862816e-07,3.445815188891568e-05,7.600920324949396e-05,1.8189346062440413e-07,3.5221330002946756e-05,7.778352263098002e-05,1.9039714785149013e-07,3.5991853368017704e-05,7.957818645718846e-05,1.9919541272691623e-07,3.6769688623161504e-05,8.139318894783225e-05,2.082949699644363e-07,3.755480242445994e-05,8.322852425713447e-05,0.7
1.3669090696044348e-07,3.075360889471726e-05,6.744297073625139e-05,1.435639311113019e-07,3.1479559751727094e-05,6.91154834832986e-05,1.5069282217627073e-07,3.221302291564751e-05,7.080836859349027e-05,1.580838440086845e-07,3.295396494228068e-05,7.252162061427269e-05,1.6574333567093694e-07,3.370235240380625e-05,7.425523402750826e-05,1.7367771140862816e-07,3.445815188891568e-05,7.600920324949396e-05,1.8189346062440413e-07,3.5221330002946756e-05,7.778352263098002e-05,1.9039714785149013e-07,3.5991853368017704e-05,7.957818645718846e-05,1.9919541272691623e-07,3.6769688623161504e-05,8.139318894783225e-05,2.082949699644363e-07,3.755480242445994e-05,8.322852425713447e-05,0.7
1.3669090696044348e-07,3.075360889471726e-05,6.744297073625139e-05,1.435639311113019e-07,3.1479559751727094e-05,6.91154834832986e-05,1.5069282217627073e-07,3.221302291564751e-05,7.080836859349027e-05,1.580838440086845e-07,3.295396494228068e-05,7.252162061427269e-05,1.6574333567093694e-07,3.370235240380625e-05,7.425523402750826e-05,1.7367771140862816e-07,3.445815188891568e-05,7.600920324949396e-05,1.8189346062440413e-07,3.5221330002946756e-05,7.778352263098002e-05,1.9039714785149013e-07,3.5991853368017704e-05,7.957818645718846e-05,1.9919541272691623e-07,3.6769688623161504e-05,8.139318894783225e-05,2.082949699644363e-07,3.755480242445994e-05,8.322852425713447e-05,0.7
1.3669090696044348e-07,3.075360889471726e-05,6.744297073625139e-05,1.435639311113019e-07,3.1479559751727094e-05,6.91154834832986e-05,1.5069282217627073e-07,3.221302291564751e-05,7.080836859349027e-05,1.580838440086845e-07,3.295396494228068e-05,7.252162061427269e-05,1.6574333567093694e-07,3.370235240380625e-05,7.425523402750826e-05,1.7367771140862816e-07,3.445815188891568e-05,7.600920324949396e-05,1.8189346062440413e-07,3.5221330002946756e-05,7.778352263098002e-05,1.9039714785149013e-07,3.5991853368017704e-05,7.957818645718846e-05,1.9919541272691623e-07,3.6769688623161504e-05,8.139318894783225e-05,2.082949699644363e-07,3.755480242445994e-05,8.322852425713447e-05,0.7
1.3669090696044348e-07,3.075360889471726e-05,6.744297073625139e-05,1.435639311113019e-07,3.1479559751727094e-05,6.91154834832986e-05,1.5069282217627073e-07,3.221302291564751e-05,7.080836859349027e-05,1.580838440086845e-07,3.295396494228068e-05,7.252162061427269e-05,1.6574333567093694e-07,3.370235240380625e-05,7.425523402750826e-05,1.7367771140862816e-07,3.445815188891568e-05,7.600920324949396e-05,1.8189346062440413e-07,3.5221330002946756e-05,7.778352263098002e-05,1.9039714785149013e-07,3.5991853368017704e-05,7.957818645718846e-05,1.9919541272691623e-07,3.6769688623161504e-05,8.139318894783225e-05,2.082949699644363e-07,3.755480242445994e-05,8.322852425713447e-05,0.7
1.3669090696044348e-07,3.075360889471726e-05,6.744297073625139e-05,1.435639311113019e-07,3.1479559751727094e-05,6.91154834832986e-05,1.5069282217627073e-07,3.221302291564751e-05,7.080836859349027e-05,1.580838440086845e-07,3.295396494228068e-05,7.252162061427269e-05,1.6574333567093694e-07,3.370235240380625e-05,7.425523402750826e-05,1.7367771140862816e-07,3.445815188891568e-05,7.600920324949396e-05,1.8189346062440413e-07,3.5221330002946756e-05,7.778352263098002e-05,1.9039714785149013e-07,3.5991853368017704e-05,7.957818645718846e-05,1.9919541272691623e-07,3.6769688623161504e-05,8.139318894783225e-05,2.082949699644363e-07,3.755480242445994e-05,8.322852425713447e-05,0.7
1.3669090696044348e-07,3.075360889471726e-05,6.744297073625139e-05,1.435639311113019e-07,3.1479559751727094e-05,6.91154834832986e-05,1.5069282217627073e-07,3.221302291564751e-05,7.080836859349027e-05,1.580838440086845e-07,3.295396494228068e-05,7.252162061427269e-05,1.6574333567093694e-07,3.370235240380625e-05,7.425523402750826e-05,1.7367771140862816e-07,3.445815188891568e-05,7.600920324949396e-05,1.8189346062440413e-07,3.5221330002946756e-05,7.778352263098002e-05,1.9039714785149013e-07,3.5991853368017704e-05,7.957818645718846e-05,1.9919541272691623e-07,3.6769688623161504e-05,8.139318894783225e-05,2.082949699644363e-07,3.755480242445994e-05,8.322852425713447e-05,0.7
1.3669090696044348e-07,3.075360889471726e-05,6.744297073625139e-05,1.435639311113019e-07,3.1479559751727094e-05,6.91154834832986e-05,1.5069282217627073e-07,3.221302291564751e-05,7.080836859349027e-05,1.580838440086845e-07,3.295396494228068e-05,7.252162061427269e-05,1.6574333567093694e-07,3.370235240380625e-05,7.425523402750826e-05,1.7367771140862816e-07,3.445815188891568e-05,7.600920324949396e-05,1.8189346062440413e-07,3.5221330002946756e-05,7.778352263098002e-05,1.9039714785149013e-07,3.5991853368017704e-05,7.957818645718846e-05,1.9919541272691623e-07,3.6769688623161504e-05,8.139318894783225e-05,2.082949699644363e-07,3.755480242445994e-05,8.322852425713447e-05,0.7
1.3669090696044348e-07,3.075360889471726e-05,6.744297073625139e-05,1.435639311113019e-07,3.1479559751727094e-05,6.91154834832986e-05,1.5069282217627073e-07,3.221302291564751e-05,7.080836859349027e-05,1.580838440086845e-07,3.295396494228068e-05,7.252162061427269e-05,1.6574333567093694e-07,3.370235240380625e-05,7.425523402750826e-05,1.7367771140862816e-07,3.445815188891568e-05,7.600920324949396e-05,1.8189346062440413e-07,3.5221330002946756e-05,7.778352263098002e-05,1.9039714785149013e-07,3.5991853368017704e-05,7.957818645718846e-05,1.9919541272691623e-07,3.6769688623161504e-05,8.139318894783225e-05,2.082949699644363e-07,3.755480242445994e-05,8.322852425713447e-05,0.7
1.3669090696044348e-07,3.075360889471726e-05,6.744297073625139e-05,1.435639311113019e-07,3.1479559751727094e-05,6.91154834832986e-05,1.5069282217627073e-07,3.221302291564751e-05,7.080836859349027e-05,1.580838440086845e-07,3.295396494228068e-05,7.252162061427269e-05,1.6574333567093694e-07,3.370235240380625e-05,7.425523402750826e-05,1.7367771140862816e-07,3.445815188891568e-05,7.600920324949396e-05,1.8189346062440413e-07,3.5221330002946756e-05,7.778352263098002e-05,1.9039714785149013e-07,3.5991853368017704e-05,7.957818645718846e-05,1.9919541272691623e-07,3.6769688623161504e-05,8.139318894783225e-05,2.082949699644363e-07,3.755480242445994e-05,8.322852425713447e-05,0.7
1.3669090696044348e-07,3.075360889471726e-05,6.744297073625139e-05,1.435639311113019e-07,3.1479559751727094e-05,6.91154834832986e-05,1.5069282217627073e-07,3.221302291564751e-05,7.080836859349027e-05,1.580838440086845e-07,3.295396494228068e-05,7.252162061427269e-05,1.6574333567093694e-07,3.370235240380625e-05,7.425523402750826e-05,1.7367771140862816e-07,3.445815188891568e-05,7.600920324949396e-05,1.8189346062440413e-07,3.5221330002946756e-05,7.778352263098002e-05,1.9039714785149013e-07,3.5991853368017704e-05,7.957818645718846e-05,1.9919541272691623e-07,3.6769688623161504e-05,8.139318894783225e-05,2.082949699644363e-07,3.755480242445994e-05,8.322852425713447e-05,0.7
1.3669090696044348e-07,3.075360889471726e-05,6.744297073625139e-05,1.435639311113019e-07,3.1479559751727094e-05,6.91154834832986e-05,1.5069282217627073e-07,3.221302291564751e-05,7.080836859349027e-05,1.580838440086845e-07,3.295396494228068e-05,7.252162061427269e-05,1.6574333567093694e-07,3.370235240380625e-05,7.425523402750826e-05,1.7367771140862816e-07,3.445815188891568e-05,7.600920324949396e-05,1.8189346062440413e-07,3.5221330002946756e-05,7.778352263098002e-05,1.9039714785149013e-07,3.5991853368017704e-05,7.957818645718846e-05,1.9919541272691623e-07,3.6769688623161504e-05,8.139318894783225e-05,2.082949699644363e-07,3.755480242445994e-05,8.322852425713447e-05,0.7
1.3669090696044348e-07,3.075360889471726e-05,6.744297073625139e-05,1.435639311113019e-07,3.1479559751727094e-05,6.91154834832986e-05,1.5069282217627073e-07,3.221302291564751e-05,7.080836859349027e-05,1.580838440086845e-07,3.295396494228068e-05,7.252162061427269e-05,1.6574333567093694e-07,3.370235240380625e-05,7.425523402750826e-05,1.7367771140862816e-07,3.445815188891568e-05,7.600920324949396e-05,1.8189346062440413e-07,3.5221330002946756e-05,7.778352263098002e-05,1.9039714785149013e-07,3.5991853368017704e-05,7.957818645718846e-05,1.9919541272691623e-07,3.6769688623161504e-05,8.139318894783225e-05,2.082949699644363e-07,3.755480242445994e-05,8.322852425713447e-05,0.7
1.3669090696044348e-07,3.075360889471726e-05,6.744297073625139e-05,1.435639311113019e-07,3.1479559751727094e-05,6.91154834832986e-05,1.5069282217627073e-07,3.221302291564751e-05,7.080836859349027e-05,1.580838440086845e-07,3.295396494228068e-05,7.252162061427269e-05,1.6574333567093694e-07,3.370235240380625e-05,7.425523402750826e-05,1.7367771140862816e-07,3.445815188891568e-05,7.600920324949396e-05,1.8189346062440413e-07,3.5221330002946756e-05,7.778352263098002e-05,1.9039714785149013e-07,3.5991853368017704e-05,7.957818645718846e-05,1.9919541272691623e-07,3.6769688623161504e-05,8.139318894783225e-05,2.082949699644363e-07,3.755480242445994e-05,8.322852425713447e-05,0.7
1.3669090696044348e-07,3.075360889471726e-05,6.744297073625139e-05,1.435639311113019e-07,3.1479559751727094e-05,6.91154834832986e-05,1.5069282217627073e-07,3.221302291564751e-05,7.080836859349027e-05,1.580838440086845e-07,3.295396494228068e-05,7.252162061427269e-05,1.6574333567093694e-07,3.370235240380625e-05,7.425523402750826e-05,1.7367771140862816e-07,3.445815188891568e-05,7.600920324949396e-05,1.8189346062440413e-07,3.5221330002946756e-05,7.778352263098002e-05,1.9039714785149013e-07,3.5991853368017704e-05,7.957818645718846e-05,1.9919541272691623e-07,3.6769688623161504e-05,8.139318894783225e-05,2.082949699644363e-07,3.755480242445994e-05,8.322852425713447e-05,0.7
1.3669090696044348e-07,3.075360889471726e-05,6.744297073625139e-05,1.435639311113019e-07,3.1479559751727094e-05,6.91154834832986e-05,1.5069282217627073e-07,3.221302291564751e-05,7.080836859349027e-05,1.580838440086845e-07,3.295396494228068e-05,7.252162061427269e-05,1.6574333567093694e-07,3.370235240380625e-05,7.425523402750826e-05,1.7367771140862816e-07,3.445815188891568e-05,7.600920324949396e-05,1.8189346062440413e-07,3.5221330002946756e-05,7.778352263098002e-05,1.9039714785149013e-07,3.5991853368017704e-05,7.957818645718846e-05,1.9919541272691623e-07,3.6769688623161504e-05,8.139318894783225e-05,2.082949699644363e-07,3.755480242445994e-05,8.322852425713447e-05,0.7
1.3669090696044348e-07,3.075360889471726e-05,6.744297073625139e-05,1.435639311113019e-07,3.1479559751727094e-05,6.91154834832986e-05,1.5069282217627073e-07,3.221302291564751e-05,7.080836859349027e-05,1.580838440086845e-07,3.295396494228068e-05,7.252162061427269e-05,1.6574333567093694e-07,3.370235240380625e-05,7.425523402750826e-05,1.7367771140862816e-07,3.445815188891568e-05,7.600920324949396e-05,1.8189346062440413e-07,3.5221330002946756e-05,7.778352263098002e-05,1.9039714785149013e-07,3.5991853368017704e-05,7.957818645718846e-05,1.9919541272691623e-07,3.6769688623161504e-05,8.139318894783225e-05,2.082949699644363e-07,3.755480242445994e-05,8.322852425713447e-05,0.7
1.3669090696044348e-07,3.075360889471726e-05,6.744297073625139e-05,1.435639311113019e-07,3.1479559751727094e-05,6.91154834832986e-05,1.5069282217627073e-07,3.221302291564751e-05,7.080836859349027e-05,1.580838440086845e-07,3.295396494228068e-05,7.252162061427269e-05,1.6574333567093694e-07,3.370235240380625e-05,7.425523402750826e-05,1.7367771140862816e-07,3.445815188891568e-05,7.600920324949396e-05,1.8189346062440413e-07,3.5221330002946756e-05,7.778352263098002e-05,1.9039714785149013e-07,3.5991853368017704e-05,7.957818645718846e-05,1.9919541272691623e-07,3.6769688623161504e-05,8.139318894783225e-05,2.082949699644363e-07,3.755480242445994e-05,8.322852425713447e-05,0.7
1.3669090696044348e-07,3.075360889471726e-05,6.744297073625139e-05,1.435639311113019e-07,3.1479559751727094e-05,6.91154834832986e-05,1.5069282217627073e-07,3.221302291564751e-05,7.080836859349027e-05,1.580838440086845e-07,3.295396494228068e-05,7.252162061427269e-05,1.6574333567093694e-07,3.370235240380625e-05,7.425523402750826e-05,1.7367771140862816e-07,3.445815188891568e-05,7.600920324949396e-05,1.8189346062440413e-07,3.5221330002946756e-05,7.778352263098002e-05,1.9039714785149013e-07,3.5991853368017704e-05,7.957818645718846e-05,1.9919541272691623e-07,3.6769688623161504e-05,8.139318894783225e-05,2.082949699644363e-07,3.755480242445994e-05,8.322852425713447e-05,0.7
1.3669090696044348e-07,3.075360889471726e-05,6.744297073625139e-05,1.435639311113019e-07,3.1479559751727094e-05,6.91154834832986e-05,1.5069282217627073e-07,3.221302291564751e-05,7.080836859349027e-05,1.580838440086845e-07,3.295396494228068e-05,7.252162061427269e-05,1.6574333567093694e-07,3.370235240380625e-05,7.425523402750826e-05,1.7367771140862816e-07,3.445815188891568e-05,7.600920324949396e-05,1.8189346062440413e-07,3.5221330002946756e-05,7.778352263098002e-05,1.9039714785149013e-07,3.5991853368017704e-05,7.957818645718846e-05,1.9919541272691623e-07,3.6769688623161504e-05,8.139318894783225e-05,2.082949699644363e-07,3.755480242445994e-05,8.322852425713447e-05,0.7
1.3669090696044348e-07,3.075360889471726e-05,6.744297073625139e-05,1.435639311113019e-07,3.1479559751727094e-05,6.91154834832986e-05,1.5069282217627073e-07,3.221302291564751e-05,7.080836859349027e-05,1.580838440086845e-07,3.295396494228068e-05,7.252162061427269e-05,1.6574333567093694e-07,3.370235240380625e-05,7.425523402750826e-05,1.7367771140862816e-07,3.445815188891568e-05,7.600920324949396e-05,1.8189346062440413e-07,3.5221330002946756e-05,7.778352263098002e-05,1.9039714785149013e-07,3.5991853368017704e-05,7.957818645718846e-05,1.9919541272691623e-07,3.6769688623161504e-05,8.139318894783225e-05,2.082949699644363e-07,3.755480242445994e-05,8.322852425713447e-05,0.7
1.3669090696044348e-07,3.075360889471726e-05,6.744297073625139e-05,1.435639311113019e-07,3.1479559751727094e-05,6.91154834832986e-05,1.5069282217627073e-07,3.221302291564751e-05,7.080836859349027e-05,1.580838440086845e-07,3.295396494228068e-05,7.252162061427269e-05,1.6574333567093694e-07,3.370235240380625e-05,7.425523402750826e-05,1.7367771140862816e-07,3.445815188891568e-05,7.600920324949396e-05,1.8189346062440413e-07,3.5221330002946756e-05,7.778352263098002e-05,1.9039714785149013e-07,3.5991853368017704e-05,7.957818645718846e-05,1.9919541272691623e-07,3.6769688623161504e-05,8.139318894783225e-05,2.082949699644363e-07,3.755480242445994e-05,8.322852425713447e-05,0.7
1.3669090696044348e-07,3.075360889471726e-05,6.744297073625139e-05,1.435639311113019e-07,3.1479559751727094e-05,6.91154834832986e-05,1.5069282217627073e-07,3.221302291564751e-05,7.080836859349027e-05,1.580838440086845e-07,3.295396494228068e-05,7.252162061427269e-05,1.6574333567093694e-07,3.370235240380625e-05,7.425523402750826e-05,1.7367771140862816e-07,3.445815188891568e-05,7.600920324949396e-05,1.8189346062440413e-07,3.5221330002946756e-05,7.778352263098002e-05,1.9039714785149013e-07,3.5991853368017704e-05,7.957818645718846e-05,1.9919541272691623e-07,3.6769688623161504e-05,8.139318894783225e-05,2.082949699644363e-07,3.755480242445994e-05,8.322852425713447e-05,0.7
1.3669090696044348e-07,3.075360889471726e-05,6.744297073625139e-05,1.435639311113019e-07,3.1479559751727094e-05,6.91154834832986e-05,1.5069282217627073e-07,3.221302291564751e-05,7.080836859349027e-05,1.580838440086845e-07,3.295396494228068e-05,7.252162061427269e-05,1.6574333567093694e-07,3.370235240380625e-05,7.425523402750826e-05,1.7367771140862816e-07,3.445815188891568e-05,7.600920324949396e-05,1.8189346062440413e-07,3.5221330002946756e-05,7.778352263098002e-05,1.9039714785149013e-07,3.5991853368017704e-05,7.957818645718846e-05,1.9919541272691623e-07,3.6769688623161504e-05,8.139318894783225e-05,2.082949699644363e-07,3.755480242445994e-05,8.322852425713447e-05,0.7
1.3669090696044348e-07,3.075360889471726e-05,6.744297073625139e-05,1.435639311113019e-07,3.1479559751727094e-05,6.91154834832986e-05,1.5069282217627073e-07,3.221302291564751e-05,7.080836859349027e-05,1.580838440086845e-07,3.295396494228068e-05,7.252162061427269e-05,1.6574333567093694e-07,3.370235240380625e-05,7.425523402750826e-05,1.7367771140862816e-07,3.445815188891568e-05,7.600920324949396e-05,1.8189346062440413e-07,3.5221330002946756e-05,7.778352263098002e-05,1.9039714785149013e-07,3.5991853368017704e-05,7.957818645718846e-05,1.9919541272691623e-07,3.6769688623161504e-05,8.139318894783225e-05,2.082949699644363e-07,3.755480242445994e-05,8.322852425713447e-05,0.7
1.3669090696044348e-07,3.075360889471726e-05,6.744297073625139e-05,1.435639311113019e-07,3.1479559751727094e-05,6.91154834832986e-05,1.5069282217627073e-07,3.221302291564751e-05,7.080836859349027e-05,1.580838440086845e-07,3.295396494228068e-05,7.252162061427269e-05,1.6574333567093694e-07,3.370235240380625e-05,7.425523402750826e-05,1.7367771140862816e-07,3.445815188891568e-05,7.600920324949396e-05,1.8189346062440413e-07,3.5221330002946756e-05,7.778352263098002e-05,1.9039714785149013e-07,3.5991853368017704e-05,7.957818645718846e-05,1.9919541272691623e-07,3.6769688623161504e-05,8.139318894783225e-05,2.082949699644363e-07,3.755480242445994e-05,8.322852425713447e-05,0.7
1.3669090696044348e-07,3.075360889471726e-05,6.744297073625139e-05,1.435639311113019e-07,3.1479559751727094e-05,6.91154834832986e-05,1.5069282217627073e-07,3.221302291564751e-05,7.080836859349027e-05,1.580838440086845e-07,3.295396494228068e-05,7.252162061427269e-05,1.6574333567093694e-07,3.370235240380625e-05,7.425523402750826e-05,1.7367771140862816e-07,3.445815188891568e-05,7.600920324949396e-05,1.8189346062440413e-07,3.5221330002946756e-05,7.778352263098002e-05,1.9039714785149013e-07,3.5991853368017704e-05,7.957818645718846e-05,1.9919541272691623e-07,3.6769688623161504e-05,8.139318894783225e-05,2.082949699644363e-07,3.755480242445994e-05,8.322852425713447e-05,0.7
1.3669090696044348e-07,3.075360889471726e-05,6.744297073625139e-05,1.435639311113019e-07,3.1479559751727094e-05,6.91154834832986e-05,1.5069282217627073e-07,3.221302291564751e-05,7.080836859349027e-05,1.580838440086845e-07,3.295396494228068e-05,7.252162061427269e-05,1.6574333567093694e-07,3.370235240380625e-05,7.425523402750826e-05,1.7367771140862816e-07,3.445815188891568e-05,7.600920324949396e-05,1.8189346062440413e-07,3.5221330002946756e-05,7.778352263098002e-05,1.9039714785149013e-07,3.5991853368017704e-05,7.957818645718846e-05,1.9919541272691623e-07,3.6769688623161504e-05,8.139318894783225e-05,2.082949699644363e-07,3.755480242445994e-05,8.322852425713447e-05,0.7
1.3669090696044348e-07,3.075360889471726e-05,6.744297073625139e-05,1.435639311113019e-07,3.1479559751727094e-05,6.91154834832986e-05,1.5069282217627073e-07,3.221302291564751e-05,7.080836859349027e-05,1.580838440086845e-07,3.295396494228068e-05,7.252162061427269e-05,1.6574333567093694e-07,3.370235240380625e-05,7.425523402750826e-05,1.7367771140862816e-07,3.445815188891568e-05,7.600920324949396e-05,1.8189346062440413e-07,3.5221330002946756e-05,7.778352263098002e-05,1.9039714785149013e-07,3.5991853368017704e-05,7.957818645718846e-05,1.9919541272691623e-07,3.6769688623161504e-05,8.139318894783225e-05,2.082949699644363e-07,3.755480242445994e-05,8.322852425713447e-05,0.7
1.3669090696044348e-07,3.075360889471726e-05,6.744297073625139e-05,1.435639311113019e-07,3.1479559751727094e-05,6.91154834832986e-05,1.5069282217627073e-07,3.221302291564751e-05,7.080836859349027e-05,1.580838440086845e-07,3.295396494228068e-05,7.252162061427269e-05,1.6574333567093694e-07,3.370235240380625e-05,7.425523402750826e-05,1.7367771140862816e-07,3.445815188891568e-05,7.600920324949396e-05,1.8189346062440413e-07,3.5221330002946756e-05,7.778352263098002e-05,1.9039714785149013e-07,3.5991853368017704e-05,7.957818645718846e-05,1.9919541272691623e-07,3.6769688623161504e-05,8.139318894783225e-05,2.082949699644363e-07,3.755480242445994e-05,8.322852425713447e-05,0.7
1.3669090696044348e-07,3.075360889471726e-05,6.744297073625139e-05,1.435639311113019e-07,3.1479559751727094e-05,6.91154834832986e-05,1.5069282217627073e-07,3.221302291564751e-05,7.080836859349027e-05,1.580838440086845e-07,3.295396494228068e-05,7.252162061427269e-05,1.6574333567093694e-07,3.370235240380625e-05,7.425523402750826e-05,1.7367771140862816e-07,3.445815188891568e-05,7.600920324949396e-05,1.8189346062440413e-07,3.5221330002946756e-05,7.778352263098002e-05,1.9039714785149013e-07,3.5991853368017704e-05,7.957818645718846e-05,1.9919541272691623e-07,3.6769688623161504e-05,8.139318894783225e-05,2.082949699644363e-07,3.755480242445994e-05,8.322852425713447e-05,0.7
1.3669090696044348e-07,3.075360889471726e-05,6.744297073625139e-05,1.435639311113019e-07,3.1479559751727094e-05,6.91154834832986e-05,1.5069282217627073e-07,3.221302291564751e-05,7.080836859349027e-05,1.580838440086845e-07,3.295396494228068e-05,7.252162061427269e-05,1.6574333567093694e-07,3.370235240380625e-05,7.425523402750826e-05,1.7367771140862816e-07,3.445815188891568e-05,7.600920324949396e-05,1.8189346062440413e-07,3.5221330002946756e-05,7.778352263098002e-05,1.9039714785149013e-07,3.5991853368017704e-05,7.957818645718846e-05,1.9919541272691623e-07,3.6769688623161504e-05,8.139318894783225e-05,2.082949699644363e-07,3.755480242445994e-05,8.322852425713447e-05,0.7
1.3669090696044348e-07,3.075360889471726e-05,6.744297073625139e-05,1.435639311113019e-07,3.1479559751727094e-05,6.91154834832986e-05,1.5069282217627073e-07,3.221302291564751e-05,7.080836859349027e-05,1.580838440086845e-07,3.295396494228068e-05,7.252162061427269e-05,1.6574333567093694e-07,3.370235240380625e-05,7.425523402750826e-05,1.7367771140862816e-07,3.445815188891568e-05,7.600920324949396e-05,1.8189346062440413e-07,3.5221330002946756e-05,7.778352263098002e-05,1.9039714785149013e-07,3.5991853368017704e-05,7.957818645718846e-05,1.9919541272691623e-07,3.6769688623161504e-05,8.139318894783225e-05,2.082949699644363e-07,3.755480242445994e-05,8.322852425713447e-05,0.7
1.3669090696044348e-07,3.075360889471726e-05,6.744297073625139e-05,1.435639311113019e-07,3.1479559751727094e-05,6.91154834832986e-05,1.5069282217627073e-07,3.221302291564751e-05,7.080836859349027e-05,1.580838440086845e-07,3.295396494228068e-05,7.252162061427269e-05,1.6574333567093694e-07,3.370235240380625e-05,7.425523402750826e-05,1.7367771140862816e-07,3.445815188891568e-05,7.600920324949396e-05,1.8189346062440413e-07,3.5221330002946756e-05,7.778352263098002e-05,1.9039714785149013e-07,3.5991853368017704e-05,7.957818645718846e-05,1.9919541272691623e-07,3.6769688623161504e-05,8.139318894783225e-05,2.082949699644363e-07,3.755480242445994e-05,8.322852425713447e-05,0.7
1.3669090696044348e-07,3.075360889471726e-05,6.744297073625139e-05,1.435639311113019e-07,3.1479559751727094e-05,6.91154834832986e-05,1.5069282217627073e-07,3.221302291564751e-05,7.080836859349027e-05,1.580838440086845e-07,3.295396494228068e-05,7.252162061427269e-05,1.6574333567093694e-07,3.370235240380625e-05,7.425523402750826e-05,1.7367771140862816e-07,3.445815188891568e-05,7.600920324949396e-05,1.8189346062440413e-07,3.5221330002946756e-05,7.778352263098002e-05,1.9039714785149013e-07,3.5991853368017704e-05,7.957818645718846e-05,1.9919541272691623e-07,3.6769688623161504e-05,8.139318894783225e-05,2.082949699644363e-07,3.755480242445994e-05,8.322852425713447e-05,0.7
1.3669090696044348e-07,3.075360889471726e-05,6.744297073625139e-05,1.435639311113019e-07,3.1479559751727094e-05,6.91154834832986e-05,1.5069282217627073e-07,3.221302291564751e-05,7.080836859349027e-05,1.580838440086845e-07,3.295396494228068e-05,7.252162061427269e-05,1.6574333567093694e-07,3.370235240380625e-05,7.425523402750826e-05,1.7367771140862816e-07,3.445815188891568e-05,7.600920324949396e-05,1.8189346062440413e-07,3.5221330002946756e-05,7.778352263098002e-05,1.9039714785149013e-07,3.5991853368017704e-05,7.957818645718846e-05,1.9919541272691623e-07,3.6769688623161504e-05,8.139318894783225e-05,2.082949699644363e-07,3.755480242445994e-05,8.322852425713447e-05,0.7
1.3669090696044348e-07,3.075360889471726e-05,6.744297073625139e-05,1.435639311113019e-07,3.1479559751727094e-05,6.91154834832986e-05,1.5069282217627073e-07,3.221302291564751e-05,7.080836859349027e-05,1.580838440086845e-07,3.295396494228068e-05,7.252162061427269e-05,1.6574333567093694e-07,3.370235240380625e-05,7.425523402750826e-05,1.7367771140862816e-07,3.445815188891568e-05,7.600920324949396e-05,1.8189346062440413e-07,3.5221330002946756e-05,7.778352263098002e-05,1.9039714785149013e-07,3.5991853368017704e-05,7.957818645718846e-05,1.9919541272691623e-07,3.6769688623161504e-05,8.139318894783225e-05,2.082949699644363e-07,3.755480242445994e-05,8.322852425713447e-05,0.7
1.3669090696044348e-07,3.075360889471726e-05,6.744297073625139e-05,1.435639311113019e-07,3.1479559751727094e-05,6.91154834832986e-05,1.5069282217627073e-07,3.221302291564751e-05,7.080836859349027e-05,1.580838440086845e-07,3.295396494228068e-05,7.252162061427269e-05,1.6574333567093694e-07,3.370235240380625e-05,7.425523402750826e-05,1.7367771140862816e-07,3.445815188891568e-05,7.600920324949396e-05,1.8189346062440413e-07,3.5221330002946756e-05,7.778352263098002e-05,1.9039714785149013e-07,3.5991853368017704e-05,7.957818645718846e-05,1.9919541272691623e-07,3.6769688623161504e-05,8.139318894783225e-05,2.082949699644363e-07,3.755480242445994e-05,8.322852425713447e-05,0.7
1.3669090696044348e-07,3.075360889471726e-05,6.744297073625139e-05,1.435639311113019e-07,3.1479559751727094e-05,6.91154834832986e-05,1.5069282217627073e-07,3.221302291564751e-05,7.080836859349027e-05,1.580838440086845e-07,3.295396494228068e-05,7.252162061427269e-05,1.6574333567093694e-07,3.370235240380625e-05,7.425523402750826e-05,1.7367771140862816e-07,3.445815188891568e-05,7.600920324949396e-05,1.8189346062440413e-07,3.5221330002946756e-05,7.778352263098002e-05,1.9039714785149013e-07,3.5991853368017704e-05,7.957818645718846e-05,1.9919541272691623e-07,3.6769688623161504e-05,8.139318894783225e-05,2.082949699644363e-07,3.755480242445994e-05,8.322852425713447e-05,0.7
1.3669090696044348e-07,3.075360889471726e-05,6.744297073625139e-05,1.435639311113019e-07,3.1479559751727094e-05,6.91154834832986e-05,1.5069282217627073e-07,3.221302291564751e-05,7.080836859349027e-05,1.580838440086845e-07,3.295396494228068e-05,7.252162061427269e-05,1.6574333567093694e-07,3.370235240380625e-05,7.425523402750826e-05,1.7367771140862816e-07,3.445815188891568e-05,7.600920324949396e-05,1.8189346062440413e-07,3.5221330002946756e-05,7.778352263098002e-05,1.9039714785149013e-07,3.5991853368017704e-05,7.957818645718846e-05,1.9919541272691623e-07,3.6769688623161504e-05,8.139318894783225e-05,2.082949699644363e-07,3.755480242445994e-05,8.322852425713447e-05,0.7
1.3669090696044348e-07,3.075360889471726e-05,6.744297073625139e-05,1.435639311113019e-07,3.1479559751727094e-05,6.91154834832986e-05,1.5069282217627073e-07,3.221302291564751e-05,7.080836859349027e-05,1.580838440086845e-07,3.295396494228068e-05,7.252162061427269e-05,1.6574333567093694e-07,3.370235240380625e-05,7.425523402750826e-05,1.7367771140862816e-07,3.445815188891568e-05,7.600920324949396e-05,1.8189346062440413e-07,3.5221330002946756e-05,7.778352263098002e-05,1.9039714785149013e-07,3.5991853368017704e-05,7.957818645718846e-05,1.9919541272691623e-07,3.6769688623161504e-05,8.139318894783225e-05,2.082949699644363e-07,3.755480242445994e-05,8.322852425713447e-05,0.7
1.3669090696044348e-07,3.075360889471726e-05,6.744297073625139e-05,1.435639311113019e-07,3.1479559751727094e-05,6.91154834832986e-05,1.5069282217627073e-07,3.221302291564751e-05,7.080836859349027e-05,1.580838440086845e-07,3.295396494228068e-05,7.252162061427269e-05,1.6574333567093694e-07,3.370235240380625e-05,7.425523402750826e-05,1.7367771140862816e-07,3.445815188891568e-05,7.600920324949396e-05,1.8189346062440413e-07,3.5221330002946756e-05,7.778352263098002e-05,1.9039714785149013e-07,3.5991853368017704e-05,7.957818645718846e-05,1.9919541272691623e-07,3.6769688623161504e-05,8.139318894783225e-05,2.082949699644363e-07,3.755480242445994e-05,8.322852425713447e-05,0.7
1.3669090696044348e-07,3.075360889471726e-05,6.744297073625139e-05,1.435639311113019e-07,3.1479559751727094e-05,6.91154834832986e-05,1.5069282217627073e-07,3.221302291564751e-05,7.080836859349027e-05,1.580838440086845e-07,3.295396494228068e-05,7.252162061427269e-05,1.6574333567093694e-07,3.370235240380625e-05,7.425523402750826e-05,1.7367771140862816e-07,3.445815188891568e-05,7.600920324949396e-05,1.8189346062440413e-07,3.5221330002946756e-05,7.778352263098002e-05,1.9039714785149013e-07,3.5991853368017704e-05,7.957818645718846e-05,1.9919541272691623e-07,3.6769688623161504e-05,8.139318894783225e-05,2.082949699644363e-07,3.755480242445994e-05,8.322852425713447e-05,0.7
1.3669090696044348e-07,3.075360889471726e-05,6.744297073625139e-05,1.435639311113019e-07,3.1479559751727094e-05,6.91154834832986e-05,1.5069282217627073e-07,3.221302291564751e-05,7.080836859349027e-05,1.580838440086845e-07,3.295396494228068e-05,7.252162061427269e-05,1.6574333567093694e-07,3.370235240380625e-05,7.425523402750826e-05,1.7367771140862816e-07,3.445815188891568e-05,7.600920324949396e-05,1.8189346062440413e-07,3.5221330002946756e-05,7.778352263098002e-05,1.9039714785149013e-07,3.5991853368017704e-05,7.957818645718846e-05,1.9919541272691623e-07,3.6769688623161504e-05,8.139318894783225e-05,2.082949699644363e-07,3.755480242445994e-05,8.322852425713447e-05,0.7
1.3669090696044348e-07,3.075360889471726e-05,6.744297073625139e-05,1.435639311113019e-07,3.1479559751727094e-05,6.91154834832986e-05,1.5069282217627073e-07,3.221302291564751e-05,7.080836859349027e-05,1.580838440086845e-07,3.295396494228068e-05,7.252162061427269e-05,1.6574333567093694e-07,3.370235240380625e-05,7.425523402750826e-05,1.7367771140862816e-07,3.445815188891568e-05,7.600920324949396e-05,1.8189346062440413e-07,3.5221330002946756e-05,7.778352263098002e-05,1.9039714785149013e-07,3.5991853368017704e-05,7.957818645718846e-05,1.9919541272691623e-07,3.6769688623161504e-05,8.139318894783225e-05,2.082949699644363e-07,3.755480242445994e-05,8.322852425713447e-05,0.7
1.3669090696044348e-07,3.075360889471726e-05,6.744297073625139e-05,1.435639311113019e-07,3.1479559751727094e-05,6.91154834832986e-05,1.5069282217627073e-07,3.221302291564751e-05,7.080836859349027e-05,1.580838440086845e-07,3.295396494228068e-05,7.252162061427269e-05,1.6574333567093694e-07,3.370235240380625e-05,7.425523402750826e-05,1.7367771140862816e-07,3.445815188891568e-05,7.600920324949396e-05,1.8189346062440413e-07,3.5221330002946756e-05,7.778352263098002e-05,1.9039714785149013e-07,3.5991853368017704e-05,7.957818645718846e-05,1.9919541272691623e-07,3.6769688623161504e-05,8.139318894783225e-05,2.082949699644363e-07,3.755480242445994e-05,8.322852425713447e-05,0.7
1.3669090696044348e-07,3.075360889471726e-05,6.744297073625139e-05,1.435639311113019e-07,3.1479559751727094e-05,6.91154834832986e-05,1.5069282217627073e-07,3.221302291564751e-05,7.080836859349027e-05,1.580838440086845e-07,3.295396494228068e-05,7.252162061427269e-05,1.6574333567093694e-07,3.370235240380625e-05,7.425523402750826e-05,1.7367771140862816e-07,3.445815188891568e-05,7.600920324949396e-05,1.8189346062440413e-07,3.5221330002946756e-05,7.778352263098002e-05,1.9039714785149013e-07,3.5991853368017704e-05,7.957818645718846e-05,1.9919541272691623e-07,3.6769688623161504e-05,8.139318894783225e-05,2.082949699644363e-07,3.755480242445994e-05,8.322852425713447e-05,0.7
1.3669090696044348e-07,3.075360889471726e-05,6.744297073625139e-05,1.435639311113019e-07,3.1479559751727094e-05,6.91154834832986e-05,1.5069282217627073e-07,3.221302291564751e-05,7.080836859349027e-05,1.580838440086845e-07,3.295396494228068e-05,7.252162061427269e-05,1.6574333567093694e-07,3.370235240380625e-05,7.425523402750826e-05,1.7367771140862816e-07,3.445815188891568e-05,7.600920324949396e-05,1.8189346062440413e-07,3.5221330002946756e-05,7.778352263098002e-05,1.9039714785149013e-07,3.5991853368017704e-05,7.957818645718846e-05,1.9919541272691623e-07,3.6769688623161504e-05,8.139318894783225e-05,2.082949699644363e-07,3.755480242445994e-05,8.322852425713447e-05,0.7
1.3669090696044348e-07,3.075360889471726e-05,6.744297073625139e-05,1.435639311113019e-07,3.1479559751727094e-05,6.91154834832986e-05,1.5069282217627073e-07,3.221302291564751e-05,7.080836859349027e-05,1.580838440086845e-07,3.295396494228068e-05,7.252162061427269e-05,1.6574333567093694e-07,3.370235240380625e-05,7.425523402750826e-05,1.7367771140862816e-07,3.445815188891568e-05,7.600920324949396e-05,1.8189346062440413e-07,3.5221330002946756e-05,7.778352263098002e-05,1.9039714785149013e-07,3.5991853368017704e-05,7.957818645718846e-05,1.9919541272691623e-07,3.6769688623161504e-05,8.139318894783225e-05,2.082949699644363e-07,3.755480242445994e-05,8.322852425713447e-05,0.7
1.3669090696044348e-07,3.075360889471726e-05,6.744297073625139e-05,1.435639311113019e-07,3.1479559751727094e-05,6.91154834832986e-05,1.5069282217627073e-07,3.221302291564751e-05,7.080836859349027e-05,1.580838440086845e-07,3.295396494228068e-05,7.252162061427269e-05,1.6574333567093694e-07,3.370235240380625e-05,7.425523402750826e-05,1.7367771140862816e-07,3.445815188891568e-05,7.600920324949396e-05,1.8189346062440413e-07,3.5221330002946756e-05,7.778352263098002e-05,1.9039714785149013e-07,3.5991853368017704e-05,7.957818645718846e-05,1.9919541272691623e-07,3.6769688623161504e-05,8.139318894783225e-05,2.082949699644363e-07,3.755480242445994e-05,8.322852425713447e-05,0.7
1.3669090696044348e-07,3.075360889471726e-05,6.744297073625139e-05,1.435639311113019e-07,3.1479559751727094e-05,6.91154834832986e-05,1.5069282217627073e-07,3.221302291564751e-05,7.080836859349027e-05,1.580838440086845e-07,3.295396494228068e-05,7.252162061427269e-05,1.6574333567093694e-07,3.370235240380625e-05,7.425523402750826e-05,1.7367771140862816e-07,3.445815188891568e-05,7.600920324949396e-05,1.8189346062440413e-07,3.5221330002946756e-05,7.778352263098002e-05,1.9039714785149013e-07,3.5991853368017704e-05,7.957818645718846e-05,1.9919541272691623e-07,3.6769688623161504e-05,8.139318894783225e-05,2.082949699644363e-07,3.755480242445994e-05,8.322852425713447e-05,0.7
1.3669090696044348e-07,3.075360889471726e-05,6.744297073625139e-05,1.435639311113019e-07,3.1479559751727094e-05,6.91154834832986e-05,1.5069282217627073e-07,3.221302291564751e-05,7.080836859349027e-05,1.580838440086845e-07,3.295396494228068e-05,7.252162061427269e-05,1.6574333567093694e-07,3.370235240380625e-05,7.425523402750826e-05,1.7367771140862816e-07,3.445815188891568e-05,7.600920324949396e-05,1.8189346062440413e-07,3.5221330002946756e-05,7.778352263098002e-05,1.9039714785149013e-07,3.5991853368017704e-05,7.957818645718846e-05,1.9919541272691623e-07,3.6769688623161504e-05,8.139318894783225e-05,2.082949699644363e-07,3.755480242445994e-05,8.322852425713447e-05,0.7
1.3669090696044348e-07,3.075360889471726e-05,6.744297073625139e-05,1.435639311113019e-07,3.1479559751727094e-05,6.91154834832986e-05,1.5069282217627073e-07,3.221302291564751e-05,7.080836859349027e-05,1.580838440086845e-07,3.295396494228068e-05,7.252162061427269e-05,1.6574333567093694e-07,3.370235240380625e-05,7.425523402750826e-05,1.7367771140862816e-07,3.445815188891568e-05,7.600920324949396e-05,1.8189346062440413e-07,3.5221330002946756e-05,7.778352263098002e-05,1.9039714785149013e-07,3.5991853368017704e-05,7.957818645718846e-05,1.9919541272691623e-07,3.6769688623161504e-05,8.139318894783225e-05,2.082949699644363e-07,3.755480242445994e-05,8.322852425713447e-05,0.7
1.3669090696044348e-07,3.075360889471726e-05,6.744297073625139e-05,1.435639311113019e-07,3.1479559751727094e-05,6.91154834832986e-05,1.5069282217627073e-07,3.221302291564751e-05,7.080836859349027e-05,1.580838440086845e-07,3.295396494228068e-05,7.252162061427269e-05,1.6574333567093694e-07,3.370235240380625e-05,7.425523402750826e-05,1.7367771140862816e-07,3.445815188891568e-05,7.600920324949396e-05,1.8189346062440413e-07,3.5221330002946756e-05,7.778352263098002e-05,1.9039714785149013e-07,3.5991853368017704e-05,7.957818645718846e-05,1.9919541272691623e-07,3.6769688623161504e-05,8.139318894783225e-05,2.082949699644363e-07,3.755480242445994e-05,8.322852425713447e-05,0.7
1.3669090696044348e-07,3.075360889471726e-05,6.744297073625139e-05,1.435639311113019e-07,3.1479559751727094e-05,6.91154834832986e-05,1.5069282217627073e-07,3.221302291564751e-05,7.080836859349027e-05,1.580838440086845e-07,3.295396494228068e-05,7.252162061427269e-05,1.6574333567093694e-07,3.370235240380625e-05,7.425523402750826e-05,1.7367771140862816e-07,3.445815188891568e-05,7.600920324949396e-05,1.8189346062440413e-07,3.5221330002946756e-05,7.778352263098002e-05,1.9039714785149013e-07,3.5991853368017704e-05,7.957818645718846e-05,1.9919541272691623e-07,3.6769688623161504e-05,8.139318894783225e-05,2.082949699644363e-07,3.755480242445994e-05,8.322852425713447e-05,0.7
1.3669090696044348e-07,3.075360889471726e-05,6.744297073625139e-05,1.435639311113019e-07,3.1479559751727094e-05,6.91154834832986e-05,1.5069282217627073e-07,3.221302291564751e-05,7.080836859349027e-05,1.580838440086845e-07,3.295396494228068e-05,7.252162061427269e-05,1.6574333567093694e-07,3.370235240380625e-05,7.425523402750826e-05,1.7367771140862816e-07,3.445815188891568e-05,7.600920324949396e-05,1.8189346062440413e-07,3.5221330002946756e-05,7.778352263098002e-05,1.9039714785149013e-07,3.5991853368017704e-05,7.957818645718846e-05,1.9919541272691623e-07,3.6769688623161504e-05,8.139318894783225e-05,2.082949699644363e-07,3.755480242445994e-05,8.322852425713447e-05,0.7
1.3669090696044348e-07,3.075360889471726e-05,6.744297073625139e-05,1.435639311113019e-07,3.1479559751727094e-05,6.91154834832986e-05,1.5069282217627073e-07,3.221302291564751e-05,7.080836859349027e-05,1.580838440086845e-07,3.295396494228068e-05,7.252162061427269e-05,1.6574333567093694e-07,3.370235240380625e-05,7.425523402750826e-05,1.7367771140862816e-07,3.445815188891568e-05,7.600920324949396e-05,1.8189346062440413e-07,3.5221330002946756e-05,7.778352263098002e-05,1.9039714785149013e-07,3.5991853368017704e-05,7.957818645718846e-05,1.9919541272691623e-07,3.6769688623161504e-05,8.139318894783225e-05,2.082949699644363e-07,3.755480242445994e-05,8.322852425713447e-05,0.7
1.3669090696044348e-07,3.075360889471726e-05,6.744297073625139e-05,1.435639311113019e-07,3.1479559751727094e-05,6.91154834832986e-05,1.5069282217627073e-07,3.221302291564751e-05,7.080836859349027e-05,1.580838440086845e-07,3.295396494228068e-05,7.252162061427269e-05,1.6574333567093694e-07,3.370235240380625e-05,7.425523402750826e-05,1.7367771140862816e-07,3.445815188891568e-05,7.600920324949396e-05,1.8189346062440413e-07,3.5221330002946756e-05,7.778352263098002e-05,1.9039714785149013e-07,3.5991853368017704e-05,7.957818645718846e-05,1.9919541272691623e-07,3.6769688623161504e-05,8.139318894783225e-05,2.082949699644363e-07,3.755480242445994e-05,8.322852425713447e-05,0.7
1.3669090696044348e-07,3.075360889471726e-05,6.744297073625139e-05,1.435639311113019e-07,3.1479559751727094e-05,6.91154834832986e-05,1.5069282217627073e-07,3.221302291564751e-05,7.080836859349027e-05,1.580838440086845e-07,3.295396494228068e-05,7.252162061427269e-05,1.6574333567093694e-07,3.370235240380625e-05,7.425523402750826e-05,1.7367771140862816e-07,3.445815188891568e-05,7.600920324949396e-05,1.8189346062440413e-07,3.5221330002946756e-05,7.778352263098002e-05,1.9039714785149013e-07,3.5991853368017704e-05,7.957818645718846e-05,1.9919541272691623e-07,3.6769688623161504e-05,8.139318894783225e-05,2.082949699644363e-07,3.755480242445994e-05,8.322852425713447e-05,0.7
1.3669090696044348e-07,3.075360889471726e-05,6.744297073625139e-05,1.435639311113019e-07,3.1479559751727094e-05,6.91154834832986e-05,1.5069282217627073e-07,3.221302291564751e-05,7.080836859349027e-05,1.580838440086845e-07,3.295396494228068e-05,7.252162061427269e-05,1.6574333567093694e-07,3.370235240380625e-05,7.425523402750826e-05,1.7367771140862816e-07,3.445815188891568e-05,7.600920324949396e-05,1.8189346062440413e-07,3.5221330002946756e-05,7.778352263098002e-05,1.9039714785149013e-07,3.5991853368017704e-05,7.957818645718846e-05,1.9919541272691623e-07,3.6769688623161504e-05,8.139318894783225e-05,2.082949699644363e-07,3.755480242445994e-05,8.322852425713447e-05,0.7
1.708863544978189e-07,3.844712296942861e-05,8.431492376045044e-05,1.7947877711717428e-07,3.93546822062626e-05,8.640584269493739e-05,1.8839107590886602e-07,4.027163307532941e-05,8.852223046941629e-05,1.9763108173070441e-07,4.1197933765820076e-05,9.0664080267282e-05,2.0720671946432353e-07,4.213354248740013e-05,9.283138518993872e-05,2.171260079828605e-07,4.307841747037776e-05,9.502413825682299e-05,2.2739706011825113e-07,4.403251696587157e-05,9.724233240542666e-05,2.3802808262814155e-07,4.4995799245978664e-05,9.948596049132061e-05,2.4902737616241604e-07,4.596822260394231e-05,0.00010175501528817833,2.604033352293413e-07,4.6949745354319586e-05,0.00010404948948779995,0.75
1.708863544978189e-07,3.844712296942861e-05,8.431492376045044e-05,1.7947877711717428e-07,3.93546822062626e-05,8.640584269493739e-05,1.8839107590886602e-07,4.027163307532941e-05,8.852223046941629e-05,1.9763108173070441e-07,4.1197933765820076e-05,9.0664080267282e-05,2.0720671946432353e-07,4.213354248740013e-05,9.283138518993872e-05,2.171260079828605e-07,4.307841747037776e-05,9.502413825682299e-05,2.2739706011825113e-07,4.403251696587157e-05,9.724233240542666e-05,2.3802808262814155e-07,4.4995799245978664e-05,9.948596049132061e-05,2.4902737616241604e-07,4.596822260394231e-05,0.00010175501528817833,2.604033352293413e-07,4.6949745354319586e-05,0.00010404948948779995,0.75
1.708863544978189e-07,3.844712296942861e-05,8.431492376045044e-05,1.7947877711717428e-07,3.93546822062626e-05,8.640584269493739e-05,1.8839107590886602e-07,4.027163307532941e-05,8.852223046941629e-05,1.9763108173070441e-07,4.1197933765820076e-05,9.0664080267282e-05,2.0720671946432353e-07,4.213354248740013e-05,9.283138518993872e-05,2.171260079828605e-07,4.307841747037776e-05,9.502413825682299e-05,2.2739706011825113e-07,4.403251696587157e-05,9.724233240542666e-05,2.3802808262814155e-07,4.4995799245978664e-05,9.948596049132061e-05,2.4902737616241604e-07,4.596822260394231e-05,0.00010175501528817833,2.604033352293413e-07,4.6949745354319586e-05,0.00010404948948779995,0.75
1.708863544978189e-07,3.844712296942861e-05,8.431492376045044e-05,1.7947877711717428e-07,3.93546822062626e-05,8.640584269493739e-05,1.8839107590886602e-07,4.027163307532941e-05,8.852223046941629e-05,1.9763108173070441e-07,4.1197933765820076e-05,9.0664080267282e-05,2.0720671946432353e-07,4.213354248740013e-05,9.283138518993872e-05,2.171260079828605e-07,4.307841747037776e-05,9.502413825682299e-05,2.2739706011825113e-07,4.403251696587157e-05,9.724233240542666e-05,2.3802808262814155e-07,4.4995799245978664e-05,9.948596049132061e-05,2.4902737616241604e-07,4.596822260394231e-05,0.00010175501528817833,2.604033352293413e-07,4.6949745354319586e-05,0.00010404948948779995,0.75
1.708863544978189e-07,3.844712296942861e-05,8.431492376045044e-05,1.7947877711717428e-07,3.93546822062626e-05,8.640584269493739e-05,1.8839107590886602e-07,4.027163307532941e-05,8.852223046941629e-05,1.9763108173070441e-07,4.1197933765820076e-05,9.0664080267282e-05,2.0720671946432353e-07,4.213354248740013e-05,9.283138518993872e-05,2.171260079828605e-07,4.307841747037776e-05,9.502413825682299e-05,2.2739706011825113e-07,4.403251696587157e-05,9.724233240542666e-05,2.3802808262814155e-07,4.4995799245978664e-05,9.948596049132061e-05,2.4902737616241604e-07,4.596822260394231e-05,0.00010175501528817833,2.604033352293413e-07,4.6949745354319586e-05,0.00010404948948779995,0.75
1.708863544978189e-07,3.844712296942861e-05,8.431492376045044e-05,1.7947877711717428e-07,3.93546822062626e-05,8.640584269493739e-05,1.8839107590886602e-07,4.027163307532941e-05,8.852223046941629e-05,1.9763108173070441e-07,4.1197933765820076e-05,9.0664080267282e-05,2.0720671946432353e-07,4.213354248740013e-05,9.283138518993872e-05,2.171260079828605e-07,4.307841747037776e-05,9.502413825682299e-05,2.2739706011825113e-07,4.403251696587157e-05,9.724233240542666e-05,2.3802808262814155e-07,4.4995799245978664e-05,9.948596049132061e-05,2.4902737616241604e-07,4.596822260394231e-05,0.00010175501528817833,2.604033352293413e-07,4.6949745354319586e-05,0.00010404948948779995,0.75
1.708863544978189e-07,3.844712296942861e-05,8.431492376045044e-05,1.7947877711717428e-07,3.93546822062626e-05,8.640584269493739e-05,1.8839107590886602e-07,4.027163307532941e-05,8.852223046941629e-05,1.9763108173070441e-07,4.1197933765820076e-05,9.0664080267282e-05,2.0720671946432353e-07,4.213354248740013e-05,9.283138518993872e-05,2.171260079828605e-07,4.307841747037776e-05,9.502413825682299e-05,2.2739706011825113e-07,4.403251696587157e-05,9.724233240542666e-05,2.3802808262814155e-07,4.4995799245978664e-05,9.948596049132061e-05,2.4902737616241604e-07,4.596822260394231e-05,0.00010175501528817833,2.604033352293413e-07,4.6949745354319586e-05,0.00010404948948779995,0.75
1.708863544978189e-07,3.844712296942861e-05,8.431492376045044e-05,1.7947877711717428e-07,3.93546822062626e-05,8.640584269493739e-05,1.8839107590886602e-07,4.027163307532941e-05,8.852223046941629e-05,1.9763108173070441e-07,4.1197933765820076e-05,9.0664080267282e-05,2.0720671946432353e-07,4.213354248740013e-05,9.283138518993872e-05,2.171260079828605e-07,4.307841747037776e-05,9.502413825682299e-05,2.2739706011825113e-07,4.403251696587157e-05,9.724233240542666e-05,2.3802808262814155e-07,4.4995799245978664e-05,9.948596049132061e-05,2.4902737616241604e-07,4.596822260394231e-05,0.00010175501528817833,2.604033352293413e-07,4.6949745354319586e-05,0.00010404948948779995,0.75
1.708863544978189e-07,3.844712296942861e-05,8.431492376045044e-05,1.7947877711717428e-07,3.93546822062626e-05,8.640584269493739e-05,1.8839107590886602e-07,4.027163307532941e-05,8.852223046941629e-05,1.9763108173070441e-07,4.1197933765820076e-05,9.0664080267282e-05,2.0720671946432353e-07,4.213354248740013e-05,9.283138518993872e-05,2.171260079828605e-07,4.307841747037776e-05,9.502413825682299e-05,2.2739706011825113e-07,4.403251696587157e-05,9.724233240542666e-05,2.3802808262814155e-07,4.4995799245978664e-05,9.948596049132061e-05,2.4902737616241604e-07,4.596822260394231e-05,0.00010175501528817833,2.604033352293413e-07,4.6949745354319586e-05,0.00010404948948779995,0.75
1.708863544978189e-07,3.844712296942861e-05,8.431492376045044e-05,1.7947877711717428e-07,3.93546822062626e-05,8.640584269493739e-05,1.8839107590886602e-07,4.027163307532941e-05,8.852223046941629e-05,1.9763108173070441e-07,4.1197933765820076e-05,9.0664080267282e-05,2.0720671946432353e-07,4.213354248740013e-05,9.283138518993872e-05,2.171260079828605e-07,4.307841747037776e-05,9.502413825682299e-05,2.2739706011825113e-07,4.403251696587157e-05,9.724233240542666e-05,2.3802808262814155e-07,4.4995799245978664e-05,9.948596049132061e-05,2.4902737616241604e-07,4.596822260394231e-05,0.00010175501528817833,2.604033352293413e-07,4.6949745354319586e-05,0.00010404948948779995,0.75
1.708863544978189e-07,3.844712296942861e-05,8.431492376045044e-05,1.7947877711717428e-07,3.93546822062626e-05,8.640584269493739e-05,1.8839107590886602e-07,4.027163307532941e-05,8.852223046941629e-05,1.9763108173070441e-07,4.1197933765820076e-05,9.0664080267282e-05,2.0720671946432353e-07,4.213354248740013e-05,9.283138518993872e-05,2.171260079828605e-07,4.307841747037776e-05,9.502413825682299e-05,2.2739706011825113e-07,4.403251696587157e-05,9.724233240542666e-05,2.3802808262814155e-07,4.4995799245978664e-05,9.948596049132061e-05,2.4902737616241604e-07,4.596822260394231e-05,0.00010175501528817833,2.604033352293413e-07,4.6949745354319586e-05,0.00010404948948779995,0.75
1.708863544978189e-07,3.844712296942861e-05,8.431492376045044e-05,1.7947877711717428e-07,3.93546822062626e-05,8.640584269493739e-05,1.8839107590886602e-07,4.027163307532941e-05,8.852223046941629e-05,1.9763108173070441e-07,4.1197933765820076e-05,9.0664080267282e-05,2.0720671946432353e-07,4.213354248740013e-05,9.283138518993872e-05,2.171260079828605e-07,4.307841747037776e-05,9.502413825682299e-05,2.2739706011825113e-07,4.403251696587157e-05,9.724233240542666e-05,2.3802808262814155e-07,4.4995799245978664e-05,9.948596049132061e-05,2.4902737616241604e-07,4.596822260394231e-05,0.00010175501528817833,2.604033352293413e-07,4.6949745354319586e-05,0.00010404948948779995,0.75
1.708863544978189e-07,3.844712296942861e-05,8.431492376045044e-05,1.7947877711717428e-07,3.93546822062626e-05,8.640584269493739e-05,1.8839107590886602e-07,4.027163307532941e-05,8.852223046941629e-05,1.9763108173070441e-07,4.1197933765820076e-05,9.0664080267282e-05,2.0720671946432353e-07,4.213354248740013e-05,9.283138518993872e-05,2.171260079828605e-07,4.307841747037776e-05,9.502413825682299e-05,2.2739706011825113e-07,4.403251696587157e-05,9.724233240542666e-05,2.3802808262814155e-07,4.4995799245978664e-05,9.948596049132061e-05,2.4902737616241604e-07,4.596822260394231e-05,0.00010175501528817833,2.604033352293413e-07,4.6949745354319586e-05,0.00010404948948779995,0.75
1.708863544978189e-07,3.844712296942861e-05,8.431492376045044e-05,1.7947877711717428e-07,3.93546822062626e-05,8.640584269493739e-05,1.8839107590886602e-07,4.027163307532941e-05,8.852223046941629e-05,1.9763108173070441e-07,4.1197933765820076e-05,9.0664080267282e-05,2.0720671946432353e-07,4.213354248740013e-05,9.283138518993872e-05,2.171260079828605e-07,4.307841747037776e-05,9.502413825682299e-05,2.2739706011825113e-07,4.403251696587157e-05,9.724233240542666e-05,2.3802808262814155e-07,4.4995799245978664e-05,9.948596049132061e-05,2.4902737616241604e-07,4.596822260394231e-05,0.00010175501528817833,2.604033352293413e-07,4.6949745354319586e-05,0.00010404948948779995,0.75
1.708863544978189e-07,3.844712296942861e-05,8.431492376045044e-05,1.7947877711717428e-07,3.93546822062626e-05,8.640584269493739e-05,1.8839107590886602e-07,4.027163307532941e-05,8.852223046941629e-05,1.9763108173070441e-07,4.1197933765820076e-05,9.0664080267282e-05,2.0720671946432353e-07,4.213354248740013e-05,9.283138518993872e-05,2.171260079828605e-07,4.307841747037776e-05,9.502413825682299e-05,2.2739706011825113e-07,4.403251696587157e-05,9.724233240542666e-05,2.3802808262814155e-07,4.4995799245978664e-05,9.948596049132061e-05,2.4902737616241604e-07,4.596822260394231e-05,0.00010175501528817833,2.604033352293413e-07,4.6949745354319586e-05,0.00010404948948779995,0.75
1.708863544978189e-07,3.844712296942861e-05,8.431492376045044e-05,1.7947877711717428e-07,3.93546822062626e-05,8.640584269493739e-05,1.8839107590886602e-07,4.027163307532941e-05,8.852223046941629e-05,1.9763108173070441e-07,4.1197933765820076e-05,9.0664080267282e-05,2.0720671946432353e-07,4.213354248740013e-05,9.283138518993872e-05,2.171260079828605e-07,4.307841747037776e-05,9.502413825682299e-05,2.2739706011825113e-07,4.403251696587157e-05,9.724233240542666e-05,2.3802808262814155e-07,4.4995799245978664e-05,9.948596049132061e-05,2.4902737616241604e-07,4.596822260394231e-05,0.00010175501528817833,2.604033352293413e-07,4.6949745354319586e-05,0.00010404948948779995,0.75
1.708863544978189e-07,3.844712296942861e-05,8.431492376045044e-05,1.7947877711717428e-07,3.93546822062626e-05,8.640584269493739e-05,1.8839107590886602e-07,4.027163307532941e-05,8.852223046941629e-05,1.9763108173070441e-07,4.1197933765820076e-05,9.0664080267282e-05,2.0720671946432353e-07,4.213354248740013e-05,9.283138518993872e-05,2.171260079828605e-07,4.307841747037776e-05,9.502413825682299e-05,2.2739706011825113e-07,4.403251696587157e-05,9.724233240542666e-05,2.3802808262814155e-07,4.4995799245978664e-05,9.948596049132061e-05,2.4902737616241604e-07,4.596822260394231e-05,0.00010175501528817833,2.604033352293413e-07,4.6949745354319586e-05,0.00010404948948779995,0.75
1.708863544978189e-07,3.844712296942861e-05,8.431492376045044e-05,1.7947877711717428e-07,3.93546822062626e-05,8.640584269493739e-05,1.8839107590886602e-07,4.027163307532941e-05,8.852223046941629e-05,1.9763108173070441e-07,4.1197933765820076e-05,9.0664080267282e-05,2.0720671946432353e-07,4.213354248740013e-05,9.283138518993872e-05,2.171260079828605e-07,4.307841747037776e-05,9.502413825682299e-05,2.2739706011825113e-07,4.403251696587157e-05,9.724233240542666e-05,2.3802808262814155e-07,4.4995799245978664e-05,9.948596049132061e-05,2.4902737616241604e-07,4.596822260394231e-05,0.00010175501528817833,2.604033352293413e-07,4.6949745354319586e-05,0.00010404948948779995,0.75
1.708863544978189e-07,3.844712296942861e-05,8.431492376045044e-05,1.7947877711717428e-07,3.93546822062626e-05,8.640584269493739e-05,1.8839107590886602e-07,4.027163307532941e-05,8.852223046941629e-05,1.9763108173070441e-07,4.1197933765820076e-05,9.0664080267282e-05,2.0720671946432353e-07,4.213354248740013e-05,9.283138518993872e-05,2.171260079828605e-07,4.307841747037776e-05,9.502413825682299e-05,2.2739706011825113e-07,4.403251696587157e-05,9.724233240542666e-05,2.3802808262814155e-07,4.4995799245978664e-05,9.948596049132061e-05,2.4902737616241604e-07,4.596822260394231e-05,0.00010175501528817833,2.604033352293413e-07,4.6949745354319586e-05,0.00010404948948779995,0.75
1.708863544978189e-07,3.844712296942861e-05,8.431492376045044e-05,1.7947877711717428e-07,3.93546822062626e-05,8.640584269493739e-05,1.8839107590886602e-07,4.027163307532941e-05,8.852223046941629e-05,1.9763108173070441e-07,4.1197933765820076e-05,9.0664080267282e-05,2.0720671946432353e-07,4.213354248740013e-05,9.283138518993872e-05,2.171260079828605e-07,4.307841747037776e-05,9.502413825682299e-05,2.2739706011825113e-07,4.403251696587157e-05,9.724233240542666e-05,2.3802808262814155e-07,4.4995799245978664e-05,9.948596049132061e-05,2.4902737616241604e-07,4.596822260394231e-05,0.00010175501528817833,2.604033352293413e-07,4.6949745354319586e-05,0.00010404948948779995,0.75
1.708863544978189e-07,3.844712296942861e-05,8.431492376045044e-05,1.7947877711717428e-07,3.93546822062626e-05,8.640584269493739e-05,1.8839107590886602e-07,4.027163307532941e-05,8.852223046941629e-05,1.9763108173070441e-07,4.1197933765820076e-05,9.0664080267282e-05,2.0720671946432353e-07,4.213354248740013e-05,9.283138518993872e-05,2.171260079828605e-07,4.307841747037776e-05,9.502413825682299e-05,2.2739706011825113e-07,4.403251696587157e-05,9.724233240542666e-05,2.3802808262814155e-07,4.4995799245978664e-05,9.948596049132061e-05,2.4902737616241604e-07,4.596822260394231e-05,0.00010175501528817833,2.604033352293413e-07,4.6949745354319586e-05,0.00010404948948779995,0.75
1.708863544978189e-07,3.844712296942861e-05,8.431492376045044e-05,1.7947877711717428e-07,3.93546822062626e-05,8.640584269493739e-05,1.8839107590886602e-07,4.027163307532941e-05,8.852223046941629e-05,1.9763108173070441e-07,4.1197933765820076e-05,9.0664080267282e-05,2.0720671946432353e-07,4.213354248740013e-05,9.283138518993872e-05,2.171260079828605e-07,4.307841747037776e-05,9.502413825682299e-05,2.2739706011825113e-07,4.403251696587157e-05,9.724233240542666e-05,2.3802808262814155e-07,4.4995799245978664e-05,9.948596049132061e-05,2.4902737616241604e-07,4.596822260394231e-05,0.00010175501528817833,2.604033352293413e-07,4.6949745354319586e-05,0.00010404948948779995,0.75
1.708863544978189e-07,3.844712296942861e-05,8.431492376045044e-05,1.7947877711717428e-07,3.93546822062626e-05,8.640584269493739e-05,1.8839107590886602e-07,4.027163307532941e-05,8.852223046941629e-05,1.9763108173070441e-07,4.1197933765820076e-05,9.0664080267282e-05,2.0720671946432353e-07,4.213354248740013e-05,9.283138518993872e-05,2.171260079828605e-07,4.307841747037776e-05,9.502413825682299e-05,2.2739706011825113e-07,4.403251696587157e-05,9.724233240542666e-05,2.3802808262814155e-07,4.4995799245978664e-05,9.948596049132061e-05,2.4902737616241604e-07,4.596822260394231e-05,0.00010175501528817833,2.604033352293413e-07,4.6949745354319586e-05,0.00010404948948779995,0.75
1.708863544978189e-07,3.844712296942861e-05,8.431492376045044e-05,1.7947877711717428e-07,3.93546822062626e-05,8.640584269493739e-05,1.8839107590886602e-07,4.027163307532941e-05,8.852223046941629e-05,1.9763108173070441e-07,4.1197933765820076e-05,9.0664080267282e-05,2.0720671946432353e-07,4.213354248740013e-05,9.283138518993872e-05,2.171260079828605e-07,4.307841747037776e-05,9.502413825682299e-05,2.2739706011825113e-07,4.403251696587157e-05,9.724233240542666e-05,2.3802808262814155e-07,4.4995799245978664e-05,9.948596049132061e-05,2.4902737616241604e-07,4.596822260394231e-05,0.00010175501528817833,2.604033352293413e-07,4.6949745354319586e-05,0.00010404948948779995,0.75
1.708863544978189e-07,3.844712296942861e-05,8.431492376045044e-05,1.7947877711717428e-07,3.93546822062626e-05,8.640584269493739e-05,1.8839107590886602e-07,4.027163307532941e-05,8.852223046941629e-05,1.9763108173070441e-07,4.1197933765820076e-05,9.0664080267282e-05,2.0720671946432353e-07,4.213354248740013e-05,9.283138518993872e-05,2.171260079828605e-07,4.307841747037776e-05,9.502413825682299e-05,2.2739706011825113e-07,4.403251696587157e-05,9.724233240542666e-05,2.3802808262814155e-07,4.4995799245978664e-05,9.948596049132061e-05,2.4902737616241604e-07,4.596822260394231e-05,0.00010175501528817833,2.604033352293413e-07,4.6949745354319586e-05,0.00010404948948779995,0.75
1.708863544978189e-07,3.844712296942861e-05,8.431492376045044e-05,1.7947877711717428e-07,3.93546822062626e-05,8.640584269493739e-05,1.8839107590886602e-07,4.027163307532941e-05,8.852223046941629e-05,1.9763108173070441e-07,4.1197933765820076e-05,9.0664080267282e-05,2.0720671946432353e-07,4.213354248740013e-05,9.283138518993872e-05,2.171260079828605e-07,4.307841747037776e-05,9.502413825682299e-05,2.2739706011825113e-07,4.403251696587157e-05,9.724233240542666e-05,2.3802808262814155e-07,4.4995799245978664e-05,9.948596049132061e-05,2.4902737616241604e-07,4.596822260394231e-05,0.00010175501528817833,2.604033352293413e-07,4.6949745354319586e-05,0.00010404948948779995,0.75
1.708863544978189e-07,3.844712296942861e-05,8.431492376045044e-05,1.7947877711717428e-07,3.93546822062626e-05,8.640584269493739e-05,1.8839107590886602e-07,4.027163307532941e-05,8.852223046941629e-05,1.9763108173070441e-07,4.1197933765820076e-05,9.0664080267282e-05,2.0720671946432353e-07,4.213354248740013e-05,9.283138518993872e-05,2.171260079828605e-07,4.307841747037776e-05,9.502413825682299e-05,2.2739706011825113e-07,4.403251696587157e-05,9.724233240542666e-05,2.3802808262814155e-07,4.4995799245978664e-05,9.948596049132061e-05,2.4902737616241604e-07,4.596822260394231e-05,0.00010175501528817833,2.604033352293413e-07,4.6949745354319586e-05,0.00010404948948779995,0.75
1.708863544978189e-07,3.844712296942861e-05,8.431492376045044e-05,1.7947877711717428e-07,3.93546822062626e-05,8.640584269493739e-05,1.8839107590886602e-07,4.027163307532941e-05,8.852223046941629e-05,1.9763108173070441e-07,4.1197933765820076e-05,9.0664080267282e-05,2.0720671946432353e-07,4.213354248740013e-05,9.283138518993872e-05,2.171260079828605e-07,4.307841747037776e-05,9.502413825682299e-05,2.2739706011825113e-07,4.403251696587157e-05,9.724233240542666e-05,2.3802808262814155e-07,4.4995799245978664e-05,9.948596049132061e-05,2.4902737616241604e-07,4.596822260394231e-05,0.00010175501528817833,2.604033352293413e-07,4.6949745354319586e-05,0.00010404948948779995,0.75
1.708863544978189e-07,3.844712296942861e-05,8.431492376045044e-05,1.7947877711717428e-07,3.93546822062626e-05,8.640584269493739e-05,1.8839107590886602e-07,4.027163307532941e-05,8.852223046941629e-05,1.9763108173070441e-07,4.1197933765820076e-05,9.0664080267282e-05,2.0720671946432353e-07,4.213354248740013e-05,9.283138518993872e-05,2.171260079828605e-07,4.307841747037776e-05,9.502413825682299e-05,2.2739706011825113e-07,4.403251696587157e-05,9.724233240542666e-05,2.3802808262814155e-07,4.4995799245978664e-05,9.948596049132061e-05,2.4902737616241604e-07,4.596822260394231e-05,0.00010175501528817833,2.604033352293413e-07,4.6949745354319586e-05,0.00010404948948779995,0.75
1.708863544978189e-07,3.844712296942861e-05,8.431492376045044e-05,1.7947877711717428e-07,3.93546822062626e-05,8.640584269493739e-05,1.8839107590886602e-07,4.027163307532941e-05,8.852223046941629e-05,1.9763108173070441e-07,4.1197933765820076e-05,9.0664080267282e-05,2.0720671946432353e-07,4.213354248740013e-05,9.283138518993872e-05,2.171260079828605e-07,4.307841747037776e-05,9.502413825682299e-05,2.2739706011825113e-07,4.403251696587157e-05,9.724233240542666e-05,2.3802808262814155e-07,4.4995799245978664e-05,9.948596049132061e-05,2.4902737616241604e-07,4.596822260394231e-05,0.00010175501528817833,2.604033352293413e-07,4.6949745354319586e-05,0.00010404948948779995,0.75
1.708863544978189e-07,3.844712296942861e-05,8.431492376045044e-05,1.7947877711717428e-07,3.93546822062626e-05,8.640584269493739e-05,1.8839107590886602e-07,4.027163307532941e-05,8.852223046941629e-05,1.9763108173070441e-07,4.1197933765820076e-05,9.0664080267282e-05,2.0720671946432353e-07,4.213354248740013e-05,9.283138518993872e-05,2.171260079828605e-07,4.307841747037776e-05,9.502413825682299e-05,2.2739706011825113e-07,4.403251696587157e-05,9.724233240542666e-05,2.3802808262814155e-07,4.4995799245978664e-05,9.948596049132061e-05,2.4902737616241604e-07,4.596822260394231e-05,0.00010175501528817833,2.604033352293413e-07,4.6949745354319586e-05,0.00010404948948779995,0.75
1.708863544978189e-07,3.844712296942861e-05,8.431492376045044e-05,1.7947877711717428e-07,3.93546822062626e-05,8.640584269493739e-05,1.8839107590886602e-07,4.027163307532941e-05,8.852223046941629e-05,1.9763108173070441e-07,4.1197933765820076e-05,9.0664080267282e-05,2.0720671946432353e-07,4.213354248740013e-05,9.283138518993872e-05,2.171260079828605e-07,4.307841747037776e-05,9.502413825682299e-05,2.2739706011825113e-07,4.403251696587157e-05,9.724233240542666e-05,2.3802808262814155e-07,4.4995799245978664e-05,9.948596049132061e-05,2.4902737616241604e-07,4.596822260394231e-05,0.00010175501528817833,2.604033352293413e-07,4.6949745354319586e-05,0.00010404948948779995,0.75
1.708863544978189e-07,3.844712296942861e-05,8.431492376045044e-05,1.7947877711717428e-07,3.93546822062626e-05,8.640584269493739e-05,1.8839107590886602e-07,4.027163307532941e-05,8.852223046941629e-05,1.9763108173070441e-07,4.1197933765820076e-05,9.0664080267282e-05,2.0720671946432353e-07,4.213354248740013e-05,9.283138518993872e-05,2.171260079828605e-07,4.307841747037776e-05,9.502413825682299e-05,2.2739706011825113e-07,4.403251696587157e-05,9.724233240542666e-05,2.3802808262814155e-07,4.4995799245978664e-05,9.948596049132061e-05,2.4902737616241604e-07,4.596822260394231e-05,0.00010175501528817833,2.604033352293413e-07,4.6949745354319586e-05,0.00010404948948779995,0.75
1.708863544978189e-07,3.844712296942861e-05,8.431492376045044e-05,1.7947877711717428e-07,3.93546822062626e-05,8.640584269493739e-05,1.8839107590886602e-07,4.027163307532941e-05,8.852223046941629e-05,1.9763108173070441e-07,4.1197933765820076e-05,9.0664080267282e-05,2.0720671946432353e-07,4.213354248740013e-05,9.283138518993872e-05,2.171260079828605e-07,4.307841747037776e-05,9.502413825682299e-05,2.2739706011825113e-07,4.403251696587157e-05,9.724233240542666e-05,2.3802808262814155e-07,4.4995799245978664e-05,9.948596049132061e-05,2.4902737616241604e-07,4.596822260394231e-05,0.00010175501528817833,2.604033352293413e-07,4.6949745354319586e-05,0.00010404948948779995,0.75
1.708863544978189e-07,3.844712296942861e-05,8.431492376045044e-05,1.7947877711717428e-07,3.93546822062626e-05,8.640584269493739e-05,1.8839107590886602e-07,4.027163307532941e-05,8.852223046941629e-05,1.9763108173070441e-07,4.1197933765820076e-05,9.0664080267282e-05,2.0720671946432353e-07,4.213354248740013e-05,9.283138518993872e-05,2.171260079828605e-07,4.307841747037776e-05,9.502413825682299e-05,2.2739706011825113e-07,4.403251696587157e-05,9.724233240542666e-05,2.3802808262814155e-07,4.4995799245978664e-05,9.948596049132061e-05,2.4902737616241604e-07,4.596822260394231e-05,0.00010175501528817833,2.604033352293413e-07,4.6949745354319586e-05,0.00010404948948779995,0.75
1.708863544978189e-07,3.844712296942861e-05,8.431492376045044e-05,1.7947877711717428e-07,3.93546822062626e-05,8.640584269493739e-05,1.8839107590886602e-07,4.027163307532941e-05,8.852223046941629e-05,1.9763108173070441e-07,4.1197933765820076e-05,9.0664080267282e-05,2.0720671946432353e-07,4.213354248740013e-05,9.283138518993872e-05,2.171260079828605e-07,4.307841747037776e-05,9.502413825682299e-05,2.2739706011825113e-07,4.403251696587157e-05,9.724233240542666e-05,2.3802808262814155e-07,4.4995799245978664e-05,9.948596049132061e-05,2.4902737616241604e-07,4.596822260394231e-05,0.00010175501528817833,2.604033352293413e-07,4.6949745354319586e-05,0.00010404948948779995,0.75
1.708863544978189e-07,3.844712296942861e-05,8.431492376045044e-05,1.7947877711717428e-07,3.93546822062626e-05,8.640584269493739e-05,1.8839107590886602e-07,4.027163307532941e-05,8.852223046941629e-05,1.9763108173070441e-07,4.1197933765820076e-05,9.0664080267282e-05,2.0720671946432353e-07,4.213354248740013e-05,9.283138518993872e-05,2.171260079828605e-07,4.307841747037776e-05,9.502413825682299e-05,2.2739706011825113e-07,4.403251696587157e-05,9.724233240542666e-05,2.3802808262814155e-07,4.4995799245978664e-05,9.948596049132061e-05,2.4902737616241604e-07,4.596822260394231e-05,0.00010175501528817833,2.604033352293413e-07,4.6949745354319586e-05,0.00010404948948779995,0.75
1.708863544978189e-07,3.844712296942861e-05,8.431492376045044e-05,1.7947877711717428e-07,3.93546822062626e-05,8.640584269493739e-05,1.8839107590886602e-07,4.027163307532941e-05,8.852223046941629e-05,1.9763108173070441e-07,4.1197933765820076e-05,9.0664080267282e-05,2.0720671946432353e-07,4.213354248740013e-05,9.283138518993872e-05,2.171260079828605e-07,4.307841747037776e-05,9.502413825682299e-05,2.2739706011825113e-07,4.403251696587157e-05,9.724233240542666e-05,2.3802808262814155e-07,4.4995799245978664e-05,9.948596049132061e-05,2.4902737616241604e-07,4.596822260394231e-05,0.00010175501528817833,2.604033352293413e-07,4.6949745354319586e-05,0.00010404948948779995,0.75
1.708863544978189e-07,3.844712296942861e-05,8.431492376045044e-05,1.7947877711717428e-07,3.93546822062626e-05,8.640584269493739e-05,1.8839107590886602e-07,4.027163307532941e-05,8.852223046941629e-05,1.9763108173070441e-07,4.1197933765820076e-05,9.0664080267282e-05,2.0720671946432353e-07,4.213354248740013e-05,9.283138518993872e-05,2.171260079828605e-07,4.307841747037776e-05,9.502413825682299e-05,2.2739706011825113e-07,4.403251696587157e-05,9.724233240542666e-05,2.3802808262814155e-07,4.4995799245978664e-05,9.948596049132061e-05,2.4902737616241604e-07,4.596822260394231e-05,0.00010175501528817833,2.604033352293413e-07,4.6949745354319586e-05,0.00010404948948779995,0.75
1.708863544978189e-07,3.844712296942861e-05,8.431492376045044e-05,1.7947877711717428e-07,3.93546822062626e-05,8.640584269493739e-05,1.8839107590886602e-07,4.027163307532941e-05,8.852223046941629e-05,1.9763108173070441e-07,4.1197933765820076e-05,9.0664080267282e-05,2.0720671946432353e-07,4.213354248740013e-05,9.283138518993872e-05,2.171260079828605e-07,4.307841747037776e-05,9.502413825682299e-05,2.2739706011825113e-07,4.403251696587157e-05,9.724233240542666e-05,2.3802808262814155e-07,4.4995799245978664e-05,9.948596049132061e-05,2.4902737616241604e-07,4.596822260394231e-05,0.00010175501528817833,2.604033352293413e-07,4.6949745354319586e-05,0.00010404948948779995,0.75
1.708863544978189e-07,3.844712296942861e-05,8.431492376045044e-05,1.7947877711717428e-07,3.93546822062626e-05,8.640584269493739e-05,1.8839107590886602e-07,4.027163307532941e-05,8.852223046941629e-05,1.9763108173070441e-07,4.1197933765820076e-05,9.0664080267282e-05,2.0720671946432353e-07,4.213354248740013e-05,9.283138518993872e-05,2.171260079828605e-07,4.307841747037776e-05,9.502413825682299e-05,2.2739706011825113e-07,4.403251696587157e-05,9.724233240542666e-05,2.3802808262814155e-07,4.4995799245978664e-05,9.948596049132061e-05,2.4902737616241604e-07,4.596822260394231e-05,0.00010175501528817833,2.604033352293413e-07,4.6949745354319586e-05,0.00010404948948779995,0.75
1.708863544978189e-07,3.844712296942861e-05,8.431492376045044e-05,1.7947877711717428e-07,3.93546822062626e-05,8.640584269493739e-05,1.8839107590886602e-07,4.027163307532941e-05,8.852223046941629e-05,1.9763108173070441e-07,4.1197933765820076e-05,9.0664080267282e-05,2.0720671946432353e-07,4.213354248740013e-05,9.283138518993872e-05,2.171260079828605e-07,4.307841747037776e-05,9.502413825682299e-05,2.2739706011825113e-07,4.403251696587157e-05,9.724233240542666e-05,2.3802808262814155e-07,4.4995799245978664e-05,9.948596049132061e-05,2.4902737616241604e-07,4.596822260394231e-05,0.00010175501528817833,2.604033352293413e-07,4.6949745354319586e-05,0.00010404948948779995,0.75
1.708863544978189e-07,3.844712296942861e-05,8.431492376045044e-05,1.7947877711717428e-07,3.93546822062626e-05,8.640584269493739e-05,1.8839107590886602e-07,4.027163307532941e-05,8.852223046941629e-05,1.9763108173070441e-07,4.1197933765820076e-05,9.0664080267282e-05,2.0720671946432353e-07,4.213354248740013e-05,9.283138518993872e-05,2.171260079828605e-07,4.307841747037776e-05,9.502413825682299e-05,2.2739706011825113e-07,4.403251696587157e-05,9.724233240542666e-05,2.3802808262814155e-07,4.4995799245978664e-05,9.948596049132061e-05,2.4902737616241604e-07,4.596822260394231e-05,0.00010175501528817833,2.604033352293413e-07,4.6949745354319586e-05,0.00010404948948779995,0.75
1.708863544978189e-07,3.844712296942861e-05,8.431492376045044e-05,1.7947877711717428e-07,3.93546822062626e-05,8.640584269493739e-05,1.8839107590886602e-07,4.027163307532941e-05,8.852223046941629e-05,1.9763108173070441e-07,4.1197933765820076e-05,9.0664080267282e-05,2.0720671946432353e-07,4.213354248740013e-05,9.283138518993872e-05,2.171260079828605e-07,4.307841747037776e-05,9.502413825682299e-05,2.2739706011825113e-07,4.403251696587157e-05,9.724233240542666e-05,2.3802808262814155e-07,4.4995799245978664e-05,9.948596049132061e-05,2.4902737616241604e-07,4.596822260394231e-05,0.00010175501528817833,2.604033352293413e-07,4.6949745354319586e-05,0.00010404948948779995,0.75
1.708863544978189e-07,3.844712296942861e-05,8.431492376045044e-05,1.7947877711717428e-07,3.93546822062626e-05,8.640584269493739e-05,1.8839107590886602e-07,4.027163307532941e-05,8.852223046941629e-05,1.9763108173070441e-07,4.1197933765820076e-05,9.0664080267282e-05,2.0720671946432353e-07,4.213354248740013e-05,9.283138518993872e-05,2.171260079828605e-07,4.307841747037776e-05,9.502413825682299e-05,2.2739706011825113e-07,4.403251696587157e-05,9.724233240542666e-05,2.3802808262814155e-07,4.4995799245978664e-05,9.948596049132061e-05,2.4902737616241604e-07,4.596822260394231e-05,0.00010175501528817833,2.604033352293413e-07,4.6949745354319586e-05,0.00010404948948779995,0.75
1.708863544978189e-07,3.844712296942861e-05,8.431492376045044e-05,1.7947877711717428e-07,3.93546822062626e-05,8.640584269493739e-05,1.8839107590886602e-07,4.027163307532941e-05,8.852223046941629e-05,1.9763108173070441e-07,4.1197933765820076e-05,9.0664080267282e-05,2.0720671946432353e-07,4.213354248740013e-05,9.283138518993872e-05,2.171260079828605e-07,4.307841747037776e-05,9.502413825682299e-05,2.2739706011825113e-07,4.403251696587157e-05,9.724233240542666e-05,2.3802808262814155e-07,4.4995799245978664e-05,9.948596049132061e-05,2.4902737616241604e-07,4.596822260394231e-05,0.00010175501528817833,2.604033352293413e-07,4.6949745354319586e-05,0.00010404948948779995,0.75
1.708863544978189e-07,3.844712296942861e-05,8.431492376045044e-05,1.7947877711717428e-07,3.93546822062626e-05,8.640584269493739e-05,1.8839107590886602e-07,4.027163307532941e-05,8.852223046941629e-05,1.9763108173070441e-07,4.1197933765820076e-05,9.0664080267282e-05,2.0720671946432353e-07,4.213354248740013e-05,9.283138518993872e-05,2.171260079828605e-07,4.307841747037776e-05,9.502413825682299e-05,2.2739706011825113e-07,4.403251696587157e-05,9.724233240542666e-05,2.3802808262814155e-07,4.4995799245978664e-05,9.948596049132061e-05,2.4902737616241604e-07,4.596822260394231e-05,0.00010175501528817833,2.604033352293413e-07,4.6949745354319586e-05,0.00010404948948779995,0.75
1.708863544978189e-07,3.844712296942861e-05,8.431492376045044e-05,1.7947877711717428e-07,3.93546822062626e-05,8.640584269493739e-05,1.8839107590886602e-07,4.027163307532941e-05,8.852223046941629e-05,1.9763108173070441e-07,4.1197933765820076e-05,9.0664080267282e-05,2.0720671946432353e-07,4.213354248740013e-05,9.283138518993872e-05,2.171260079828605e-07,4.307841747037776e-05,9.502413825682299e-05,2.2739706011825113e-07,4.403251696587157e-05,9.724233240542666e-05,2.3802808262814155e-07,4.4995799245978664e-05,9.948596049132061e-05,2.4902737616241604e-07,4.596822260394231e-05,0.00010175501528817833,2.604033352293413e-07,4.6949745354319586e-05,0.00010404948948779995,0.75
1.708863544978189e-07,3.844712296942861e-05,8.431492376045044e-05,1.7947877711717428e-07,3.93546822062626e-05,8.640584269493739e-05,1.8839107590886602e-07,4.027163307532941e-05,8.852223046941629e-05,1.9763108173070441e-07,4.1197933765820076e-05,9.0664080267282e-05,2.0720671946432353e-07,4.213354248740013e-05,9.283138518993872e-05,2.171260079828605e-07,4.307841747037776e-05,9.502413825682299e-05,2.2739706011825113e-07,4.403251696587157e-05,9.724233240542666e-05,2.3802808262814155e-07,4.4995799245978664e-05,9.948596049132061e-05,2.4902737616241604e-07,4.596822260394231e-05,0.00010175501528817833,2.604033352293413e-07,4.6949745354319586e-05,0.00010404948948779995,0.75
1.708863544978189e-07,3.844712296942861e-05,8.431492376045044e-05,1.7947877711717428e-07,3.93546822062626e-05,8.640584269493739e-05,1.8839107590886602e-07,4.027163307532941e-05,8.852223046941629e-05,1.9763108173070441e-07,4.1197933765820076e-05,9.0664080267282e-05,2.0720671946432353e-07,4.213354248740013e-05,9.283138518993872e-05,2.171260079828605e-07,4.307841747037776e-05,9.502413825682299e-05,2.2739706011825113e-07,4.403251696587157e-05,9.724233240542666e-05,2.3802808262814155e-07,4.4995799245978664e-05,9.948596049132061e-05,2.4902737616241604e-07,4.596822260394231e-05,0.00010175501528817833,2.604033352293413e-07,4.6949745354319586e-05,0.00010404948948779995,0.75
1.708863544978189e-07,3.844712296942861e-05,8.431492376045044e-05,1.7947877711717428e-07,3.93546822062626e-05,8.640584269493739e-05,1.8839107590886602e-07,4.027163307532941e-05,8.852223046941629e-05,1.9763108173070441e-07,4.1197933765820076e-05,9.0664080267282e-05,2.0720671946432353e-07,4.213354248740013e-05,9.283138518993872e-05,2.171260079828605e-07,4.307841747037776e-05,9.502413825682299e-05,2.2739706011825113e-07,4.403251696587157e-05,9.724233240542666e-05,2.3802808262814155e-07,4.4995799245978664e-05,9.948596049132061e-05,2.4902737616241604e-07,4.596822260394231e-05,0.00010175501528817833,2.604033352293413e-07,4.6949745354319586e-05,0.00010404948948779995,0.75
1.708863544978189e-07,3.844712296942861e-05,8.431492376045044e-05,1.7947877711717428e-07,3.93546822062626e-05,8.640584269493739e-05,1.8839107590886602e-07,4.027163307532941e-05,8.852223046941629e-05,1.9763108173070441e-07,4.1197933765820076e-05,9.0664080267282e-05,2.0720671946432353e-07,4.213354248740013e-05,9.283138518993872e-05,2.171260079828605e-07,4.307841747037776e-05,9.502413825682299e-05,2.2739706011825113e-07,4.403251696587157e-05,9.724233240542666e-05,2.3802808262814155e-07,4.4995799245978664e-05,9.948596049132061e-05,2.4902737616241604e-07,4.596822260394231e-05,0.00010175501528817833,2.604033352293413e-07,4.6949745354319586e-05,0.00010404948948779995,0.75
1.708863544978189e-07,3.844712296942861e-05,8.431492376045044e-05,1.7947877711717428e-07,3.93546822062626e-05,8.640584269493739e-05,1.8839107590886602e-07,4.027163307532941e-05,8.852223046941629e-05,1.9763108173070441e-07,4.1197933765820076e-05,9.0664080267282e-05,2.0720671946432353e-07,4.213354248740013e-05,9.283138518993872e-05,2.171260079828605e-07,4.307841747037776e-05,9.502413825682299e-05,2.2739706011825113e-07,4.403251696587157e-05,9.724233240542666e-05,2.3802808262814155e-07,4.4995799245978664e-05,9.948596049132061e-05,2.4902737616241604e-07,4.596822260394231e-05,0.00010175501528817833,2.604033352293413e-07,4.6949745354319586e-05,0.00010404948948779995,0.75
1.708863544978189e-07,3.844712296942861e-05,8.431492376045044e-05,1.7947877711717428e-07,3.93546822062626e-05,8.640584269493739e-05,1.8839107590886602e-07,4.027163307532941e-05,8.852223046941629e-05,1.9763108173070441e-07,4.1197933765820076e-05,9.0664080267282e-05,2.0720671946432353e-07,4.213354248740013e-05,9.283138518993872e-05,2.171260079828605e-07,4.307841747037776e-05,9.502413825682299e-05,2.2739706011825113e-07,4.403251696587157e-05,9.724233240542666e-05,2.3802808262814155e-07,4.4995799245978664e-05,9.948596049132061e-05,2.4902737616241604e-07,4.596822260394231e-05,0.00010175501528817833,2.604033352293413e-07,4.6949745354319586e-05,0.00010404948948779995,0.75
1.708863544978189e-07,3.844712296942861e-05,8.431492376045044e-05,1.7947877711717428e-07,3.93546822062626e-05,8.640584269493739e-05,1.8839107590886602e-07,4.027163307532941e-05,8.852223046941629e-05,1.9763108173070441e-07,4.1197933765820076e-05,9.0664080267282e-05,2.0720671946432353e-07,4.213354248740013e-05,9.283138518993872e-05,2.171260079828605e-07,4.307841747037776e-05,9.502413825682299e-05,2.2739706011825113e-07,4.403251696587157e-05,9.724233240542666e-05,2.3802808262814155e-07,4.4995799245978664e-05,9.948596049132061e-05,2.4902737616241604e-07,4.596822260394231e-05,0.00010175501528817833,2.604033352293413e-07,4.6949745354319586e-05,0.00010404948948779995,0.75
1.708863544978189e-07,3.844712296942861e-05,8.431492376045044e-05,1.7947877711717428e-07,3.93546822062626e-05,8.640584269493739e-05,1.8839107590886602e-07,4.027163307532941e-05,8.852223046941629e-05,1.9763108173070441e-07,4.1197933765820076e-05,9.0664080267282e-05,2.0720671946432353e-07,4.213354248740013e-05,9.283138518993872e-05,2.171260079828605e-07,4.307841747037776e-05,9.502413825682299e-05,2.2739706011825113e-07,4.403251696587157e-05,9.724233240542666e-05,2.3802808262814155e-07,4.4995799245978664e-05,9.948596049132061e-05,2.4902737616241604e-07,4.596822260394231e-05,0.00010175501528817833,2.604033352293413e-07,4.6949745354319586e-05,0.00010404948948779995,0.75
1.708863544978189e-07,3.844712296942861e-05,8.431492376045044e-05,1.7947877711717428e-07,3.93546822062626e-05,8.640584269493739e-05,1.8839107590886602e-07,4.027163307532941e-05,8.852223046941629e-05,1.9763108173070441e-07,4.1197933765820076e-05,9.0664080267282e-05,2.0720671946432353e-07,4.213354248740013e-05,9.283138518993872e-05,2.171260079828605e-07,4.307841747037776e-05,9.502413825682299e-05,2.2739706011825113e-07,4.403251696587157e-05,9.724233240542666e-05,2.3802808262814155e-07,4.4995799245978664e-05,9.948596049132061e-05,2.4902737616241604e-07,4.596822260394231e-05,0.00010175501528817833,2.604033352293413e-07,4.6949745354319586e-05,0.00010404948948779995,0.75
1.708863544978189e-07,3.844712296942861e-05,8.431492376045044e-05,1.7947877711717428e-07,3.93546822062626e-05,8.640584269493739e-05,1.8839107590886602e-07,4.027163307532941e-05,8.852223046941629e-05,1.9763108173070441e-07,4.1197933765820076e-05,9.0664080267282e-05,2.0720671946432353e-07,4.213354248740013e-05,9.283138518993872e-05,2.171260079828605e-07,4.307841747037776e-05,9.502413825682299e-05,2.2739706011825113e-07,4.403251696587157e-05,9.724233240542666e-05,2.3802808262814155e-07,4.4995799245978664e-05,9.948596049132061e-05,2.4902737616241604e-07,4.596822260394231e-05,0.00010175501528817833,2.604033352293413e-07,4.6949745354319586e-05,0.00010404948948779995,0.75
1.708863544978189e-07,3.844712296942861e-05,8.431492376045044e-05,1.7947877711717428e-07,3.93546822062626e-05,8.640584269493739e-05,1.8839107590886602e-07,4.027163307532941e-05,8.852223046941629e-05,1.9763108173070441e-07,4.1197933765820076e-05,9.0664080267282e-05,2.0720671946432353e-07,4.213354248740013e-05,9.283138518993872e-05,2.171260079828605e-07,4.307841747037776e-05,9.502413825682299e-05,2.2739706011825113e-07,4.403251696587157e-05,9.724233240542666e-05,2.3802808262814155e-07,4.4995799245978664e-05,9.948596049132061e-05,2.4902737616241604e-07,4.596822260394231e-05,0.00010175501528817833,2.604033352293413e-07,4.6949745354319586e-05,0.00010404948948779995,0.75
1.708863544978189e-07,3.844712296942861e-05,8.431492376045044e-05,1.7947877711717428e-07,3.93546822062626e-05,8.640584269493739e-05,1.8839107590886602e-07,4.027163307532941e-05,8.852223046941629e-05,1.9763108173070441e-07,4.1197933765820076e-05,9.0664080267282e-05,2.0720671946432353e-07,4.213354248740013e-05,9.283138518993872e-05,2.171260079828605e-07,4.307841747037776e-05,9.502413825682299e-05,2.2739706011825113e-07,4.403251696587157e-05,9.724233240542666e-05,2.3802808262814155e-07,4.4995799245978664e-05,9.948596049132061e-05,2.4902737616241604e-07,4.596822260394231e-05,0.00010175501528817833,2.604033352293413e-07,4.6949745354319586e-05,0.00010404948948779995,0.75
1.708863544978189e-07,3.844712296942861e-05,8.431492376045044e-05,1.7947877711717428e-07,3.93546822062626e-05,8.640584269493739e-05,1.8839107590886602e-07,4.027163307532941e-05,8.852223046941629e-05,1.9763108173070441e-07,4.1197933765820076e-05,9.0664080267282e-05,2.0720671946432353e-07,4.213354248740013e-05,9.283138518993872e-05,2.171260079828605e-07,4.307841747037776e-05,9.502413825682299e-05,2.2739706011825113e-07,4.403251696587157e-05,9.724233240542666e-05,2.3802808262814155e-07,4.4995799245978664e-05,9.948596049132061e-05,2.4902737616241604e-07,4.596822260394231e-05,0.00010175501528817833,2.604033352293413e-07,4.6949745354319586e-05,0.00010404948948779995,0.75
1.708863544978189e-07,3.844712296942861e-05,8.431492376045044e-05,1.7947877711717428e-07,3.93546822062626e-05,8.640584269493739e-05,1.8839107590886602e-07,4.027163307532941e-05,8.852223046941629e-05,1.9763108173070441e-07,4.1197933765820076e-05,9.0664080267282e-05,2.0720671946432353e-07,4.213354248740013e-05,9.283138518993872e-05,2.171260079828605e-07,4.307841747037776e-05,9.502413825682299e-05,2.2739706011825113e-07,4.403251696587157e-05,9.724233240542666e-05,2.3802808262814155e-07,4.4995799245978664e-05,9.948596049132061e-05,2.4902737616241604e-07,4.596822260394231e-05,0.00010175501528817833,2.604033352293413e-07,4.6949745354319586e-05,0.00010404948948779995,0.75
1.708863544978189e-07,3.844712296942861e-05,8.431492376045044e-05,1.7947877711717428e-07,3.93546822062626e-05,8.640584269493739e-05,1.8839107590886602e-07,4.027163307532941e-05,8.852223046941629e-05,1.9763108173070441e-07,4.1197933765820076e-05,9.0664080267282e-05,2.0720671946432353e-07,4.213354248740013e-05,9.283138518993872e-05,2.171260079828605e-07,4.307841747037776e-05,9.502413825682299e-05,2.2739706011825113e-07,4.403251696587157e-05,9.724233240542666e-05,2.3802808262814155e-07,4.4995799245978664e-05,9.948596049132061e-05,2.4902737616241604e-07,4.596822260394231e-05,0.00010175501528817833,2.604033352293413e-07,4.6949745354319586e-05,0.00010404948948779995,0.75
1.708863544978189e-07,3.844712296942861e-05,8.431492376045044e-05,1.7947877711717428e-07,3.93546822062626e-05,8.640584269493739e-05,1.8839107590886602e-07,4.027163307532941e-05,8.852223046941629e-05,1.9763108173070441e-07,4.1197933765820076e-05,9.0664080267282e-05,2.0720671946432353e-07,4.213354248740013e-05,9.283138518993872e-05,2.171260079828605e-07,4.307841747037776e-05,9.502413825682299e-05,2.2739706011825113e-07,4.403251696587157e-05,9.724233240542666e-05,2.3802808262814155e-07,4.4995799245978664e-05,9.948596049132061e-05,2.4902737616241604e-07,4.596822260394231e-05,0.00010175501528817833,2.604033352293413e-07,4.6949745354319586e-05,0.00010404948948779995,0.75
1.708863544978189e-07,3.844712296942861e-05,8.431492376045044e-05,1.7947877711717428e-07,3.93546822062626e-05,8.640584269493739e-05,1.8839107590886602e-07,4.027163307532941e-05,8.852223046941629e-05,1.9763108173070441e-07,4.1197933765820076e-05,9.0664080267282e-05,2.0720671946432353e-07,4.213354248740013e-05,9.283138518993872e-05,2.171260079828605e-07,4.307841747037776e-05,9.502413825682299e-05,2.2739706011825113e-07,4.403251696587157e-05,9.724233240542666e-05,2.3802808262814155e-07,4.4995799245978664e-05,9.948596049132061e-05,2.4902737616241604e-07,4.596822260394231e-05,0.00010175501528817833,2.604033352293413e-07,4.6949745354319586e-05,0.00010404948948779995,0.75
1.708863544978189e-07,3.844712296942861e-05,8.431492376045044e-05,1.7947877711717428e-07,3.93546822062626e-05,8.640584269493739e-05,1.8839107590886602e-07,4.027163307532941e-05,8.852223046941629e-05,1.9763108173070441e-07,4.1197933765820076e-05,9.0664080267282e-05,2.0720671946432353e-07,4.213354248740013e-05,9.283138518993872e-05,2.171260079828605e-07,4.307841747037776e-05,9.502413825682299e-05,2.2739706011825113e-07,4.403251696587157e-05,9.724233240542666e-05,2.3802808262814155e-07,4.4995799245978664e-05,9.948596049132061e-05,2.4902737616241604e-07,4.596822260394231e-05,0.00010175501528817833,2.604033352293413e-07,4.6949745354319586e-05,0.00010404948948779995,0.75
1.708863544978189e-07,3.844712296942861e-05,8.431492376045044e-05,1.7947877711717428e-07,3.93546822062626e-05,8.640584269493739e-05,1.8839107590886602e-07,4.027163307532941e-05,8.852223046941629e-05,1.9763108173070441e-07,4.1197933765820076e-05,9.0664080267282e-05,2.0720671946432353e-07,4.213354248740013e-05,9.283138518993872e-05,2.171260079828605e-07,4.307841747037776e-05,9.502413825682299e-05,2.2739706011825113e-07,4.403251696587157e-05,9.724233240542666e-05,2.3802808262814155e-07,4.4995799245978664e-05,9.948596049132061e-05,2.4902737616241604e-07,4.596822260394231e-05,0.00010175501528817833,2.604033352293413e-07,4.6949745354319586e-05,0.00010404948948779995,0.75
1.708863544978189e-07,3.844712296942861e-05,8.431492376045044e-05,1.7947877711717428e-07,3.93546822062626e-05,8.640584269493739e-05,1.8839107590886602e-07,4.027163307532941e-05,8.852223046941629e-05,1.9763108173070441e-07,4.1197933765820076e-05,9.0664080267282e-05,2.0720671946432353e-07,4.213354248740013e-05,9.283138518993872e-05,2.171260079828605e-07,4.307841747037776e-05,9.502413825682299e-05,2.2739706011825113e-07,4.403251696587157e-05,9.724233240542666e-05,2.3802808262814155e-07,4.4995799245978664e-05,9.948596049132061e-05,2.4902737616241604e-07,4.596822260394231e-05,0.00010175501528817833,2.604033352293413e-07,4.6949745354319586e-05,0.00010404948948779995,0.75
1.708863544978189e-07,3.844712296942861e-05,8.431492376045044e-05,1.7947877711717428e-07,3.93546822062626e-05,8.640584269493739e-05,1.8839107590886602e-07,4.027163307532941e-05,8.852223046941629e-05,1.9763108173070441e-07,4.1197933765820076e-05,9.0664080267282e-05,2.0720671946432353e-07,4.213354248740013e-05,9.283138518993872e-05,2.171260079828605e-07,4.307841747037776e-05,9.502413825682299e-05,2.2739706011825113e-07,4.403251696587157e-05,9.724233240542666e-05,2.3802808262814155e-07,4.4995799245978664e-05,9.948596049132061e-05,2.4902737616241604e-07,4.596822260394231e-05,0.00010175501528817833,2.604033352293413e-07,4.6949745354319586e-05,0.00010404948948779995,0.75
1.708863544978189e-07,3.844712296942861e-05,8.431492376045044e-05,1.7947877711717428e-07,3.93546822062626e-05,8.640584269493739e-05,1.8839107590886602e-07,4.027163307532941e-05,8.852223046941629e-05,1.9763108173070441e-07,4.1197933765820076e-05,9.0664080267282e-05,2.0720671946432353e-07,4.213354248740013e-05,9.283138518993872e-05,2.171260079828605e-07,4.307841747037776e-05,9.502413825682299e-05,2.2739706011825113e-07,4.403251696587157e-05,9.724233240542666e-05,2.3802808262814155e-07,4.4995799245978664e-05,9.948596049132061e-05,2.4902737616241604e-07,4.596822260394231e-05,0.00010175501528817833,2.604033352293413e-07,4.6949745354319586e-05,0.00010404948948779995,0.75
1.708863544978189e-07,3.844712296942861e-05,8.431492376045044e-05,1.7947877711717428e-07,3.93546822062626e-05,8.640584269493739e-05,1.8839107590886602e-07,4.027163307532941e-05,8.852223046941629e-05,1.9763108173070441e-07,4.1197933765820076e-05,9.0664080267282e-05,2.0720671946432353e-07,4.213354248740013e-05,9.283138518993872e-05,2.171260079828605e-07,4.307841747037776e-05,9.502413825682299e-05,2.2739706011825113e-07,4.403251696587157e-05,9.724233240542666e-05,2.3802808262814155e-07,4.4995799245978664e-05,9.948596049132061e-05,2.4902737616241604e-07,4.596822260394231e-05,0.00010175501528817833,2.604033352293413e-07,4.6949745354319586e-05,0.00010404948948779995,0.75
1.708863544978189e-07,3.844712296942861e-05,8.431492376045044e-05,1.7947877711717428e-07,3.93546822062626e-05,8.640584269493739e-05,1.8839107590886602e-07,4.027163307532941e-05,8.852223046941629e-05,1.9763108173070441e-07,4.1197933765820076e-05,9.0664080267282e-05,2.0720671946432353e-07,4.213354248740013e-05,9.283138518993872e-05,2.171260079828605e-07,4.307841747037776e-05,9.502413825682299e-05,2.2739706011825113e-07,4.403251696587157e-05,9.724233240542666e-05,2.3802808262814155e-07,4.4995799245978664e-05,9.948596049132061e-05,2.4902737616241604e-07,4.596822260394231e-05,0.00010175501528817833,2.604033352293413e-07,4.6949745354319586e-05,0.00010404948948779995,0.75
1.708863544978189e-07,3.844712296942861e-05,8.431492376045044e-05,1.7947877711717428e-07,3.93546822062626e-05,8.640584269493739e-05,1.8839107590886602e-07,4.027163307532941e-05,8.852223046941629e-05,1.9763108173070441e-07,4.1197933765820076e-05,9.0664080267282e-05,2.0720671946432353e-07,4.213354248740013e-05,9.283138518993872e-05,2.171260079828605e-07,4.307841747037776e-05,9.502413825682299e-05,2.2739706011825113e-07,4.403251696587157e-05,9.724233240542666e-05,2.3802808262814155e-07,4.4995799245978664e-05,9.948596049132061e-05,2.4902737616241604e-07,4.596822260394231e-05,0.00010175501528817833,2.604033352293413e-07,4.6949745354319586e-05,0.00010404948948779995,0.75
1.708863544978189e-07,3.844712296942861e-05,8.431492376045044e-05,1.7947877711717428e-07,3.93546822062626e-05,8.640584269493739e-05,1.8839107590886602e-07,4.027163307532941e-05,8.852223046941629e-05,1.9763108173070441e-07,4.1197933765820076e-05,9.0664080267282e-05,2.0720671946432353e-07,4.213354248740013e-05,9.283138518993872e-05,2.171260079828605e-07,4.307841747037776e-05,9.502413825682299e-05,2.2739706011825113e-07,4.403251696587157e-05,9.724233240542666e-05,2.3802808262814155e-07,4.4995799245978664e-05,9.948596049132061e-05,2.4902737616241604e-07,4.596822260394231e-05,0.00010175501528817833,2.604033352293413e-07,4.6949745354319586e-05,0.00010404948948779995,0.75
1.708863544978189e-07,3.844712296942861e-05,8.431492376045044e-05,1.7947877711717428e-07,3.93546822062626e-05,8.640584269493739e-05,1.8839107590886602e-07,4.027163307532941e-05,8.852223046941629e-05,1.9763108173070441e-07,4.1197933765820076e-05,9.0664080267282e-05,2.0720671946432353e-07,4.213354248740013e-05,9.283138518993872e-05,2.171260079828605e-07,4.307841747037776e-05,9.502413825682299e-05,2.2739706011825113e-07,4.403251696587157e-05,9.724233240542666e-05,2.3802808262814155e-07,4.4995799245978664e-05,9.948596049132061e-05,2.4902737616241604e-07,4.596822260394231e-05,0.00010175501528817833,2.604033352293413e-07,4.6949745354319586e-05,0.00010404948948779995,0.75
1.708863544978189e-07,3.844712296942861e-05,8.431492376045044e-05,1.7947877711717428e-07,3.93546822062626e-05,8.640584269493739e-05,1.8839107590886602e-07,4.027163307532941e-05,8.852223046941629e-05,1.9763108173070441e-07,4.1197933765820076e-05,9.0664080267282e-05,2.0720671946432353e-07,4.213354248740013e-05,9.283138518993872e-05,2.171260079828605e-07,4.307841747037776e-05,9.502413825682299e-05,2.2739706011825113e-07,4.403251696587157e-05,9.724233240542666e-05,2.3802808262814155e-07,4.4995799245978664e-05,9.948596049132061e-05,2.4902737616241604e-07,4.596822260394231e-05,0.00010175501528817833,2.604033352293413e-07,4.6949745354319586e-05,0.00010404948948779995,0.75
1.708863544978189e-07,3.844712296942861e-05,8.431492376045044e-05,1.7947877711717428e-07,3.93546822062626e-05,8.640584269493739e-05,1.8839107590886602e-07,4.027163307532941e-05,8.852223046941629e-05,1.9763108173070441e-07,4.1197933765820076e-05,9.0664080267282e-05,2.0720671946432353e-07,4.213354248740013e-05,9.283138518993872e-05,2.171260079828605e-07,4.307841747037776e-05,9.502413825682299e-05,2.2739706011825113e-07,4.403251696587157e-05,9.724233240542666e-05,2.3802808262814155e-07,4.4995799245978664e-05,9.948596049132061e-05,2.4902737616241604e-07,4.596822260394231e-05,0.00010175501528817833,2.604033352293413e-07,4.6949745354319586e-05,0.00010404948948779995,0.75
1.708863544978189e-07,3.844712296942861e-05,8.431492376045044e-05,1.7947877711717428e-07,3.93546822062626e-05,8.640584269493739e-05,1.8839107590886602e-07,4.027163307532941e-05,8.852223046941629e-05,1.9763108173070441e-07,4.1197933765820076e-05,9.0664080267282e-05,2.0720671946432353e-07,4.213354248740013e-05,9.283138518993872e-05,2.171260079828605e-07,4.307841747037776e-05,9.502413825682299e-05,2.2739706011825113e-07,4.403251696587157e-05,9.724233240542666e-05,2.3802808262814155e-07,4.4995799245978664e-05,9.948596049132061e-05,2.4902737616241604e-07,4.596822260394231e-05,0.00010175501528817833,2.604033352293413e-07,4.6949745354319586e-05,0.00010404948948779995,0.75
1.708863544978189e-07,3.844712296942861e-05,8.431492376045044e-05,1.7947877711717428e-07,3.93546822062626e-05,8.640584269493739e-05,1.8839107590886602e-07,4.027163307532941e-05,8.852223046941629e-05,1.9763108173070441e-07,4.1197933765820076e-05,9.0664080267282e-05,2.0720671946432353e-07,4.213354248740013e-05,9.283138518993872e-05,2.171260079828605e-07,4.307841747037776e-05,9.502413825682299e-05,2.2739706011825113e-07,4.403251696587157e-05,9.724233240542666e-05,2.3802808262814155e-07,4.4995799245978664e-05,9.948596049132061e-05,2.4902737616241604e-07,4.596822260394231e-05,0.00010175501528817833,2.604033352293413e-07,4.6949745354319586e-05,0.00010404948948779995,0.75
1.708863544978189e-07,3.844712296942861e-05,8.431492376045044e-05,1.7947877711717428e-07,3.93546822062626e-05,8.640584269493739e-05,1.8839107590886602e-07,4.027163307532941e-05,8.852223046941629e-05,1.9763108173070441e-07,4.1197933765820076e-05,9.0664080267282e-05,2.0720671946432353e-07,4.213354248740013e-05,9.283138518993872e-05,2.171260079828605e-07,4.307841747037776e-05,9.502413825682299e-05,2.2739706011825113e-07,4.403251696587157e-05,9.724233240542666e-05,2.3802808262814155e-07,4.4995799245978664e-05,9.948596049132061e-05,2.4902737616241604e-07,4.596822260394231e-05,0.00010175501528817833,2.604033352293413e-07,4.6949745354319586e-05,0.00010404948948779995,0.75
1.708863544978189e-07,3.844712296942861e-05,8.431492376045044e-05,1.7947877711717428e-07,3.93546822062626e-05,8.640584269493739e-05,1.8839107590886602e-07,4.027163307532941e-05,8.852223046941629e-05,1.9763108173070441e-07,4.1197933765820076e-05,9.0664080267282e-05,2.0720671946432353e-07,4.213354248740013e-05,9.283138518993872e-05,2.171260079828605e-07,4.307841747037776e-05,9.502413825682299e-05,2.2739706011825113e-07,4.403251696587157e-05,9.724233240542666e-05,2.3802808262814155e-07,4.4995799245978664e-05,9.948596049132061e-05,2.4902737616241604e-07,4.596822260394231e-05,0.00010175501528817833,2.604033352293413e-07,4.6949745354319586e-05,0.00010404948948779995,0.75
1.708863544978189e-07,3.844712296942861e-05,8.431492376045044e-05,1.7947877711717428e-07,3.93546822062626e-05,8.640584269493739e-05,1.8839107590886602e-07,4.027163307532941e-05,8.852223046941629e-05,1.9763108173070441e-07,4.1197933765820076e-05,9.0664080267282e-05,2.0720671946432353e-07,4.213354248740013e-05,9.283138518993872e-05,2.171260079828605e-07,4.307841747037776e-05,9.502413825682299e-05,2.2739706011825113e-07,4.403251696587157e-05,9.724233240542666e-05,2.3802808262814155e-07,4.4995799245978664e-05,9.948596049132061e-05,2.4902737616241604e-07,4.596822260394231e-05,0.00010175501528817833,2.604033352293413e-07,4.6949745354319586e-05,0.00010404948948779995,0.75
1.708863544978189e-07,3.844712296942861e-05,8.431492376045044e-05,1.7947877711717428e-07,3.93546822062626e-05,8.640584269493739e-05,1.8839107590886602e-07,4.027163307532941e-05,8.852223046941629e-05,1.9763108173070441e-07,4.1197933765820076e-05,9.0664080267282e-05,2.0720671946432353e-07,4.213354248740013e-05,9.283138518993872e-05,2.171260079828605e-07,4.307841747037776e-05,9.502413825682299e-05,2.2739706011825113e-07,4.403251696587157e-05,9.724233240542666e-05,2.3802808262814155e-07,4.4995799245978664e-05,9.948596049132061e-05,2.4902737616241604e-07,4.596822260394231e-05,0.00010175501528817833,2.604033352293413e-07,4.6949745354319586e-05,0.00010404948948779995,0.75
1.708863544978189e-07,3.844712296942861e-05,8.431492376045044e-05,1.7947877711717428e-07,3.93546822062626e-05,8.640584269493739e-05,1.8839107590886602e-07,4.027163307532941e-05,8.852223046941629e-05,1.9763108173070441e-07,4.1197933765820076e-05,9.0664080267282e-05,2.0720671946432353e-07,4.213354248740013e-05,9.283138518993872e-05,2.171260079828605e-07,4.307841747037776e-05,9.502413825682299e-05,2.2739706011825113e-07,4.403251696587157e-05,9.724233240542666e-05,2.3802808262814155e-07,4.4995799245978664e-05,9.948596049132061e-05,2.4902737616241604e-07,4.596822260394231e-05,0.00010175501528817833,2.604033352293413e-07,4.6949745354319586e-05,0.00010404948948779995,0.75
1.708863544978189e-07,3.844712296942861e-05,8.431492376045044e-05,1.7947877711717428e-07,3.93546822062626e-05,8.640584269493739e-05,1.8839107590886602e-07,4.027163307532941e-05,8.852223046941629e-05,1.9763108173070441e-07,4.1197933765820076e-05,9.0664080267282e-05,2.0720671946432353e-07,4.213354248740013e-05,9.283138518993872e-05,2.171260079828605e-07,4.307841747037776e-05,9.502413825682299e-05,2.2739706011825113e-07,4.403251696587157e-05,9.724233240542666e-05,2.3802808262814155e-07,4.4995799245978664e-05,9.948596049132061e-05,2.4902737616241604e-07,4.596822260394231e-05,0.00010175501528817833,2.604033352293413e-07,4.6949745354319586e-05,0.00010404948948779995,0.75
1.708863544978189e-07,3.844712296942861e-05,8.431492376045044e-05,1.7947877711717428e-07,3.93546822062626e-05,8.640584269493739e-05,1.8839107590886602e-07,4.027163307532941e-05,8.852223046941629e-05,1.9763108173070441e-07,4.1197933765820076e-05,9.0664080267282e-05,2.0720671946432353e-07,4.213354248740013e-05,9.283138518993872e-05,2.171260079828605e-07,4.307841747037776e-05,9.502413825682299e-05,2.2739706011825113e-07,4.403251696587157e-05,9.724233240542666e-05,2.3802808262814155e-07,4.4995799245978664e-05,9.948596049132061e-05,2.4902737616241604e-07,4.596822260394231e-05,0.00010175501528817833,2.604033352293413e-07,4.6949745354319586e-05,0.00010404948948779995,0.75
1.708863544978189e-07,3.844712296942861e-05,8.431492376045044e-05,1.7947877711717428e-07,3.93546822062626e-05,8.640584269493739e-05,1.8839107590886602e-07,4.027163307532941e-05,8.852223046941629e-05,1.9763108173070441e-07,4.1197933765820076e-05,9.0664080267282e-05,2.0720671946432353e-07,4.213354248740013e-05,9.283138518993872e-05,2.171260079828605e-07,4.307841747037776e-05,9.502413825682299e-05,2.2739706011825113e-07,4.403251696587157e-05,9.724233240542666e-05,2.3802808262814155e-07,4.4995799245978664e-05,9.948596049132061e-05,2.4902737616241604e-07,4.596822260394231e-05,0.00010175501528817833,2.604033352293413e-07,4.6949745354319586e-05,0.00010404948948779995,0.75
1.708863544978189e-07,3.844712296942861e-05,8.431492376045044e-05,1.7947877711717428e-07,3.93546822062626e-05,8.640584269493739e-05,1.8839107590886602e-07,4.027163307532941e-05,8.852223046941629e-05,1.9763108173070441e-07,4.1197933765820076e-05,9.0664080267282e-05,2.0720671946432353e-07,4.213354248740013e-05,9.283138518993872e-05,2.171260079828605e-07,4.307841747037776e-05,9.502413825682299e-05,2.2739706011825113e-07,4.403251696587157e-05,9.724233240542666e-05,2.3802808262814155e-07,4.4995799245978664e-05,9.948596049132061e-05,2.4902737616241604e-07,4.596822260394231e-05,0.00010175501528817833,2.604033352293413e-07,4.6949745354319586e-05,0.00010404948948779995,0.75
1.708863544978189e-07,3.844712296942861e-05,8.431492376045044e-05,1.7947877711717428e-07,3.93546822062626e-05,8.640584269493739e-05,1.8839107590886602e-07,4.027163307532941e-05,8.852223046941629e-05,1.9763108173070441e-07,4.1197933765820076e-05,9.0664080267282e-05,2.0720671946432353e-07,4.213354248740013e-05,9.283138518993872e-05,2.171260079828605e-07,4.307841747037776e-05,9.502413825682299e-05,2.2739706011825113e-07,4.403251696587157e-05,9.724233240542666e-05,2.3802808262814155e-07,4.4995799245978664e-05,9.948596049132061e-05,2.4902737616241604e-07,4.596822260394231e-05,0.00010175501528817833,2.604033352293413e-07,4.6949745354319586e-05,0.00010404948948779995,0.75
1.708863544978189e-07,3.844712296942861e-05,8.431492376045044e-05,1.7947877711717428e-07,3.93546822062626e-05,8.640584269493739e-05,1.8839107590886602e-07,4.027163307532941e-05,8.852223046941629e-05,1.9763108173070441e-07,4.1197933765820076e-05,9.0664080267282e-05,2.0720671946432353e-07,4.213354248740013e-05,9.283138518993872e-05,2.171260079828605e-07,4.307841747037776e-05,9.502413825682299e-05,2.2739706011825113e-07,4.403251696587157e-05,9.724233240542666e-05,2.3802808262814155e-07,4.4995799245978664e-05,9.948596049132061e-05,2.4902737616241604e-07,4.596822260394231e-05,0.00010175501528817833,2.604033352293413e-07,4.6949745354319586e-05,0.00010404948948779995,0.75
1.708863544978189e-07,3.844712296942861e-05,8.431492376045044e-05,1.7947877711717428e-07,3.93546822062626e-05,8.640584269493739e-05,1.8839107590886602e-07,4.027163307532941e-05,8.852223046941629e-05,1.9763108173070441e-07,4.1197933765820076e-05,9.0664080267282e-05,2.0720671946432353e-07,4.213354248740013e-05,9.283138518993872e-05,2.171260079828605e-07,4.307841747037776e-05,9.502413825682299e-05,2.2739706011825113e-07,4.403251696587157e-05,9.724233240542666e-05,2.3802808262814155e-07,4.4995799245978664e-05,9.948596049132061e-05,2.4902737616241604e-07,4.596822260394231e-05,0.00010175501528817833,2.604033352293413e-07,4.6949745354319586e-05,0.00010404948948779995,0.75
1.708863544978189e-07,3.844712296942861e-05,8.431492376045044e-05,1.7947877711717428e-07,3.93546822062626e-05,8.640584269493739e-05,1.8839107590886602e-07,4.027163307532941e-05,8.852223046941629e-05,1.9763108173070441e-07,4.1197933765820076e-05,9.0664080267282e-05,2.0720671946432353e-07,4.213354248740013e-05,9.283138518993872e-05,2.171260079828605e-07,4.307841747037776e-05,9.502413825682299e-05,2.2739706011825113e-07,4.403251696587157e-05,9.724233240542666e-05,2.3802808262814155e-07,4.4995799245978664e-05,9.948596049132061e-05,2.4902737616241604e-07,4.596822260394231e-05,0.00010175501528817833,2.604033352293413e-07,4.6949745354319586e-05,0.00010404948948779995,0.75
1.708863544978189e-07,3.844712296942861e-05,8.431492376045044e-05,1.7947877711717428e-07,3.93546822062626e-05,8.640584269493739e-05,1.8839107590886602e-07,4.027163307532941e-05,8.852223046941629e-05,1.9763108173070441e-07,4.1197933765820076e-05,9.0664080267282e-05,2.0720671946432353e-07,4.213354248740013e-05,9.283138518993872e-05,2.171260079828605e-07,4.307841747037776e-05,9.502413825682299e-05,2.2739706011825113e-07,4.403251696587157e-05,9.724233240542666e-05,2.3802808262814155e-07,4.4995799245978664e-05,9.948596049132061e-05,2.4902737616241604e-07,4.596822260394231e-05,0.00010175501528817833,2.604033352293413e-07,4.6949745354319586e-05,0.00010404948948779995,0.75
1.708863544978189e-07,3.844712296942861e-05,8.431492376045044e-05,1.7947877711717428e-07,3.93546822062626e-05,8.640584269493739e-05,1.8839107590886602e-07,4.027163307532941e-05,8.852223046941629e-05,1.9763108173070441e-07,4.1197933765820076e-05,9.0664080267282e-05,2.0720671946432353e-07,4.213354248740013e-05,9.283138518993872e-05,2.171260079828605e-07,4.307841747037776e-05,9.502413825682299e-05,2.2739706011825113e-07,4.403251696587157e-05,9.724233240542666e-05,2.3802808262814155e-07,4.4995799245978664e-05,9.948596049132061e-05,2.4902737616241604e-07,4.596822260394231e-05,0.00010175501528817833,2.604033352293413e-07,4.6949745354319586e-05,0.00010404948948779995,0.75
1.708863544978189e-07,3.844712296942861e-05,8.431492376045044e-05,1.7947877711717428e-07,3.93546822062626e-05,8.640584269493739e-05,1.8839107590886602e-07,4.027163307532941e-05,8.852223046941629e-05,1.9763108173070441e-07,4.1197933765820076e-05,9.0664080267282e-05,2.0720671946432353e-07,4.213354248740013e-05,9.283138518993872e-05,2.171260079828605e-07,4.307841747037776e-05,9.502413825682299e-05,2.2739706011825113e-07,4.403251696587157e-05,9.724233240542666e-05,2.3802808262814155e-07,4.4995799245978664e-05,9.948596049132061e-05,2.4902737616241604e-07,4.596822260394231e-05,0.00010175501528817833,2.604033352293413e-07,4.6949745354319586e-05,0.00010404948948779995,0.75
1.708863544978189e-07,3.844712296942861e-05,8.431492376045044e-05,1.7947877711717428e-07,3.93546822062626e-05,8.640584269493739e-05,1.8839107590886602e-07,4.027163307532941e-05,8.852223046941629e-05,1.9763108173070441e-07,4.1197933765820076e-05,9.0664080267282e-05,2.0720671946432353e-07,4.213354248740013e-05,9.283138518993872e-05,2.171260079828605e-07,4.307841747037776e-05,9.502413825682299e-05,2.2739706011825113e-07,4.403251696587157e-05,9.724233240542666e-05,2.3802808262814155e-07,4.4995799245978664e-05,9.948596049132061e-05,2.4902737616241604e-07,4.596822260394231e-05,0.00010175501528817833,2.604033352293413e-07,4.6949745354319586e-05,0.00010404948948779995,0.75
1.708863544978189e-07,3.844712296942861e-05,8.431492376045044e-05,1.7947877711717428e-07,3.93546822062626e-05,8.640584269493739e-05,1.8839107590886602e-07,4.027163307532941e-05,8.852223046941629e-05,1.9763108173070441e-07,4.1197933765820076e-05,9.0664080267282e-05,2.0720671946432353e-07,4.213354248740013e-05,9.283138518993872e-05,2.171260079828605e-07,4.307841747037776e-05,9.502413825682299e-05,2.2739706011825113e-07,4.403251696587157e-05,9.724233240542666e-05,2.3802808262814155e-07,4.4995799245978664e-05,9.948596049132061e-05,2.4902737616241604e-07,4.596822260394231e-05,0.00010175501528817833,2.604033352293413e-07,4.6949745354319586e-05,0.00010404948948779995,0.75
1.708863544978189e-07,3.844712296942861e-05,8.431492376045044e-05,1.7947877711717428e-07,3.93546822062626e-05,8.640584269493739e-05,1.8839107590886602e-07,4.027163307532941e-05,8.852223046941629e-05,1.9763108173070441e-07,4.1197933765820076e-05,9.0664080267282e-05,2.0720671946432353e-07,4.213354248740013e-05,9.283138518993872e-05,2.171260079828605e-07,4.307841747037776e-05,9.502413825682299e-05,2.2739706011825113e-07,4.403251696587157e-05,9.724233240542666e-05,2.3802808262814155e-07,4.4995799245978664e-05,9.948596049132061e-05,2.4902737616241604e-07,4.596822260394231e-05,0.00010175501528817833,2.604033352293413e-07,4.6949745354319586e-05,0.00010404948948779995,0.75
1.708863544978189e-07,3.844712296942861e-05,8.431492376045044e-05,1.7947877711717428e-07,3.93546822062626e-05,8.640584269493739e-05,1.8839107590886602e-07,4.027163307532941e-05,8.852223046941629e-05,1.9763108173070441e-07,4.1197933765820076e-05,9.0664080267282e-05,2.0720671946432353e-07,4.213354248740013e-05,9.283138518993872e-05,2.171260079828605e-07,4.307841747037776e-05,9.502413825682299e-05,2.2739706011825113e-07,4.403251696587157e-05,9.724233240542666e-05,2.3802808262814155e-07,4.4995799245978664e-05,9.948596049132061e-05,2.4902737616241604e-07,4.596822260394231e-05,0.00010175501528817833,2.604033352293413e-07,4.6949745354319586e-05,0.00010404948948779995,0.75
1.708863544978189e-07,3.844712296942861e-05,8.431492376045044e-05,1.7947877711717428e-07,3.93546822062626e-05,8.640584269493739e-05,1.8839107590886602e-07,4.027163307532941e-05,8.852223046941629e-05,1.9763108173070441e-07,4.1197933765820076e-05,9.0664080267282e-05,2.0720671946432353e-07,4.213354248740013e-05,9.283138518993872e-05,2.171260079828605e-07,4.307841747037776e-05,9.502413825682299e-05,2.2739706011825113e-07,4.403251696587157e-05,9.724233240542666e-05,2.3802808262814155e-07,4.4995799245978664e-05,9.948596049132061e-05,2.4902737616241604e-07,4.596822260394231e-05,0.00010175501528817833,2.604033352293413e-07,4.6949745354319586e-05,0.00010404948948779995,0.75
1.708863544978189e-07,3.844712296942861e-05,8.431492376045044e-05,1.7947877711717428e-07,3.93546822062626e-05,8.640584269493739e-05,1.8839107590886602e-07,4.027163307532941e-05,8.852223046941629e-05,1.9763108173070441e-07,4.1197933765820076e-05,9.0664080267282e-05,2.0720671946432353e-07,4.213354248740013e-05,9.283138518993872e-05,2.171260079828605e-07,4.307841747037776e-05,9.502413825682299e-05,2.2739706011825113e-07,4.403251696587157e-05,9.724233240542666e-05,2.3802808262814155e-07,4.4995799245978664e-05,9.948596049132061e-05,2.4902737616241604e-07,4.596822260394231e-05,0.00010175501528817833,2.604033352293413e-07,4.6949745354319586e-05,0.00010404948948779995,0.75
1.708863544978189e-07,3.844712296942861e-05,8.431492376045044e-05,1.7947877711717428e-07,3.93546822062626e-05,8.640584269493739e-05,1.8839107590886602e-07,4.027163307532941e-05,8.852223046941629e-05,1.9763108173070441e-07,4.1197933765820076e-05,9.0664080267282e-05,2.0720671946432353e-07,4.213354248740013e-05,9.283138518993872e-05,2.171260079828605e-07,4.307841747037776e-05,9.502413825682299e-05,2.2739706011825113e-07,4.403251696587157e-05,9.724233240542666e-05,2.3802808262814155e-07,4.4995799245978664e-05,9.948596049132061e-05,2.4902737616241604e-07,4.596822260394231e-05,0.00010175501528817833,2.604033352293413e-07,4.6949745354319586e-05,0.00010404948948779995,0.75
1.708863544978189e-07,3.844712296942861e-05,8.431492376045044e-05,1.7947877711717428e-07,3.93546822062626e-05,8.640584269493739e-05,1.8839107590886602e-07,4.027163307532941e-05,8.852223046941629e-05,1.9763108173070441e-07,4.1197933765820076e-05,9.0664080267282e-05,2.0720671946432353e-07,4.213354248740013e-05,9.283138518993872e-05,2.171260079828605e-07,4.307841747037776e-05,9.502413825682299e-05,2.2739706011825113e-07,4.403251696587157e-05,9.724233240542666e-05,2.3802808262814155e-07,4.4995799245978664e-05,9.948596049132061e-05,2.4902737616241604e-07,4.596822260394231e-05,0.00010175501528817833,2.604033352293413e-07,4.6949745354319586e-05,0.00010404948948779995,0.75
1.708863544978189e-07,3.844712296942861e-05,8.431492376045044e-05,1.7947877711717428e-07,3.93546822062626e-05,8.640584269493739e-05,1.8839107590886602e-07,4.027163307532941e-05,8.852223046941629e-05,1.9763108173070441e-07,4.1197933765820076e-05,9.0664080267282e-05,2.0720671946432353e-07,4.213354248740013e-05,9.283138518993872e-05,2.171260079828605e-07,4.307841747037776e-05,9.502413825682299e-05,2.2739706011825113e-07,4.403251696587157e-05,9.724233240542666e-05,2.3802808262814155e-07,4.4995799245978664e-05,9.948596049132061e-05,2.4902737616241604e-07,4.596822260394231e-05,0.00010175501528817833,2.604033352293413e-07,4.6949745354319586e-05,0.00010404948948779995,0.75
1.708863544978189e-07,3.844712296942861e-05,8.431492376045044e-05,1.7947877711717428e-07,3.93546822062626e-05,8.640584269493739e-05,1.8839107590886602e-07,4.027163307532941e-05,8.852223046941629e-05,1.9763108173070441e-07,4.1197933765820076e-05,9.0664080267282e-05,2.0720671946432353e-07,4.213354248740013e-05,9.283138518993872e-05,2.171260079828605e-07,4.307841747037776e-05,9.502413825682299e-05,2.2739706011825113e-07,4.403251696587157e-05,9.724233240542666e-05,2.3802808262814155e-07,4.4995799245978664e-05,9.948596049132061e-05,2.4902737616241604e-07,4.596822260394231e-05,0.00010175501528817833,2.604033352293413e-07,4.6949745354319586e-05,0.00010404948948779995,0.75
1.708863544978189e-07,3.844712296942861e-05,8.431492376045044e-05,1.7947877711717428e-07,3.93546822062626e-05,8.640584269493739e-05,1.8839107590886602e-07,4.027163307532941e-05,8.852223046941629e-05,1.9763108173070441e-07,4.1197933765820076e-05,9.0664080267282e-05,2.0720671946432353e-07,4.213354248740013e-05,9.283138518993872e-05,2.171260079828605e-07,4.307841747037776e-05,9.502413825682299e-05,2.2739706011825113e-07,4.403251696587157e-05,9.724233240542666e-05,2.3802808262814155e-07,4.4995799245978664e-05,9.948596049132061e-05,2.4902737616241604e-07,4.596822260394231e-05,0.00010175501528817833,2.604033352293413e-07,4.6949745354319586e-05,0.00010404948948779995,0.75
1.708863544978189e-07,3.844712296942861e-05,8.431492376045044e-05,1.7947877711717428e-07,3.93546822062626e-05,8.640584269493739e-05,1.8839107590886602e-07,4.027163307532941e-05,8.852223046941629e-05,1.9763108173070441e-07,4.1197933765820076e-05,9.0664080267282e-05,2.0720671946432353e-07,4.213354248740013e-05,9.283138518993872e-05,2.171260079828605e-07,4.307841747037776e-05,9.502413825682299e-05,2.2739706011825113e-07,4.403251696587157e-05,9.724233240542666e-05,2.3802808262814155e-07,4.4995799245978664e-05,9.948596049132061e-05,2.4902737616241604e-07,4.596822260394231e-05,0.00010175501528817833,2.604033352293413e-07,4.6949745354319586e-05,0.00010404948948779995,0.75
1.708863544978189e-07,3.844712296942861e-05,8.431492376045044e-05,1.7947877711717428e-07,3.93546822062626e-05,8.640584269493739e-05,1.8839107590886602e-07,4.027163307532941e-05,8.852223046941629e-05,1.9763108173070441e-07,4.1197933765820076e-05,9.0664080267282e-05,2.0720671946432353e-07,4.213354248740013e-05,9.283138518993872e-05,2.171260079828605e-07,4.307841747037776e-05,9.502413825682299e-05,2.2739706011825113e-07,4.403251696587157e-05,9.724233240542666e-05,2.3802808262814155e-07,4.4995799245978664e-05,9.948596049132061e-05,2.4902737616241604e-07,4.596822260394231e-05,0.00010175501528817833,2.604033352293413e-07,4.6949745354319586e-05,0.00010404948948779995,0.75
1.708863544978189e-07,3.844712296942861e-05,8.431492376045044e-05,1.7947877711717428e-07,3.93546822062626e-05,8.640584269493739e-05,1.8839107590886602e-07,4.027163307532941e-05,8.852223046941629e-05,1.9763108173070441e-07,4.1197933765820076e-05,9.0664080267282e-05,2.0720671946432353e-07,4.213354248740013e-05,9.283138518993872e-05,2.171260079828605e-07,4.307841747037776e-05,9.502413825682299e-05,2.2739706011825113e-07,4.403251696587157e-05,9.724233240542666e-05,2.3802808262814155e-07,4.4995799245978664e-05,9.948596049132061e-05,2.4902737616241604e-07,4.596822260394231e-05,0.00010175501528817833,2.604033352293413e-07,4.6949745354319586e-05,0.00010404948948779995,0.75
1.708863544978189e-07,3.844712296942861e-05,8.431492376045044e-05,1.7947877711717428e-07,3.93546822062626e-05,8.640584269493739e-05,1.8839107590886602e-07,4.027163307532941e-05,8.852223046941629e-05,1.9763108173070441e-07,4.1197933765820076e-05,9.0664080267282e-05,2.0720671946432353e-07,4.213354248740013e-05,9.283138518993872e-05,2.171260079828605e-07,4.307841747037776e-05,9.502413825682299e-05,2.2739706011825113e-07,4.403251696587157e-05,9.724233240542666e-05,2.3802808262814155e-07,4.4995799245978664e-05,9.948596049132061e-05,2.4902737616241604e-07,4.596822260394231e-05,0.00010175501528817833,2.604033352293413e-07,4.6949745354319586e-05,0.00010404948948779995,0.75
1.708863544978189e-07,3.844712296942861e-05,8.431492376045044e-05,1.7947877711717428e-07,3.93546822062626e-05,8.640584269493739e-05,1.8839107590886602e-07,4.027163307532941e-05,8.852223046941629e-05,1.9763108173070441e-07,4.1197933765820076e-05,9.0664080267282e-05,2.0720671946432353e-07,4.213354248740013e-05,9.283138518993872e-05,2.171260079828605e-07,4.307841747037776e-05,9.502413825682299e-05,2.2739706011825113e-07,4.403251696587157e-05,9.724233240542666e-05,2.3802808262814155e-07,4.4995799245978664e-05,9.948596049132061e-05,2.4902737616241604e-07,4.596822260394231e-05,0.00010175501528817833,2.604033352293413e-07,4.6949745354319586e-05,0.00010404948948779995,0.75
1.708863544978189e-07,3.844712296942861e-05,8.431492376045044e-05,1.7947877711717428e-07,3.93546822062626e-05,8.640584269493739e-05,1.8839107590886602e-07,4.027163307532941e-05,8.852223046941629e-05,1.9763108173070441e-07,4.1197933765820076e-05,9.0664080267282e-05,2.0720671946432353e-07,4.213354248740013e-05,9.283138518993872e-05,2.171260079828605e-07,4.307841747037776e-05,9.502413825682299e-05,2.2739706011825113e-07,4.403251696587157e-05,9.724233240542666e-05,2.3802808262814155e-07,4.4995799245978664e-05,9.948596049132061e-05,2.4902737616241604e-07,4.596822260394231e-05,0.00010175501528817833,2.604033352293413e-07,4.6949745354319586e-05,0.00010404948948779995,0.75
1.708863544978189e-07,3.844712296942861e-05,8.431492376045044e-05,1.7947877711717428e-07,3.93546822062626e-05,8.640584269493739e-05,1.8839107590886602e-07,4.027163307532941e-05,8.852223046941629e-05,1.9763108173070441e-07,4.1197933765820076e-05,9.0664080267282e-05,2.0720671946432353e-07,4.213354248740013e-05,9.283138518993872e-05,2.171260079828605e-07,4.307841747037776e-05,9.502413825682299e-05,2.2739706011825113e-07,4.403251696587157e-05,9.724233240542666e-05,2.3802808262814155e-07,4.4995799245978664e-05,9.948596049132061e-05,2.4902737616241604e-07,4.596822260394231e-05,0.00010175501528817833,2.604033352293413e-07,4.6949745354319586e-05,0.00010404948948779995,0.75
1.708863544978189e-07,3.844712296942861e-05,8.431492376045044e-05,1.7947877711717428e-07,3.93546822062626e-05,8.640584269493739e-05,1.8839107590886602e-07,4.027163307532941e-05,8.852223046941629e-05,1.9763108173070441e-07,4.1197933765820076e-05,9.0664080267282e-05,2.0720671946432353e-07,4.213354248740013e-05,9.283138518993872e-05,2.171260079828605e-07,4.307841747037776e-05,9.502413825682299e-05,2.2739706011825113e-07,4.403251696587157e-05,9.724233240542666e-05,2.3802808262814155e-07,4.4995799245978664e-05,9.948596049132061e-05,2.4902737616241604e-07,4.596822260394231e-05,0.00010175501528817833,2.604033352293413e-07,4.6949745354319586e-05,0.00010404948948779995,0.75
1.708863544978189e-07,3.844712296942861e-05,8.431492376045044e-05,1.7947877711717428e-07,3.93546822062626e-05,8.640584269493739e-05,1.8839107590886602e-07,4.027163307532941e-05,8.852223046941629e-05,1.9763108173070441e-07,4.1197933765820076e-05,9.0664080267282e-05,2.0720671946432353e-07,4.213354248740013e-05,9.283138518993872e-05,2.171260079828605e-07,4.307841747037776e-05,9.502413825682299e-05,2.2739706011825113e-07,4.403251696587157e-05,9.724233240542666e-05,2.3802808262814155e-07,4.4995799245978664e-05,9.948596049132061e-05,2.4902737616241604e-07,4.596822260394231e-05,0.00010175501528817833,2.604033352293413e-07,4.6949745354319586e-05,0.00010404948948779995,0.75
1.708863544978189e-07,3.844712296942861e-05,8.431492376045044e-05,1.7947877711717428e-07,3.93546822062626e-05,8.640584269493739e-05,1.8839107590886602e-07,4.027163307532941e-05,8.852223046941629e-05,1.9763108173070441e-07,4.1197933765820076e-05,9.0664080267282e-05,2.0720671946432353e-07,4.213354248740013e-05,9.283138518993872e-05,2.171260079828605e-07,4.307841747037776e-05,9.502413825682299e-05,2.2739706011825113e-07,4.403251696587157e-05,9.724233240542666e-05,2.3802808262814155e-07,4.4995799245978664e-05,9.948596049132061e-05,2.4902737616241604e-07,4.596822260394231e-05,0.00010175501528817833,2.604033352293413e-07,4.6949745354319586e-05,0.00010404948948779995,0.75
1.708863544978189e-07,3.844712296942861e-05,8.431492376045044e-05,1.7947877711717428e-07,3.93546822062626e-05,8.640584269493739e-05,1.8839107590886602e-07,4.027163307532941e-05,8.852223046941629e-05,1.9763108173070441e-07,4.1197933765820076e-05,9.0664080267282e-05,2.0720671946432353e-07,4.213354248740013e-05,9.283138518993872e-05,2.171260079828605e-07,4.307841747037776e-05,9.502413825682299e-05,2.2739706011825113e-07,4.403251696587157e-05,9.724233240542666e-05,2.3802808262814155e-07,4.4995799245978664e-05,9.948596049132061e-05,2.4902737616241604e-07,4.596822260394231e-05,0.00010175501528817833,2.604033352293413e-07,4.6949745354319586e-05,0.00010404948948779995,0.75
1.708863544978189e-07,3.844712296942861e-05,8.431492376045044e-05,1.7947877711717428e-07,3.93546822062626e-05,8.640584269493739e-05,1.8839107590886602e-07,4.027163307532941e-05,8.852223046941629e-05,1.9763108173070441e-07,4.1197933765820076e-05,9.0664080267282e-05,2.0720671946432353e-07,4.213354248740013e-05,9.283138518993872e-05,2.171260079828605e-07,4.307841747037776e-05,9.502413825682299e-05,2.2739706011825113e-07,4.403251696587157e-05,9.724233240542666e-05,2.3802808262814155e-07,4.4995799245978664e-05,9.948596049132061e-05,2.4902737616241604e-07,4.596822260394231e-05,0.00010175501528817833,2.604033352293413e-07,4.6949745354319586e-05,0.00010404948948779995,0.75
1.708863544978189e-07,3.844712296942861e-05,8.431492376045044e-05,1.7947877711717428e-07,3.93546822062626e-05,8.640584269493739e-05,1.8839107590886602e-07,4.027163307532941e-05,8.852223046941629e-05,1.9763108173070441e-07,4.1197933765820076e-05,9.0664080267282e-05,2.0720671946432353e-07,4.213354248740013e-05,9.283138518993872e-05,2.171260079828605e-07,4.307841747037776e-05,9.502413825682299e-05,2.2739706011825113e-07,4.403251696587157e-05,9.724233240542666e-05,2.3802808262814155e-07,4.4995799245978664e-05,9.948596049132061e-05,2.4902737616241604e-07,4.596822260394231e-05,0.00010175501528817833,2.604033352293413e-07,4.6949745354319586e-05,0.00010404948948779995,0.75
1.708863544978189e-07,3.844712296942861e-05,8.431492376045044e-05,1.7947877711717428e-07,3.93546822062626e-05,8.640584269493739e-05,1.8839107590886602e-07,4.027163307532941e-05,8.852223046941629e-05,1.9763108173070441e-07,4.1197933765820076e-05,9.0664080267282e-05,2.0720671946432353e-07,4.213354248740013e-05,9.283138518993872e-05,2.171260079828605e-07,4.307841747037776e-05,9.502413825682299e-05,2.2739706011825113e-07,4.403251696587157e-05,9.724233240542666e-05,2.3802808262814155e-07,4.4995799245978664e-05,9.948596049132061e-05,2.4902737616241604e-07,4.596822260394231e-05,0.00010175501528817833,2.604033352293413e-07,4.6949745354319586e-05,0.00010404948948779995,0.75
1.708863544978189e-07,3.844712296942861e-05,8.431492376045044e-05,1.7947877711717428e-07,3.93546822062626e-05,8.640584269493739e-05,1.8839107590886602e-07,4.027163307532941e-05,8.852223046941629e-05,1.9763108173070441e-07,4.1197933765820076e-05,9.0664080267282e-05,2.0720671946432353e-07,4.213354248740013e-05,9.283138518993872e-05,2.171260079828605e-07,4.307841747037776e-05,9.502413825682299e-05,2.2739706011825113e-07,4.403251696587157e-05,9.724233240542666e-05,2.3802808262814155e-07,4.4995799245978664e-05,9.948596049132061e-05,2.4902737616241604e-07,4.596822260394231e-05,0.00010175501528817833,2.604033352293413e-07,4.6949745354319586e-05,0.00010404948948779995,0.75
1.708863544978189e-07,3.844712296942861e-05,8.431492376045044e-05,1.7947877711717428e-07,3.93546822062626e-05,8.640584269493739e-05,1.8839107590886602e-07,4.027163307532941e-05,8.852223046941629e-05,1.9763108173070441e-07,4.1197933765820076e-05,9.0664080267282e-05,2.0720671946432353e-07,4.213354248740013e-05,9.283138518993872e-05,2.171260079828605e-07,4.307841747037776e-05,9.502413825682299e-05,2.2739706011825113e-07,4.403251696587157e-05,9.724233240542666e-05,2.3802808262814155e-07,4.4995799245978664e-05,9.948596049132061e-05,2.4902737616241604e-07,4.596822260394231e-05,0.00010175501528817833,2.604033352293413e-07,4.6949745354319586e-05,0.00010404948948779995,0.75
1.708863544978189e-07,3.844712296942861e-05,8.431492376045044e-05,1.7947877711717428e-07,3.93546822062626e-05,8.640584269493739e-05,1.8839107590886602e-07,4.027163307532941e-05,8.852223046941629e-05,1.9763108173070441e-07,4.1197933765820076e-05,9.0664080267282e-05,2.0720671946432353e-07,4.213354248740013e-05,9.283138518993872e-05,2.171260079828605e-07,4.307841747037776e-05,9.502413825682299e-05,2.2739706011825113e-07,4.403251696587157e-05,9.724233240542666e-05,2.3802808262814155e-07,4.4995799245978664e-05,9.948596049132061e-05,2.4902737616241604e-07,4.596822260394231e-05,0.00010175501528817833,2.604033352293413e-07,4.6949745354319586e-05,0.00010404948948779995,0.75
1.708863544978189e-07,3.844712296942861e-05,8.431492376045044e-05,1.7947877711717428e-07,3.93546822062626e-05,8.640584269493739e-05,1.8839107590886602e-07,4.027163307532941e-05,8.852223046941629e-05,1.9763108173070441e-07,4.1197933765820076e-05,9.0664080267282e-05,2.0720671946432353e-07,4.213354248740013e-05,9.283138518993872e-05,2.171260079828605e-07,4.307841747037776e-05,9.502413825682299e-05,2.2739706011825113e-07,4.403251696587157e-05,9.724233240542666e-05,2.3802808262814155e-07,4.4995799245978664e-05,9.948596049132061e-05,2.4902737616241604e-07,4.596822260394231e-05,0.00010175501528817833,2.604033352293413e-07,4.6949745354319586e-05,0.00010404948948779995,0.75
1.708863544978189e-07,3.844712296942861e-05,8.431492376045044e-05,1.7947877711717428e-07,3.93546822062626e-05,8.640584269493739e-05,1.8839107590886602e-07,4.027163307532941e-05,8.852223046941629e-05,1.9763108173070441e-07,4.1197933765820076e-05,9.0664080267282e-05,2.0720671946432353e-07,4.213354248740013e-05,9.283138518993872e-05,2.171260079828605e-07,4.307841747037776e-05,9.502413825682299e-05,2.2739706011825113e-07,4.403251696587157e-05,9.724233240542666e-05,2.3802808262814155e-07,4.4995799245978664e-05,9.948596049132061e-05,2.4902737616241604e-07,4.596822260394231e-05,0.00010175501528817833,2.604033352293413e-07,4.6949745354319586e-05,0.00010404948948779995,0.75
1.708863544978189e-07,3.844712296942861e-05,8.431492376045044e-05,1.7947877711717428e-07,3.93546822062626e-05,8.640584269493739e-05,1.8839107590886602e-07,4.027163307532941e-05,8.852223046941629e-05,1.9763108173070441e-07,4.1197933765820076e-05,9.0664080267282e-05,2.0720671946432353e-07,4.213354248740013e-05,9.283138518993872e-05,2.171260079828605e-07,4.307841747037776e-05,9.502413825682299e-05,2.2739706011825113e-07,4.403251696587157e-05,9.724233240542666e-05,2.3802808262814155e-07,4.4995799245978664e-05,9.948596049132061e-05,2.4902737616241604e-07,4.596822260394231e-05,0.00010175501528817833,2.604033352293413e-07,4.6949745354319586e-05,0.00010404948948779995,0.75
1.708863544978189e-07,3.844712296942861e-05,8.431492376045044e-05,1.7947877711717428e-07,3.93546822062626e-05,8.640584269493739e-05,1.8839107590886602e-07,4.027163307532941e-05,8.852223046941629e-05,1.9763108173070441e-07,4.1197933765820076e-05,9.0664080267282e-05,2.0720671946432353e-07,4.213354248740013e-05,9.283138518993872e-05,2.171260079828605e-07,4.307841747037776e-05,9.502413825682299e-05,2.2739706011825113e-07,4.403251696587157e-05,9.724233240542666e-05,2.3802808262814155e-07,4.4995799245978664e-05,9.948596049132061e-05,2.4902737616241604e-07,4.596822260394231e-05,0.00010175501528817833,2.604033352293413e-07,4.6949745354319586e-05,0.00010404948948779995,0.75
1.708863544978189e-07,3.844712296942861e-05,8.431492376045044e-05,1.7947877711717428e-07,3.93546822062626e-05,8.640584269493739e-05,1.8839107590886602e-07,4.027163307532941e-05,8.852223046941629e-05,1.9763108173070441e-07,4.1197933765820076e-05,9.0664080267282e-05,2.0720671946432353e-07,4.213354248740013e-05,9.283138518993872e-05,2.171260079828605e-07,4.307841747037776e-05,9.502413825682299e-05,2.2739706011825113e-07,4.403251696587157e-05,9.724233240542666e-05,2.3802808262814155e-07,4.4995799245978664e-05,9.948596049132061e-05,2.4902737616241604e-07,4.596822260394231e-05,0.00010175501528817833,2.604033352293413e-07,4.6949745354319586e-05,0.00010404948948779995,0.75
1.708863544978189e-07,3.844712296942861e-05,8.431492376045044e-05,1.7947877711717428e-07,3.93546822062626e-05,8.640584269493739e-05,1.8839107590886602e-07,4.027163307532941e-05,8.852223046941629e-05,1.9763108173070441e-07,4.1197933765820076e-05,9.0664080267282e-05,2.0720671946432353e-07,4.213354248740013e-05,9.283138518993872e-05,2.171260079828605e-07,4.307841747037776e-05,9.502413825682299e-05,2.2739706011825113e-07,4.403251696587157e-05,9.724233240542666e-05,2.3802808262814155e-07,4.4995799245978664e-05,9.948596049132061e-05,2.4902737616241604e-07,4.596822260394231e-05,0.00010175501528817833,2.604033352293413e-07,4.6949745354319586e-05,0.00010404948948779995,0.75
1.708863544978189e-07,3.844712296942861e-05,8.431492376045044e-05,1.7947877711717428e-07,3.93546822062626e-05,8.640584269493739e-05,1.8839107590886602e-07,4.027163307532941e-05,8.852223046941629e-05,1.9763108173070441e-07,4.1197933765820076e-05,9.0664080267282e-05,2.0720671946432353e-07,4.213354248740013e-05,9.283138518993872e-05,2.171260079828605e-07,4.307841747037776e-05,9.502413825682299e-05,2.2739706011825113e-07,4.403251696587157e-05,9.724233240542666e-05,2.3802808262814155e-07,4.4995799245978664e-05,9.948596049132061e-05,2.4902737616241604e-07,4.596822260394231e-05,0.00010175501528817833,2.604033352293413e-07,4.6949745354319586e-05,0.00010404948948779995,0.75
1.708863544978189e-07,3.844712296942861e-05,8.431492376045044e-05,1.7947877711717428e-07,3.93546822062626e-05,8.640584269493739e-05,1.8839107590886602e-07,4.027163307532941e-05,8.852223046941629e-05,1.9763108173070441e-07,4.1197933765820076e-05,9.0664080267282e-05,2.0720671946432353e-07,4.213354248740013e-05,9.283138518993872e-05,2.171260079828605e-07,4.307841747037776e-05,9.502413825682299e-05,2.2739706011825113e-07,4.403251696587157e-05,9.724233240542666e-05,2.3802808262814155e-07,4.4995799245978664e-05,9.948596049132061e-05,2.4902737616241604e-07,4.596822260394231e-05,0.00010175501528817833,2.604033352293413e-07,4.6949745354319586e-05,0.00010404948948779995,0.75
1.708863544978189e-07,3.844712296942861e-05,8.431492376045044e-05,1.7947877711717428e-07,3.93546822062626e-05,8.640584269493739e-05,1.8839107590886602e-07,4.027163307532941e-05,8.852223046941629e-05,1.9763108173070441e-07,4.1197933765820076e-05,9.0664080267282e-05,2.0720671946432353e-07,4.213354248740013e-05,9.283138518993872e-05,2.171260079828605e-07,4.307841747037776e-05,9.502413825682299e-05,2.2739706011825113e-07,4.403251696587157e-05,9.724233240542666e-05,2.3802808262814155e-07,4.4995799245978664e-05,9.948596049132061e-05,2.4902737616241604e-07,4.596822260394231e-05,0.00010175501528817833,2.604033352293413e-07,4.6949745354319586e-05,0.00010404948948779995,0.75
1.708863544978189e-07,3.844712296942861e-05,8.431492376045044e-05,1.7947877711717428e-07,3.93546822062626e-05,8.640584269493739e-05,1.8839107590886602e-07,4.027163307532941e-05,8.852223046941629e-05,1.9763108173070441e-07,4.1197933765820076e-05,9.0664080267282e-05,2.0720671946432353e-07,4.213354248740013e-05,9.283138518993872e-05,2.171260079828605e-07,4.307841747037776e-05,9.502413825682299e-05,2.2739706011825113e-07,4.403251696587157e-05,9.724233240542666e-05,2.3802808262814155e-07,4.4995799245978664e-05,9.948596049132061e-05,2.4902737616241604e-07,4.596822260394231e-05,0.00010175501528817833,2.604033352293413e-07,4.6949745354319586e-05,0.00010404948948779995,0.75
1.708863544978189e-07,3.844712296942861e-05,8.431492376045044e-05,1.7947877711717428e-07,3.93546822062626e-05,8.640584269493739e-05,1.8839107590886602e-07,4.027163307532941e-05,8.852223046941629e-05,1.9763108173070441e-07,4.1197933765820076e-05,9.0664080267282e-05,2.0720671946432353e-07,4.213354248740013e-05,9.283138518993872e-05,2.171260079828605e-07,4.307841747037776e-05,9.502413825682299e-05,2.2739706011825113e-07,4.403251696587157e-05,9.724233240542666e-05,2.3802808262814155e-07,4.4995799245978664e-05,9.948596049132061e-05,2.4902737616241604e-07,4.596822260394231e-05,0.00010175501528817833,2.604033352293413e-07,4.6949745354319586e-05,0.00010404948948779995,0.75
1.708863544978189e-07,3.844712296942861e-05,8.431492376045044e-05,1.7947877711717428e-07,3.93546822062626e-05,8.640584269493739e-05,1.8839107590886602e-07,4.027163307532941e-05,8.852223046941629e-05,1.9763108173070441e-07,4.1197933765820076e-05,9.0664080267282e-05,2.0720671946432353e-07,4.213354248740013e-05,9.283138518993872e-05,2.171260079828605e-07,4.307841747037776e-05,9.502413825682299e-05,2.2739706011825113e-07,4.403251696587157e-05,9.724233240542666e-05,2.3802808262814155e-07,4.4995799245978664e-05,9.948596049132061e-05,2.4902737616241604e-07,4.596822260394231e-05,0.00010175501528817833,2.604033352293413e-07,4.6949745354319586e-05,0.00010404948948779995,0.75
1.708863544978189e-07,3.844712296942861e-05,8.431492376045044e-05,1.7947877711717428e-07,3.93546822062626e-05,8.640584269493739e-05,1.8839107590886602e-07,4.027163307532941e-05,8.852223046941629e-05,1.9763108173070441e-07,4.1197933765820076e-05,9.0664080267282e-05,2.0720671946432353e-07,4.213354248740013e-05,9.283138518993872e-05,2.171260079828605e-07,4.307841747037776e-05,9.502413825682299e-05,2.2739706011825113e-07,4.403251696587157e-05,9.724233240542666e-05,2.3802808262814155e-07,4.4995799245978664e-05,9.948596049132061e-05,2.4902737616241604e-07,4.596822260394231e-05,0.00010175501528817833,2.604033352293413e-07,4.6949745354319586e-05,0.00010404948948779995,0.75
1.708863544978189e-07,3.844712296942861e-05,8.431492376045044e-05,1.7947877711717428e-07,3.93546822062626e-05,8.640584269493739e-05,1.8839107590886602e-07,4.027163307532941e-05,8.852223046941629e-05,1.9763108173070441e-07,4.1197933765820076e-05,9.0664080267282e-05,2.0720671946432353e-07,4.213354248740013e-05,9.283138518993872e-05,2.171260079828605e-07,4.307841747037776e-05,9.502413825682299e-05,2.2739706011825113e-07,4.403251696587157e-05,9.724233240542666e-05,2.3802808262814155e-07,4.4995799245978664e-05,9.948596049132061e-05,2.4902737616241604e-07,4.596822260394231e-05,0.00010175501528817833,2.604033352293413e-07,4.6949745354319586e-05,0.00010404948948779995,0.75
1.708863544978189e-07,3.844712296942861e-05,8.431492376045044e-05,1.7947877711717428e-07,3.93546822062626e-05,8.640584269493739e-05,1.8839107590886602e-07,4.027163307532941e-05,8.852223046941629e-05,1.9763108173070441e-07,4.1197933765820076e-05,9.0664080267282e-05,2.0720671946432353e-07,4.213354248740013e-05,9.283138518993872e-05,2.171260079828605e-07,4.307841747037776e-05,9.502413825682299e-05,2.2739706011825113e-07,4.403251696587157e-05,9.724233240542666e-05,2.3802808262814155e-07,4.4995799245978664e-05,9.948596049132061e-05,2.4902737616241604e-07,4.596822260394231e-05,0.00010175501528817833,2.604033352293413e-07,4.6949745354319586e-05,0.00010404948948779995,0.75
1.708863544978189e-07,3.844712296942861e-05,8.431492376045044e-05,1.7947877711717428e-07,3.93546822062626e-05,8.640584269493739e-05,1.8839107590886602e-07,4.027163307532941e-05,8.852223046941629e-05,1.9763108173070441e-07,4.1197933765820076e-05,9.0664080267282e-05,2.0720671946432353e-07,4.213354248740013e-05,9.283138518993872e-05,2.171260079828605e-07,4.307841747037776e-05,9.502413825682299e-05,2.2739706011825113e-07,4.403251696587157e-05,9.724233240542666e-05,2.3802808262814155e-07,4.4995799245978664e-05,9.948596049132061e-05,2.4902737616241604e-07,4.596822260394231e-05,0.00010175501528817833,2.604033352293413e-07,4.6949745354319586e-05,0.00010404948948779995,0.75
1.708863544978189e-07,3.844712296942861e-05,8.431492376045044e-05,1.7947877711717428e-07,3.93546822062626e-05,8.640584269493739e-05,1.8839107590886602e-07,4.027163307532941e-05,8.852223046941629e-05,1.9763108173070441e-07,4.1197933765820076e-05,9.0664080267282e-05,2.0720671946432353e-07,4.213354248740013e-05,9.283138518993872e-05,2.171260079828605e-07,4.307841747037776e-05,9.502413825682299e-05,2.2739706011825113e-07,4.403251696587157e-05,9.724233240542666e-05,2.3802808262814155e-07,4.4995799245978664e-05,9.948596049132061e-05,2.4902737616241604e-07,4.596822260394231e-05,0.00010175501528817833,2.604033352293413e-07,4.6949745354319586e-05,0.00010404948948779995,0.75
1.708863544978189e-07,3.844712296942861e-05,8.431492376045044e-05,1.7947877711717428e-07,3.93546822062626e-05,8.640584269493739e-05,1.8839107590886602e-07,4.027163307532941e-05,8.852223046941629e-05,1.9763108173070441e-07,4.1197933765820076e-05,9.0664080267282e-05,2.0720671946432353e-07,4.213354248740013e-05,9.283138518993872e-05,2.171260079828605e-07,4.307841747037776e-05,9.502413825682299e-05,2.2739706011825113e-07,4.403251696587157e-05,9.724233240542666e-05,2.3802808262814155e-07,4.4995799245978664e-05,9.948596049132061e-05,2.4902737616241604e-07,4.596822260394231e-05,0.00010175501528817833,2.604033352293413e-07,4.6949745354319586e-05,0.00010404948948779995,0.75
1.708863544978189e-07,3.844712296942861e-05,8.431492376045044e-05,1.7947877711717428e-07,3.93546822062626e-05,8.640584269493739e-05,1.8839107590886602e-07,4.027163307532941e-05,8.852223046941629e-05,1.9763108173070441e-07,4.1197933765820076e-05,9.0664080267282e-05,2.0720671946432353e-07,4.213354248740013e-05,9.283138518993872e-05,2.171260079828605e-07,4.307841747037776e-05,9.502413825682299e-05,2.2739706011825113e-07,4.403251696587157e-05,9.724233240542666e-05,2.3802808262814155e-07,4.4995799245978664e-05,9.948596049132061e-05,2.4902737616241604e-07,4.596822260394231e-05,0.00010175501528817833,2.604033352293413e-07,4.6949745354319586e-05,0.00010404948948779995,0.75
1.708863544978189e-07,3.844712296942861e-05,8.431492376045044e-05,1.7947877711717428e-07,3.93546822062626e-05,8.640584269493739e-05,1.8839107590886602e-07,4.027163307532941e-05,8.852223046941629e-05,1.9763108173070441e-07,4.1197933765820076e-05,9.0664080267282e-05,2.0720671946432353e-07,4.213354248740013e-05,9.283138518993872e-05,2.171260079828605e-07,4.307841747037776e-05,9.502413825682299e-05,2.2739706011825113e-07,4.403251696587157e-05,9.724233240542666e-05,2.3802808262814155e-07,4.4995799245978664e-05,9.948596049132061e-05,2.4902737616241604e-07,4.596822260394231e-05,0.00010175501528817833,2.604033352293413e-07,4.6949745354319586e-05,0.00010404948948779995,0.75
1.708863544978189e-07,3.844712296942861e-05,8.431492376045044e-05,1.7947877711717428e-07,3.93546822062626e-05,8.640584269493739e-05,1.8839107590886602e-07,4.027163307532941e-05,8.852223046941629e-05,1.9763108173070441e-07,4.1197933765820076e-05,9.0664080267282e-05,2.0720671946432353e-07,4.213354248740013e-05,9.283138518993872e-05,2.171260079828605e-07,4.307841747037776e-05,9.502413825682299e-05,2.2739706011825113e-07,4.403251696587157e-05,9.724233240542666e-05,2.3802808262814155e-07,4.4995799245978664e-05,9.948596049132061e-05,2.4902737616241604e-07,4.596822260394231e-05,0.00010175501528817833,2.604033352293413e-07,4.6949745354319586e-05,0.00010404948948779995,0.75
1.708863544978189e-07,3.844712296942861e-05,8.431492376045044e-05,1.7947877711717428e-07,3.93546822062626e-05,8.640584269493739e-05,1.8839107590886602e-07,4.027163307532941e-05,8.852223046941629e-05,1.9763108173070441e-07,4.1197933765820076e-05,9.0664080267282e-05,2.0720671946432353e-07,4.213354248740013e-05,9.283138518993872e-05,2.171260079828605e-07,4.307841747037776e-05,9.502413825682299e-05,2.2739706011825113e-07,4.403251696587157e-05,9.724233240542666e-05,2.3802808262814155e-07,4.4995799245978664e-05,9.948596049132061e-05,2.4902737616241604e-07,4.596822260394231e-05,0.00010175501528817833,2.604033352293413e-07,4.6949745354319586e-05,0.00010404948948779995,0.75
1.708863544978189e-07,3.844712296942861e-05,8.431492376045044e-05,1.7947877711717428e-07,3.93546822062626e-05,8.640584269493739e-05,1.8839107590886602e-07,4.027163307532941e-05,8.852223046941629e-05,1.9763108173070441e-07,4.1197933765820076e-05,9.0664080267282e-05,2.0720671946432353e-07,4.213354248740013e-05,9.283138518993872e-05,2.171260079828605e-07,4.307841747037776e-05,9.502413825682299e-05,2.2739706011825113e-07,4.403251696587157e-05,9.724233240542666e-05,2.3802808262814155e-07,4.4995799245978664e-05,9.948596049132061e-05,2.4902737616241604e-07,4.596822260394231e-05,0.00010175501528817833,2.604033352293413e-07,4.6949745354319586e-05,0.00010404948948779995,0.75
1.708863544978189e-07,3.844712296942861e-05,8.431492376045044e-05,1.7947877711717428e-07,3.93546822062626e-05,8.640584269493739e-05,1.8839107590886602e-07,4.027163307532941e-05,8.852223046941629e-05,1.9763108173070441e-07,4.1197933765820076e-05,9.0664080267282e-05,2.0720671946432353e-07,4.213354248740013e-05,9.283138518993872e-05,2.171260079828605e-07,4.307841747037776e-05,9.502413825682299e-05,2.2739706011825113e-07,4.403251696587157e-05,9.724233240542666e-05,2.3802808262814155e-07,4.4995799245978664e-05,9.948596049132061e-05,2.4902737616241604e-07,4.596822260394231e-05,0.00010175501528817833,2.604033352293413e-07,4.6949745354319586e-05,0.00010404948948779995,0.75
1.708863544978189e-07,3.844712296942861e-05,8.431492376045044e-05,1.7947877711717428e-07,3.93546822062626e-05,8.640584269493739e-05,1.8839107590886602e-07,4.027163307532941e-05,8.852223046941629e-05,1.9763108173070441e-07,4.1197933765820076e-05,9.0664080267282e-05,2.0720671946432353e-07,4.213354248740013e-05,9.283138518993872e-05,2.171260079828605e-07,4.307841747037776e-05,9.502413825682299e-05,2.2739706011825113e-07,4.403251696587157e-05,9.724233240542666e-05,2.3802808262814155e-07,4.4995799245978664e-05,9.948596049132061e-05,2.4902737616241604e-07,4.596822260394231e-05,0.00010175501528817833,2.604033352293413e-07,4.6949745354319586e-05,0.00010404948948779995,0.75
1.708863544978189e-07,3.844712296942861e-05,8.431492376045044e-05,1.7947877711717428e-07,3.93546822062626e-05,8.640584269493739e-05,1.8839107590886602e-07,4.027163307532941e-05,8.852223046941629e-05,1.9763108173070441e-07,4.1197933765820076e-05,9.0664080267282e-05,2.0720671946432353e-07,4.213354248740013e-05,9.283138518993872e-05,2.171260079828605e-07,4.307841747037776e-05,9.502413825682299e-05,2.2739706011825113e-07,4.403251696587157e-05,9.724233240542666e-05,2.3802808262814155e-07,4.4995799245978664e-05,9.948596049132061e-05,2.4902737616241604e-07,4.596822260394231e-05,0.00010175501528817833,2.604033352293413e-07,4.6949745354319586e-05,0.00010404948948779995,0.75
1.708863544978189e-07,3.844712296942861e-05,8.431492376045044e-05,1.7947877711717428e-07,3.93546822062626e-05,8.640584269493739e-05,1.8839107590886602e-07,4.027163307532941e-05,8.852223046941629e-05,1.9763108173070441e-07,4.1197933765820076e-05,9.0664080267282e-05,2.0720671946432353e-07,4.213354248740013e-05,9.283138518993872e-05,2.171260079828605e-07,4.307841747037776e-05,9.502413825682299e-05,2.2739706011825113e-07,4.403251696587157e-05,9.724233240542666e-05,2.3802808262814155e-07,4.4995799245978664e-05,9.948596049132061e-05,2.4902737616241604e-07,4.596822260394231e-05,0.00010175501528817833,2.604033352293413e-07,4.6949745354319586e-05,0.00010404948948779995,0.75
1.708863544978189e-07,3.844712296942861e-05,8.431492376045044e-05,1.7947877711717428e-07,3.93546822062626e-05,8.640584269493739e-05,1.8839107590886602e-07,4.027163307532941e-05,8.852223046941629e-05,1.9763108173070441e-07,4.1197933765820076e-05,9.0664080267282e-05,2.0720671946432353e-07,4.213354248740013e-05,9.283138518993872e-05,2.171260079828605e-07,4.307841747037776e-05,9.502413825682299e-05,2.2739706011825113e-07,4.403251696587157e-05,9.724233240542666e-05,2.3802808262814155e-07,4.4995799245978664e-05,9.948596049132061e-05,2.4902737616241604e-07,4.596822260394231e-05,0.00010175501528817833,2.604033352293413e-07,4.6949745354319586e-05,0.00010404948948779995,0.75
1.708863544978189e-07,3.844712296942861e-05,8.431492376045044e-05,1.7947877711717428e-07,3.93546822062626e-05,8.640584269493739e-05,1.8839107590886602e-07,4.027163307532941e-05,8.852223046941629e-05,1.9763108173070441e-07,4.1197933765820076e-05,9.0664080267282e-05,2.0720671946432353e-07,4.213354248740013e-05,9.283138518993872e-05,2.171260079828605e-07,4.307841747037776e-05,9.502413825682299e-05,2.2739706011825113e-07,4.403251696587157e-05,9.724233240542666e-05,2.3802808262814155e-07,4.4995799245978664e-05,9.948596049132061e-05,2.4902737616241604e-07,4.596822260394231e-05,0.00010175501528817833,2.604033352293413e-07,4.6949745354319586e-05,0.00010404948948779995,0.75
1.708863544978189e-07,3.844712296942861e-05,8.431492376045044e-05,1.7947877711717428e-07,3.93546822062626e-05,8.640584269493739e-05,1.8839107590886602e-07,4.027163307532941e-05,8.852223046941629e-05,1.9763108173070441e-07,4.1197933765820076e-05,9.0664080267282e-05,2.0720671946432353e-07,4.213354248740013e-05,9.283138518993872e-05,2.171260079828605e-07,4.307841747037776e-05,9.502413825682299e-05,2.2739706011825113e-07,4.403251696587157e-05,9.724233240542666e-05,2.3802808262814155e-07,4.4995799245978664e-05,9.948596049132061e-05,2.4902737616241604e-07,4.596822260394231e-05,0.00010175501528817833,2.604033352293413e-07,4.6949745354319586e-05,0.00010404948948779995,0.75
1.708863544978189e-07,3.844712296942861e-05,8.431492376045044e-05,1.7947877711717428e-07,3.93546822062626e-05,8.640584269493739e-05,1.8839107590886602e-07,4.027163307532941e-05,8.852223046941629e-05,1.9763108173070441e-07,4.1197933765820076e-05,9.0664080267282e-05,2.0720671946432353e-07,4.213354248740013e-05,9.283138518993872e-05,2.171260079828605e-07,4.307841747037776e-05,9.502413825682299e-05,2.2739706011825113e-07,4.403251696587157e-05,9.724233240542666e-05,2.3802808262814155e-07,4.4995799245978664e-05,9.948596049132061e-05,2.4902737616241604e-07,4.596822260394231e-05,0.00010175501528817833,2.604033352293413e-07,4.6949745354319586e-05,0.00010404948948779995,0.75
1.708863544978189e-07,3.844712296942861e-05,8.431492376045044e-05,1.7947877711717428e-07,3.93546822062626e-05,8.640584269493739e-05,1.8839107590886602e-07,4.027163307532941e-05,8.852223046941629e-05,1.9763108173070441e-07,4.1197933765820076e-05,9.0664080267282e-05,2.0720671946432353e-07,4.213354248740013e-05,9.283138518993872e-05,2.171260079828605e-07,4.307841747037776e-05,9.502413825682299e-05,2.2739706011825113e-07,4.403251696587157e-05,9.724233240542666e-05,2.3802808262814155e-07,4.4995799245978664e-05,9.948596049132061e-05,2.4902737616241604e-07,4.596822260394231e-05,0.00010175501528817833,2.604033352293413e-07,4.6949745354319586e-05,0.00010404948948779995,0.75
1.708863544978189e-07,3.844712296942861e-05,8.431492376045044e-05,1.7947877711717428e-07,3.93546822062626e-05,8.640584269493739e-05,1.8839107590886602e-07,4.027163307532941e-05,8.852223046941629e-05,1.9763108173070441e-07,4.1197933765820076e-05,9.0664080267282e-05,2.0720671946432353e-07,4.213354248740013e-05,9.283138518993872e-05,2.171260079828605e-07,4.307841747037776e-05,9.502413825682299e-05,2.2739706011825113e-07,4.403251696587157e-05,9.724233240542666e-05,2.3802808262814155e-07,4.4995799245978664e-05,9.948596049132061e-05,2.4902737616241604e-07,4.596822260394231e-05,0.00010175501528817833,2.604033352293413e-07,4.6949745354319586e-05,0.00010404948948779995,0.75
1.708863544978189e-07,3.844712296942861e-05,8.431492376045044e-05,1.7947877711717428e-07,3.93546822062626e-05,8.640584269493739e-05,1.8839107590886602e-07,4.027163307532941e-05,8.852223046941629e-05,1.9763108173070441e-07,4.1197933765820076e-05,9.0664080267282e-05,2.0720671946432353e-07,4.213354248740013e-05,9.283138518993872e-05,2.171260079828605e-07,4.307841747037776e-05,9.502413825682299e-05,2.2739706011825113e-07,4.403251696587157e-05,9.724233240542666e-05,2.3802808262814155e-07,4.4995799245978664e-05,9.948596049132061e-05,2.4902737616241604e-07,4.596822260394231e-05,0.00010175501528817833,2.604033352293413e-07,4.6949745354319586e-05,0.00010404948948779995,0.75
1.708863544978189e-07,3.844712296942861e-05,8.431492376045044e-05,1.7947877711717428e-07,3.93546822062626e-05,8.640584269493739e-05,1.8839107590886602e-07,4.027163307532941e-05,8.852223046941629e-05,1.9763108173070441e-07,4.1197933765820076e-05,9.0664080267282e-05,2.0720671946432353e-07,4.213354248740013e-05,9.283138518993872e-05,2.171260079828605e-07,4.307841747037776e-05,9.502413825682299e-05,2.2739706011825113e-07,4.403251696587157e-05,9.724233240542666e-05,2.3802808262814155e-07,4.4995799245978664e-05,9.948596049132061e-05,2.4902737616241604e-07,4.596822260394231e-05,0.00010175501528817833,2.604033352293413e-07,4.6949745354319586e-05,0.00010404948948779995,0.75
1.708863544978189e-07,3.844712296942861e-05,8.431492376045044e-05,1.7947877711717428e-07,3.93546822062626e-05,8.640584269493739e-05,1.8839107590886602e-07,4.027163307532941e-05,8.852223046941629e-05,1.9763108173070441e-07,4.1197933765820076e-05,9.0664080267282e-05,2.0720671946432353e-07,4.213354248740013e-05,9.283138518993872e-05,2.171260079828605e-07,4.307841747037776e-05,9.502413825682299e-05,2.2739706011825113e-07,4.403251696587157e-05,9.724233240542666e-05,2.3802808262814155e-07,4.4995799245978664e-05,9.948596049132061e-05,2.4902737616241604e-07,4.596822260394231e-05,0.00010175501528817833,2.604033352293413e-07,4.6949745354319586e-05,0.00010404948948779995,0.75
1.708863544978189e-07,3.844712296942861e-05,8.431492376045044e-05,1.7947877711717428e-07,3.93546822062626e-05,8.640584269493739e-05,1.8839107590886602e-07,4.027163307532941e-05,8.852223046941629e-05,1.9763108173070441e-07,4.1197933765820076e-05,9.0664080267282e-05,2.0720671946432353e-07,4.213354248740013e-05,9.283138518993872e-05,2.171260079828605e-07,4.307841747037776e-05,9.502413825682299e-05,2.2739706011825113e-07,4.403251696587157e-05,9.724233240542666e-05,2.3802808262814155e-07,4.4995799245978664e-05,9.948596049132061e-05,2.4902737616241604e-07,4.596822260394231e-05,0.00010175501528817833,2.604033352293413e-07,4.6949745354319586e-05,0.00010404948948779995,0.75
1.708863544978189e-07,3.844712296942861e-05,8.431492376045044e-05,1.7947877711717428e-07,3.93546822062626e-05,8.640584269493739e-05,1.8839107590886602e-07,4.027163307532941e-05,8.852223046941629e-05,1.9763108173070441e-07,4.1197933765820076e-05,9.0664080267282e-05,2.0720671946432353e-07,4.213354248740013e-05,9.283138518993872e-05,2.171260079828605e-07,4.307841747037776e-05,9.502413825682299e-05,2.2739706011825113e-07,4.403251696587157e-05,9.724233240542666e-05,2.3802808262814155e-07,4.4995799245978664e-05,9.948596049132061e-05,2.4902737616241604e-07,4.596822260394231e-05,0.00010175501528817833,2.604033352293413e-07,4.6949745354319586e-05,0.00010404948948779995,0.75
1.708863544978189e-07,3.844712296942861e-05,8.431492376045044e-05,1.7947877711717428e-07,3.93546822062626e-05,8.640584269493739e-05,1.8839107590886602e-07,4.027163307532941e-05,8.852223046941629e-05,1.9763108173070441e-07,4.1197933765820076e-05,9.0664080267282e-05,2.0720671946432353e-07,4.213354248740013e-05,9.283138518993872e-05,2.171260079828605e-07,4.307841747037776e-05,9.502413825682299e-05,2.2739706011825113e-07,4.403251696587157e-05,9.724233240542666e-05,2.3802808262814155e-07,4.4995799245978664e-05,9.948596049132061e-05,2.4902737616241604e-07,4.596822260394231e-05,0.00010175501528817833,2.604033352293413e-07,4.6949745354319586e-05,0.00010404948948779995,0.75
1.708863544978189e-07,3.844712296942861e-05,8.431492376045044e-05,1.7947877711717428e-07,3.93546822062626e-05,8.640584269493739e-05,1.8839107590886602e-07,4.027163307532941e-05,8.852223046941629e-05,1.9763108173070441e-07,4.1197933765820076e-05,9.0664080267282e-05,2.0720671946432353e-07,4.213354248740013e-05,9.283138518993872e-05,2.171260079828605e-07,4.307841747037776e-05,9.502413825682299e-05,2.2739706011825113e-07,4.403251696587157e-05,9.724233240542666e-05,2.3802808262814155e-07,4.4995799245978664e-05,9.948596049132061e-05,2.4902737616241604e-07,4.596822260394231e-05,0.00010175501528817833,2.604033352293413e-07,4.6949745354319586e-05,0.00010404948948779995,0.75
1.708863544978189e-07,3.844712296942861e-05,8.431492376045044e-05,1.7947877711717428e-07,3.93546822062626e-05,8.640584269493739e-05,1.8839107590886602e-07,4.027163307532941e-05,8.852223046941629e-05,1.9763108173070441e-07,4.1197933765820076e-05,9.0664080267282e-05,2.0720671946432353e-07,4.213354248740013e-05,9.283138518993872e-05,2.171260079828605e-07,4.307841747037776e-05,9.502413825682299e-05,2.2739706011825113e-07,4.403251696587157e-05,9.724233240542666e-05,2.3802808262814155e-07,4.4995799245978664e-05,9.948596049132061e-05,2.4902737616241604e-07,4.596822260394231e-05,0.00010175501528817833,2.604033352293413e-07,4.6949745354319586e-05,0.00010404948948779995,0.75
1.708863544978189e-07,3.844712296942861e-05,8.431492376045044e-05,1.7947877711717428e-07,3.93546822062626e-05,8.640584269493739e-05,1.8839107590886602e-07,4.027163307532941e-05,8.852223046941629e-05,1.9763108173070441e-07,4.1197933765820076e-05,9.0664080267282e-05,2.0720671946432353e-07,4.213354248740013e-05,9.283138518993872e-05,2.171260079828605e-07,4.307841747037776e-05,9.502413825682299e-05,2.2739706011825113e-07,4.403251696587157e-05,9.724233240542666e-05,2.3802808262814155e-07,4.4995799245978664e-05,9.948596049132061e-05,2.4902737616241604e-07,4.596822260394231e-05,0.00010175501528817833,2.604033352293413e-07,4.6949745354319586e-05,0.00010404948948779995,0.75
1.708863544978189e-07,3.844712296942861e-05,8.431492376045044e-05,1.7947877711717428e-07,3.93546822062626e-05,8.640584269493739e-05,1.8839107590886602e-07,4.027163307532941e-05,8.852223046941629e-05,1.9763108173070441e-07,4.1197933765820076e-05,9.0664080267282e-05,2.0720671946432353e-07,4.213354248740013e-05,9.283138518993872e-05,2.171260079828605e-07,4.307841747037776e-05,9.502413825682299e-05,2.2739706011825113e-07,4.403251696587157e-05,9.724233240542666e-05,2.3802808262814155e-07,4.4995799245978664e-05,9.948596049132061e-05,2.4902737616241604e-07,4.596822260394231e-05,0.00010175501528817833,2.604033352293413e-07,4.6949745354319586e-05,0.00010404948948779995,0.75
1.708863544978189e-07,3.844712296942861e-05,8.431492376045044e-05,1.7947877711717428e-07,3.93546822062626e-05,8.640584269493739e-05,1.8839107590886602e-07,4.027163307532941e-05,8.852223046941629e-05,1.9763108173070441e-07,4.1197933765820076e-05,9.0664080267282e-05,2.0720671946432353e-07,4.213354248740013e-05,9.283138518993872e-05,2.171260079828605e-07,4.307841747037776e-05,9.502413825682299e-05,2.2739706011825113e-07,4.403251696587157e-05,9.724233240542666e-05,2.3802808262814155e-07,4.4995799245978664e-05,9.948596049132061e-05,2.4902737616241604e-07,4.596822260394231e-05,0.00010175501528817833,2.604033352293413e-07,4.6949745354319586e-05,0.00010404948948779995,0.75
1.708863544978189e-07,3.844712296942861e-05,8.431492376045044e-05,1.7947877711717428e-07,3.93546822062626e-05,8.640584269493739e-05,1.8839107590886602e-07,4.027163307532941e-05,8.852223046941629e-05,1.9763108173070441e-07,4.1197933765820076e-05,9.0664080267282e-05,2.0720671946432353e-07,4.213354248740013e-05,9.283138518993872e-05,2.171260079828605e-07,4.307841747037776e-05,9.502413825682299e-05,2.2739706011825113e-07,4.403251696587157e-05,9.724233240542666e-05,2.3802808262814155e-07,4.4995799245978664e-05,9.948596049132061e-05,2.4902737616241604e-07,4.596822260394231e-05,0.00010175501528817833,2.604033352293413e-07,4.6949745354319586e-05,0.00010404948948779995,0.75
1.708863544978189e-07,3.844712296942861e-05,8.431492376045044e-05,1.7947877711717428e-07,3.93546822062626e-05,8.640584269493739e-05,1.8839107590886602e-07,4.027163307532941e-05,8.852223046941629e-05,1.9763108173070441e-07,4.1197933765820076e-05,9.0664080267282e-05,2.0720671946432353e-07,4.213354248740013e-05,9.283138518993872e-05,2.171260079828605e-07,4.307841747037776e-05,9.502413825682299e-05,2.2739706011825113e-07,4.403251696587157e-05,9.724233240542666e-05,2.3802808262814155e-07,4.4995799245978664e-05,9.948596049132061e-05,2.4902737616241604e-07,4.596822260394231e-05,0.00010175501528817833,2.604033352293413e-07,4.6949745354319586e-05,0.00010404948948779995,0.75
1.708863544978189e-07,3.844712296942861e-05,8.431492376045044e-05,1.7947877711717428e-07,3.93546822062626e-05,8.640584269493739e-05,1.8839107590886602e-07,4.027163307532941e-05,8.852223046941629e-05,1.9763108173070441e-07,4.1197933765820076e-05,9.0664080267282e-05,2.0720671946432353e-07,4.213354248740013e-05,9.283138518993872e-05,2.171260079828605e-07,4.307841747037776e-05,9.502413825682299e-05,2.2739706011825113e-07,4.403251696587157e-05,9.724233240542666e-05,2.3802808262814155e-07,4.4995799245978664e-05,9.948596049132061e-05,2.4902737616241604e-07,4.596822260394231e-05,0.00010175501528817833,2.604033352293413e-07,4.6949745354319586e-05,0.00010404948948779995,0.75
1.708863544978189e-07,3.844712296942861e-05,8.431492376045044e-05,1.7947877711717428e-07,3.93546822062626e-05,8.640584269493739e-05,1.8839107590886602e-07,4.027163307532941e-05,8.852223046941629e-05,1.9763108173070441e-07,4.1197933765820076e-05,9.0664080267282e-05,2.0720671946432353e-07,4.213354248740013e-05,9.283138518993872e-05,2.171260079828605e-07,4.307841747037776e-05,9.502413825682299e-05,2.2739706011825113e-07,4.403251696587157e-05,9.724233240542666e-05,2.3802808262814155e-07,4.4995799245978664e-05,9.948596049132061e-05,2.4902737616241604e-07,4.596822260394231e-05,0.00010175501528817833,2.604033352293413e-07,4.6949745354319586e-05,0.00010404948948779995,0.75
1.708863544978189e-07,3.844712296942861e-05,8.431492376045044e-05,1.7947877711717428e-07,3.93546822062626e-05,8.640584269493739e-05,1.8839107590886602e-07,4.027163307532941e-05,8.852223046941629e-05,1.9763108173070441e-07,4.1197933765820076e-05,9.0664080267282e-05,2.0720671946432353e-07,4.213354248740013e-05,9.283138518993872e-05,2.171260079828605e-07,4.307841747037776e-05,9.502413825682299e-05,2.2739706011825113e-07,4.403251696587157e-05,9.724233240542666e-05,2.3802808262814155e-07,4.4995799245978664e-05,9.948596049132061e-05,2.4902737616241604e-07,4.596822260394231e-05,0.00010175501528817833,2.604033352293413e-07,4.6949745354319586e-05,0.00010404948948779995,0.75
1.708863544978189e-07,3.844712296942861e-05,8.431492376045044e-05,1.7947877711717428e-07,3.93546822062626e-05,8.640584269493739e-05,1.8839107590886602e-07,4.027163307532941e-05,8.852223046941629e-05,1.9763108173070441e-07,4.1197933765820076e-05,9.0664080267282e-05,2.0720671946432353e-07,4.213354248740013e-05,9.283138518993872e-05,2.171260079828605e-07,4.307841747037776e-05,9.502413825682299e-05,2.2739706011825113e-07,4.403251696587157e-05,9.724233240542666e-05,2.3802808262814155e-07,4.4995799245978664e-05,9.948596049132061e-05,2.4902737616241604e-07,4.596822260394231e-05,0.00010175501528817833,2.604033352293413e-07,4.6949745354319586e-05,0.00010404948948779995,0.75
1.708863544978189e-07,3.844712296942861e-05,8.431492376045044e-05,1.7947877711717428e-07,3.93546822062626e-05,8.640584269493739e-05,1.8839107590886602e-07,4.027163307532941e-05,8.852223046941629e-05,1.9763108173070441e-07,4.1197933765820076e-05,9.0664080267282e-05,2.0720671946432353e-07,4.213354248740013e-05,9.283138518993872e-05,2.171260079828605e-07,4.307841747037776e-05,9.502413825682299e-05,2.2739706011825113e-07,4.403251696587157e-05,9.724233240542666e-05,2.3802808262814155e-07,4.4995799245978664e-05,9.948596049132061e-05,2.4902737616241604e-07,4.596822260394231e-05,0.00010175501528817833,2.604033352293413e-07,4.6949745354319586e-05,0.00010404948948779995,0.75
1.708863544978189e-07,3.844712296942861e-05,8.431492376045044e-05,1.7947877711717428e-07,3.93546822062626e-05,8.640584269493739e-05,1.8839107590886602e-07,4.027163307532941e-05,8.852223046941629e-05,1.9763108173070441e-07,4.1197933765820076e-05,9.0664080267282e-05,2.0720671946432353e-07,4.213354248740013e-05,9.283138518993872e-05,2.171260079828605e-07,4.307841747037776e-05,9.502413825682299e-05,2.2739706011825113e-07,4.403251696587157e-05,9.724233240542666e-05,2.3802808262814155e-07,4.4995799245978664e-05,9.948596049132061e-05,2.4902737616241604e-07,4.596822260394231e-05,0.00010175501528817833,2.604033352293413e-07,4.6949745354319586e-05,0.00010404948948779995,0.75
1.708863544978189e-07,3.844712296942861e-05,8.431492376045044e-05,1.7947877711717428e-07,3.93546822062626e-05,8.640584269493739e-05,1.8839107590886602e-07,4.027163307532941e-05,8.852223046941629e-05,1.9763108173070441e-07,4.1197933765820076e-05,9.0664080267282e-05,2.0720671946432353e-07,4.213354248740013e-05,9.283138518993872e-05,2.171260079828605e-07,4.307841747037776e-05,9.502413825682299e-05,2.2739706011825113e-07,4.403251696587157e-05,9.724233240542666e-05,2.3802808262814155e-07,4.4995799245978664e-05,9.948596049132061e-05,2.4902737616241604e-07,4.596822260394231e-05,0.00010175501528817833,2.604033352293413e-07,4.6949745354319586e-05,0.00010404948948779995,0.75
1.708863544978189e-07,3.844712296942861e-05,8.431492376045044e-05,1.7947877711717428e-07,3.93546822062626e-05,8.640584269493739e-05,1.8839107590886602e-07,4.027163307532941e-05,8.852223046941629e-05,1.9763108173070441e-07,4.1197933765820076e-05,9.0664080267282e-05,2.0720671946432353e-07,4.213354248740013e-05,9.283138518993872e-05,2.171260079828605e-07,4.307841747037776e-05,9.502413825682299e-05,2.2739706011825113e-07,4.403251696587157e-05,9.724233240542666e-05,2.3802808262814155e-07,4.4995799245978664e-05,9.948596049132061e-05,2.4902737616241604e-07,4.596822260394231e-05,0.00010175501528817833,2.604033352293413e-07,4.6949745354319586e-05,0.00010404948948779995,0.75
1.708863544978189e-07,3.844712296942861e-05,8.431492376045044e-05,1.7947877711717428e-07,3.93546822062626e-05,8.640584269493739e-05,1.8839107590886602e-07,4.027163307532941e-05,8.852223046941629e-05,1.9763108173070441e-07,4.1197933765820076e-05,9.0664080267282e-05,2.0720671946432353e-07,4.213354248740013e-05,9.283138518993872e-05,2.171260079828605e-07,4.307841747037776e-05,9.502413825682299e-05,2.2739706011825113e-07,4.403251696587157e-05,9.724233240542666e-05,2.3802808262814155e-07,4.4995799245978664e-05,9.948596049132061e-05,2.4902737616241604e-07,4.596822260394231e-05,0.00010175501528817833,2.604033352293413e-07,4.6949745354319586e-05,0.00010404948948779995,0.75
1.708863544978189e-07,3.844712296942861e-05,8.431492376045044e-05,1.7947877711717428e-07,3.93546822062626e-05,8.640584269493739e-05,1.8839107590886602e-07,4.027163307532941e-05,8.852223046941629e-05,1.9763108173070441e-07,4.1197933765820076e-05,9.0664080267282e-05,2.0720671946432353e-07,4.213354248740013e-05,9.283138518993872e-05,2.171260079828605e-07,4.307841747037776e-05,9.502413825682299e-05,2.2739706011825113e-07,4.403251696587157e-05,9.724233240542666e-05,2.3802808262814155e-07,4.4995799245978664e-05,9.948596049132061e-05,2.4902737616241604e-07,4.596822260394231e-05,0.00010175501528817833,2.604033352293413e-07,4.6949745354319586e-05,0.00010404948948779995,0.75
1.708863544978189e-07,3.844712296942861e-05,8.431492376045044e-05,1.7947877711717428e-07,3.93546822062626e-05,8.640584269493739e-05,1.8839107590886602e-07,4.027163307532941e-05,8.852223046941629e-05,1.9763108173070441e-07,4.1197933765820076e-05,9.0664080267282e-05,2.0720671946432353e-07,4.213354248740013e-05,9.283138518993872e-05,2.171260079828605e-07,4.307841747037776e-05,9.502413825682299e-05,2.2739706011825113e-07,4.403251696587157e-05,9.724233240542666e-05,2.3802808262814155e-07,4.4995799245978664e-05,9.948596049132061e-05,2.4902737616241604e-07,4.596822260394231e-05,0.00010175501528817833,2.604033352293413e-07,4.6949745354319586e-05,0.00010404948948779995,0.75
1.708863544978189e-07,3.844712296942861e-05,8.431492376045044e-05,1.7947877711717428e-07,3.93546822062626e-05,8.640584269493739e-05,1.8839107590886602e-07,4.027163307532941e-05,8.852223046941629e-05,1.9763108173070441e-07,4.1197933765820076e-05,9.0664080267282e-05,2.0720671946432353e-07,4.213354248740013e-05,9.283138518993872e-05,2.171260079828605e-07,4.307841747037776e-05,9.502413825682299e-05,2.2739706011825113e-07,4.403251696587157e-05,9.724233240542666e-05,2.3802808262814155e-07,4.4995799245978664e-05,9.948596049132061e-05,2.4902737616241604e-07,4.596822260394231e-05,0.00010175501528817833,2.604033352293413e-07,4.6949745354319586e-05,0.00010404948948779995,0.75
1.708863544978189e-07,3.844712296942861e-05,8.431492376045044e-05,1.7947877711717428e-07,3.93546822062626e-05,8.640584269493739e-05,1.8839107590886602e-07,4.027163307532941e-05,8.852223046941629e-05,1.9763108173070441e-07,4.1197933765820076e-05,9.0664080267282e-05,2.0720671946432353e-07,4.213354248740013e-05,9.283138518993872e-05,2.171260079828605e-07,4.307841747037776e-05,9.502413825682299e-05,2.2739706011825113e-07,4.403251696587157e-05,9.724233240542666e-05,2.3802808262814155e-07,4.4995799245978664e-05,9.948596049132061e-05,2.4902737616241604e-07,4.596822260394231e-05,0.00010175501528817833,2.604033352293413e-07,4.6949745354319586e-05,0.00010404948948779995,0.75
1.708863544978189e-07,3.844712296942861e-05,8.431492376045044e-05,1.7947877711717428e-07,3.93546822062626e-05,8.640584269493739e-05,1.8839107590886602e-07,4.027163307532941e-05,8.852223046941629e-05,1.9763108173070441e-07,4.1197933765820076e-05,9.0664080267282e-05,2.0720671946432353e-07,4.213354248740013e-05,9.283138518993872e-05,2.171260079828605e-07,4.307841747037776e-05,9.502413825682299e-05,2.2739706011825113e-07,4.403251696587157e-05,9.724233240542666e-05,2.3802808262814155e-07,4.4995799245978664e-05,9.948596049132061e-05,2.4902737616241604e-07,4.596822260394231e-05,0.00010175501528817833,2.604033352293413e-07,4.6949745354319586e-05,0.00010404948948779995,0.75
1.708863544978189e-07,3.844712296942861e-05,8.431492376045044e-05,1.7947877711717428e-07,3.93546822062626e-05,8.640584269493739e-05,1.8839107590886602e-07,4.027163307532941e-05,8.852223046941629e-05,1.9763108173070441e-07,4.1197933765820076e-05,9.0664080267282e-05,2.0720671946432353e-07,4.213354248740013e-05,9.283138518993872e-05,2.171260079828605e-07,4.307841747037776e-05,9.502413825682299e-05,2.2739706011825113e-07,4.403251696587157e-05,9.724233240542666e-05,2.3802808262814155e-07,4.4995799245978664e-05,9.948596049132061e-05,2.4902737616241604e-07,4.596822260394231e-05,0.00010175501528817833,2.604033352293413e-07,4.6949745354319586e-05,0.00010404948948779995,0.75
1.708863544978189e-07,3.844712296942861e-05,8.431492376045044e-05,1.7947877711717428e-07,3.93546822062626e-05,8.640584269493739e-05,1.8839107590886602e-07,4.027163307532941e-05,8.852223046941629e-05,1.9763108173070441e-07,4.1197933765820076e-05,9.0664080267282e-05,2.0720671946432353e-07,4.213354248740013e-05,9.283138518993872e-05,2.171260079828605e-07,4.307841747037776e-05,9.502413825682299e-05,2.2739706011825113e-07,4.403251696587157e-05,9.724233240542666e-05,2.3802808262814155e-07,4.4995799245978664e-05,9.948596049132061e-05,2.4902737616241604e-07,4.596822260394231e-05,0.00010175501528817833,2.604033352293413e-07,4.6949745354319586e-05,0.00010404948948779995,0.75
1.708863544978189e-07,3.844712296942861e-05,8.431492376045044e-05,1.7947877711717428e-07,3.93546822062626e-05,8.640584269493739e-05,1.8839107590886602e-07,4.027163307532941e-05,8.852223046941629e-05,1.9763108173070441e-07,4.1197933765820076e-05,9.0664080267282e-05,2.0720671946432353e-07,4.213354248740013e-05,9.283138518993872e-05,2.171260079828605e-07,4.307841747037776e-05,9.502413825682299e-05,2.2739706011825113e-07,4.403251696587157e-05,9.724233240542666e-05,2.3802808262814155e-07,4.4995799245978664e-05,9.948596049132061e-05,2.4902737616241604e-07,4.596822260394231e-05,0.00010175501528817833,2.604033352293413e-07,4.6949745354319586e-05,0.00010404948948779995,0.75
1.708863544978189e-07,3.844712296942861e-05,8.431492376045044e-05,1.7947877711717428e-07,3.93546822062626e-05,8.640584269493739e-05,1.8839107590886602e-07,4.027163307532941e-05,8.852223046941629e-05,1.9763108173070441e-07,4.1197933765820076e-05,9.0664080267282e-05,2.0720671946432353e-07,4.213354248740013e-05,9.283138518993872e-05,2.171260079828605e-07,4.307841747037776e-05,9.502413825682299e-05,2.2739706011825113e-07,4.403251696587157e-05,9.724233240542666e-05,2.3802808262814155e-07,4.4995799245978664e-05,9.948596049132061e-05,2.4902737616241604e-07,4.596822260394231e-05,0.00010175501528817833,2.604033352293413e-07,4.6949745354319586e-05,0.00010404948948779995,0.75
1.708863544978189e-07,3.844712296942861e-05,8.431492376045044e-05,1.7947877711717428e-07,3.93546822062626e-05,8.640584269493739e-05,1.8839107590886602e-07,4.027163307532941e-05,8.852223046941629e-05,1.9763108173070441e-07,4.1197933765820076e-05,9.0664080267282e-05,2.0720671946432353e-07,4.213354248740013e-05,9.283138518993872e-05,2.171260079828605e-07,4.307841747037776e-05,9.502413825682299e-05,2.2739706011825113e-07,4.403251696587157e-05,9.724233240542666e-05,2.3802808262814155e-07,4.4995799245978664e-05,9.948596049132061e-05,2.4902737616241604e-07,4.596822260394231e-05,0.00010175501528817833,2.604033352293413e-07,4.6949745354319586e-05,0.00010404948948779995,0.75
1.708863544978189e-07,3.844712296942861e-05,8.431492376045044e-05,1.7947877711717428e-07,3.93546822062626e-05,8.640584269493739e-05,1.8839107590886602e-07,4.027163307532941e-05,8.852223046941629e-05,1.9763108173070441e-07,4.1197933765820076e-05,9.0664080267282e-05,2.0720671946432353e-07,4.213354248740013e-05,9.283138518993872e-05,2.171260079828605e-07,4.307841747037776e-05,9.502413825682299e-05,2.2739706011825113e-07,4.403251696587157e-05,9.724233240542666e-05,2.3802808262814155e-07,4.4995799245978664e-05,9.948596049132061e-05,2.4902737616241604e-07,4.596822260394231e-05,0.00010175501528817833,2.604033352293413e-07,4.6949745354319586e-05,0.00010404948948779995,0.75
1.708863544978189e-07,3.844712296942861e-05,8.431492376045044e-05,1.7947877711717428e-07,3.93546822062626e-05,8.640584269493739e-05,1.8839107590886602e-07,4.027163307532941e-05,8.852223046941629e-05,1.9763108173070441e-07,4.1197933765820076e-05,9.0664080267282e-05,2.0720671946432353e-07,4.213354248740013e-05,9.283138518993872e-05,2.171260079828605e-07,4.307841747037776e-05,9.502413825682299e-05,2.2739706011825113e-07,4.403251696587157e-05,9.724233240542666e-05,2.3802808262814155e-07,4.4995799245978664e-05,9.948596049132061e-05,2.4902737616241604e-07,4.596822260394231e-05,0.00010175501528817833,2.604033352293413e-07,4.6949745354319586e-05,0.00010404948948779995,0.75
1.708863544978189e-07,3.844712296942861e-05,8.431492376045044e-05,1.7947877711717428e-07,3.93546822062626e-05,8.640584269493739e-05,1.8839107590886602e-07,4.027163307532941e-05,8.852223046941629e-05,1.9763108173070441e-07,4.1197933765820076e-05,9.0664080267282e-05,2.0720671946432353e-07,4.213354248740013e-05,9.283138518993872e-05,2.171260079828605e-07,4.307841747037776e-05,9.502413825682299e-05,2.2739706011825113e-07,4.403251696587157e-05,9.724233240542666e-05,2.3802808262814155e-07,4.4995799245978664e-05,9.948596049132061e-05,2.4902737616241604e-07,4.596822260394231e-05,0.00010175501528817833,2.604033352293413e-07,4.6949745354319586e-05,0.00010404948948779995,0.75
1.708863544978189e-07,3.844712296942861e-05,8.431492376045044e-05,1.7947877711717428e-07,3.93546822062626e-05,8.640584269493739e-05,1.8839107590886602e-07,4.027163307532941e-05,8.852223046941629e-05,1.9763108173070441e-07,4.1197933765820076e-05,9.0664080267282e-05,2.0720671946432353e-07,4.213354248740013e-05,9.283138518993872e-05,2.171260079828605e-07,4.307841747037776e-05,9.502413825682299e-05,2.2739706011825113e-07,4.403251696587157e-05,9.724233240542666e-05,2.3802808262814155e-07,4.4995799245978664e-05,9.948596049132061e-05,2.4902737616241604e-07,4.596822260394231e-05,0.00010175501528817833,2.604033352293413e-07,4.6949745354319586e-05,0.00010404948948779995,0.75
1.708863544978189e-07,3.844712296942861e-05,8.431492376045044e-05,1.7947877711717428e-07,3.93546822062626e-05,8.640584269493739e-05,1.8839107590886602e-07,4.027163307532941e-05,8.852223046941629e-05,1.9763108173070441e-07,4.1197933765820076e-05,9.0664080267282e-05,2.0720671946432353e-07,4.213354248740013e-05,9.283138518993872e-05,2.171260079828605e-07,4.307841747037776e-05,9.502413825682299e-05,2.2739706011825113e-07,4.403251696587157e-05,9.724233240542666e-05,2.3802808262814155e-07,4.4995799245978664e-05,9.948596049132061e-05,2.4902737616241604e-07,4.596822260394231e-05,0.00010175501528817833,2.604033352293413e-07,4.6949745354319586e-05,0.00010404948948779995,0.75
1.708863544978189e-07,3.844712296942861e-05,8.431492376045044e-05,1.7947877711717428e-07,3.93546822062626e-05,8.640584269493739e-05,1.8839107590886602e-07,4.027163307532941e-05,8.852223046941629e-05,1.9763108173070441e-07,4.1197933765820076e-05,9.0664080267282e-05,2.0720671946432353e-07,4.213354248740013e-05,9.283138518993872e-05,2.171260079828605e-07,4.307841747037776e-05,9.502413825682299e-05,2.2739706011825113e-07,4.403251696587157e-05,9.724233240542666e-05,2.3802808262814155e-07,4.4995799245978664e-05,9.948596049132061e-05,2.4902737616241604e-07,4.596822260394231e-05,0.00010175501528817833,2.604033352293413e-07,4.6949745354319586e-05,0.00010404948948779995,0.75
1.708863544978189e-07,3.844712296942861e-05,8.431492376045044e-05,1.7947877711717428e-07,3.93546822062626e-05,8.640584269493739e-05,1.8839107590886602e-07,4.027163307532941e-05,8.852223046941629e-05,1.9763108173070441e-07,4.1197933765820076e-05,9.0664080267282e-05,2.0720671946432353e-07,4.213354248740013e-05,9.283138518993872e-05,2.171260079828605e-07,4.307841747037776e-05,9.502413825682299e-05,2.2739706011825113e-07,4.403251696587157e-05,9.724233240542666e-05,2.3802808262814155e-07,4.4995799245978664e-05,9.948596049132061e-05,2.4902737616241604e-07,4.596822260394231e-05,0.00010175501528817833,2.604033352293413e-07,4.6949745354319586e-05,0.00010404948948779995,0.75
1.708863544978189e-07,3.844712296942861e-05,8.431492376045044e-05,1.7947877711717428e-07,3.93546822062626e-05,8.640584269493739e-05,1.8839107590886602e-07,4.027163307532941e-05,8.852223046941629e-05,1.9763108173070441e-07,4.1197933765820076e-05,9.0664080267282e-05,2.0720671946432353e-07,4.213354248740013e-05,9.283138518993872e-05,2.171260079828605e-07,4.307841747037776e-05,9.502413825682299e-05,2.2739706011825113e-07,4.403251696587157e-05,9.724233240542666e-05,2.3802808262814155e-07,4.4995799245978664e-05,9.948596049132061e-05,2.4902737616241604e-07,4.596822260394231e-05,0.00010175501528817833,2.604033352293413e-07,4.6949745354319586e-05,0.00010404948948779995,0.75
1.708863544978189e-07,3.844712296942861e-05,8.431492376045044e-05,1.7947877711717428e-07,3.93546822062626e-05,8.640584269493739e-05,1.8839107590886602e-07,4.027163307532941e-05,8.852223046941629e-05,1.9763108173070441e-07,4.1197933765820076e-05,9.0664080267282e-05,2.0720671946432353e-07,4.213354248740013e-05,9.283138518993872e-05,2.171260079828605e-07,4.307841747037776e-05,9.502413825682299e-05,2.2739706011825113e-07,4.403251696587157e-05,9.724233240542666e-05,2.3802808262814155e-07,4.4995799245978664e-05,9.948596049132061e-05,2.4902737616241604e-07,4.596822260394231e-05,0.00010175501528817833,2.604033352293413e-07,4.6949745354319586e-05,0.00010404948948779995,0.75
1.708863544978189e-07,3.844712296942861e-05,8.431492376045044e-05,1.7947877711717428e-07,3.93546822062626e-05,8.640584269493739e-05,1.8839107590886602e-07,4.027163307532941e-05,8.852223046941629e-05,1.9763108173070441e-07,4.1197933765820076e-05,9.0664080267282e-05,2.0720671946432353e-07,4.213354248740013e-05,9.283138518993872e-05,2.171260079828605e-07,4.307841747037776e-05,9.502413825682299e-05,2.2739706011825113e-07,4.403251696587157e-05,9.724233240542666e-05,2.3802808262814155e-07,4.4995799245978664e-05,9.948596049132061e-05,2.4902737616241604e-07,4.596822260394231e-05,0.00010175501528817833,2.604033352293413e-07,4.6949745354319586e-05,0.00010404948948779995,0.75
1.708863544978189e-07,3.844712296942861e-05,8.431492376045044e-05,1.7947877711717428e-07,3.93546822062626e-05,8.640584269493739e-05,1.8839107590886602e-07,4.027163307532941e-05,8.852223046941629e-05,1.9763108173070441e-07,4.1197933765820076e-05,9.0664080267282e-05,2.0720671946432353e-07,4.213354248740013e-05,9.283138518993872e-05,2.171260079828605e-07,4.307841747037776e-05,9.502413825682299e-05,2.2739706011825113e-07,4.403251696587157e-05,9.724233240542666e-05,2.3802808262814155e-07,4.4995799245978664e-05,9.948596049132061e-05,2.4902737616241604e-07,4.596822260394231e-05,0.00010175501528817833,2.604033352293413e-07,4.6949745354319586e-05,0.00010404948948779995,0.75
1.708863544978189e-07,3.844712296942861e-05,8.431492376045044e-05,1.7947877711717428e-07,3.93546822062626e-05,8.640584269493739e-05,1.8839107590886602e-07,4.027163307532941e-05,8.852223046941629e-05,1.9763108173070441e-07,4.1197933765820076e-05,9.0664080267282e-05,2.0720671946432353e-07,4.213354248740013e-05,9.283138518993872e-05,2.171260079828605e-07,4.307841747037776e-05,9.502413825682299e-05,2.2739706011825113e-07,4.403251696587157e-05,9.724233240542666e-05,2.3802808262814155e-07,4.4995799245978664e-05,9.948596049132061e-05,2.4902737616241604e-07,4.596822260394231e-05,0.00010175501528817833,2.604033352293413e-07,4.6949745354319586e-05,0.00010404948948779995,0.75
1.708863544978189e-07,3.844712296942861e-05,8.431492376045044e-05,1.7947877711717428e-07,3.93546822062626e-05,8.640584269493739e-05,1.8839107590886602e-07,4.027163307532941e-05,8.852223046941629e-05,1.9763108173070441e-07,4.1197933765820076e-05,9.0664080267282e-05,2.0720671946432353e-07,4.213354248740013e-05,9.283138518993872e-05,2.171260079828605e-07,4.307841747037776e-05,9.502413825682299e-05,2.2739706011825113e-07,4.403251696587157e-05,9.724233240542666e-05,2.3802808262814155e-07,4.4995799245978664e-05,9.948596049132061e-05,2.4902737616241604e-07,4.596822260394231e-05,0.00010175501528817833,2.604033352293413e-07,4.6949745354319586e-05,0.00010404948948779995,0.75
1.708863544978189e-07,3.844712296942861e-05,8.431492376045044e-05,1.7947877711717428e-07,3.93546822062626e-05,8.640584269493739e-05,1.8839107590886602e-07,4.027163307532941e-05,8.852223046941629e-05,1.9763108173070441e-07,4.1197933765820076e-05,9.0664080267282e-05,2.0720671946432353e-07,4.213354248740013e-05,9.283138518993872e-05,2.171260079828605e-07,4.307841747037776e-05,9.502413825682299e-05,2.2739706011825113e-07,4.403251696587157e-05,9.724233240542666e-05,2.3802808262814155e-07,4.4995799245978664e-05,9.948596049132061e-05,2.4902737616241604e-07,4.596822260394231e-05,0.00010175501528817833,2.604033352293413e-07,4.6949745354319586e-05,0.00010404948948779995,0.75
1.708863544978189e-07,3.844712296942861e-05,8.431492376045044e-05,1.7947877711717428e-07,3.93546822062626e-05,8.640584269493739e-05,1.8839107590886602e-07,4.027163307532941e-05,8.852223046941629e-05,1.9763108173070441e-07,4.1197933765820076e-05,9.0664080267282e-05,2.0720671946432353e-07,4.213354248740013e-05,9.283138518993872e-05,2.171260079828605e-07,4.307841747037776e-05,9.502413825682299e-05,2.2739706011825113e-07,4.403251696587157e-05,9.724233240542666e-05,2.3802808262814155e-07,4.4995799245978664e-05,9.948596049132061e-05,2.4902737616241604e-07,4.596822260394231e-05,0.00010175501528817833,2.604033352293413e-07,4.6949745354319586e-05,0.00010404948948779995,0.75
1.708863544978189e-07,3.844712296942861e-05,8.431492376045044e-05,1.7947877711717428e-07,3.93546822062626e-05,8.640584269493739e-05,1.8839107590886602e-07,4.027163307532941e-05,8.852223046941629e-05,1.9763108173070441e-07,4.1197933765820076e-05,9.0664080267282e-05,2.0720671946432353e-07,4.213354248740013e-05,9.283138518993872e-05,2.171260079828605e-07,4.307841747037776e-05,9.502413825682299e-05,2.2739706011825113e-07,4.403251696587157e-05,9.724233240542666e-05,2.3802808262814155e-07,4.4995799245978664e-05,9.948596049132061e-05,2.4902737616241604e-07,4.596822260394231e-05,0.00010175501528817833,2.604033352293413e-07,4.6949745354319586e-05,0.00010404948948779995,0.75
1.708863544978189e-07,3.844712296942861e-05,8.431492376045044e-05,1.7947877711717428e-07,3.93546822062626e-05,8.640584269493739e-05,1.8839107590886602e-07,4.027163307532941e-05,8.852223046941629e-05,1.9763108173070441e-07,4.1197933765820076e-05,9.0664080267282e-05,2.0720671946432353e-07,4.213354248740013e-05,9.283138518993872e-05,2.171260079828605e-07,4.307841747037776e-05,9.502413825682299e-05,2.2739706011825113e-07,4.403251696587157e-05,9.724233240542666e-05,2.3802808262814155e-07,4.4995799245978664e-05,9.948596049132061e-05,2.4902737616241604e-07,4.596822260394231e-05,0.00010175501528817833,2.604033352293413e-07,4.6949745354319586e-05,0.00010404948948779995,0.75
1.708863544978189e-07,3.844712296942861e-05,8.431492376045044e-05,1.7947877711717428e-07,3.93546822062626e-05,8.640584269493739e-05,1.8839107590886602e-07,4.027163307532941e-05,8.852223046941629e-05,1.9763108173070441e-07,4.1197933765820076e-05,9.0664080267282e-05,2.0720671946432353e-07,4.213354248740013e-05,9.283138518993872e-05,2.171260079828605e-07,4.307841747037776e-05,9.502413825682299e-05,2.2739706011825113e-07,4.403251696587157e-05,9.724233240542666e-05,2.3802808262814155e-07,4.4995799245978664e-05,9.948596049132061e-05,2.4902737616241604e-07,4.596822260394231e-05,0.00010175501528817833,2.604033352293413e-07,4.6949745354319586e-05,0.00010404948948779995,0.75
1.708863544978189e-07,3.844712296942861e-05,8.431492376045044e-05,1.7947877711717428e-07,3.93546822062626e-05,8.640584269493739e-05,1.8839107590886602e-07,4.027163307532941e-05,8.852223046941629e-05,1.9763108173070441e-07,4.1197933765820076e-05,9.0664080267282e-05,2.0720671946432353e-07,4.213354248740013e-05,9.283138518993872e-05,2.171260079828605e-07,4.307841747037776e-05,9.502413825682299e-05,2.2739706011825113e-07,4.403251696587157e-05,9.724233240542666e-05,2.3802808262814155e-07,4.4995799245978664e-05,9.948596049132061e-05,2.4902737616241604e-07,4.596822260394231e-05,0.00010175501528817833,2.604033352293413e-07,4.6949745354319586e-05,0.00010404948948779995,0.75
1.708863544978189e-07,3.844712296942861e-05,8.431492376045044e-05,1.7947877711717428e-07,3.93546822062626e-05,8.640584269493739e-05,1.8839107590886602e-07,4.027163307532941e-05,8.852223046941629e-05,1.9763108173070441e-07,4.1197933765820076e-05,9.0664080267282e-05,2.0720671946432353e-07,4.213354248740013e-05,9.283138518993872e-05,2.171260079828605e-07,4.307841747037776e-05,9.502413825682299e-05,2.2739706011825113e-07,4.403251696587157e-05,9.724233240542666e-05,2.3802808262814155e-07,4.4995799245978664e-05,9.948596049132061e-05,2.4902737616241604e-07,4.596822260394231e-05,0.00010175501528817833,2.604033352293413e-07,4.6949745354319586e-05,0.00010404948948779995,0.75
1.708863544978189e-07,3.844712296942861e-05,8.431492376045044e-05,1.7947877711717428e-07,3.93546822062626e-05,8.640584269493739e-05,1.8839107590886602e-07,4.027163307532941e-05,8.852223046941629e-05,1.9763108173070441e-07,4.1197933765820076e-05,9.0664080267282e-05,2.0720671946432353e-07,4.213354248740013e-05,9.283138518993872e-05,2.171260079828605e-07,4.307841747037776e-05,9.502413825682299e-05,2.2739706011825113e-07,4.403251696587157e-05,9.724233240542666e-05,2.3802808262814155e-07,4.4995799245978664e-05,9.948596049132061e-05,2.4902737616241604e-07,4.596822260394231e-05,0.00010175501528817833,2.604033352293413e-07,4.6949745354319586e-05,0.00010404948948779995,0.75
1.708863544978189e-07,3.844712296942861e-05,8.431492376045044e-05,1.7947877711717428e-07,3.93546822062626e-05,8.640584269493739e-05,1.8839107590886602e-07,4.027163307532941e-05,8.852223046941629e-05,1.9763108173070441e-07,4.1197933765820076e-05,9.0664080267282e-05,2.0720671946432353e-07,4.213354248740013e-05,9.283138518993872e-05,2.171260079828605e-07,4.307841747037776e-05,9.502413825682299e-05,2.2739706011825113e-07,4.403251696587157e-05,9.724233240542666e-05,2.3802808262814155e-07,4.4995799245978664e-05,9.948596049132061e-05,2.4902737616241604e-07,4.596822260394231e-05,0.00010175501528817833,2.604033352293413e-07,4.6949745354319586e-05,0.00010404948948779995,0.75
1.708863544978189e-07,3.844712296942861e-05,8.431492376045044e-05,1.7947877711717428e-07,3.93546822062626e-05,8.640584269493739e-05,1.8839107590886602e-07,4.027163307532941e-05,8.852223046941629e-05,1.9763108173070441e-07,4.1197933765820076e-05,9.0664080267282e-05,2.0720671946432353e-07,4.213354248740013e-05,9.283138518993872e-05,2.171260079828605e-07,4.307841747037776e-05,9.502413825682299e-05,2.2739706011825113e-07,4.403251696587157e-05,9.724233240542666e-05,2.3802808262814155e-07,4.4995799245978664e-05,9.948596049132061e-05,2.4902737616241604e-07,4.596822260394231e-05,0.00010175501528817833,2.604033352293413e-07,4.6949745354319586e-05,0.00010404948948779995,0.75
1.708863544978189e-07,3.844712296942861e-05,8.431492376045044e-05,1.7947877711717428e-07,3.93546822062626e-05,8.640584269493739e-05,1.8839107590886602e-07,4.027163307532941e-05,8.852223046941629e-05,1.9763108173070441e-07,4.1197933765820076e-05,9.0664080267282e-05,2.0720671946432353e-07,4.213354248740013e-05,9.283138518993872e-05,2.171260079828605e-07,4.307841747037776e-05,9.502413825682299e-05,2.2739706011825113e-07,4.403251696587157e-05,9.724233240542666e-05,2.3802808262814155e-07,4.4995799245978664e-05,9.948596049132061e-05,2.4902737616241604e-07,4.596822260394231e-05,0.00010175501528817833,2.604033352293413e-07,4.6949745354319586e-05,0.00010404948948779995,0.75
1.708863544978189e-07,3.844712296942861e-05,8.431492376045044e-05,1.7947877711717428e-07,3.93546822062626e-05,8.640584269493739e-05,1.8839107590886602e-07,4.027163307532941e-05,8.852223046941629e-05,1.9763108173070441e-07,4.1197933765820076e-05,9.0664080267282e-05,2.0720671946432353e-07,4.213354248740013e-05,9.283138518993872e-05,2.171260079828605e-07,4.307841747037776e-05,9.502413825682299e-05,2.2739706011825113e-07,4.403251696587157e-05,9.724233240542666e-05,2.3802808262814155e-07,4.4995799245978664e-05,9.948596049132061e-05,2.4902737616241604e-07,4.596822260394231e-05,0.00010175501528817833,2.604033352293413e-07,4.6949745354319586e-05,0.00010404948948779995,0.75
1.708863544978189e-07,3.844712296942861e-05,8.431492376045044e-05,1.7947877711717428e-07,3.93546822062626e-05,8.640584269493739e-05,1.8839107590886602e-07,4.027163307532941e-05,8.852223046941629e-05,1.9763108173070441e-07,4.1197933765820076e-05,9.0664080267282e-05,2.0720671946432353e-07,4.213354248740013e-05,9.283138518993872e-05,2.171260079828605e-07,4.307841747037776e-05,9.502413825682299e-05,2.2739706011825113e-07,4.403251696587157e-05,9.724233240542666e-05,2.3802808262814155e-07,4.4995799245978664e-05,9.948596049132061e-05,2.4902737616241604e-07,4.596822260394231e-05,0.00010175501528817833,2.604033352293413e-07,4.6949745354319586e-05,0.00010404948948779995,0.75
1.708863544978189e-07,3.844712296942861e-05,8.431492376045044e-05,1.7947877711717428e-07,3.93546822062626e-05,8.640584269493739e-05,1.8839107590886602e-07,4.027163307532941e-05,8.852223046941629e-05,1.9763108173070441e-07,4.1197933765820076e-05,9.0664080267282e-05,2.0720671946432353e-07,4.213354248740013e-05,9.283138518993872e-05,2.171260079828605e-07,4.307841747037776e-05,9.502413825682299e-05,2.2739706011825113e-07,4.403251696587157e-05,9.724233240542666e-05,2.3802808262814155e-07,4.4995799245978664e-05,9.948596049132061e-05,2.4902737616241604e-07,4.596822260394231e-05,0.00010175501528817833,2.604033352293413e-07,4.6949745354319586e-05,0.00010404948948779995,0.75
1.708863544978189e-07,3.844712296942861e-05,8.431492376045044e-05,1.7947877711717428e-07,3.93546822062626e-05,8.640584269493739e-05,1.8839107590886602e-07,4.027163307532941e-05,8.852223046941629e-05,1.9763108173070441e-07,4.1197933765820076e-05,9.0664080267282e-05,2.0720671946432353e-07,4.213354248740013e-05,9.283138518993872e-05,2.171260079828605e-07,4.307841747037776e-05,9.502413825682299e-05,2.2739706011825113e-07,4.403251696587157e-05,9.724233240542666e-05,2.3802808262814155e-07,4.4995799245978664e-05,9.948596049132061e-05,2.4902737616241604e-07,4.596822260394231e-05,0.00010175501528817833,2.604033352293413e-07,4.6949745354319586e-05,0.00010404948948779995,0.75
1.708863544978189e-07,3.844712296942861e-05,8.431492376045044e-05,1.7947877711717428e-07,3.93546822062626e-05,8.640584269493739e-05,1.8839107590886602e-07,4.027163307532941e-05,8.852223046941629e-05,1.9763108173070441e-07,4.1197933765820076e-05,9.0664080267282e-05,2.0720671946432353e-07,4.213354248740013e-05,9.283138518993872e-05,2.171260079828605e-07,4.307841747037776e-05,9.502413825682299e-05,2.2739706011825113e-07,4.403251696587157e-05,9.724233240542666e-05,2.3802808262814155e-07,4.4995799245978664e-05,9.948596049132061e-05,2.4902737616241604e-07,4.596822260394231e-05,0.00010175501528817833,2.604033352293413e-07,4.6949745354319586e-05,0.00010404948948779995,0.75
1.708863544978189e-07,3.844712296942861e-05,8.431492376045044e-05,1.7947877711717428e-07,3.93546822062626e-05,8.640584269493739e-05,1.8839107590886602e-07,4.027163307532941e-05,8.852223046941629e-05,1.9763108173070441e-07,4.1197933765820076e-05,9.0664080267282e-05,2.0720671946432353e-07,4.213354248740013e-05,9.283138518993872e-05,2.171260079828605e-07,4.307841747037776e-05,9.502413825682299e-05,2.2739706011825113e-07,4.403251696587157e-05,9.724233240542666e-05,2.3802808262814155e-07,4.4995799245978664e-05,9.948596049132061e-05,2.4902737616241604e-07,4.596822260394231e-05,0.00010175501528817833,2.604033352293413e-07,4.6949745354319586e-05,0.00010404948948779995,0.75
1.708863544978189e-07,3.844712296942861e-05,8.431492376045044e-05,1.7947877711717428e-07,3.93546822062626e-05,8.640584269493739e-05,1.8839107590886602e-07,4.027163307532941e-05,8.852223046941629e-05,1.9763108173070441e-07,4.1197933765820076e-05,9.0664080267282e-05,2.0720671946432353e-07,4.213354248740013e-05,9.283138518993872e-05,2.171260079828605e-07,4.307841747037776e-05,9.502413825682299e-05,2.2739706011825113e-07,4.403251696587157e-05,9.724233240542666e-05,2.3802808262814155e-07,4.4995799245978664e-05,9.948596049132061e-05,2.4902737616241604e-07,4.596822260394231e-05,0.00010175501528817833,2.604033352293413e-07,4.6949745354319586e-05,0.00010404948948779995,0.75
1.708863544978189e-07,3.844712296942861e-05,8.431492376045044e-05,1.7947877711717428e-07,3.93546822062626e-05,8.640584269493739e-05,1.8839107590886602e-07,4.027163307532941e-05,8.852223046941629e-05,1.9763108173070441e-07,4.1197933765820076e-05,9.0664080267282e-05,2.0720671946432353e-07,4.213354248740013e-05,9.283138518993872e-05,2.171260079828605e-07,4.307841747037776e-05,9.502413825682299e-05,2.2739706011825113e-07,4.403251696587157e-05,9.724233240542666e-05,2.3802808262814155e-07,4.4995799245978664e-05,9.948596049132061e-05,2.4902737616241604e-07,4.596822260394231e-05,0.00010175501528817833,2.604033352293413e-07,4.6949745354319586e-05,0.00010404948948779995,0.75
1.708863544978189e-07,3.844712296942861e-05,8.431492376045044e-05,1.7947877711717428e-07,3.93546822062626e-05,8.640584269493739e-05,1.8839107590886602e-07,4.027163307532941e-05,8.852223046941629e-05,1.9763108173070441e-07,4.1197933765820076e-05,9.0664080267282e-05,2.0720671946432353e-07,4.213354248740013e-05,9.283138518993872e-05,2.171260079828605e-07,4.307841747037776e-05,9.502413825682299e-05,2.2739706011825113e-07,4.403251696587157e-05,9.724233240542666e-05,2.3802808262814155e-07,4.4995799245978664e-05,9.948596049132061e-05,2.4902737616241604e-07,4.596822260394231e-05,0.00010175501528817833,2.604033352293413e-07,4.6949745354319586e-05,0.00010404948948779995,0.75
1.708863544978189e-07,3.844712296942861e-05,8.431492376045044e-05,1.7947877711717428e-07,3.93546822062626e-05,8.640584269493739e-05,1.8839107590886602e-07,4.027163307532941e-05,8.852223046941629e-05,1.9763108173070441e-07,4.1197933765820076e-05,9.0664080267282e-05,2.0720671946432353e-07,4.213354248740013e-05,9.283138518993872e-05,2.171260079828605e-07,4.307841747037776e-05,9.502413825682299e-05,2.2739706011825113e-07,4.403251696587157e-05,9.724233240542666e-05,2.3802808262814155e-07,4.4995799245978664e-05,9.948596049132061e-05,2.4902737616241604e-07,4.596822260394231e-05,0.00010175501528817833,2.604033352293413e-07,4.6949745354319586e-05,0.00010404948948779995,0.75
1.708863544978189e-07,3.844712296942861e-05,8.431492376045044e-05,1.7947877711717428e-07,3.93546822062626e-05,8.640584269493739e-05,1.8839107590886602e-07,4.027163307532941e-05,8.852223046941629e-05,1.9763108173070441e-07,4.1197933765820076e-05,9.0664080267282e-05,2.0720671946432353e-07,4.213354248740013e-05,9.283138518993872e-05,2.171260079828605e-07,4.307841747037776e-05,9.502413825682299e-05,2.2739706011825113e-07,4.403251696587157e-05,9.724233240542666e-05,2.3802808262814155e-07,4.4995799245978664e-05,9.948596049132061e-05,2.4902737616241604e-07,4.596822260394231e-05,0.00010175501528817833,2.604033352293413e-07,4.6949745354319586e-05,0.00010404948948779995,0.75
1.708863544978189e-07,3.844712296942861e-05,8.431492376045044e-05,1.7947877711717428e-07,3.93546822062626e-05,8.640584269493739e-05,1.8839107590886602e-07,4.027163307532941e-05,8.852223046941629e-05,1.9763108173070441e-07,4.1197933765820076e-05,9.0664080267282e-05,2.0720671946432353e-07,4.213354248740013e-05,9.283138518993872e-05,2.171260079828605e-07,4.307841747037776e-05,9.502413825682299e-05,2.2739706011825113e-07,4.403251696587157e-05,9.724233240542666e-05,2.3802808262814155e-07,4.4995799245978664e-05,9.948596049132061e-05,2.4902737616241604e-07,4.596822260394231e-05,0.00010175501528817833,2.604033352293413e-07,4.6949745354319586e-05,0.00010404948948779995,0.75
1.708863544978189e-07,3.844712296942861e-05,8.431492376045044e-05,1.7947877711717428e-07,3.93546822062626e-05,8.640584269493739e-05,1.8839107590886602e-07,4.027163307532941e-05,8.852223046941629e-05,1.9763108173070441e-07,4.1197933765820076e-05,9.0664080267282e-05,2.0720671946432353e-07,4.213354248740013e-05,9.283138518993872e-05,2.171260079828605e-07,4.307841747037776e-05,9.502413825682299e-05,2.2739706011825113e-07,4.403251696587157e-05,9.724233240542666e-05,2.3802808262814155e-07,4.4995799245978664e-05,9.948596049132061e-05,2.4902737616241604e-07,4.596822260394231e-05,0.00010175501528817833,2.604033352293413e-07,4.6949745354319586e-05,0.00010404948948779995,0.75
1.708863544978189e-07,3.844712296942861e-05,8.431492376045044e-05,1.7947877711717428e-07,3.93546822062626e-05,8.640584269493739e-05,1.8839107590886602e-07,4.027163307532941e-05,8.852223046941629e-05,1.9763108173070441e-07,4.1197933765820076e-05,9.0664080267282e-05,2.0720671946432353e-07,4.213354248740013e-05,9.283138518993872e-05,2.171260079828605e-07,4.307841747037776e-05,9.502413825682299e-05,2.2739706011825113e-07,4.403251696587157e-05,9.724233240542666e-05,2.3802808262814155e-07,4.4995799245978664e-05,9.948596049132061e-05,2.4902737616241604e-07,4.596822260394231e-05,0.00010175501528817833,2.604033352293413e-07,4.6949745354319586e-05,0.00010404948948779995,0.75
1.708863544978189e-07,3.844712296942861e-05,8.431492376045044e-05,1.7947877711717428e-07,3.93546822062626e-05,8.640584269493739e-05,1.8839107590886602e-07,4.027163307532941e-05,8.852223046941629e-05,1.9763108173070441e-07,4.1197933765820076e-05,9.0664080267282e-05,2.0720671946432353e-07,4.213354248740013e-05,9.283138518993872e-05,2.171260079828605e-07,4.307841747037776e-05,9.502413825682299e-05,2.2739706011825113e-07,4.403251696587157e-05,9.724233240542666e-05,2.3802808262814155e-07,4.4995799245978664e-05,9.948596049132061e-05,2.4902737616241604e-07,4.596822260394231e-05,0.00010175501528817833,2.604033352293413e-07,4.6949745354319586e-05,0.00010404948948779995,0.75
1.708863544978189e-07,3.844712296942861e-05,8.431492376045044e-05,1.7947877711717428e-07,3.93546822062626e-05,8.640584269493739e-05,1.8839107590886602e-07,4.027163307532941e-05,8.852223046941629e-05,1.9763108173070441e-07,4.1197933765820076e-05,9.0664080267282e-05,2.0720671946432353e-07,4.213354248740013e-05,9.283138518993872e-05,2.171260079828605e-07,4.307841747037776e-05,9.502413825682299e-05,2.2739706011825113e-07,4.403251696587157e-05,9.724233240542666e-05,2.3802808262814155e-07,4.4995799245978664e-05,9.948596049132061e-05,2.4902737616241604e-07,4.596822260394231e-05,0.00010175501528817833,2.604033352293413e-07,4.6949745354319586e-05,0.00010404948948779995,0.75
1.708863544978189e-07,3.844712296942861e-05,8.431492376045044e-05,1.7947877711717428e-07,3.93546822062626e-05,8.640584269493739e-05,1.8839107590886602e-07,4.027163307532941e-05,8.852223046941629e-05,1.9763108173070441e-07,4.1197933765820076e-05,9.0664080267282e-05,2.0720671946432353e-07,4.213354248740013e-05,9.283138518993872e-05,2.171260079828605e-07,4.307841747037776e-05,9.502413825682299e-05,2.2739706011825113e-07,4.403251696587157e-05,9.724233240542666e-05,2.3802808262814155e-07,4.4995799245978664e-05,9.948596049132061e-05,2.4902737616241604e-07,4.596822260394231e-05,0.00010175501528817833,2.604033352293413e-07,4.6949745354319586e-05,0.00010404948948779995,0.75
1.708863544978189e-07,3.844712296942861e-05,8.431492376045044e-05,1.7947877711717428e-07,3.93546822062626e-05,8.640584269493739e-05,1.8839107590886602e-07,4.027163307532941e-05,8.852223046941629e-05,1.9763108173070441e-07,4.1197933765820076e-05,9.0664080267282e-05,2.0720671946432353e-07,4.213354248740013e-05,9.283138518993872e-05,2.171260079828605e-07,4.307841747037776e-05,9.502413825682299e-05,2.2739706011825113e-07,4.403251696587157e-05,9.724233240542666e-05,2.3802808262814155e-07,4.4995799245978664e-05,9.948596049132061e-05,2.4902737616241604e-07,4.596822260394231e-05,0.00010175501528817833,2.604033352293413e-07,4.6949745354319586e-05,0.00010404948948779995,0.75
1.708863544978189e-07,3.844712296942861e-05,8.431492376045044e-05,1.7947877711717428e-07,3.93546822062626e-05,8.640584269493739e-05,1.8839107590886602e-07,4.027163307532941e-05,8.852223046941629e-05,1.9763108173070441e-07,4.1197933765820076e-05,9.0664080267282e-05,2.0720671946432353e-07,4.213354248740013e-05,9.283138518993872e-05,2.171260079828605e-07,4.307841747037776e-05,9.502413825682299e-05,2.2739706011825113e-07,4.403251696587157e-05,9.724233240542666e-05,2.3802808262814155e-07,4.4995799245978664e-05,9.948596049132061e-05,2.4902737616241604e-07,4.596822260394231e-05,0.00010175501528817833,2.604033352293413e-07,4.6949745354319586e-05,0.00010404948948779995,0.75
1.708863544978189e-07,3.844712296942861e-05,8.431492376045044e-05,1.7947877711717428e-07,3.93546822062626e-05,8.640584269493739e-05,1.8839107590886602e-07,4.027163307532941e-05,8.852223046941629e-05,1.9763108173070441e-07,4.1197933765820076e-05,9.0664080267282e-05,2.0720671946432353e-07,4.213354248740013e-05,9.283138518993872e-05,2.171260079828605e-07,4.307841747037776e-05,9.502413825682299e-05,2.2739706011825113e-07,4.403251696587157e-05,9.724233240542666e-05,2.3802808262814155e-07,4.4995799245978664e-05,9.948596049132061e-05,2.4902737616241604e-07,4.596822260394231e-05,0.00010175501528817833,2.604033352293413e-07,4.6949745354319586e-05,0.00010404948948779995,0.75
1.708863544978189e-07,3.844712296942861e-05,8.431492376045044e-05,1.7947877711717428e-07,3.93546822062626e-05,8.640584269493739e-05,1.8839107590886602e-07,4.027163307532941e-05,8.852223046941629e-05,1.9763108173070441e-07,4.1197933765820076e-05,9.0664080267282e-05,2.0720671946432353e-07,4.213354248740013e-05,9.283138518993872e-05,2.171260079828605e-07,4.307841747037776e-05,9.502413825682299e-05,2.2739706011825113e-07,4.403251696587157e-05,9.724233240542666e-05,2.3802808262814155e-07,4.4995799245978664e-05,9.948596049132061e-05,2.4902737616241604e-07,4.596822260394231e-05,0.00010175501528817833,2.604033352293413e-07,4.6949745354319586e-05,0.00010404948948779995,0.75
1.708863544978189e-07,3.844712296942861e-05,8.431492376045044e-05,1.7947877711717428e-07,3.93546822062626e-05,8.640584269493739e-05,1.8839107590886602e-07,4.027163307532941e-05,8.852223046941629e-05,1.9763108173070441e-07,4.1197933765820076e-05,9.0664080267282e-05,2.0720671946432353e-07,4.213354248740013e-05,9.283138518993872e-05,2.171260079828605e-07,4.307841747037776e-05,9.502413825682299e-05,2.2739706011825113e-07,4.403251696587157e-05,9.724233240542666e-05,2.3802808262814155e-07,4.4995799245978664e-05,9.948596049132061e-05,2.4902737616241604e-07,4.596822260394231e-05,0.00010175501528817833,2.604033352293413e-07,4.6949745354319586e-05,0.00010404948948779995,0.75
1.708863544978189e-07,3.844712296942861e-05,8.431492376045044e-05,1.7947877711717428e-07,3.93546822062626e-05,8.640584269493739e-05,1.8839107590886602e-07,4.027163307532941e-05,8.852223046941629e-05,1.9763108173070441e-07,4.1197933765820076e-05,9.0664080267282e-05,2.0720671946432353e-07,4.213354248740013e-05,9.283138518993872e-05,2.171260079828605e-07,4.307841747037776e-05,9.502413825682299e-05,2.2739706011825113e-07,4.403251696587157e-05,9.724233240542666e-05,2.3802808262814155e-07,4.4995799245978664e-05,9.948596049132061e-05,2.4902737616241604e-07,4.596822260394231e-05,0.00010175501528817833,2.604033352293413e-07,4.6949745354319586e-05,0.00010404948948779995,0.75
1.708863544978189e-07,3.844712296942861e-05,8.431492376045044e-05,1.7947877711717428e-07,3.93546822062626e-05,8.640584269493739e-05,1.8839107590886602e-07,4.027163307532941e-05,8.852223046941629e-05,1.9763108173070441e-07,4.1197933765820076e-05,9.0664080267282e-05,2.0720671946432353e-07,4.213354248740013e-05,9.283138518993872e-05,2.171260079828605e-07,4.307841747037776e-05,9.502413825682299e-05,2.2739706011825113e-07,4.403251696587157e-05,9.724233240542666e-05,2.3802808262814155e-07,4.4995799245978664e-05,9.948596049132061e-05,2.4902737616241604e-07,4.596822260394231e-05,0.00010175501528817833,2.604033352293413e-07,4.6949745354319586e-05,0.00010404948948779995,0.75
1.708863544978189e-07,3.844712296942861e-05,8.431492376045044e-05,1.7947877711717428e-07,3.93546822062626e-05,8.640584269493739e-05,1.8839107590886602e-07,4.027163307532941e-05,8.852223046941629e-05,1.9763108173070441e-07,4.1197933765820076e-05,9.0664080267282e-05,2.0720671946432353e-07,4.213354248740013e-05,9.283138518993872e-05,2.171260079828605e-07,4.307841747037776e-05,9.502413825682299e-05,2.2739706011825113e-07,4.403251696587157e-05,9.724233240542666e-05,2.3802808262814155e-07,4.4995799245978664e-05,9.948596049132061e-05,2.4902737616241604e-07,4.596822260394231e-05,0.00010175501528817833,2.604033352293413e-07,4.6949745354319586e-05,0.00010404948948779995,0.75
1.708863544978189e-07,3.844712296942861e-05,8.431492376045044e-05,1.7947877711717428e-07,3.93546822062626e-05,8.640584269493739e-05,1.8839107590886602e-07,4.027163307532941e-05,8.852223046941629e-05,1.9763108173070441e-07,4.1197933765820076e-05,9.0664080267282e-05,2.0720671946432353e-07,4.213354248740013e-05,9.283138518993872e-05,2.171260079828605e-07,4.307841747037776e-05,9.502413825682299e-05,2.2739706011825113e-07,4.403251696587157e-05,9.724233240542666e-05,2.3802808262814155e-07,4.4995799245978664e-05,9.948596049132061e-05,2.4902737616241604e-07,4.596822260394231e-05,0.00010175501528817833,2.604033352293413e-07,4.6949745354319586e-05,0.00010404948948779995,0.75
1.708863544978189e-07,3.844712296942861e-05,8.431492376045044e-05,1.7947877711717428e-07,3.93546822062626e-05,8.640584269493739e-05,1.8839107590886602e-07,4.027163307532941e-05,8.852223046941629e-05,1.9763108173070441e-07,4.1197933765820076e-05,9.0664080267282e-05,2.0720671946432353e-07,4.213354248740013e-05,9.283138518993872e-05,2.171260079828605e-07,4.307841747037776e-05,9.502413825682299e-05,2.2739706011825113e-07,4.403251696587157e-05,9.724233240542666e-05,2.3802808262814155e-07,4.4995799245978664e-05,9.948596049132061e-05,2.4902737616241604e-07,4.596822260394231e-05,0.00010175501528817833,2.604033352293413e-07,4.6949745354319586e-05,0.00010404948948779995,0.75
1.708863544978189e-07,3.844712296942861e-05,8.431492376045044e-05,1.7947877711717428e-07,3.93546822062626e-05,8.640584269493739e-05,1.8839107590886602e-07,4.027163307532941e-05,8.852223046941629e-05,1.9763108173070441e-07,4.1197933765820076e-05,9.0664080267282e-05,2.0720671946432353e-07,4.213354248740013e-05,9.283138518993872e-05,2.171260079828605e-07,4.307841747037776e-05,9.502413825682299e-05,2.2739706011825113e-07,4.403251696587157e-05,9.724233240542666e-05,2.3802808262814155e-07,4.4995799245978664e-05,9.948596049132061e-05,2.4902737616241604e-07,4.596822260394231e-05,0.00010175501528817833,2.604033352293413e-07,4.6949745354319586e-05,0.00010404948948779995,0.75
1.708863544978189e-07,3.844712296942861e-05,8.431492376045044e-05,1.7947877711717428e-07,3.93546822062626e-05,8.640584269493739e-05,1.8839107590886602e-07,4.027163307532941e-05,8.852223046941629e-05,1.9763108173070441e-07,4.1197933765820076e-05,9.0664080267282e-05,2.0720671946432353e-07,4.213354248740013e-05,9.283138518993872e-05,2.171260079828605e-07,4.307841747037776e-05,9.502413825682299e-05,2.2739706011825113e-07,4.403251696587157e-05,9.724233240542666e-05,2.3802808262814155e-07,4.4995799245978664e-05,9.948596049132061e-05,2.4902737616241604e-07,4.596822260394231e-05,0.00010175501528817833,2.604033352293413e-07,4.6949745354319586e-05,0.00010404948948779995,0.75
1.708863544978189e-07,3.844712296942861e-05,8.431492376045044e-05,1.7947877711717428e-07,3.93546822062626e-05,8.640584269493739e-05,1.8839107590886602e-07,4.027163307532941e-05,8.852223046941629e-05,1.9763108173070441e-07,4.1197933765820076e-05,9.0664080267282e-05,2.0720671946432353e-07,4.213354248740013e-05,9.283138518993872e-05,2.171260079828605e-07,4.307841747037776e-05,9.502413825682299e-05,2.2739706011825113e-07,4.403251696587157e-05,9.724233240542666e-05,2.3802808262814155e-07,4.4995799245978664e-05,9.948596049132061e-05,2.4902737616241604e-07,4.596822260394231e-05,0.00010175501528817833,2.604033352293413e-07,4.6949745354319586e-05,0.00010404948948779995,0.75
1.708863544978189e-07,3.844712296942861e-05,8.431492376045044e-05,1.7947877711717428e-07,3.93546822062626e-05,8.640584269493739e-05,1.8839107590886602e-07,4.027163307532941e-05,8.852223046941629e-05,1.9763108173070441e-07,4.1197933765820076e-05,9.0664080267282e-05,2.0720671946432353e-07,4.213354248740013e-05,9.283138518993872e-05,2.171260079828605e-07,4.307841747037776e-05,9.502413825682299e-05,2.2739706011825113e-07,4.403251696587157e-05,9.724233240542666e-05,2.3802808262814155e-07,4.4995799245978664e-05,9.948596049132061e-05,2.4902737616241604e-07,4.596822260394231e-05,0.00010175501528817833,2.604033352293413e-07,4.6949745354319586e-05,0.00010404948948779995,0.75
1.708863544978189e-07,3.844712296942861e-05,8.431492376045044e-05,1.7947877711717428e-07,3.93546822062626e-05,8.640584269493739e-05,1.8839107590886602e-07,4.027163307532941e-05,8.852223046941629e-05,1.9763108173070441e-07,4.1197933765820076e-05,9.0664080267282e-05,2.0720671946432353e-07,4.213354248740013e-05,9.283138518993872e-05,2.171260079828605e-07,4.307841747037776e-05,9.502413825682299e-05,2.2739706011825113e-07,4.403251696587157e-05,9.724233240542666e-05,2.3802808262814155e-07,4.4995799245978664e-05,9.948596049132061e-05,2.4902737616241604e-07,4.596822260394231e-05,0.00010175501528817833,2.604033352293413e-07,4.6949745354319586e-05,0.00010404948948779995,0.75
1.708863544978189e-07,3.844712296942861e-05,8.431492376045044e-05,1.7947877711717428e-07,3.93546822062626e-05,8.640584269493739e-05,1.8839107590886602e-07,4.027163307532941e-05,8.852223046941629e-05,1.9763108173070441e-07,4.1197933765820076e-05,9.0664080267282e-05,2.0720671946432353e-07,4.213354248740013e-05,9.283138518993872e-05,2.171260079828605e-07,4.307841747037776e-05,9.502413825682299e-05,2.2739706011825113e-07,4.403251696587157e-05,9.724233240542666e-05,2.3802808262814155e-07,4.4995799245978664e-05,9.948596049132061e-05,2.4902737616241604e-07,4.596822260394231e-05,0.00010175501528817833,2.604033352293413e-07,4.6949745354319586e-05,0.00010404948948779995,0.75
1.708863544978189e-07,3.844712296942861e-05,8.431492376045044e-05,1.7947877711717428e-07,3.93546822062626e-05,8.640584269493739e-05,1.8839107590886602e-07,4.027163307532941e-05,8.852223046941629e-05,1.9763108173070441e-07,4.1197933765820076e-05,9.0664080267282e-05,2.0720671946432353e-07,4.213354248740013e-05,9.283138518993872e-05,2.171260079828605e-07,4.307841747037776e-05,9.502413825682299e-05,2.2739706011825113e-07,4.403251696587157e-05,9.724233240542666e-05,2.3802808262814155e-07,4.4995799245978664e-05,9.948596049132061e-05,2.4902737616241604e-07,4.596822260394231e-05,0.00010175501528817833,2.604033352293413e-07,4.6949745354319586e-05,0.00010404948948779995,0.75
1.708863544978189e-07,3.844712296942861e-05,8.431492376045044e-05,1.7947877711717428e-07,3.93546822062626e-05,8.640584269493739e-05,1.8839107590886602e-07,4.027163307532941e-05,8.852223046941629e-05,1.9763108173070441e-07,4.1197933765820076e-05,9.0664080267282e-05,2.0720671946432353e-07,4.213354248740013e-05,9.283138518993872e-05,2.171260079828605e-07,4.307841747037776e-05,9.502413825682299e-05,2.2739706011825113e-07,4.403251696587157e-05,9.724233240542666e-05,2.3802808262814155e-07,4.4995799245978664e-05,9.948596049132061e-05,2.4902737616241604e-07,4.596822260394231e-05,0.00010175501528817833,2.604033352293413e-07,4.6949745354319586e-05,0.00010404948948779995,0.75
1.708863544978189e-07,3.844712296942861e-05,8.431492376045044e-05,1.7947877711717428e-07,3.93546822062626e-05,8.640584269493739e-05,1.8839107590886602e-07,4.027163307532941e-05,8.852223046941629e-05,1.9763108173070441e-07,4.1197933765820076e-05,9.0664080267282e-05,2.0720671946432353e-07,4.213354248740013e-05,9.283138518993872e-05,2.171260079828605e-07,4.307841747037776e-05,9.502413825682299e-05,2.2739706011825113e-07,4.403251696587157e-05,9.724233240542666e-05,2.3802808262814155e-07,4.4995799245978664e-05,9.948596049132061e-05,2.4902737616241604e-07,4.596822260394231e-05,0.00010175501528817833,2.604033352293413e-07,4.6949745354319586e-05,0.00010404948948779995,0.75
1.708863544978189e-07,3.844712296942861e-05,8.431492376045044e-05,1.7947877711717428e-07,3.93546822062626e-05,8.640584269493739e-05,1.8839107590886602e-07,4.027163307532941e-05,8.852223046941629e-05,1.9763108173070441e-07,4.1197933765820076e-05,9.0664080267282e-05,2.0720671946432353e-07,4.213354248740013e-05,9.283138518993872e-05,2.171260079828605e-07,4.307841747037776e-05,9.502413825682299e-05,2.2739706011825113e-07,4.403251696587157e-05,9.724233240542666e-05,2.3802808262814155e-07,4.4995799245978664e-05,9.948596049132061e-05,2.4902737616241604e-07,4.596822260394231e-05,0.00010175501528817833,2.604033352293413e-07,4.6949745354319586e-05,0.00010404948948779995,0.75
1.708863544978189e-07,3.844712296942861e-05,8.431492376045044e-05,1.7947877711717428e-07,3.93546822062626e-05,8.640584269493739e-05,1.8839107590886602e-07,4.027163307532941e-05,8.852223046941629e-05,1.9763108173070441e-07,4.1197933765820076e-05,9.0664080267282e-05,2.0720671946432353e-07,4.213354248740013e-05,9.283138518993872e-05,2.171260079828605e-07,4.307841747037776e-05,9.502413825682299e-05,2.2739706011825113e-07,4.403251696587157e-05,9.724233240542666e-05,2.3802808262814155e-07,4.4995799245978664e-05,9.948596049132061e-05,2.4902737616241604e-07,4.596822260394231e-05,0.00010175501528817833,2.604033352293413e-07,4.6949745354319586e-05,0.00010404948948779995,0.75
1.708863544978189e-07,3.844712296942861e-05,8.431492376045044e-05,1.7947877711717428e-07,3.93546822062626e-05,8.640584269493739e-05,1.8839107590886602e-07,4.027163307532941e-05,8.852223046941629e-05,1.9763108173070441e-07,4.1197933765820076e-05,9.0664080267282e-05,2.0720671946432353e-07,4.213354248740013e-05,9.283138518993872e-05,2.171260079828605e-07,4.307841747037776e-05,9.502413825682299e-05,2.2739706011825113e-07,4.403251696587157e-05,9.724233240542666e-05,2.3802808262814155e-07,4.4995799245978664e-05,9.948596049132061e-05,2.4902737616241604e-07,4.596822260394231e-05,0.00010175501528817833,2.604033352293413e-07,4.6949745354319586e-05,0.00010404948948779995,0.75
1.708863544978189e-07,3.844712296942861e-05,8.431492376045044e-05,1.7947877711717428e-07,3.93546822062626e-05,8.640584269493739e-05,1.8839107590886602e-07,4.027163307532941e-05,8.852223046941629e-05,1.9763108173070441e-07,4.1197933765820076e-05,9.0664080267282e-05,2.0720671946432353e-07,4.213354248740013e-05,9.283138518993872e-05,2.171260079828605e-07,4.307841747037776e-05,9.502413825682299e-05,2.2739706011825113e-07,4.403251696587157e-05,9.724233240542666e-05,2.3802808262814155e-07,4.4995799245978664e-05,9.948596049132061e-05,2.4902737616241604e-07,4.596822260394231e-05,0.00010175501528817833,2.604033352293413e-07,4.6949745354319586e-05,0.00010404948948779995,0.75
1.708863544978189e-07,3.844712296942861e-05,8.431492376045044e-05,1.7947877711717428e-07,3.93546822062626e-05,8.640584269493739e-05,1.8839107590886602e-07,4.027163307532941e-05,8.852223046941629e-05,1.9763108173070441e-07,4.1197933765820076e-05,9.0664080267282e-05,2.0720671946432353e-07,4.213354248740013e-05,9.283138518993872e-05,2.171260079828605e-07,4.307841747037776e-05,9.502413825682299e-05,2.2739706011825113e-07,4.403251696587157e-05,9.724233240542666e-05,2.3802808262814155e-07,4.4995799245978664e-05,9.948596049132061e-05,2.4902737616241604e-07,4.596822260394231e-05,0.00010175501528817833,2.604033352293413e-07,4.6949745354319586e-05,0.00010404948948779995,0.75
1.708863544978189e-07,3.844712296942861e-05,8.431492376045044e-05,1.7947877711717428e-07,3.93546822062626e-05,8.640584269493739e-05,1.8839107590886602e-07,4.027163307532941e-05,8.852223046941629e-05,1.9763108173070441e-07,4.1197933765820076e-05,9.0664080267282e-05,2.0720671946432353e-07,4.213354248740013e-05,9.283138518993872e-05,2.171260079828605e-07,4.307841747037776e-05,9.502413825682299e-05,2.2739706011825113e-07,4.403251696587157e-05,9.724233240542666e-05,2.3802808262814155e-07,4.4995799245978664e-05,9.948596049132061e-05,2.4902737616241604e-07,4.596822260394231e-05,0.00010175501528817833,2.604033352293413e-07,4.6949745354319586e-05,0.00010404948948779995,0.75
1.708863544978189e-07,3.844712296942861e-05,8.431492376045044e-05,1.7947877711717428e-07,3.93546822062626e-05,8.640584269493739e-05,1.8839107590886602e-07,4.027163307532941e-05,8.852223046941629e-05,1.9763108173070441e-07,4.1197933765820076e-05,9.0664080267282e-05,2.0720671946432353e-07,4.213354248740013e-05,9.283138518993872e-05,2.171260079828605e-07,4.307841747037776e-05,9.502413825682299e-05,2.2739706011825113e-07,4.403251696587157e-05,9.724233240542666e-05,2.3802808262814155e-07,4.4995799245978664e-05,9.948596049132061e-05,2.4902737616241604e-07,4.596822260394231e-05,0.00010175501528817833,2.604033352293413e-07,4.6949745354319586e-05,0.00010404948948779995,0.75
1.708863544978189e-07,3.844712296942861e-05,8.431492376045044e-05,1.7947877711717428e-07,3.93546822062626e-05,8.640584269493739e-05,1.8839107590886602e-07,4.027163307532941e-05,8.852223046941629e-05,1.9763108173070441e-07,4.1197933765820076e-05,9.0664080267282e-05,2.0720671946432353e-07,4.213354248740013e-05,9.283138518993872e-05,2.171260079828605e-07,4.307841747037776e-05,9.502413825682299e-05,2.2739706011825113e-07,4.403251696587157e-05,9.724233240542666e-05,2.3802808262814155e-07,4.4995799245978664e-05,9.948596049132061e-05,2.4902737616241604e-07,4.596822260394231e-05,0.00010175501528817833,2.604033352293413e-07,4.6949745354319586e-05,0.00010404948948779995,0.75
1.708863544978189e-07,3.844712296942861e-05,8.431492376045044e-05,1.7947877711717428e-07,3.93546822062626e-05,8.640584269493739e-05,1.8839107590886602e-07,4.027163307532941e-05,8.852223046941629e-05,1.9763108173070441e-07,4.1197933765820076e-05,9.0664080267282e-05,2.0720671946432353e-07,4.213354248740013e-05,9.283138518993872e-05,2.171260079828605e-07,4.307841747037776e-05,9.502413825682299e-05,2.2739706011825113e-07,4.403251696587157e-05,9.724233240542666e-05,2.3802808262814155e-07,4.4995799245978664e-05,9.948596049132061e-05,2.4902737616241604e-07,4.596822260394231e-05,0.00010175501528817833,2.604033352293413e-07,4.6949745354319586e-05,0.00010404948948779995,0.75
1.708863544978189e-07,3.844712296942861e-05,8.431492376045044e-05,1.7947877711717428e-07,3.93546822062626e-05,8.640584269493739e-05,1.8839107590886602e-07,4.027163307532941e-05,8.852223046941629e-05,1.9763108173070441e-07,4.1197933765820076e-05,9.0664080267282e-05,2.0720671946432353e-07,4.213354248740013e-05,9.283138518993872e-05,2.171260079828605e-07,4.307841747037776e-05,9.502413825682299e-05,2.2739706011825113e-07,4.403251696587157e-05,9.724233240542666e-05,2.3802808262814155e-07,4.4995799245978664e-05,9.948596049132061e-05,2.4902737616241604e-07,4.596822260394231e-05,0.00010175501528817833,2.604033352293413e-07,4.6949745354319586e-05,0.00010404948948779995,0.75
1.708863544978189e-07,3.844712296942861e-05,8.431492376045044e-05,1.7947877711717428e-07,3.93546822062626e-05,8.640584269493739e-05,1.8839107590886602e-07,4.027163307532941e-05,8.852223046941629e-05,1.9763108173070441e-07,4.1197933765820076e-05,9.0664080267282e-05,2.0720671946432353e-07,4.213354248740013e-05,9.283138518993872e-05,2.171260079828605e-07,4.307841747037776e-05,9.502413825682299e-05,2.2739706011825113e-07,4.403251696587157e-05,9.724233240542666e-05,2.3802808262814155e-07,4.4995799245978664e-05,9.948596049132061e-05,2.4902737616241604e-07,4.596822260394231e-05,0.00010175501528817833,2.604033352293413e-07,4.6949745354319586e-05,0.00010404948948779995,0.75
1.708863544978189e-07,3.844712296942861e-05,8.431492376045044e-05,1.7947877711717428e-07,3.93546822062626e-05,8.640584269493739e-05,1.8839107590886602e-07,4.027163307532941e-05,8.852223046941629e-05,1.9763108173070441e-07,4.1197933765820076e-05,9.0664080267282e-05,2.0720671946432353e-07,4.213354248740013e-05,9.283138518993872e-05,2.171260079828605e-07,4.307841747037776e-05,9.502413825682299e-05,2.2739706011825113e-07,4.403251696587157e-05,9.724233240542666e-05,2.3802808262814155e-07,4.4995799245978664e-05,9.948596049132061e-05,2.4902737616241604e-07,4.596822260394231e-05,0.00010175501528817833,2.604033352293413e-07,4.6949745354319586e-05,0.00010404948948779995,0.75
1.708863544978189e-07,3.844712296942861e-05,8.431492376045044e-05,1.7947877711717428e-07,3.93546822062626e-05,8.640584269493739e-05,1.8839107590886602e-07,4.027163307532941e-05,8.852223046941629e-05,1.9763108173070441e-07,4.1197933765820076e-05,9.0664080267282e-05,2.0720671946432353e-07,4.213354248740013e-05,9.283138518993872e-05,2.171260079828605e-07,4.307841747037776e-05,9.502413825682299e-05,2.2739706011825113e-07,4.403251696587157e-05,9.724233240542666e-05,2.3802808262814155e-07,4.4995799245978664e-05,9.948596049132061e-05,2.4902737616241604e-07,4.596822260394231e-05,0.00010175501528817833,2.604033352293413e-07,4.6949745354319586e-05,0.00010404948948779995,0.75
1.708863544978189e-07,3.844712296942861e-05,8.431492376045044e-05,1.7947877711717428e-07,3.93546822062626e-05,8.640584269493739e-05,1.8839107590886602e-07,4.027163307532941e-05,8.852223046941629e-05,1.9763108173070441e-07,4.1197933765820076e-05,9.0664080267282e-05,2.0720671946432353e-07,4.213354248740013e-05,9.283138518993872e-05,2.171260079828605e-07,4.307841747037776e-05,9.502413825682299e-05,2.2739706011825113e-07,4.403251696587157e-05,9.724233240542666e-05,2.3802808262814155e-07,4.4995799245978664e-05,9.948596049132061e-05,2.4902737616241604e-07,4.596822260394231e-05,0.00010175501528817833,2.604033352293413e-07,4.6949745354319586e-05,0.00010404948948779995,0.75
1.708863544978189e-07,3.844712296942861e-05,8.431492376045044e-05,1.7947877711717428e-07,3.93546822062626e-05,8.640584269493739e-05,1.8839107590886602e-07,4.027163307532941e-05,8.852223046941629e-05,1.9763108173070441e-07,4.1197933765820076e-05,9.0664080267282e-05,2.0720671946432353e-07,4.213354248740013e-05,9.283138518993872e-05,2.171260079828605e-07,4.307841747037776e-05,9.502413825682299e-05,2.2739706011825113e-07,4.403251696587157e-05,9.724233240542666e-05,2.3802808262814155e-07,4.4995799245978664e-05,9.948596049132061e-05,2.4902737616241604e-07,4.596822260394231e-05,0.00010175501528817833,2.604033352293413e-07,4.6949745354319586e-05,0.00010404948948779995,0.75
1.708863544978189e-07,3.844712296942861e-05,8.431492376045044e-05,1.7947877711717428e-07,3.93546822062626e-05,8.640584269493739e-05,1.8839107590886602e-07,4.027163307532941e-05,8.852223046941629e-05,1.9763108173070441e-07,4.1197933765820076e-05,9.0664080267282e-05,2.0720671946432353e-07,4.213354248740013e-05,9.283138518993872e-05,2.171260079828605e-07,4.307841747037776e-05,9.502413825682299e-05,2.2739706011825113e-07,4.403251696587157e-05,9.724233240542666e-05,2.3802808262814155e-07,4.4995799245978664e-05,9.948596049132061e-05,2.4902737616241604e-07,4.596822260394231e-05,0.00010175501528817833,2.604033352293413e-07,4.6949745354319586e-05,0.00010404948948779995,0.75
1.708863544978189e-07,3.844712296942861e-05,8.431492376045044e-05,1.7947877711717428e-07,3.93546822062626e-05,8.640584269493739e-05,1.8839107590886602e-07,4.027163307532941e-05,8.852223046941629e-05,1.9763108173070441e-07,4.1197933765820076e-05,9.0664080267282e-05,2.0720671946432353e-07,4.213354248740013e-05,9.283138518993872e-05,2.171260079828605e-07,4.307841747037776e-05,9.502413825682299e-05,2.2739706011825113e-07,4.403251696587157e-05,9.724233240542666e-05,2.3802808262814155e-07,4.4995799245978664e-05,9.948596049132061e-05,2.4902737616241604e-07,4.596822260394231e-05,0.00010175501528817833,2.604033352293413e-07,4.6949745354319586e-05,0.00010404948948779995,0.75
1.708863544978189e-07,3.844712296942861e-05,8.431492376045044e-05,1.7947877711717428e-07,3.93546822062626e-05,8.640584269493739e-05,1.8839107590886602e-07,4.027163307532941e-05,8.852223046941629e-05,1.9763108173070441e-07,4.1197933765820076e-05,9.0664080267282e-05,2.0720671946432353e-07,4.213354248740013e-05,9.283138518993872e-05,2.171260079828605e-07,4.307841747037776e-05,9.502413825682299e-05,2.2739706011825113e-07,4.403251696587157e-05,9.724233240542666e-05,2.3802808262814155e-07,4.4995799245978664e-05,9.948596049132061e-05,2.4902737616241604e-07,4.596822260394231e-05,0.00010175501528817833,2.604033352293413e-07,4.6949745354319586e-05,0.00010404948948779995,0.75
1.708863544978189e-07,3.844712296942861e-05,8.431492376045044e-05,1.7947877711717428e-07,3.93546822062626e-05,8.640584269493739e-05,1.8839107590886602e-07,4.027163307532941e-05,8.852223046941629e-05,1.9763108173070441e-07,4.1197933765820076e-05,9.0664080267282e-05,2.0720671946432353e-07,4.213354248740013e-05,9.283138518993872e-05,2.171260079828605e-07,4.307841747037776e-05,9.502413825682299e-05,2.2739706011825113e-07,4.403251696587157e-05,9.724233240542666e-05,2.3802808262814155e-07,4.4995799245978664e-05,9.948596049132061e-05,2.4902737616241604e-07,4.596822260394231e-05,0.00010175501528817833,2.604033352293413e-07,4.6949745354319586e-05,0.00010404948948779995,0.75
1.708863544978189e-07,3.844712296942861e-05,8.431492376045044e-05,1.7947877711717428e-07,3.93546822062626e-05,8.640584269493739e-05,1.8839107590886602e-07,4.027163307532941e-05,8.852223046941629e-05,1.9763108173070441e-07,4.1197933765820076e-05,9.0664080267282e-05,2.0720671946432353e-07,4.213354248740013e-05,9.283138518993872e-05,2.171260079828605e-07,4.307841747037776e-05,9.502413825682299e-05,2.2739706011825113e-07,4.403251696587157e-05,9.724233240542666e-05,2.3802808262814155e-07,4.4995799245978664e-05,9.948596049132061e-05,2.4902737616241604e-07,4.596822260394231e-05,0.00010175501528817833,2.604033352293413e-07,4.6949745354319586e-05,0.00010404948948779995,0.75
1.708863544978189e-07,3.844712296942861e-05,8.431492376045044e-05,1.7947877711717428e-07,3.93546822062626e-05,8.640584269493739e-05,1.8839107590886602e-07,4.027163307532941e-05,8.852223046941629e-05,1.9763108173070441e-07,4.1197933765820076e-05,9.0664080267282e-05,2.0720671946432353e-07,4.213354248740013e-05,9.283138518993872e-05,2.171260079828605e-07,4.307841747037776e-05,9.502413825682299e-05,2.2739706011825113e-07,4.403251696587157e-05,9.724233240542666e-05,2.3802808262814155e-07,4.4995799245978664e-05,9.948596049132061e-05,2.4902737616241604e-07,4.596822260394231e-05,0.00010175501528817833,2.604033352293413e-07,4.6949745354319586e-05,0.00010404948948779995,0.75
1.708863544978189e-07,3.844712296942861e-05,8.431492376045044e-05,1.7947877711717428e-07,3.93546822062626e-05,8.640584269493739e-05,1.8839107590886602e-07,4.027163307532941e-05,8.852223046941629e-05,1.9763108173070441e-07,4.1197933765820076e-05,9.0664080267282e-05,2.0720671946432353e-07,4.213354248740013e-05,9.283138518993872e-05,2.171260079828605e-07,4.307841747037776e-05,9.502413825682299e-05,2.2739706011825113e-07,4.403251696587157e-05,9.724233240542666e-05,2.3802808262814155e-07,4.4995799245978664e-05,9.948596049132061e-05,2.4902737616241604e-07,4.596822260394231e-05,0.00010175501528817833,2.604033352293413e-07,4.6949745354319586e-05,0.00010404948948779995,0.75
1.708863544978189e-07,3.844712296942861e-05,8.431492376045044e-05,1.7947877711717428e-07,3.93546822062626e-05,8.640584269493739e-05,1.8839107590886602e-07,4.027163307532941e-05,8.852223046941629e-05,1.9763108173070441e-07,4.1197933765820076e-05,9.0664080267282e-05,2.0720671946432353e-07,4.213354248740013e-05,9.283138518993872e-05,2.171260079828605e-07,4.307841747037776e-05,9.502413825682299e-05,2.2739706011825113e-07,4.403251696587157e-05,9.724233240542666e-05,2.3802808262814155e-07,4.4995799245978664e-05,9.948596049132061e-05,2.4902737616241604e-07,4.596822260394231e-05,0.00010175501528817833,2.604033352293413e-07,4.6949745354319586e-05,0.00010404948948779995,0.75
1.708863544978189e-07,3.844712296942861e-05,8.431492376045044e-05,1.7947877711717428e-07,3.93546822062626e-05,8.640584269493739e-05,1.8839107590886602e-07,4.027163307532941e-05,8.852223046941629e-05,1.9763108173070441e-07,4.1197933765820076e-05,9.0664080267282e-05,2.0720671946432353e-07,4.213354248740013e-05,9.283138518993872e-05,2.171260079828605e-07,4.307841747037776e-05,9.502413825682299e-05,2.2739706011825113e-07,4.403251696587157e-05,9.724233240542666e-05,2.3802808262814155e-07,4.4995799245978664e-05,9.948596049132061e-05,2.4902737616241604e-07,4.596822260394231e-05,0.00010175501528817833,2.604033352293413e-07,4.6949745354319586e-05,0.00010404948948779995,0.75
1.708863544978189e-07,3.844712296942861e-05,8.431492376045044e-05,1.7947877711717428e-07,3.93546822062626e-05,8.640584269493739e-05,1.8839107590886602e-07,4.027163307532941e-05,8.852223046941629e-05,1.9763108173070441e-07,4.1197933765820076e-05,9.0664080267282e-05,2.0720671946432353e-07,4.213354248740013e-05,9.283138518993872e-05,2.171260079828605e-07,4.307841747037776e-05,9.502413825682299e-05,2.2739706011825113e-07,4.403251696587157e-05,9.724233240542666e-05,2.3802808262814155e-07,4.4995799245978664e-05,9.948596049132061e-05,2.4902737616241604e-07,4.596822260394231e-05,0.00010175501528817833,2.604033352293413e-07,4.6949745354319586e-05,0.00010404948948779995,0.75
1.708863544978189e-07,3.844712296942861e-05,8.431492376045044e-05,1.7947877711717428e-07,3.93546822062626e-05,8.640584269493739e-05,1.8839107590886602e-07,4.027163307532941e-05,8.852223046941629e-05,1.9763108173070441e-07,4.1197933765820076e-05,9.0664080267282e-05,2.0720671946432353e-07,4.213354248740013e-05,9.283138518993872e-05,2.171260079828605e-07,4.307841747037776e-05,9.502413825682299e-05,2.2739706011825113e-07,4.403251696587157e-05,9.724233240542666e-05,2.3802808262814155e-07,4.4995799245978664e-05,9.948596049132061e-05,2.4902737616241604e-07,4.596822260394231e-05,0.00010175501528817833,2.604033352293413e-07,4.6949745354319586e-05,0.00010404948948779995,0.75
1.708863544978189e-07,3.844712296942861e-05,8.431492376045044e-05,1.7947877711717428e-07,3.93546822062626e-05,8.640584269493739e-05,1.8839107590886602e-07,4.027163307532941e-05,8.852223046941629e-05,1.9763108173070441e-07,4.1197933765820076e-05,9.0664080267282e-05,2.0720671946432353e-07,4.213354248740013e-05,9.283138518993872e-05,2.171260079828605e-07,4.307841747037776e-05,9.502413825682299e-05,2.2739706011825113e-07,4.403251696587157e-05,9.724233240542666e-05,2.3802808262814155e-07,4.4995799245978664e-05,9.948596049132061e-05,2.4902737616241604e-07,4.596822260394231e-05,0.00010175501528817833,2.604033352293413e-07,4.6949745354319586e-05,0.00010404948948779995,0.75
1.708863544978189e-07,3.844712296942861e-05,8.431492376045044e-05,1.7947877711717428e-07,3.93546822062626e-05,8.640584269493739e-05,1.8839107590886602e-07,4.027163307532941e-05,8.852223046941629e-05,1.9763108173070441e-07,4.1197933765820076e-05,9.0664080267282e-05,2.0720671946432353e-07,4.213354248740013e-05,9.283138518993872e-05,2.171260079828605e-07,4.307841747037776e-05,9.502413825682299e-05,2.2739706011825113e-07,4.403251696587157e-05,9.724233240542666e-05,2.3802808262814155e-07,4.4995799245978664e-05,9.948596049132061e-05,2.4902737616241604e-07,4.596822260394231e-05,0.00010175501528817833,2.604033352293413e-07,4.6949745354319586e-05,0.00010404948948779995,0.75
1.708863544978189e-07,3.844712296942861e-05,8.431492376045044e-05,1.7947877711717428e-07,3.93546822062626e-05,8.640584269493739e-05,1.8839107590886602e-07,4.027163307532941e-05,8.852223046941629e-05,1.9763108173070441e-07,4.1197933765820076e-05,9.0664080267282e-05,2.0720671946432353e-07,4.213354248740013e-05,9.283138518993872e-05,2.171260079828605e-07,4.307841747037776e-05,9.502413825682299e-05,2.2739706011825113e-07,4.403251696587157e-05,9.724233240542666e-05,2.3802808262814155e-07,4.4995799245978664e-05,9.948596049132061e-05,2.4902737616241604e-07,4.596822260394231e-05,0.00010175501528817833,2.604033352293413e-07,4.6949745354319586e-05,0.00010404948948779995,0.75
1.708863544978189e-07,3.844712296942861e-05,8.431492376045044e-05,1.7947877711717428e-07,3.93546822062626e-05,8.640584269493739e-05,1.8839107590886602e-07,4.027163307532941e-05,8.852223046941629e-05,1.9763108173070441e-07,4.1197933765820076e-05,9.0664080267282e-05,2.0720671946432353e-07,4.213354248740013e-05,9.283138518993872e-05,2.171260079828605e-07,4.307841747037776e-05,9.502413825682299e-05,2.2739706011825113e-07,4.403251696587157e-05,9.724233240542666e-05,2.3802808262814155e-07,4.4995799245978664e-05,9.948596049132061e-05,2.4902737616241604e-07,4.596822260394231e-05,0.00010175501528817833,2.604033352293413e-07,4.6949745354319586e-05,0.00010404948948779995,0.75
1.708863544978189e-07,3.844712296942861e-05,8.431492376045044e-05,1.7947877711717428e-07,3.93546822062626e-05,8.640584269493739e-05,1.8839107590886602e-07,4.027163307532941e-05,8.852223046941629e-05,1.9763108173070441e-07,4.1197933765820076e-05,9.0664080267282e-05,2.0720671946432353e-07,4.213354248740013e-05,9.283138518993872e-05,2.171260079828605e-07,4.307841747037776e-05,9.502413825682299e-05,2.2739706011825113e-07,4.403251696587157e-05,9.724233240542666e-05,2.3802808262814155e-07,4.4995799245978664e-05,9.948596049132061e-05,2.4902737616241604e-07,4.596822260394231e-05,0.00010175501528817833,2.604033352293413e-07,4.6949745354319586e-05,0.00010404948948779995,0.75
1.708863544978189e-07,3.844712296942861e-05,8.431492376045044e-05,1.7947877711717428e-07,3.93546822062626e-05,8.640584269493739e-05,1.8839107590886602e-07,4.027163307532941e-05,8.852223046941629e-05,1.9763108173070441e-07,4.1197933765820076e-05,9.0664080267282e-05,2.0720671946432353e-07,4.213354248740013e-05,9.283138518993872e-05,2.171260079828605e-07,4.307841747037776e-05,9.502413825682299e-05,2.2739706011825113e-07,4.403251696587157e-05,9.724233240542666e-05,2.3802808262814155e-07,4.4995799245978664e-05,9.948596049132061e-05,2.4902737616241604e-07,4.596822260394231e-05,0.00010175501528817833,2.604033352293413e-07,4.6949745354319586e-05,0.00010404948948779995,0.75
1.708863544978189e-07,3.844712296942861e-05,8.431492376045044e-05,1.7947877711717428e-07,3.93546822062626e-05,8.640584269493739e-05,1.8839107590886602e-07,4.027163307532941e-05,8.852223046941629e-05,1.9763108173070441e-07,4.1197933765820076e-05,9.0664080267282e-05,2.0720671946432353e-07,4.213354248740013e-05,9.283138518993872e-05,2.171260079828605e-07,4.307841747037776e-05,9.502413825682299e-05,2.2739706011825113e-07,4.403251696587157e-05,9.724233240542666e-05,2.3802808262814155e-07,4.4995799245978664e-05,9.948596049132061e-05,2.4902737616241604e-07,4.596822260394231e-05,0.00010175501528817833,2.604033352293413e-07,4.6949745354319586e-05,0.00010404948948779995,0.75
1.708863544978189e-07,3.844712296942861e-05,8.431492376045044e-05,1.7947877711717428e-07,3.93546822062626e-05,8.640584269493739e-05,1.8839107590886602e-07,4.027163307532941e-05,8.852223046941629e-05,1.9763108173070441e-07,4.1197933765820076e-05,9.0664080267282e-05,2.0720671946432353e-07,4.213354248740013e-05,9.283138518993872e-05,2.171260079828605e-07,4.307841747037776e-05,9.502413825682299e-05,2.2739706011825113e-07,4.403251696587157e-05,9.724233240542666e-05,2.3802808262814155e-07,4.4995799245978664e-05,9.948596049132061e-05,2.4902737616241604e-07,4.596822260394231e-05,0.00010175501528817833,2.604033352293413e-07,4.6949745354319586e-05,0.00010404948948779995,0.75
1.708863544978189e-07,3.844712296942861e-05,8.431492376045044e-05,1.7947877711717428e-07,3.93546822062626e-05,8.640584269493739e-05,1.8839107590886602e-07,4.027163307532941e-05,8.852223046941629e-05,1.9763108173070441e-07,4.1197933765820076e-05,9.0664080267282e-05,2.0720671946432353e-07,4.213354248740013e-05,9.283138518993872e-05,2.171260079828605e-07,4.307841747037776e-05,9.502413825682299e-05,2.2739706011825113e-07,4.403251696587157e-05,9.724233240542666e-05,2.3802808262814155e-07,4.4995799245978664e-05,9.948596049132061e-05,2.4902737616241604e-07,4.596822260394231e-05,0.00010175501528817833,2.604033352293413e-07,4.6949745354319586e-05,0.00010404948948779995,0.75
1.708863544978189e-07,3.844712296942861e-05,8.431492376045044e-05,1.7947877711717428e-07,3.93546822062626e-05,8.640584269493739e-05,1.8839107590886602e-07,4.027163307532941e-05,8.852223046941629e-05,1.9763108173070441e-07,4.1197933765820076e-05,9.0664080267282e-05,2.0720671946432353e-07,4.213354248740013e-05,9.283138518993872e-05,2.171260079828605e-07,4.307841747037776e-05,9.502413825682299e-05,2.2739706011825113e-07,4.403251696587157e-05,9.724233240542666e-05,2.3802808262814155e-07,4.4995799245978664e-05,9.948596049132061e-05,2.4902737616241604e-07,4.596822260394231e-05,0.00010175501528817833,2.604033352293413e-07,4.6949745354319586e-05,0.00010404948948779995,0.75
1.708863544978189e-07,3.844712296942861e-05,8.431492376045044e-05,1.7947877711717428e-07,3.93546822062626e-05,8.640584269493739e-05,1.8839107590886602e-07,4.027163307532941e-05,8.852223046941629e-05,1.9763108173070441e-07,4.1197933765820076e-05,9.0664080267282e-05,2.0720671946432353e-07,4.213354248740013e-05,9.283138518993872e-05,2.171260079828605e-07,4.307841747037776e-05,9.502413825682299e-05,2.2739706011825113e-07,4.403251696587157e-05,9.724233240542666e-05,2.3802808262814155e-07,4.4995799245978664e-05,9.948596049132061e-05,2.4902737616241604e-07,4.596822260394231e-05,0.00010175501528817833,2.604033352293413e-07,4.6949745354319586e-05,0.00010404948948779995,0.75
1.708863544978189e-07,3.844712296942861e-05,8.431492376045044e-05,1.7947877711717428e-07,3.93546822062626e-05,8.640584269493739e-05,1.8839107590886602e-07,4.027163307532941e-05,8.852223046941629e-05,1.9763108173070441e-07,4.1197933765820076e-05,9.0664080267282e-05,2.0720671946432353e-07,4.213354248740013e-05,9.283138518993872e-05,2.171260079828605e-07,4.307841747037776e-05,9.502413825682299e-05,2.2739706011825113e-07,4.403251696587157e-05,9.724233240542666e-05,2.3802808262814155e-07,4.4995799245978664e-05,9.948596049132061e-05,2.4902737616241604e-07,4.596822260394231e-05,0.00010175501528817833,2.604033352293413e-07,4.6949745354319586e-05,0.00010404948948779995,0.75
1.708863544978189e-07,3.844712296942861e-05,8.431492376045044e-05,1.7947877711717428e-07,3.93546822062626e-05,8.640584269493739e-05,1.8839107590886602e-07,4.027163307532941e-05,8.852223046941629e-05,1.9763108173070441e-07,4.1197933765820076e-05,9.0664080267282e-05,2.0720671946432353e-07,4.213354248740013e-05,9.283138518993872e-05,2.171260079828605e-07,4.307841747037776e-05,9.502413825682299e-05,2.2739706011825113e-07,4.403251696587157e-05,9.724233240542666e-05,2.3802808262814155e-07,4.4995799245978664e-05,9.948596049132061e-05,2.4902737616241604e-07,4.596822260394231e-05,0.00010175501528817833,2.604033352293413e-07,4.6949745354319586e-05,0.00010404948948779995,0.75
1.708863544978189e-07,3.844712296942861e-05,8.431492376045044e-05,1.7947877711717428e-07,3.93546822062626e-05,8.640584269493739e-05,1.8839107590886602e-07,4.027163307532941e-05,8.852223046941629e-05,1.9763108173070441e-07,4.1197933765820076e-05,9.0664080267282e-05,2.0720671946432353e-07,4.213354248740013e-05,9.283138518993872e-05,2.171260079828605e-07,4.307841747037776e-05,9.502413825682299e-05,2.2739706011825113e-07,4.403251696587157e-05,9.724233240542666e-05,2.3802808262814155e-07,4.4995799245978664e-05,9.948596049132061e-05,2.4902737616241604e-07,4.596822260394231e-05,0.00010175501528817833,2.604033352293413e-07,4.6949745354319586e-05,0.00010404948948779995,0.75
1.708863544978189e-07,3.844712296942861e-05,8.431492376045044e-05,1.7947877711717428e-07,3.93546822062626e-05,8.640584269493739e-05,1.8839107590886602e-07,4.027163307532941e-05,8.852223046941629e-05,1.9763108173070441e-07,4.1197933765820076e-05,9.0664080267282e-05,2.0720671946432353e-07,4.213354248740013e-05,9.283138518993872e-05,2.171260079828605e-07,4.307841747037776e-05,9.502413825682299e-05,2.2739706011825113e-07,4.403251696587157e-05,9.724233240542666e-05,2.3802808262814155e-07,4.4995799245978664e-05,9.948596049132061e-05,2.4902737616241604e-07,4.596822260394231e-05,0.00010175501528817833,2.604033352293413e-07,4.6949745354319586e-05,0.00010404948948779995,0.75
1.708863544978189e-07,3.844712296942861e-05,8.431492376045044e-05,1.7947877711717428e-07,3.93546822062626e-05,8.640584269493739e-05,1.8839107590886602e-07,4.027163307532941e-05,8.852223046941629e-05,1.9763108173070441e-07,4.1197933765820076e-05,9.0664080267282e-05,2.0720671946432353e-07,4.213354248740013e-05,9.283138518993872e-05,2.171260079828605e-07,4.307841747037776e-05,9.502413825682299e-05,2.2739706011825113e-07,4.403251696587157e-05,9.724233240542666e-05,2.3802808262814155e-07,4.4995799245978664e-05,9.948596049132061e-05,2.4902737616241604e-07,4.596822260394231e-05,0.00010175501528817833,2.604033352293413e-07,4.6949745354319586e-05,0.00010404948948779995,0.75
1.708863544978189e-07,3.844712296942861e-05,8.431492376045044e-05,1.7947877711717428e-07,3.93546822062626e-05,8.640584269493739e-05,1.8839107590886602e-07,4.027163307532941e-05,8.852223046941629e-05,1.9763108173070441e-07,4.1197933765820076e-05,9.0664080267282e-05,2.0720671946432353e-07,4.213354248740013e-05,9.283138518993872e-05,2.171260079828605e-07,4.307841747037776e-05,9.502413825682299e-05,2.2739706011825113e-07,4.403251696587157e-05,9.724233240542666e-05,2.3802808262814155e-07,4.4995799245978664e-05,9.948596049132061e-05,2.4902737616241604e-07,4.596822260394231e-05,0.00010175501528817833,2.604033352293413e-07,4.6949745354319586e-05,0.00010404948948779995,0.75
1.708863544978189e-07,3.844712296942861e-05,8.431492376045044e-05,1.7947877711717428e-07,3.93546822062626e-05,8.640584269493739e-05,1.8839107590886602e-07,4.027163307532941e-05,8.852223046941629e-05,1.9763108173070441e-07,4.1197933765820076e-05,9.0664080267282e-05,2.0720671946432353e-07,4.213354248740013e-05,9.283138518993872e-05,2.171260079828605e-07,4.307841747037776e-05,9.502413825682299e-05,2.2739706011825113e-07,4.403251696587157e-05,9.724233240542666e-05,2.3802808262814155e-07,4.4995799245978664e-05,9.948596049132061e-05,2.4902737616241604e-07,4.596822260394231e-05,0.00010175501528817833,2.604033352293413e-07,4.6949745354319586e-05,0.00010404948948779995,0.75
1.708863544978189e-07,3.844712296942861e-05,8.431492376045044e-05,1.7947877711717428e-07,3.93546822062626e-05,8.640584269493739e-05,1.8839107590886602e-07,4.027163307532941e-05,8.852223046941629e-05,1.9763108173070441e-07,4.1197933765820076e-05,9.0664080267282e-05,2.0720671946432353e-07,4.213354248740013e-05,9.283138518993872e-05,2.171260079828605e-07,4.307841747037776e-05,9.502413825682299e-05,2.2739706011825113e-07,4.403251696587157e-05,9.724233240542666e-05,2.3802808262814155e-07,4.4995799245978664e-05,9.948596049132061e-05,2.4902737616241604e-07,4.596822260394231e-05,0.00010175501528817833,2.604033352293413e-07,4.6949745354319586e-05,0.00010404948948779995,0.75
1.708863544978189e-07,3.844712296942861e-05,8.431492376045044e-05,1.7947877711717428e-07,3.93546822062626e-05,8.640584269493739e-05,1.8839107590886602e-07,4.027163307532941e-05,8.852223046941629e-05,1.9763108173070441e-07,4.1197933765820076e-05,9.0664080267282e-05,2.0720671946432353e-07,4.213354248740013e-05,9.283138518993872e-05,2.171260079828605e-07,4.307841747037776e-05,9.502413825682299e-05,2.2739706011825113e-07,4.403251696587157e-05,9.724233240542666e-05,2.3802808262814155e-07,4.4995799245978664e-05,9.948596049132061e-05,2.4902737616241604e-07,4.596822260394231e-05,0.00010175501528817833,2.604033352293413e-07,4.6949745354319586e-05,0.00010404948948779995,0.75
1.708863544978189e-07,3.844712296942861e-05,8.431492376045044e-05,1.7947877711717428e-07,3.93546822062626e-05,8.640584269493739e-05,1.8839107590886602e-07,4.027163307532941e-05,8.852223046941629e-05,1.9763108173070441e-07,4.1197933765820076e-05,9.0664080267282e-05,2.0720671946432353e-07,4.213354248740013e-05,9.283138518993872e-05,2.171260079828605e-07,4.307841747037776e-05,9.502413825682299e-05,2.2739706011825113e-07,4.403251696587157e-05,9.724233240542666e-05,2.3802808262814155e-07,4.4995799245978664e-05,9.948596049132061e-05,2.4902737616241604e-07,4.596822260394231e-05,0.00010175501528817833,2.604033352293413e-07,4.6949745354319586e-05,0.00010404948948779995,0.75
1.708863544978189e-07,3.844712296942861e-05,8.431492376045044e-05,1.7947877711717428e-07,3.93546822062626e-05,8.640584269493739e-05,1.8839107590886602e-07,4.027163307532941e-05,8.852223046941629e-05,1.9763108173070441e-07,4.1197933765820076e-05,9.0664080267282e-05,2.0720671946432353e-07,4.213354248740013e-05,9.283138518993872e-05,2.171260079828605e-07,4.307841747037776e-05,9.502413825682299e-05,2.2739706011825113e-07,4.403251696587157e-05,9.724233240542666e-05,2.3802808262814155e-07,4.4995799245978664e-05,9.948596049132061e-05,2.4902737616241604e-07,4.596822260394231e-05,0.00010175501528817833,2.604033352293413e-07,4.6949745354319586e-05,0.00010404948948779995,0.75
1.708863544978189e-07,3.844712296942861e-05,8.431492376045044e-05,1.7947877711717428e-07,3.93546822062626e-05,8.640584269493739e-05,1.8839107590886602e-07,4.027163307532941e-05,8.852223046941629e-05,1.9763108173070441e-07,4.1197933765820076e-05,9.0664080267282e-05,2.0720671946432353e-07,4.213354248740013e-05,9.283138518993872e-05,2.171260079828605e-07,4.307841747037776e-05,9.502413825682299e-05,2.2739706011825113e-07,4.403251696587157e-05,9.724233240542666e-05,2.3802808262814155e-07,4.4995799245978664e-05,9.948596049132061e-05,2.4902737616241604e-07,4.596822260394231e-05,0.00010175501528817833,2.604033352293413e-07,4.6949745354319586e-05,0.00010404948948779995,0.75
1.708863544978189e-07,3.844712296942861e-05,8.431492376045044e-05,1.7947877711717428e-07,3.93546822062626e-05,8.640584269493739e-05,1.8839107590886602e-07,4.027163307532941e-05,8.852223046941629e-05,1.9763108173070441e-07,4.1197933765820076e-05,9.0664080267282e-05,2.0720671946432353e-07,4.213354248740013e-05,9.283138518993872e-05,2.171260079828605e-07,4.307841747037776e-05,9.502413825682299e-05,2.2739706011825113e-07,4.403251696587157e-05,9.724233240542666e-05,2.3802808262814155e-07,4.4995799245978664e-05,9.948596049132061e-05,2.4902737616241604e-07,4.596822260394231e-05,0.00010175501528817833,2.604033352293413e-07,4.6949745354319586e-05,0.00010404948948779995,0.75
1.708863544978189e-07,3.844712296942861e-05,8.431492376045044e-05,1.7947877711717428e-07,3.93546822062626e-05,8.640584269493739e-05,1.8839107590886602e-07,4.027163307532941e-05,8.852223046941629e-05,1.9763108173070441e-07,4.1197933765820076e-05,9.0664080267282e-05,2.0720671946432353e-07,4.213354248740013e-05,9.283138518993872e-05,2.171260079828605e-07,4.307841747037776e-05,9.502413825682299e-05,2.2739706011825113e-07,4.403251696587157e-05,9.724233240542666e-05,2.3802808262814155e-07,4.4995799245978664e-05,9.948596049132061e-05,2.4902737616241604e-07,4.596822260394231e-05,0.00010175501528817833,2.604033352293413e-07,4.6949745354319586e-05,0.00010404948948779995,0.75
1.708863544978189e-07,3.844712296942861e-05,8.431492376045044e-05,1.7947877711717428e-07,3.93546822062626e-05,8.640584269493739e-05,1.8839107590886602e-07,4.027163307532941e-05,8.852223046941629e-05,1.9763108173070441e-07,4.1197933765820076e-05,9.0664080267282e-05,2.0720671946432353e-07,4.213354248740013e-05,9.283138518993872e-05,2.171260079828605e-07,4.307841747037776e-05,9.502413825682299e-05,2.2739706011825113e-07,4.403251696587157e-05,9.724233240542666e-05,2.3802808262814155e-07,4.4995799245978664e-05,9.948596049132061e-05,2.4902737616241604e-07,4.596822260394231e-05,0.00010175501528817833,2.604033352293413e-07,4.6949745354319586e-05,0.00010404948948779995,0.75
1.708863544978189e-07,3.844712296942861e-05,8.431492376045044e-05,1.7947877711717428e-07,3.93546822062626e-05,8.640584269493739e-05,1.8839107590886602e-07,4.027163307532941e-05,8.852223046941629e-05,1.9763108173070441e-07,4.1197933765820076e-05,9.0664080267282e-05,2.0720671946432353e-07,4.213354248740013e-05,9.283138518993872e-05,2.171260079828605e-07,4.307841747037776e-05,9.502413825682299e-05,2.2739706011825113e-07,4.403251696587157e-05,9.724233240542666e-05,2.3802808262814155e-07,4.4995799245978664e-05,9.948596049132061e-05,2.4902737616241604e-07,4.596822260394231e-05,0.00010175501528817833,2.604033352293413e-07,4.6949745354319586e-05,0.00010404948948779995,0.75
1.708863544978189e-07,3.844712296942861e-05,8.431492376045044e-05,1.7947877711717428e-07,3.93546822062626e-05,8.640584269493739e-05,1.8839107590886602e-07,4.027163307532941e-05,8.852223046941629e-05,1.9763108173070441e-07,4.1197933765820076e-05,9.0664080267282e-05,2.0720671946432353e-07,4.213354248740013e-05,9.283138518993872e-05,2.171260079828605e-07,4.307841747037776e-05,9.502413825682299e-05,2.2739706011825113e-07,4.403251696587157e-05,9.724233240542666e-05,2.3802808262814155e-07,4.4995799245978664e-05,9.948596049132061e-05,2.4902737616241604e-07,4.596822260394231e-05,0.00010175501528817833,2.604033352293413e-07,4.6949745354319586e-05,0.00010404948948779995,0.75
1.708863544978189e-07,3.844712296942861e-05,8.431492376045044e-05,1.7947877711717428e-07,3.93546822062626e-05,8.640584269493739e-05,1.8839107590886602e-07,4.027163307532941e-05,8.852223046941629e-05,1.9763108173070441e-07,4.1197933765820076e-05,9.0664080267282e-05,2.0720671946432353e-07,4.213354248740013e-05,9.283138518993872e-05,2.171260079828605e-07,4.307841747037776e-05,9.502413825682299e-05,2.2739706011825113e-07,4.403251696587157e-05,9.724233240542666e-05,2.3802808262814155e-07,4.4995799245978664e-05,9.948596049132061e-05,2.4902737616241604e-07,4.596822260394231e-05,0.00010175501528817833,2.604033352293413e-07,4.6949745354319586e-05,0.00010404948948779995,0.75
1.708863544978189e-07,3.844712296942861e-05,8.431492376045044e-05,1.7947877711717428e-07,3.93546822062626e-05,8.640584269493739e-05,1.8839107590886602e-07,4.027163307532941e-05,8.852223046941629e-05,1.9763108173070441e-07,4.1197933765820076e-05,9.0664080267282e-05,2.0720671946432353e-07,4.213354248740013e-05,9.283138518993872e-05,2.171260079828605e-07,4.307841747037776e-05,9.502413825682299e-05,2.2739706011825113e-07,4.403251696587157e-05,9.724233240542666e-05,2.3802808262814155e-07,4.4995799245978664e-05,9.948596049132061e-05,2.4902737616241604e-07,4.596822260394231e-05,0.00010175501528817833,2.604033352293413e-07,4.6949745354319586e-05,0.00010404948948779995,0.75
1.708863544978189e-07,3.844712296942861e-05,8.431492376045044e-05,1.7947877711717428e-07,3.93546822062626e-05,8.640584269493739e-05,1.8839107590886602e-07,4.027163307532941e-05,8.852223046941629e-05,1.9763108173070441e-07,4.1197933765820076e-05,9.0664080267282e-05,2.0720671946432353e-07,4.213354248740013e-05,9.283138518993872e-05,2.171260079828605e-07,4.307841747037776e-05,9.502413825682299e-05,2.2739706011825113e-07,4.403251696587157e-05,9.724233240542666e-05,2.3802808262814155e-07,4.4995799245978664e-05,9.948596049132061e-05,2.4902737616241604e-07,4.596822260394231e-05,0.00010175501528817833,2.604033352293413e-07,4.6949745354319586e-05,0.00010404948948779995,0.75
1.708863544978189e-07,3.844712296942861e-05,8.431492376045044e-05,1.7947877711717428e-07,3.93546822062626e-05,8.640584269493739e-05,1.8839107590886602e-07,4.027163307532941e-05,8.852223046941629e-05,1.9763108173070441e-07,4.1197933765820076e-05,9.0664080267282e-05,2.0720671946432353e-07,4.213354248740013e-05,9.283138518993872e-05,2.171260079828605e-07,4.307841747037776e-05,9.502413825682299e-05,2.2739706011825113e-07,4.403251696587157e-05,9.724233240542666e-05,2.3802808262814155e-07,4.4995799245978664e-05,9.948596049132061e-05,2.4902737616241604e-07,4.596822260394231e-05,0.00010175501528817833,2.604033352293413e-07,4.6949745354319586e-05,0.00010404948948779995,0.75
1.708863544978189e-07,3.844712296942861e-05,8.431492376045044e-05,1.7947877711717428e-07,3.93546822062626e-05,8.640584269493739e-05,1.8839107590886602e-07,4.027163307532941e-05,8.852223046941629e-05,1.9763108173070441e-07,4.1197933765820076e-05,9.0664080267282e-05,2.0720671946432353e-07,4.213354248740013e-05,9.283138518993872e-05,2.171260079828605e-07,4.307841747037776e-05,9.502413825682299e-05,2.2739706011825113e-07,4.403251696587157e-05,9.724233240542666e-05,2.3802808262814155e-07,4.4995799245978664e-05,9.948596049132061e-05,2.4902737616241604e-07,4.596822260394231e-05,0.00010175501528817833,2.604033352293413e-07,4.6949745354319586e-05,0.00010404948948779995,0.75
1.708863544978189e-07,3.844712296942861e-05,8.431492376045044e-05,1.7947877711717428e-07,3.93546822062626e-05,8.640584269493739e-05,1.8839107590886602e-07,4.027163307532941e-05,8.852223046941629e-05,1.9763108173070441e-07,4.1197933765820076e-05,9.0664080267282e-05,2.0720671946432353e-07,4.213354248740013e-05,9.283138518993872e-05,2.171260079828605e-07,4.307841747037776e-05,9.502413825682299e-05,2.2739706011825113e-07,4.403251696587157e-05,9.724233240542666e-05,2.3802808262814155e-07,4.4995799245978664e-05,9.948596049132061e-05,2.4902737616241604e-07,4.596822260394231e-05,0.00010175501528817833,2.604033352293413e-07,4.6949745354319586e-05,0.00010404948948779995,0.75
1.708863544978189e-07,3.844712296942861e-05,8.431492376045044e-05,1.7947877711717428e-07,3.93546822062626e-05,8.640584269493739e-05,1.8839107590886602e-07,4.027163307532941e-05,8.852223046941629e-05,1.9763108173070441e-07,4.1197933765820076e-05,9.0664080267282e-05,2.0720671946432353e-07,4.213354248740013e-05,9.283138518993872e-05,2.171260079828605e-07,4.307841747037776e-05,9.502413825682299e-05,2.2739706011825113e-07,4.403251696587157e-05,9.724233240542666e-05,2.3802808262814155e-07,4.4995799245978664e-05,9.948596049132061e-05,2.4902737616241604e-07,4.596822260394231e-05,0.00010175501528817833,2.604033352293413e-07,4.6949745354319586e-05,0.00010404948948779995,0.75
1.708863544978189e-07,3.844712296942861e-05,8.431492376045044e-05,1.7947877711717428e-07,3.93546822062626e-05,8.640584269493739e-05,1.8839107590886602e-07,4.027163307532941e-05,8.852223046941629e-05,1.9763108173070441e-07,4.1197933765820076e-05,9.0664080267282e-05,2.0720671946432353e-07,4.213354248740013e-05,9.283138518993872e-05,2.171260079828605e-07,4.307841747037776e-05,9.502413825682299e-05,2.2739706011825113e-07,4.403251696587157e-05,9.724233240542666e-05,2.3802808262814155e-07,4.4995799245978664e-05,9.948596049132061e-05,2.4902737616241604e-07,4.596822260394231e-05,0.00010175501528817833,2.604033352293413e-07,4.6949745354319586e-05,0.00010404948948779995,0.75
1.708863544978189e-07,3.844712296942861e-05,8.431492376045044e-05,1.7947877711717428e-07,3.93546822062626e-05,8.640584269493739e-05,1.8839107590886602e-07,4.027163307532941e-05,8.852223046941629e-05,1.9763108173070441e-07,4.1197933765820076e-05,9.0664080267282e-05,2.0720671946432353e-07,4.213354248740013e-05,9.283138518993872e-05,2.171260079828605e-07,4.307841747037776e-05,9.502413825682299e-05,2.2739706011825113e-07,4.403251696587157e-05,9.724233240542666e-05,2.3802808262814155e-07,4.4995799245978664e-05,9.948596049132061e-05,2.4902737616241604e-07,4.596822260394231e-05,0.00010175501528817833,2.604033352293413e-07,4.6949745354319586e-05,0.00010404948948779995,0.75
1.708863544978189e-07,3.844712296942861e-05,8.431492376045044e-05,1.7947877711717428e-07,3.93546822062626e-05,8.640584269493739e-05,1.8839107590886602e-07,4.027163307532941e-05,8.852223046941629e-05,1.9763108173070441e-07,4.1197933765820076e-05,9.0664080267282e-05,2.0720671946432353e-07,4.213354248740013e-05,9.283138518993872e-05,2.171260079828605e-07,4.307841747037776e-05,9.502413825682299e-05,2.2739706011825113e-07,4.403251696587157e-05,9.724233240542666e-05,2.3802808262814155e-07,4.4995799245978664e-05,9.948596049132061e-05,2.4902737616241604e-07,4.596822260394231e-05,0.00010175501528817833,2.604033352293413e-07,4.6949745354319586e-05,0.00010404948948779995,0.75
1.708863544978189e-07,3.844712296942861e-05,8.431492376045044e-05,1.7947877711717428e-07,3.93546822062626e-05,8.640584269493739e-05,1.8839107590886602e-07,4.027163307532941e-05,8.852223046941629e-05,1.9763108173070441e-07,4.1197933765820076e-05,9.0664080267282e-05,2.0720671946432353e-07,4.213354248740013e-05,9.283138518993872e-05,2.171260079828605e-07,4.307841747037776e-05,9.502413825682299e-05,2.2739706011825113e-07,4.403251696587157e-05,9.724233240542666e-05,2.3802808262814155e-07,4.4995799245978664e-05,9.948596049132061e-05,2.4902737616241604e-07,4.596822260394231e-05,0.00010175501528817833,2.604033352293413e-07,4.6949745354319586e-05,0.00010404948948779995,0.75
1.708863544978189e-07,3.844712296942861e-05,8.431492376045044e-05,1.7947877711717428e-07,3.93546822062626e-05,8.640584269493739e-05,1.8839107590886602e-07,4.027163307532941e-05,8.852223046941629e-05,1.9763108173070441e-07,4.1197933765820076e-05,9.0664080267282e-05,2.0720671946432353e-07,4.213354248740013e-05,9.283138518993872e-05,2.171260079828605e-07,4.307841747037776e-05,9.502413825682299e-05,2.2739706011825113e-07,4.403251696587157e-05,9.724233240542666e-05,2.3802808262814155e-07,4.4995799245978664e-05,9.948596049132061e-05,2.4902737616241604e-07,4.596822260394231e-05,0.00010175501528817833,2.604033352293413e-07,4.6949745354319586e-05,0.00010404948948779995,0.75
1.708863544978189e-07,3.844712296942861e-05,8.431492376045044e-05,1.7947877711717428e-07,3.93546822062626e-05,8.640584269493739e-05,1.8839107590886602e-07,4.027163307532941e-05,8.852223046941629e-05,1.9763108173070441e-07,4.1197933765820076e-05,9.0664080267282e-05,2.0720671946432353e-07,4.213354248740013e-05,9.283138518993872e-05,2.171260079828605e-07,4.307841747037776e-05,9.502413825682299e-05,2.2739706011825113e-07,4.403251696587157e-05,9.724233240542666e-05,2.3802808262814155e-07,4.4995799245978664e-05,9.948596049132061e-05,2.4902737616241604e-07,4.596822260394231e-05,0.00010175501528817833,2.604033352293413e-07,4.6949745354319586e-05,0.00010404948948779995,0.75
1.708863544978189e-07,3.844712296942861e-05,8.431492376045044e-05,1.7947877711717428e-07,3.93546822062626e-05,8.640584269493739e-05,1.8839107590886602e-07,4.027163307532941e-05,8.852223046941629e-05,1.9763108173070441e-07,4.1197933765820076e-05,9.0664080267282e-05,2.0720671946432353e-07,4.213354248740013e-05,9.283138518993872e-05,2.171260079828605e-07,4.307841747037776e-05,9.502413825682299e-05,2.2739706011825113e-07,4.403251696587157e-05,9.724233240542666e-05,2.3802808262814155e-07,4.4995799245978664e-05,9.948596049132061e-05,2.4902737616241604e-07,4.596822260394231e-05,0.00010175501528817833,2.604033352293413e-07,4.6949745354319586e-05,0.00010404948948779995,0.75
1.708863544978189e-07,3.844712296942861e-05,8.431492376045044e-05,1.7947877711717428e-07,3.93546822062626e-05,8.640584269493739e-05,1.8839107590886602e-07,4.027163307532941e-05,8.852223046941629e-05,1.9763108173070441e-07,4.1197933765820076e-05,9.0664080267282e-05,2.0720671946432353e-07,4.213354248740013e-05,9.283138518993872e-05,2.171260079828605e-07,4.307841747037776e-05,9.502413825682299e-05,2.2739706011825113e-07,4.403251696587157e-05,9.724233240542666e-05,2.3802808262814155e-07,4.4995799245978664e-05,9.948596049132061e-05,2.4902737616241604e-07,4.596822260394231e-05,0.00010175501528817833,2.604033352293413e-07,4.6949745354319586e-05,0.00010404948948779995,0.75
1.708863544978189e-07,3.844712296942861e-05,8.431492376045044e-05,1.7947877711717428e-07,3.93546822062626e-05,8.640584269493739e-05,1.8839107590886602e-07,4.027163307532941e-05,8.852223046941629e-05,1.9763108173070441e-07,4.1197933765820076e-05,9.0664080267282e-05,2.0720671946432353e-07,4.213354248740013e-05,9.283138518993872e-05,2.171260079828605e-07,4.307841747037776e-05,9.502413825682299e-05,2.2739706011825113e-07,4.403251696587157e-05,9.724233240542666e-05,2.3802808262814155e-07,4.4995799245978664e-05,9.948596049132061e-05,2.4902737616241604e-07,4.596822260394231e-05,0.00010175501528817833,2.604033352293413e-07,4.6949745354319586e-05,0.00010404948948779995,0.75
1.708863544978189e-07,3.844712296942861e-05,8.431492376045044e-05,1.7947877711717428e-07,3.93546822062626e-05,8.640584269493739e-05,1.8839107590886602e-07,4.027163307532941e-05,8.852223046941629e-05,1.9763108173070441e-07,4.1197933765820076e-05,9.0664080267282e-05,2.0720671946432353e-07,4.213354248740013e-05,9.283138518993872e-05,2.171260079828605e-07,4.307841747037776e-05,9.502413825682299e-05,2.2739706011825113e-07,4.403251696587157e-05,9.724233240542666e-05,2.3802808262814155e-07,4.4995799245978664e-05,9.948596049132061e-05,2.4902737616241604e-07,4.596822260394231e-05,0.00010175501528817833,2.604033352293413e-07,4.6949745354319586e-05,0.00010404948948779995,0.75
1.708863544978189e-07,3.844712296942861e-05,8.431492376045044e-05,1.7947877711717428e-07,3.93546822062626e-05,8.640584269493739e-05,1.8839107590886602e-07,4.027163307532941e-05,8.852223046941629e-05,1.9763108173070441e-07,4.1197933765820076e-05,9.0664080267282e-05,2.0720671946432353e-07,4.213354248740013e-05,9.283138518993872e-05,2.171260079828605e-07,4.307841747037776e-05,9.502413825682299e-05,2.2739706011825113e-07,4.403251696587157e-05,9.724233240542666e-05,2.3802808262814155e-07,4.4995799245978664e-05,9.948596049132061e-05,2.4902737616241604e-07,4.596822260394231e-05,0.00010175501528817833,2.604033352293413e-07,4.6949745354319586e-05,0.00010404948948779995,0.75
1.708863544978189e-07,3.844712296942861e-05,8.431492376045044e-05,1.7947877711717428e-07,3.93546822062626e-05,8.640584269493739e-05,1.8839107590886602e-07,4.027163307532941e-05,8.852223046941629e-05,1.9763108173070441e-07,4.1197933765820076e-05,9.0664080267282e-05,2.0720671946432353e-07,4.213354248740013e-05,9.283138518993872e-05,2.171260079828605e-07,4.307841747037776e-05,9.502413825682299e-05,2.2739706011825113e-07,4.403251696587157e-05,9.724233240542666e-05,2.3802808262814155e-07,4.4995799245978664e-05,9.948596049132061e-05,2.4902737616241604e-07,4.596822260394231e-05,0.00010175501528817833,2.604033352293413e-07,4.6949745354319586e-05,0.00010404948948779995,0.75
1.708863544978189e-07,3.844712296942861e-05,8.431492376045044e-05,1.7947877711717428e-07,3.93546822062626e-05,8.640584269493739e-05,1.8839107590886602e-07,4.027163307532941e-05,8.852223046941629e-05,1.9763108173070441e-07,4.1197933765820076e-05,9.0664080267282e-05,2.0720671946432353e-07,4.213354248740013e-05,9.283138518993872e-05,2.171260079828605e-07,4.307841747037776e-05,9.502413825682299e-05,2.2739706011825113e-07,4.403251696587157e-05,9.724233240542666e-05,2.3802808262814155e-07,4.4995799245978664e-05,9.948596049132061e-05,2.4902737616241604e-07,4.596822260394231e-05,0.00010175501528817833,2.604033352293413e-07,4.6949745354319586e-05,0.00010404948948779995,0.75
1.708863544978189e-07,3.844712296942861e-05,8.431492376045044e-05,1.7947877711717428e-07,3.93546822062626e-05,8.640584269493739e-05,1.8839107590886602e-07,4.027163307532941e-05,8.852223046941629e-05,1.9763108173070441e-07,4.1197933765820076e-05,9.0664080267282e-05,2.0720671946432353e-07,4.213354248740013e-05,9.283138518993872e-05,2.171260079828605e-07,4.307841747037776e-05,9.502413825682299e-05,2.2739706011825113e-07,4.403251696587157e-05,9.724233240542666e-05,2.3802808262814155e-07,4.4995799245978664e-05,9.948596049132061e-05,2.4902737616241604e-07,4.596822260394231e-05,0.00010175501528817833,2.604033352293413e-07,4.6949745354319586e-05,0.00010404948948779995,0.75
1.708863544978189e-07,3.844712296942861e-05,8.431492376045044e-05,1.7947877711717428e-07,3.93546822062626e-05,8.640584269493739e-05,1.8839107590886602e-07,4.027163307532941e-05,8.852223046941629e-05,1.9763108173070441e-07,4.1197933765820076e-05,9.0664080267282e-05,2.0720671946432353e-07,4.213354248740013e-05,9.283138518993872e-05,2.171260079828605e-07,4.307841747037776e-05,9.502413825682299e-05,2.2739706011825113e-07,4.403251696587157e-05,9.724233240542666e-05,2.3802808262814155e-07,4.4995799245978664e-05,9.948596049132061e-05,2.4902737616241604e-07,4.596822260394231e-05,0.00010175501528817833,2.604033352293413e-07,4.6949745354319586e-05,0.00010404948948779995,0.75
1.708863544978189e-07,3.844712296942861e-05,8.431492376045044e-05,1.7947877711717428e-07,3.93546822062626e-05,8.640584269493739e-05,1.8839107590886602e-07,4.027163307532941e-05,8.852223046941629e-05,1.9763108173070441e-07,4.1197933765820076e-05,9.0664080267282e-05,2.0720671946432353e-07,4.213354248740013e-05,9.283138518993872e-05,2.171260079828605e-07,4.307841747037776e-05,9.502413825682299e-05,2.2739706011825113e-07,4.403251696587157e-05,9.724233240542666e-05,2.3802808262814155e-07,4.4995799245978664e-05,9.948596049132061e-05,2.4902737616241604e-07,4.596822260394231e-05,0.00010175501528817833,2.604033352293413e-07,4.6949745354319586e-05,0.00010404948948779995,0.75
1.708863544978189e-07,3.844712296942861e-05,8.431492376045044e-05,1.7947877711717428e-07,3.93546822062626e-05,8.640584269493739e-05,1.8839107590886602e-07,4.027163307532941e-05,8.852223046941629e-05,1.9763108173070441e-07,4.1197933765820076e-05,9.0664080267282e-05,2.0720671946432353e-07,4.213354248740013e-05,9.283138518993872e-05,2.171260079828605e-07,4.307841747037776e-05,9.502413825682299e-05,2.2739706011825113e-07,4.403251696587157e-05,9.724233240542666e-05,2.3802808262814155e-07,4.4995799245978664e-05,9.948596049132061e-05,2.4902737616241604e-07,4.596822260394231e-05,0.00010175501528817833,2.604033352293413e-07,4.6949745354319586e-05,0.00010404948948779995,0.75
1.708863544978189e-07,3.844712296942861e-05,8.431492376045044e-05,1.7947877711717428e-07,3.93546822062626e-05,8.640584269493739e-05,1.8839107590886602e-07,4.027163307532941e-05,8.852223046941629e-05,1.9763108173070441e-07,4.1197933765820076e-05,9.0664080267282e-05,2.0720671946432353e-07,4.213354248740013e-05,9.283138518993872e-05,2.171260079828605e-07,4.307841747037776e-05,9.502413825682299e-05,2.2739706011825113e-07,4.403251696587157e-05,9.724233240542666e-05,2.3802808262814155e-07,4.4995799245978664e-05,9.948596049132061e-05,2.4902737616241604e-07,4.596822260394231e-05,0.00010175501528817833,2.604033352293413e-07,4.6949745354319586e-05,0.00010404948948779995,0.75
1.708863544978189e-07,3.844712296942861e-05,8.431492376045044e-05,1.7947877711717428e-07,3.93546822062626e-05,8.640584269493739e-05,1.8839107590886602e-07,4.027163307532941e-05,8.852223046941629e-05,1.9763108173070441e-07,4.1197933765820076e-05,9.0664080267282e-05,2.0720671946432353e-07,4.213354248740013e-05,9.283138518993872e-05,2.171260079828605e-07,4.307841747037776e-05,9.502413825682299e-05,2.2739706011825113e-07,4.403251696587157e-05,9.724233240542666e-05,2.3802808262814155e-07,4.4995799245978664e-05,9.948596049132061e-05,2.4902737616241604e-07,4.596822260394231e-05,0.00010175501528817833,2.604033352293413e-07,4.6949745354319586e-05,0.00010404948948779995,0.75
1.708863544978189e-07,3.844712296942861e-05,8.431492376045044e-05,1.7947877711717428e-07,3.93546822062626e-05,8.640584269493739e-05,1.8839107590886602e-07,4.027163307532941e-05,8.852223046941629e-05,1.9763108173070441e-07,4.1197933765820076e-05,9.0664080267282e-05,2.0720671946432353e-07,4.213354248740013e-05,9.283138518993872e-05,2.171260079828605e-07,4.307841747037776e-05,9.502413825682299e-05,2.2739706011825113e-07,4.403251696587157e-05,9.724233240542666e-05,2.3802808262814155e-07,4.4995799245978664e-05,9.948596049132061e-05,2.4902737616241604e-07,4.596822260394231e-05,0.00010175501528817833,2.604033352293413e-07,4.6949745354319586e-05,0.00010404948948779995,0.75
1.708863544978189e-07,3.844712296942861e-05,8.431492376045044e-05,1.7947877711717428e-07,3.93546822062626e-05,8.640584269493739e-05,1.8839107590886602e-07,4.027163307532941e-05,8.852223046941629e-05,1.9763108173070441e-07,4.1197933765820076e-05,9.0664080267282e-05,2.0720671946432353e-07,4.213354248740013e-05,9.283138518993872e-05,2.171260079828605e-07,4.307841747037776e-05,9.502413825682299e-05,2.2739706011825113e-07,4.403251696587157e-05,9.724233240542666e-05,2.3802808262814155e-07,4.4995799245978664e-05,9.948596049132061e-05,2.4902737616241604e-07,4.596822260394231e-05,0.00010175501528817833,2.604033352293413e-07,4.6949745354319586e-05,0.00010404948948779995,0.75
1.708863544978189e-07,3.844712296942861e-05,8.431492376045044e-05,1.7947877711717428e-07,3.93546822062626e-05,8.640584269493739e-05,1.8839107590886602e-07,4.027163307532941e-05,8.852223046941629e-05,1.9763108173070441e-07,4.1197933765820076e-05,9.0664080267282e-05,2.0720671946432353e-07,4.213354248740013e-05,9.283138518993872e-05,2.171260079828605e-07,4.307841747037776e-05,9.502413825682299e-05,2.2739706011825113e-07,4.403251696587157e-05,9.724233240542666e-05,2.3802808262814155e-07,4.4995799245978664e-05,9.948596049132061e-05,2.4902737616241604e-07,4.596822260394231e-05,0.00010175501528817833,2.604033352293413e-07,4.6949745354319586e-05,0.00010404948948779995,0.75
1.708863544978189e-07,3.844712296942861e-05,8.431492376045044e-05,1.7947877711717428e-07,3.93546822062626e-05,8.640584269493739e-05,1.8839107590886602e-07,4.027163307532941e-05,8.852223046941629e-05,1.9763108173070441e-07,4.1197933765820076e-05,9.0664080267282e-05,2.0720671946432353e-07,4.213354248740013e-05,9.283138518993872e-05,2.171260079828605e-07,4.307841747037776e-05,9.502413825682299e-05,2.2739706011825113e-07,4.403251696587157e-05,9.724233240542666e-05,2.3802808262814155e-07,4.4995799245978664e-05,9.948596049132061e-05,2.4902737616241604e-07,4.596822260394231e-05,0.00010175501528817833,2.604033352293413e-07,4.6949745354319586e-05,0.00010404948948779995,0.75
1.708863544978189e-07,3.844712296942861e-05,8.431492376045044e-05,1.7947877711717428e-07,3.93546822062626e-05,8.640584269493739e-05,1.8839107590886602e-07,4.027163307532941e-05,8.852223046941629e-05,1.9763108173070441e-07,4.1197933765820076e-05,9.0664080267282e-05,2.0720671946432353e-07,4.213354248740013e-05,9.283138518993872e-05,2.171260079828605e-07,4.307841747037776e-05,9.502413825682299e-05,2.2739706011825113e-07,4.403251696587157e-05,9.724233240542666e-05,2.3802808262814155e-07,4.4995799245978664e-05,9.948596049132061e-05,2.4902737616241604e-07,4.596822260394231e-05,0.00010175501528817833,2.604033352293413e-07,4.6949745354319586e-05,0.00010404948948779995,0.75
1.708863544978189e-07,3.844712296942861e-05,8.431492376045044e-05,1.7947877711717428e-07,3.93546822062626e-05,8.640584269493739e-05,1.8839107590886602e-07,4.027163307532941e-05,8.852223046941629e-05,1.9763108173070441e-07,4.1197933765820076e-05,9.0664080267282e-05,2.0720671946432353e-07,4.213354248740013e-05,9.283138518993872e-05,2.171260079828605e-07,4.307841747037776e-05,9.502413825682299e-05,2.2739706011825113e-07,4.403251696587157e-05,9.724233240542666e-05,2.3802808262814155e-07,4.4995799245978664e-05,9.948596049132061e-05,2.4902737616241604e-07,4.596822260394231e-05,0.00010175501528817833,2.604033352293413e-07,4.6949745354319586e-05,0.00010404948948779995,0.75
1.708863544978189e-07,3.844712296942861e-05,8.431492376045044e-05,1.7947877711717428e-07,3.93546822062626e-05,8.640584269493739e-05,1.8839107590886602e-07,4.027163307532941e-05,8.852223046941629e-05,1.9763108173070441e-07,4.1197933765820076e-05,9.0664080267282e-05,2.0720671946432353e-07,4.213354248740013e-05,9.283138518993872e-05,2.171260079828605e-07,4.307841747037776e-05,9.502413825682299e-05,2.2739706011825113e-07,4.403251696587157e-05,9.724233240542666e-05,2.3802808262814155e-07,4.4995799245978664e-05,9.948596049132061e-05,2.4902737616241604e-07,4.596822260394231e-05,0.00010175501528817833,2.604033352293413e-07,4.6949745354319586e-05,0.00010404948948779995,0.75
1.708863544978189e-07,3.844712296942861e-05,8.431492376045044e-05,1.7947877711717428e-07,3.93546822062626e-05,8.640584269493739e-05,1.8839107590886602e-07,4.027163307532941e-05,8.852223046941629e-05,1.9763108173070441e-07,4.1197933765820076e-05,9.0664080267282e-05,2.0720671946432353e-07,4.213354248740013e-05,9.283138518993872e-05,2.171260079828605e-07,4.307841747037776e-05,9.502413825682299e-05,2.2739706011825113e-07,4.403251696587157e-05,9.724233240542666e-05,2.3802808262814155e-07,4.4995799245978664e-05,9.948596049132061e-05,2.4902737616241604e-07,4.596822260394231e-05,0.00010175501528817833,2.604033352293413e-07,4.6949745354319586e-05,0.00010404948948779995,0.75
1.708863544978189e-07,3.844712296942861e-05,8.431492376045044e-05,1.7947877711717428e-07,3.93546822062626e-05,8.640584269493739e-05,1.8839107590886602e-07,4.027163307532941e-05,8.852223046941629e-05,1.9763108173070441e-07,4.1197933765820076e-05,9.0664080267282e-05,2.0720671946432353e-07,4.213354248740013e-05,9.283138518993872e-05,2.171260079828605e-07,4.307841747037776e-05,9.502413825682299e-05,2.2739706011825113e-07,4.403251696587157e-05,9.724233240542666e-05,2.3802808262814155e-07,4.4995799245978664e-05,9.948596049132061e-05,2.4902737616241604e-07,4.596822260394231e-05,0.00010175501528817833,2.604033352293413e-07,4.6949745354319586e-05,0.00010404948948779995,0.75
1.708863544978189e-07,3.844712296942861e-05,8.431492376045044e-05,1.7947877711717428e-07,3.93546822062626e-05,8.640584269493739e-05,1.8839107590886602e-07,4.027163307532941e-05,8.852223046941629e-05,1.9763108173070441e-07,4.1197933765820076e-05,9.0664080267282e-05,2.0720671946432353e-07,4.213354248740013e-05,9.283138518993872e-05,2.171260079828605e-07,4.307841747037776e-05,9.502413825682299e-05,2.2739706011825113e-07,4.403251696587157e-05,9.724233240542666e-05,2.3802808262814155e-07,4.4995799245978664e-05,9.948596049132061e-05,2.4902737616241604e-07,4.596822260394231e-05,0.00010175501528817833,2.604033352293413e-07,4.6949745354319586e-05,0.00010404948948779995,0.75
1.708863544978189e-07,3.844712296942861e-05,8.431492376045044e-05,1.7947877711717428e-07,3.93546822062626e-05,8.640584269493739e-05,1.8839107590886602e-07,4.027163307532941e-05,8.852223046941629e-05,1.9763108173070441e-07,4.1197933765820076e-05,9.0664080267282e-05,2.0720671946432353e-07,4.213354248740013e-05,9.283138518993872e-05,2.171260079828605e-07,4.307841747037776e-05,9.502413825682299e-05,2.2739706011825113e-07,4.403251696587157e-05,9.724233240542666e-05,2.3802808262814155e-07,4.4995799245978664e-05,9.948596049132061e-05,2.4902737616241604e-07,4.596822260394231e-05,0.00010175501528817833,2.604033352293413e-07,4.6949745354319586e-05,0.00010404948948779995,0.75
1.708863544978189e-07,3.844712296942861e-05,8.431492376045044e-05,1.7947877711717428e-07,3.93546822062626e-05,8.640584269493739e-05,1.8839107590886602e-07,4.027163307532941e-05,8.852223046941629e-05,1.9763108173070441e-07,4.1197933765820076e-05,9.0664080267282e-05,2.0720671946432353e-07,4.213354248740013e-05,9.283138518993872e-05,2.171260079828605e-07,4.307841747037776e-05,9.502413825682299e-05,2.2739706011825113e-07,4.403251696587157e-05,9.724233240542666e-05,2.3802808262814155e-07,4.4995799245978664e-05,9.948596049132061e-05,2.4902737616241604e-07,4.596822260394231e-05,0.00010175501528817833,2.604033352293413e-07,4.6949745354319586e-05,0.00010404948948779995,0.75
1.708863544978189e-07,3.844712296942861e-05,8.431492376045044e-05,1.7947877711717428e-07,3.93546822062626e-05,8.640584269493739e-05,1.8839107590886602e-07,4.027163307532941e-05,8.852223046941629e-05,1.9763108173070441e-07,4.1197933765820076e-05,9.0664080267282e-05,2.0720671946432353e-07,4.213354248740013e-05,9.283138518993872e-05,2.171260079828605e-07,4.307841747037776e-05,9.502413825682299e-05,2.2739706011825113e-07,4.403251696587157e-05,9.724233240542666e-05,2.3802808262814155e-07,4.4995799245978664e-05,9.948596049132061e-05,2.4902737616241604e-07,4.596822260394231e-05,0.00010175501528817833,2.604033352293413e-07,4.6949745354319586e-05,0.00010404948948779995,0.75
1.708863544978189e-07,3.844712296942861e-05,8.431492376045044e-05,1.7947877711717428e-07,3.93546822062626e-05,8.640584269493739e-05,1.8839107590886602e-07,4.027163307532941e-05,8.852223046941629e-05,1.9763108173070441e-07,4.1197933765820076e-05,9.0664080267282e-05,2.0720671946432353e-07,4.213354248740013e-05,9.283138518993872e-05,2.171260079828605e-07,4.307841747037776e-05,9.502413825682299e-05,2.2739706011825113e-07,4.403251696587157e-05,9.724233240542666e-05,2.3802808262814155e-07,4.4995799245978664e-05,9.948596049132061e-05,2.4902737616241604e-07,4.596822260394231e-05,0.00010175501528817833,2.604033352293413e-07,4.6949745354319586e-05,0.00010404948948779995,0.75
1.708863544978189e-07,3.844712296942861e-05,8.431492376045044e-05,1.7947877711717428e-07,3.93546822062626e-05,8.640584269493739e-05,1.8839107590886602e-07,4.027163307532941e-05,8.852223046941629e-05,1.9763108173070441e-07,4.1197933765820076e-05,9.0664080267282e-05,2.0720671946432353e-07,4.213354248740013e-05,9.283138518993872e-05,2.171260079828605e-07,4.307841747037776e-05,9.502413825682299e-05,2.2739706011825113e-07,4.403251696587157e-05,9.724233240542666e-05,2.3802808262814155e-07,4.4995799245978664e-05,9.948596049132061e-05,2.4902737616241604e-07,4.596822260394231e-05,0.00010175501528817833,2.604033352293413e-07,4.6949745354319586e-05,0.00010404948948779995,0.75
1.708863544978189e-07,3.844712296942861e-05,8.431492376045044e-05,1.7947877711717428e-07,3.93546822062626e-05,8.640584269493739e-05,1.8839107590886602e-07,4.027163307532941e-05,8.852223046941629e-05,1.9763108173070441e-07,4.1197933765820076e-05,9.0664080267282e-05,2.0720671946432353e-07,4.213354248740013e-05,9.283138518993872e-05,2.171260079828605e-07,4.307841747037776e-05,9.502413825682299e-05,2.2739706011825113e-07,4.403251696587157e-05,9.724233240542666e-05,2.3802808262814155e-07,4.4995799245978664e-05,9.948596049132061e-05,2.4902737616241604e-07,4.596822260394231e-05,0.00010175501528817833,2.604033352293413e-07,4.6949745354319586e-05,0.00010404948948779995,0.75
1.708863544978189e-07,3.844712296942861e-05,8.431492376045044e-05,1.7947877711717428e-07,3.93546822062626e-05,8.640584269493739e-05,1.8839107590886602e-07,4.027163307532941e-05,8.852223046941629e-05,1.9763108173070441e-07,4.1197933765820076e-05,9.0664080267282e-05,2.0720671946432353e-07,4.213354248740013e-05,9.283138518993872e-05,2.171260079828605e-07,4.307841747037776e-05,9.502413825682299e-05,2.2739706011825113e-07,4.403251696587157e-05,9.724233240542666e-05,2.3802808262814155e-07,4.4995799245978664e-05,9.948596049132061e-05,2.4902737616241604e-07,4.596822260394231e-05,0.00010175501528817833,2.604033352293413e-07,4.6949745354319586e-05,0.00010404948948779995,0.75
1.708863544978189e-07,3.844712296942861e-05,8.431492376045044e-05,1.7947877711717428e-07,3.93546822062626e-05,8.640584269493739e-05,1.8839107590886602e-07,4.027163307532941e-05,8.852223046941629e-05,1.9763108173070441e-07,4.1197933765820076e-05,9.0664080267282e-05,2.0720671946432353e-07,4.213354248740013e-05,9.283138518993872e-05,2.171260079828605e-07,4.307841747037776e-05,9.502413825682299e-05,2.2739706011825113e-07,4.403251696587157e-05,9.724233240542666e-05,2.3802808262814155e-07,4.4995799245978664e-05,9.948596049132061e-05,2.4902737616241604e-07,4.596822260394231e-05,0.00010175501528817833,2.604033352293413e-07,4.6949745354319586e-05,0.00010404948948779995,0.75
1.708863544978189e-07,3.844712296942861e-05,8.431492376045044e-05,1.7947877711717428e-07,3.93546822062626e-05,8.640584269493739e-05,1.8839107590886602e-07,4.027163307532941e-05,8.852223046941629e-05,1.9763108173070441e-07,4.1197933765820076e-05,9.0664080267282e-05,2.0720671946432353e-07,4.213354248740013e-05,9.283138518993872e-05,2.171260079828605e-07,4.307841747037776e-05,9.502413825682299e-05,2.2739706011825113e-07,4.403251696587157e-05,9.724233240542666e-05,2.3802808262814155e-07,4.4995799245978664e-05,9.948596049132061e-05,2.4902737616241604e-07,4.596822260394231e-05,0.00010175501528817833,2.604033352293413e-07,4.6949745354319586e-05,0.00010404948948779995,0.75
1.708863544978189e-07,3.844712296942861e-05,8.431492376045044e-05,1.7947877711717428e-07,3.93546822062626e-05,8.640584269493739e-05,1.8839107590886602e-07,4.027163307532941e-05,8.852223046941629e-05,1.9763108173070441e-07,4.1197933765820076e-05,9.0664080267282e-05,2.0720671946432353e-07,4.213354248740013e-05,9.283138518993872e-05,2.171260079828605e-07,4.307841747037776e-05,9.502413825682299e-05,2.2739706011825113e-07,4.403251696587157e-05,9.724233240542666e-05,2.3802808262814155e-07,4.4995799245978664e-05,9.948596049132061e-05,2.4902737616241604e-07,4.596822260394231e-05,0.00010175501528817833,2.604033352293413e-07,4.6949745354319586e-05,0.00010404948948779995,0.75
1.708863544978189e-07,3.844712296942861e-05,8.431492376045044e-05,1.7947877711717428e-07,3.93546822062626e-05,8.640584269493739e-05,1.8839107590886602e-07,4.027163307532941e-05,8.852223046941629e-05,1.9763108173070441e-07,4.1197933765820076e-05,9.0664080267282e-05,2.0720671946432353e-07,4.213354248740013e-05,9.283138518993872e-05,2.171260079828605e-07,4.307841747037776e-05,9.502413825682299e-05,2.2739706011825113e-07,4.403251696587157e-05,9.724233240542666e-05,2.3802808262814155e-07,4.4995799245978664e-05,9.948596049132061e-05,2.4902737616241604e-07,4.596822260394231e-05,0.00010175501528817833,2.604033352293413e-07,4.6949745354319586e-05,0.00010404948948779995,0.75
1.708863544978189e-07,3.844712296942861e-05,8.431492376045044e-05,1.7947877711717428e-07,3.93546822062626e-05,8.640584269493739e-05,1.8839107590886602e-07,4.027163307532941e-05,8.852223046941629e-05,1.9763108173070441e-07,4.1197933765820076e-05,9.0664080267282e-05,2.0720671946432353e-07,4.213354248740013e-05,9.283138518993872e-05,2.171260079828605e-07,4.307841747037776e-05,9.502413825682299e-05,2.2739706011825113e-07,4.403251696587157e-05,9.724233240542666e-05,2.3802808262814155e-07,4.4995799245978664e-05,9.948596049132061e-05,2.4902737616241604e-07,4.596822260394231e-05,0.00010175501528817833,2.604033352293413e-07,4.6949745354319586e-05,0.00010404948948779995,0.75
1.708863544978189e-07,3.844712296942861e-05,8.431492376045044e-05,1.7947877711717428e-07,3.93546822062626e-05,8.640584269493739e-05,1.8839107590886602e-07,4.027163307532941e-05,8.852223046941629e-05,1.9763108173070441e-07,4.1197933765820076e-05,9.0664080267282e-05,2.0720671946432353e-07,4.213354248740013e-05,9.283138518993872e-05,2.171260079828605e-07,4.307841747037776e-05,9.502413825682299e-05,2.2739706011825113e-07,4.403251696587157e-05,9.724233240542666e-05,2.3802808262814155e-07,4.4995799245978664e-05,9.948596049132061e-05,2.4902737616241604e-07,4.596822260394231e-05,0.00010175501528817833,2.604033352293413e-07,4.6949745354319586e-05,0.00010404948948779995,0.75
1.708863544978189e-07,3.844712296942861e-05,8.431492376045044e-05,1.7947877711717428e-07,3.93546822062626e-05,8.640584269493739e-05,1.8839107590886602e-07,4.027163307532941e-05,8.852223046941629e-05,1.9763108173070441e-07,4.1197933765820076e-05,9.0664080267282e-05,2.0720671946432353e-07,4.213354248740013e-05,9.283138518993872e-05,2.171260079828605e-07,4.307841747037776e-05,9.502413825682299e-05,2.2739706011825113e-07,4.403251696587157e-05,9.724233240542666e-05,2.3802808262814155e-07,4.4995799245978664e-05,9.948596049132061e-05,2.4902737616241604e-07,4.596822260394231e-05,0.00010175501528817833,2.604033352293413e-07,4.6949745354319586e-05,0.00010404948948779995,0.75
1.708863544978189e-07,3.844712296942861e-05,8.431492376045044e-05,1.7947877711717428e-07,3.93546822062626e-05,8.640584269493739e-05,1.8839107590886602e-07,4.027163307532941e-05,8.852223046941629e-05,1.9763108173070441e-07,4.1197933765820076e-05,9.0664080267282e-05,2.0720671946432353e-07,4.213354248740013e-05,9.283138518993872e-05,2.171260079828605e-07,4.307841747037776e-05,9.502413825682299e-05,2.2739706011825113e-07,4.403251696587157e-05,9.724233240542666e-05,2.3802808262814155e-07,4.4995799245978664e-05,9.948596049132061e-05,2.4902737616241604e-07,4.596822260394231e-05,0.00010175501528817833,2.604033352293413e-07,4.6949745354319586e-05,0.00010404948948779995,0.75
1.708863544978189e-07,3.844712296942861e-05,8.431492376045044e-05,1.7947877711717428e-07,3.93546822062626e-05,8.640584269493739e-05,1.8839107590886602e-07,4.027163307532941e-05,8.852223046941629e-05,1.9763108173070441e-07,4.1197933765820076e-05,9.0664080267282e-05,2.0720671946432353e-07,4.213354248740013e-05,9.283138518993872e-05,2.171260079828605e-07,4.307841747037776e-05,9.502413825682299e-05,2.2739706011825113e-07,4.403251696587157e-05,9.724233240542666e-05,2.3802808262814155e-07,4.4995799245978664e-05,9.948596049132061e-05,2.4902737616241604e-07,4.596822260394231e-05,0.00010175501528817833,2.604033352293413e-07,4.6949745354319586e-05,0.00010404948948779995,0.75
1.708863544978189e-07,3.844712296942861e-05,8.431492376045044e-05,1.7947877711717428e-07,3.93546822062626e-05,8.640584269493739e-05,1.8839107590886602e-07,4.027163307532941e-05,8.852223046941629e-05,1.9763108173070441e-07,4.1197933765820076e-05,9.0664080267282e-05,2.0720671946432353e-07,4.213354248740013e-05,9.283138518993872e-05,2.171260079828605e-07,4.307841747037776e-05,9.502413825682299e-05,2.2739706011825113e-07,4.403251696587157e-05,9.724233240542666e-05,2.3802808262814155e-07,4.4995799245978664e-05,9.948596049132061e-05,2.4902737616241604e-07,4.596822260394231e-05,0.00010175501528817833,2.604033352293413e-07,4.6949745354319586e-05,0.00010404948948779995,0.75
1.708863544978189e-07,3.844712296942861e-05,8.431492376045044e-05,1.7947877711717428e-07,3.93546822062626e-05,8.640584269493739e-05,1.8839107590886602e-07,4.027163307532941e-05,8.852223046941629e-05,1.9763108173070441e-07,4.1197933765820076e-05,9.0664080267282e-05,2.0720671946432353e-07,4.213354248740013e-05,9.283138518993872e-05,2.171260079828605e-07,4.307841747037776e-05,9.502413825682299e-05,2.2739706011825113e-07,4.403251696587157e-05,9.724233240542666e-05,2.3802808262814155e-07,4.4995799245978664e-05,9.948596049132061e-05,2.4902737616241604e-07,4.596822260394231e-05,0.00010175501528817833,2.604033352293413e-07,4.6949745354319586e-05,0.00010404948948779995,0.75
1.708863544978189e-07,3.844712296942861e-05,8.431492376045044e-05,1.7947877711717428e-07,3.93546822062626e-05,8.640584269493739e-05,1.8839107590886602e-07,4.027163307532941e-05,8.852223046941629e-05,1.9763108173070441e-07,4.1197933765820076e-05,9.0664080267282e-05,2.0720671946432353e-07,4.213354248740013e-05,9.283138518993872e-05,2.171260079828605e-07,4.307841747037776e-05,9.502413825682299e-05,2.2739706011825113e-07,4.403251696587157e-05,9.724233240542666e-05,2.3802808262814155e-07,4.4995799245978664e-05,9.948596049132061e-05,2.4902737616241604e-07,4.596822260394231e-05,0.00010175501528817833,2.604033352293413e-07,4.6949745354319586e-05,0.00010404948948779995,0.75
1.708863544978189e-07,3.844712296942861e-05,8.431492376045044e-05,1.7947877711717428e-07,3.93546822062626e-05,8.640584269493739e-05,1.8839107590886602e-07,4.027163307532941e-05,8.852223046941629e-05,1.9763108173070441e-07,4.1197933765820076e-05,9.0664080267282e-05,2.0720671946432353e-07,4.213354248740013e-05,9.283138518993872e-05,2.171260079828605e-07,4.307841747037776e-05,9.502413825682299e-05,2.2739706011825113e-07,4.403251696587157e-05,9.724233240542666e-05,2.3802808262814155e-07,4.4995799245978664e-05,9.948596049132061e-05,2.4902737616241604e-07,4.596822260394231e-05,0.00010175501528817833,2.604033352293413e-07,4.6949745354319586e-05,0.00010404948948779995,0.75
1.708863544978189e-07,3.844712296942861e-05,8.431492376045044e-05,1.7947877711717428e-07,3.93546822062626e-05,8.640584269493739e-05,1.8839107590886602e-07,4.027163307532941e-05,8.852223046941629e-05,1.9763108173070441e-07,4.1197933765820076e-05,9.0664080267282e-05,2.0720671946432353e-07,4.213354248740013e-05,9.283138518993872e-05,2.171260079828605e-07,4.307841747037776e-05,9.502413825682299e-05,2.2739706011825113e-07,4.403251696587157e-05,9.724233240542666e-05,2.3802808262814155e-07,4.4995799245978664e-05,9.948596049132061e-05,2.4902737616241604e-07,4.596822260394231e-05,0.00010175501528817833,2.604033352293413e-07,4.6949745354319586e-05,0.00010404948948779995,0.75
1.708863544978189e-07,3.844712296942861e-05,8.431492376045044e-05,1.7947877711717428e-07,3.93546822062626e-05,8.640584269493739e-05,1.8839107590886602e-07,4.027163307532941e-05,8.852223046941629e-05,1.9763108173070441e-07,4.1197933765820076e-05,9.0664080267282e-05,2.0720671946432353e-07,4.213354248740013e-05,9.283138518993872e-05,2.171260079828605e-07,4.307841747037776e-05,9.502413825682299e-05,2.2739706011825113e-07,4.403251696587157e-05,9.724233240542666e-05,2.3802808262814155e-07,4.4995799245978664e-05,9.948596049132061e-05,2.4902737616241604e-07,4.596822260394231e-05,0.00010175501528817833,2.604033352293413e-07,4.6949745354319586e-05,0.00010404948948779995,0.75
1.708863544978189e-07,3.844712296942861e-05,8.431492376045044e-05,1.7947877711717428e-07,3.93546822062626e-05,8.640584269493739e-05,1.8839107590886602e-07,4.027163307532941e-05,8.852223046941629e-05,1.9763108173070441e-07,4.1197933765820076e-05,9.0664080267282e-05,2.0720671946432353e-07,4.213354248740013e-05,9.283138518993872e-05,2.171260079828605e-07,4.307841747037776e-05,9.502413825682299e-05,2.2739706011825113e-07,4.403251696587157e-05,9.724233240542666e-05,2.3802808262814155e-07,4.4995799245978664e-05,9.948596049132061e-05,2.4902737616241604e-07,4.596822260394231e-05,0.00010175501528817833,2.604033352293413e-07,4.6949745354319586e-05,0.00010404948948779995,0.75
1.708863544978189e-07,3.844712296942861e-05,8.431492376045044e-05,1.7947877711717428e-07,3.93546822062626e-05,8.640584269493739e-05,1.8839107590886602e-07,4.027163307532941e-05,8.852223046941629e-05,1.9763108173070441e-07,4.1197933765820076e-05,9.0664080267282e-05,2.0720671946432353e-07,4.213354248740013e-05,9.283138518993872e-05,2.171260079828605e-07,4.307841747037776e-05,9.502413825682299e-05,2.2739706011825113e-07,4.403251696587157e-05,9.724233240542666e-05,2.3802808262814155e-07,4.4995799245978664e-05,9.948596049132061e-05,2.4902737616241604e-07,4.596822260394231e-05,0.00010175501528817833,2.604033352293413e-07,4.6949745354319586e-05,0.00010404948948779995,0.75
1.708863544978189e-07,3.844712296942861e-05,8.431492376045044e-05,1.7947877711717428e-07,3.93546822062626e-05,8.640584269493739e-05,1.8839107590886602e-07,4.027163307532941e-05,8.852223046941629e-05,1.9763108173070441e-07,4.1197933765820076e-05,9.0664080267282e-05,2.0720671946432353e-07,4.213354248740013e-05,9.283138518993872e-05,2.171260079828605e-07,4.307841747037776e-05,9.502413825682299e-05,2.2739706011825113e-07,4.403251696587157e-05,9.724233240542666e-05,2.3802808262814155e-07,4.4995799245978664e-05,9.948596049132061e-05,2.4902737616241604e-07,4.596822260394231e-05,0.00010175501528817833,2.604033352293413e-07,4.6949745354319586e-05,0.00010404948948779995,0.75
1.708863544978189e-07,3.844712296942861e-05,8.431492376045044e-05,1.7947877711717428e-07,3.93546822062626e-05,8.640584269493739e-05,1.8839107590886602e-07,4.027163307532941e-05,8.852223046941629e-05,1.9763108173070441e-07,4.1197933765820076e-05,9.0664080267282e-05,2.0720671946432353e-07,4.213354248740013e-05,9.283138518993872e-05,2.171260079828605e-07,4.307841747037776e-05,9.502413825682299e-05,2.2739706011825113e-07,4.403251696587157e-05,9.724233240542666e-05,2.3802808262814155e-07,4.4995799245978664e-05,9.948596049132061e-05,2.4902737616241604e-07,4.596822260394231e-05,0.00010175501528817833,2.604033352293413e-07,4.6949745354319586e-05,0.00010404948948779995,0.75
1.708863544978189e-07,3.844712296942861e-05,8.431492376045044e-05,1.7947877711717428e-07,3.93546822062626e-05,8.640584269493739e-05,1.8839107590886602e-07,4.027163307532941e-05,8.852223046941629e-05,1.9763108173070441e-07,4.1197933765820076e-05,9.0664080267282e-05,2.0720671946432353e-07,4.213354248740013e-05,9.283138518993872e-05,2.171260079828605e-07,4.307841747037776e-05,9.502413825682299e-05,2.2739706011825113e-07,4.403251696587157e-05,9.724233240542666e-05,2.3802808262814155e-07,4.4995799245978664e-05,9.948596049132061e-05,2.4902737616241604e-07,4.596822260394231e-05,0.00010175501528817833,2.604033352293413e-07,4.6949745354319586e-05,0.00010404948948779995,0.75
1.708863544978189e-07,3.844712296942861e-05,8.431492376045044e-05,1.7947877711717428e-07,3.93546822062626e-05,8.640584269493739e-05,1.8839107590886602e-07,4.027163307532941e-05,8.852223046941629e-05,1.9763108173070441e-07,4.1197933765820076e-05,9.0664080267282e-05,2.0720671946432353e-07,4.213354248740013e-05,9.283138518993872e-05,2.171260079828605e-07,4.307841747037776e-05,9.502413825682299e-05,2.2739706011825113e-07,4.403251696587157e-05,9.724233240542666e-05,2.3802808262814155e-07,4.4995799245978664e-05,9.948596049132061e-05,2.4902737616241604e-07,4.596822260394231e-05,0.00010175501528817833,2.604033352293413e-07,4.6949745354319586e-05,0.00010404948948779995,0.75
1.708863544978189e-07,3.844712296942861e-05,8.431492376045044e-05,1.7947877711717428e-07,3.93546822062626e-05,8.640584269493739e-05,1.8839107590886602e-07,4.027163307532941e-05,8.852223046941629e-05,1.9763108173070441e-07,4.1197933765820076e-05,9.0664080267282e-05,2.0720671946432353e-07,4.213354248740013e-05,9.283138518993872e-05,2.171260079828605e-07,4.307841747037776e-05,9.502413825682299e-05,2.2739706011825113e-07,4.403251696587157e-05,9.724233240542666e-05,2.3802808262814155e-07,4.4995799245978664e-05,9.948596049132061e-05,2.4902737616241604e-07,4.596822260394231e-05,0.00010175501528817833,2.604033352293413e-07,4.6949745354319586e-05,0.00010404948948779995,0.75
1.708863544978189e-07,3.844712296942861e-05,8.431492376045044e-05,1.7947877711717428e-07,3.93546822062626e-05,8.640584269493739e-05,1.8839107590886602e-07,4.027163307532941e-05,8.852223046941629e-05,1.9763108173070441e-07,4.1197933765820076e-05,9.0664080267282e-05,2.0720671946432353e-07,4.213354248740013e-05,9.283138518993872e-05,2.171260079828605e-07,4.307841747037776e-05,9.502413825682299e-05,2.2739706011825113e-07,4.403251696587157e-05,9.724233240542666e-05,2.3802808262814155e-07,4.4995799245978664e-05,9.948596049132061e-05,2.4902737616241604e-07,4.596822260394231e-05,0.00010175501528817833,2.604033352293413e-07,4.6949745354319586e-05,0.00010404948948779995,0.75
1.708863544978189e-07,3.844712296942861e-05,8.431492376045044e-05,1.7947877711717428e-07,3.93546822062626e-05,8.640584269493739e-05,1.8839107590886602e-07,4.027163307532941e-05,8.852223046941629e-05,1.9763108173070441e-07,4.1197933765820076e-05,9.0664080267282e-05,2.0720671946432353e-07,4.213354248740013e-05,9.283138518993872e-05,2.171260079828605e-07,4.307841747037776e-05,9.502413825682299e-05,2.2739706011825113e-07,4.403251696587157e-05,9.724233240542666e-05,2.3802808262814155e-07,4.4995799245978664e-05,9.948596049132061e-05,2.4902737616241604e-07,4.596822260394231e-05,0.00010175501528817833,2.604033352293413e-07,4.6949745354319586e-05,0.00010404948948779995,0.75
1.708863544978189e-07,3.844712296942861e-05,8.431492376045044e-05,1.7947877711717428e-07,3.93546822062626e-05,8.640584269493739e-05,1.8839107590886602e-07,4.027163307532941e-05,8.852223046941629e-05,1.9763108173070441e-07,4.1197933765820076e-05,9.0664080267282e-05,2.0720671946432353e-07,4.213354248740013e-05,9.283138518993872e-05,2.171260079828605e-07,4.307841747037776e-05,9.502413825682299e-05,2.2739706011825113e-07,4.403251696587157e-05,9.724233240542666e-05,2.3802808262814155e-07,4.4995799245978664e-05,9.948596049132061e-05,2.4902737616241604e-07,4.596822260394231e-05,0.00010175501528817833,2.604033352293413e-07,4.6949745354319586e-05,0.00010404948948779995,0.75
1.708863544978189e-07,3.844712296942861e-05,8.431492376045044e-05,1.7947877711717428e-07,3.93546822062626e-05,8.640584269493739e-05,1.8839107590886602e-07,4.027163307532941e-05,8.852223046941629e-05,1.9763108173070441e-07,4.1197933765820076e-05,9.0664080267282e-05,2.0720671946432353e-07,4.213354248740013e-05,9.283138518993872e-05,2.171260079828605e-07,4.307841747037776e-05,9.502413825682299e-05,2.2739706011825113e-07,4.403251696587157e-05,9.724233240542666e-05,2.3802808262814155e-07,4.4995799245978664e-05,9.948596049132061e-05,2.4902737616241604e-07,4.596822260394231e-05,0.00010175501528817833,2.604033352293413e-07,4.6949745354319586e-05,0.00010404948948779995,0.75
1.708863544978189e-07,3.844712296942861e-05,8.431492376045044e-05,1.7947877711717428e-07,3.93546822062626e-05,8.640584269493739e-05,1.8839107590886602e-07,4.027163307532941e-05,8.852223046941629e-05,1.9763108173070441e-07,4.1197933765820076e-05,9.0664080267282e-05,2.0720671946432353e-07,4.213354248740013e-05,9.283138518993872e-05,2.171260079828605e-07,4.307841747037776e-05,9.502413825682299e-05,2.2739706011825113e-07,4.403251696587157e-05,9.724233240542666e-05,2.3802808262814155e-07,4.4995799245978664e-05,9.948596049132061e-05,2.4902737616241604e-07,4.596822260394231e-05,0.00010175501528817833,2.604033352293413e-07,4.6949745354319586e-05,0.00010404948948779995,0.75
1.708863544978189e-07,3.844712296942861e-05,8.431492376045044e-05,1.7947877711717428e-07,3.93546822062626e-05,8.640584269493739e-05,1.8839107590886602e-07,4.027163307532941e-05,8.852223046941629e-05,1.9763108173070441e-07,4.1197933765820076e-05,9.0664080267282e-05,2.0720671946432353e-07,4.213354248740013e-05,9.283138518993872e-05,2.171260079828605e-07,4.307841747037776e-05,9.502413825682299e-05,2.2739706011825113e-07,4.403251696587157e-05,9.724233240542666e-05,2.3802808262814155e-07,4.4995799245978664e-05,9.948596049132061e-05,2.4902737616241604e-07,4.596822260394231e-05,0.00010175501528817833,2.604033352293413e-07,4.6949745354319586e-05,0.00010404948948779995,0.75
1.708863544978189e-07,3.844712296942861e-05,8.431492376045044e-05,1.7947877711717428e-07,3.93546822062626e-05,8.640584269493739e-05,1.8839107590886602e-07,4.027163307532941e-05,8.852223046941629e-05,1.9763108173070441e-07,4.1197933765820076e-05,9.0664080267282e-05,2.0720671946432353e-07,4.213354248740013e-05,9.283138518993872e-05,2.171260079828605e-07,4.307841747037776e-05,9.502413825682299e-05,2.2739706011825113e-07,4.403251696587157e-05,9.724233240542666e-05,2.3802808262814155e-07,4.4995799245978664e-05,9.948596049132061e-05,2.4902737616241604e-07,4.596822260394231e-05,0.00010175501528817833,2.604033352293413e-07,4.6949745354319586e-05,0.00010404948948779995,0.75
1.708863544978189e-07,3.844712296942861e-05,8.431492376045044e-05,1.7947877711717428e-07,3.93546822062626e-05,8.640584269493739e-05,1.8839107590886602e-07,4.027163307532941e-05,8.852223046941629e-05,1.9763108173070441e-07,4.1197933765820076e-05,9.0664080267282e-05,2.0720671946432353e-07,4.213354248740013e-05,9.283138518993872e-05,2.171260079828605e-07,4.307841747037776e-05,9.502413825682299e-05,2.2739706011825113e-07,4.403251696587157e-05,9.724233240542666e-05,2.3802808262814155e-07,4.4995799245978664e-05,9.948596049132061e-05,2.4902737616241604e-07,4.596822260394231e-05,0.00010175501528817833,2.604033352293413e-07,4.6949745354319586e-05,0.00010404948948779995,0.75
1.708863544978189e-07,3.844712296942861e-05,8.431492376045044e-05,1.7947877711717428e-07,3.93546822062626e-05,8.640584269493739e-05,1.8839107590886602e-07,4.027163307532941e-05,8.852223046941629e-05,1.9763108173070441e-07,4.1197933765820076e-05,9.0664080267282e-05,2.0720671946432353e-07,4.213354248740013e-05,9.283138518993872e-05,2.171260079828605e-07,4.307841747037776e-05,9.502413825682299e-05,2.2739706011825113e-07,4.403251696587157e-05,9.724233240542666e-05,2.3802808262814155e-07,4.4995799245978664e-05,9.948596049132061e-05,2.4902737616241604e-07,4.596822260394231e-05,0.00010175501528817833,2.604033352293413e-07,4.6949745354319586e-05,0.00010404948948779995,0.75
1.708863544978189e-07,3.844712296942861e-05,8.431492376045044e-05,1.7947877711717428e-07,3.93546822062626e-05,8.640584269493739e-05,1.8839107590886602e-07,4.027163307532941e-05,8.852223046941629e-05,1.9763108173070441e-07,4.1197933765820076e-05,9.0664080267282e-05,2.0720671946432353e-07,4.213354248740013e-05,9.283138518993872e-05,2.171260079828605e-07,4.307841747037776e-05,9.502413825682299e-05,2.2739706011825113e-07,4.403251696587157e-05,9.724233240542666e-05,2.3802808262814155e-07,4.4995799245978664e-05,9.948596049132061e-05,2.4902737616241604e-07,4.596822260394231e-05,0.00010175501528817833,2.604033352293413e-07,4.6949745354319586e-05,0.00010404948948779995,0.75
1.708863544978189e-07,3.844712296942861e-05,8.431492376045044e-05,1.7947877711717428e-07,3.93546822062626e-05,8.640584269493739e-05,1.8839107590886602e-07,4.027163307532941e-05,8.852223046941629e-05,1.9763108173070441e-07,4.1197933765820076e-05,9.0664080267282e-05,2.0720671946432353e-07,4.213354248740013e-05,9.283138518993872e-05,2.171260079828605e-07,4.307841747037776e-05,9.502413825682299e-05,2.2739706011825113e-07,4.403251696587157e-05,9.724233240542666e-05,2.3802808262814155e-07,4.4995799245978664e-05,9.948596049132061e-05,2.4902737616241604e-07,4.596822260394231e-05,0.00010175501528817833,2.604033352293413e-07,4.6949745354319586e-05,0.00010404948948779995,0.75
1.708863544978189e-07,3.844712296942861e-05,8.431492376045044e-05,1.7947877711717428e-07,3.93546822062626e-05,8.640584269493739e-05,1.8839107590886602e-07,4.027163307532941e-05,8.852223046941629e-05,1.9763108173070441e-07,4.1197933765820076e-05,9.0664080267282e-05,2.0720671946432353e-07,4.213354248740013e-05,9.283138518993872e-05,2.171260079828605e-07,4.307841747037776e-05,9.502413825682299e-05,2.2739706011825113e-07,4.403251696587157e-05,9.724233240542666e-05,2.3802808262814155e-07,4.4995799245978664e-05,9.948596049132061e-05,2.4902737616241604e-07,4.596822260394231e-05,0.00010175501528817833,2.604033352293413e-07,4.6949745354319586e-05,0.00010404948948779995,0.75
1.708863544978189e-07,3.844712296942861e-05,8.431492376045044e-05,1.7947877711717428e-07,3.93546822062626e-05,8.640584269493739e-05,1.8839107590886602e-07,4.027163307532941e-05,8.852223046941629e-05,1.9763108173070441e-07,4.1197933765820076e-05,9.0664080267282e-05,2.0720671946432353e-07,4.213354248740013e-05,9.283138518993872e-05,2.171260079828605e-07,4.307841747037776e-05,9.502413825682299e-05,2.2739706011825113e-07,4.403251696587157e-05,9.724233240542666e-05,2.3802808262814155e-07,4.4995799245978664e-05,9.948596049132061e-05,2.4902737616241604e-07,4.596822260394231e-05,0.00010175501528817833,2.604033352293413e-07,4.6949745354319586e-05,0.00010404948948779995,0.75
1.708863544978189e-07,3.844712296942861e-05,8.431492376045044e-05,1.7947877711717428e-07,3.93546822062626e-05,8.640584269493739e-05,1.8839107590886602e-07,4.027163307532941e-05,8.852223046941629e-05,1.9763108173070441e-07,4.1197933765820076e-05,9.0664080267282e-05,2.0720671946432353e-07,4.213354248740013e-05,9.283138518993872e-05,2.171260079828605e-07,4.307841747037776e-05,9.502413825682299e-05,2.2739706011825113e-07,4.403251696587157e-05,9.724233240542666e-05,2.3802808262814155e-07,4.4995799245978664e-05,9.948596049132061e-05,2.4902737616241604e-07,4.596822260394231e-05,0.00010175501528817833,2.604033352293413e-07,4.6949745354319586e-05,0.00010404948948779995,0.75
1.708863544978189e-07,3.844712296942861e-05,8.431492376045044e-05,1.7947877711717428e-07,3.93546822062626e-05,8.640584269493739e-05,1.8839107590886602e-07,4.027163307532941e-05,8.852223046941629e-05,1.9763108173070441e-07,4.1197933765820076e-05,9.0664080267282e-05,2.0720671946432353e-07,4.213354248740013e-05,9.283138518993872e-05,2.171260079828605e-07,4.307841747037776e-05,9.502413825682299e-05,2.2739706011825113e-07,4.403251696587157e-05,9.724233240542666e-05,2.3802808262814155e-07,4.4995799245978664e-05,9.948596049132061e-05,2.4902737616241604e-07,4.596822260394231e-05,0.00010175501528817833,2.604033352293413e-07,4.6949745354319586e-05,0.00010404948948779995,0.75
1.708863544978189e-07,3.844712296942861e-05,8.431492376045044e-05,1.7947877711717428e-07,3.93546822062626e-05,8.640584269493739e-05,1.8839107590886602e-07,4.027163307532941e-05,8.852223046941629e-05,1.9763108173070441e-07,4.1197933765820076e-05,9.0664080267282e-05,2.0720671946432353e-07,4.213354248740013e-05,9.283138518993872e-05,2.171260079828605e-07,4.307841747037776e-05,9.502413825682299e-05,2.2739706011825113e-07,4.403251696587157e-05,9.724233240542666e-05,2.3802808262814155e-07,4.4995799245978664e-05,9.948596049132061e-05,2.4902737616241604e-07,4.596822260394231e-05,0.00010175501528817833,2.604033352293413e-07,4.6949745354319586e-05,0.00010404948948779995,0.75
1.708863544978189e-07,3.844712296942861e-05,8.431492376045044e-05,1.7947877711717428e-07,3.93546822062626e-05,8.640584269493739e-05,1.8839107590886602e-07,4.027163307532941e-05,8.852223046941629e-05,1.9763108173070441e-07,4.1197933765820076e-05,9.0664080267282e-05,2.0720671946432353e-07,4.213354248740013e-05,9.283138518993872e-05,2.171260079828605e-07,4.307841747037776e-05,9.502413825682299e-05,2.2739706011825113e-07,4.403251696587157e-05,9.724233240542666e-05,2.3802808262814155e-07,4.4995799245978664e-05,9.948596049132061e-05,2.4902737616241604e-07,4.596822260394231e-05,0.00010175501528817833,2.604033352293413e-07,4.6949745354319586e-05,0.00010404948948779995,0.75
1.708863544978189e-07,3.844712296942861e-05,8.431492376045044e-05,1.7947877711717428e-07,3.93546822062626e-05,8.640584269493739e-05,1.8839107590886602e-07,4.027163307532941e-05,8.852223046941629e-05,1.9763108173070441e-07,4.1197933765820076e-05,9.0664080267282e-05,2.0720671946432353e-07,4.213354248740013e-05,9.283138518993872e-05,2.171260079828605e-07,4.307841747037776e-05,9.502413825682299e-05,2.2739706011825113e-07,4.403251696587157e-05,9.724233240542666e-05,2.3802808262814155e-07,4.4995799245978664e-05,9.948596049132061e-05,2.4902737616241604e-07,4.596822260394231e-05,0.00010175501528817833,2.604033352293413e-07,4.6949745354319586e-05,0.00010404948948779995,0.75
1.708863544978189e-07,3.844712296942861e-05,8.431492376045044e-05,1.7947877711717428e-07,3.93546822062626e-05,8.640584269493739e-05,1.8839107590886602e-07,4.027163307532941e-05,8.852223046941629e-05,1.9763108173070441e-07,4.1197933765820076e-05,9.0664080267282e-05,2.0720671946432353e-07,4.213354248740013e-05,9.283138518993872e-05,2.171260079828605e-07,4.307841747037776e-05,9.502413825682299e-05,2.2739706011825113e-07,4.403251696587157e-05,9.724233240542666e-05,2.3802808262814155e-07,4.4995799245978664e-05,9.948596049132061e-05,2.4902737616241604e-07,4.596822260394231e-05,0.00010175501528817833,2.604033352293413e-07,4.6949745354319586e-05,0.00010404948948779995,0.75
1.708863544978189e-07,3.844712296942861e-05,8.431492376045044e-05,1.7947877711717428e-07,3.93546822062626e-05,8.640584269493739e-05,1.8839107590886602e-07,4.027163307532941e-05,8.852223046941629e-05,1.9763108173070441e-07,4.1197933765820076e-05,9.0664080267282e-05,2.0720671946432353e-07,4.213354248740013e-05,9.283138518993872e-05,2.171260079828605e-07,4.307841747037776e-05,9.502413825682299e-05,2.2739706011825113e-07,4.403251696587157e-05,9.724233240542666e-05,2.3802808262814155e-07,4.4995799245978664e-05,9.948596049132061e-05,2.4902737616241604e-07,4.596822260394231e-05,0.00010175501528817833,2.604033352293413e-07,4.6949745354319586e-05,0.00010404948948779995,0.75
1.708863544978189e-07,3.844712296942861e-05,8.431492376045044e-05,1.7947877711717428e-07,3.93546822062626e-05,8.640584269493739e-05,1.8839107590886602e-07,4.027163307532941e-05,8.852223046941629e-05,1.9763108173070441e-07,4.1197933765820076e-05,9.0664080267282e-05,2.0720671946432353e-07,4.213354248740013e-05,9.283138518993872e-05,2.171260079828605e-07,4.307841747037776e-05,9.502413825682299e-05,2.2739706011825113e-07,4.403251696587157e-05,9.724233240542666e-05,2.3802808262814155e-07,4.4995799245978664e-05,9.948596049132061e-05,2.4902737616241604e-07,4.596822260394231e-05,0.00010175501528817833,2.604033352293413e-07,4.6949745354319586e-05,0.00010404948948779995,0.75
1.708863544978189e-07,3.844712296942861e-05,8.431492376045044e-05,1.7947877711717428e-07,3.93546822062626e-05,8.640584269493739e-05,1.8839107590886602e-07,4.027163307532941e-05,8.852223046941629e-05,1.9763108173070441e-07,4.1197933765820076e-05,9.0664080267282e-05,2.0720671946432353e-07,4.213354248740013e-05,9.283138518993872e-05,2.171260079828605e-07,4.307841747037776e-05,9.502413825682299e-05,2.2739706011825113e-07,4.403251696587157e-05,9.724233240542666e-05,2.3802808262814155e-07,4.4995799245978664e-05,9.948596049132061e-05,2.4902737616241604e-07,4.596822260394231e-05,0.00010175501528817833,2.604033352293413e-07,4.6949745354319586e-05,0.00010404948948779995,0.75
1.708863544978189e-07,3.844712296942861e-05,8.431492376045044e-05,1.7947877711717428e-07,3.93546822062626e-05,8.640584269493739e-05,1.8839107590886602e-07,4.027163307532941e-05,8.852223046941629e-05,1.9763108173070441e-07,4.1197933765820076e-05,9.0664080267282e-05,2.0720671946432353e-07,4.213354248740013e-05,9.283138518993872e-05,2.171260079828605e-07,4.307841747037776e-05,9.502413825682299e-05,2.2739706011825113e-07,4.403251696587157e-05,9.724233240542666e-05,2.3802808262814155e-07,4.4995799245978664e-05,9.948596049132061e-05,2.4902737616241604e-07,4.596822260394231e-05,0.00010175501528817833,2.604033352293413e-07,4.6949745354319586e-05,0.00010404948948779995,0.75
1.708863544978189e-07,3.844712296942861e-05,8.431492376045044e-05,1.7947877711717428e-07,3.93546822062626e-05,8.640584269493739e-05,1.8839107590886602e-07,4.027163307532941e-05,8.852223046941629e-05,1.9763108173070441e-07,4.1197933765820076e-05,9.0664080267282e-05,2.0720671946432353e-07,4.213354248740013e-05,9.283138518993872e-05,2.171260079828605e-07,4.307841747037776e-05,9.502413825682299e-05,2.2739706011825113e-07,4.403251696587157e-05,9.724233240542666e-05,2.3802808262814155e-07,4.4995799245978664e-05,9.948596049132061e-05,2.4902737616241604e-07,4.596822260394231e-05,0.00010175501528817833,2.604033352293413e-07,4.6949745354319586e-05,0.00010404948948779995,0.75
1.708863544978189e-07,3.844712296942861e-05,8.431492376045044e-05,1.7947877711717428e-07,3.93546822062626e-05,8.640584269493739e-05,1.8839107590886602e-07,4.027163307532941e-05,8.852223046941629e-05,1.9763108173070441e-07,4.1197933765820076e-05,9.0664080267282e-05,2.0720671946432353e-07,4.213354248740013e-05,9.283138518993872e-05,2.171260079828605e-07,4.307841747037776e-05,9.502413825682299e-05,2.2739706011825113e-07,4.403251696587157e-05,9.724233240542666e-05,2.3802808262814155e-07,4.4995799245978664e-05,9.948596049132061e-05,2.4902737616241604e-07,4.596822260394231e-05,0.00010175501528817833,2.604033352293413e-07,4.6949745354319586e-05,0.00010404948948779995,0.75
1.708863544978189e-07,3.844712296942861e-05,8.431492376045044e-05,1.7947877711717428e-07,3.93546822062626e-05,8.640584269493739e-05,1.8839107590886602e-07,4.027163307532941e-05,8.852223046941629e-05,1.9763108173070441e-07,4.1197933765820076e-05,9.0664080267282e-05,2.0720671946432353e-07,4.213354248740013e-05,9.283138518993872e-05,2.171260079828605e-07,4.307841747037776e-05,9.502413825682299e-05,2.2739706011825113e-07,4.403251696587157e-05,9.724233240542666e-05,2.3802808262814155e-07,4.4995799245978664e-05,9.948596049132061e-05,2.4902737616241604e-07,4.596822260394231e-05,0.00010175501528817833,2.604033352293413e-07,4.6949745354319586e-05,0.00010404948948779995,0.75
1.708863544978189e-07,3.844712296942861e-05,8.431492376045044e-05,1.7947877711717428e-07,3.93546822062626e-05,8.640584269493739e-05,1.8839107590886602e-07,4.027163307532941e-05,8.852223046941629e-05,1.9763108173070441e-07,4.1197933765820076e-05,9.0664080267282e-05,2.0720671946432353e-07,4.213354248740013e-05,9.283138518993872e-05,2.171260079828605e-07,4.307841747037776e-05,9.502413825682299e-05,2.2739706011825113e-07,4.403251696587157e-05,9.724233240542666e-05,2.3802808262814155e-07,4.4995799245978664e-05,9.948596049132061e-05,2.4902737616241604e-07,4.596822260394231e-05,0.00010175501528817833,2.604033352293413e-07,4.6949745354319586e-05,0.00010404948948779995,0.75
1.708863544978189e-07,3.844712296942861e-05,8.431492376045044e-05,1.7947877711717428e-07,3.93546822062626e-05,8.640584269493739e-05,1.8839107590886602e-07,4.027163307532941e-05,8.852223046941629e-05,1.9763108173070441e-07,4.1197933765820076e-05,9.0664080267282e-05,2.0720671946432353e-07,4.213354248740013e-05,9.283138518993872e-05,2.171260079828605e-07,4.307841747037776e-05,9.502413825682299e-05,2.2739706011825113e-07,4.403251696587157e-05,9.724233240542666e-05,2.3802808262814155e-07,4.4995799245978664e-05,9.948596049132061e-05,2.4902737616241604e-07,4.596822260394231e-05,0.00010175501528817833,2.604033352293413e-07,4.6949745354319586e-05,0.00010404948948779995,0.75
1.708863544978189e-07,3.844712296942861e-05,8.431492376045044e-05,1.7947877711717428e-07,3.93546822062626e-05,8.640584269493739e-05,1.8839107590886602e-07,4.027163307532941e-05,8.852223046941629e-05,1.9763108173070441e-07,4.1197933765820076e-05,9.0664080267282e-05,2.0720671946432353e-07,4.213354248740013e-05,9.283138518993872e-05,2.171260079828605e-07,4.307841747037776e-05,9.502413825682299e-05,2.2739706011825113e-07,4.403251696587157e-05,9.724233240542666e-05,2.3802808262814155e-07,4.4995799245978664e-05,9.948596049132061e-05,2.4902737616241604e-07,4.596822260394231e-05,0.00010175501528817833,2.604033352293413e-07,4.6949745354319586e-05,0.00010404948948779995,0.75
1.708863544978189e-07,3.844712296942861e-05,8.431492376045044e-05,1.7947877711717428e-07,3.93546822062626e-05,8.640584269493739e-05,1.8839107590886602e-07,4.027163307532941e-05,8.852223046941629e-05,1.9763108173070441e-07,4.1197933765820076e-05,9.0664080267282e-05,2.0720671946432353e-07,4.213354248740013e-05,9.283138518993872e-05,2.171260079828605e-07,4.307841747037776e-05,9.502413825682299e-05,2.2739706011825113e-07,4.403251696587157e-05,9.724233240542666e-05,2.3802808262814155e-07,4.4995799245978664e-05,9.948596049132061e-05,2.4902737616241604e-07,4.596822260394231e-05,0.00010175501528817833,2.604033352293413e-07,4.6949745354319586e-05,0.00010404948948779995,0.75
1.708863544978189e-07,3.844712296942861e-05,8.431492376045044e-05,1.7947877711717428e-07,3.93546822062626e-05,8.640584269493739e-05,1.8839107590886602e-07,4.027163307532941e-05,8.852223046941629e-05,1.9763108173070441e-07,4.1197933765820076e-05,9.0664080267282e-05,2.0720671946432353e-07,4.213354248740013e-05,9.283138518993872e-05,2.171260079828605e-07,4.307841747037776e-05,9.502413825682299e-05,2.2739706011825113e-07,4.403251696587157e-05,9.724233240542666e-05,2.3802808262814155e-07,4.4995799245978664e-05,9.948596049132061e-05,2.4902737616241604e-07,4.596822260394231e-05,0.00010175501528817833,2.604033352293413e-07,4.6949745354319586e-05,0.00010404948948779995,0.75
1.708863544978189e-07,3.844712296942861e-05,8.431492376045044e-05,1.7947877711717428e-07,3.93546822062626e-05,8.640584269493739e-05,1.8839107590886602e-07,4.027163307532941e-05,8.852223046941629e-05,1.9763108173070441e-07,4.1197933765820076e-05,9.0664080267282e-05,2.0720671946432353e-07,4.213354248740013e-05,9.283138518993872e-05,2.171260079828605e-07,4.307841747037776e-05,9.502413825682299e-05,2.2739706011825113e-07,4.403251696587157e-05,9.724233240542666e-05,2.3802808262814155e-07,4.4995799245978664e-05,9.948596049132061e-05,2.4902737616241604e-07,4.596822260394231e-05,0.00010175501528817833,2.604033352293413e-07,4.6949745354319586e-05,0.00010404948948779995,0.75
1.708863544978189e-07,3.844712296942861e-05,8.431492376045044e-05,1.7947877711717428e-07,3.93546822062626e-05,8.640584269493739e-05,1.8839107590886602e-07,4.027163307532941e-05,8.852223046941629e-05,1.9763108173070441e-07,4.1197933765820076e-05,9.0664080267282e-05,2.0720671946432353e-07,4.213354248740013e-05,9.283138518993872e-05,2.171260079828605e-07,4.307841747037776e-05,9.502413825682299e-05,2.2739706011825113e-07,4.403251696587157e-05,9.724233240542666e-05,2.3802808262814155e-07,4.4995799245978664e-05,9.948596049132061e-05,2.4902737616241604e-07,4.596822260394231e-05,0.00010175501528817833,2.604033352293413e-07,4.6949745354319586e-05,0.00010404948948779995,0.75
1.708863544978189e-07,3.844712296942861e-05,8.431492376045044e-05,1.7947877711717428e-07,3.93546822062626e-05,8.640584269493739e-05,1.8839107590886602e-07,4.027163307532941e-05,8.852223046941629e-05,1.9763108173070441e-07,4.1197933765820076e-05,9.0664080267282e-05,2.0720671946432353e-07,4.213354248740013e-05,9.283138518993872e-05,2.171260079828605e-07,4.307841747037776e-05,9.502413825682299e-05,2.2739706011825113e-07,4.403251696587157e-05,9.724233240542666e-05,2.3802808262814155e-07,4.4995799245978664e-05,9.948596049132061e-05,2.4902737616241604e-07,4.596822260394231e-05,0.00010175501528817833,2.604033352293413e-07,4.6949745354319586e-05,0.00010404948948779995,0.75
1.708863544978189e-07,3.844712296942861e-05,8.431492376045044e-05,1.7947877711717428e-07,3.93546822062626e-05,8.640584269493739e-05,1.8839107590886602e-07,4.027163307532941e-05,8.852223046941629e-05,1.9763108173070441e-07,4.1197933765820076e-05,9.0664080267282e-05,2.0720671946432353e-07,4.213354248740013e-05,9.283138518993872e-05,2.171260079828605e-07,4.307841747037776e-05,9.502413825682299e-05,2.2739706011825113e-07,4.403251696587157e-05,9.724233240542666e-05,2.3802808262814155e-07,4.4995799245978664e-05,9.948596049132061e-05,2.4902737616241604e-07,4.596822260394231e-05,0.00010175501528817833,2.604033352293413e-07,4.6949745354319586e-05,0.00010404948948779995,0.75
1.708863544978189e-07,3.844712296942861e-05,8.431492376045044e-05,1.7947877711717428e-07,3.93546822062626e-05,8.640584269493739e-05,1.8839107590886602e-07,4.027163307532941e-05,8.852223046941629e-05,1.9763108173070441e-07,4.1197933765820076e-05,9.0664080267282e-05,2.0720671946432353e-07,4.213354248740013e-05,9.283138518993872e-05,2.171260079828605e-07,4.307841747037776e-05,9.502413825682299e-05,2.2739706011825113e-07,4.403251696587157e-05,9.724233240542666e-05,2.3802808262814155e-07,4.4995799245978664e-05,9.948596049132061e-05,2.4902737616241604e-07,4.596822260394231e-05,0.00010175501528817833,2.604033352293413e-07,4.6949745354319586e-05,0.00010404948948779995,0.75
1.708863544978189e-07,3.844712296942861e-05,8.431492376045044e-05,1.7947877711717428e-07,3.93546822062626e-05,8.640584269493739e-05,1.8839107590886602e-07,4.027163307532941e-05,8.852223046941629e-05,1.9763108173070441e-07,4.1197933765820076e-05,9.0664080267282e-05,2.0720671946432353e-07,4.213354248740013e-05,9.283138518993872e-05,2.171260079828605e-07,4.307841747037776e-05,9.502413825682299e-05,2.2739706011825113e-07,4.403251696587157e-05,9.724233240542666e-05,2.3802808262814155e-07,4.4995799245978664e-05,9.948596049132061e-05,2.4902737616241604e-07,4.596822260394231e-05,0.00010175501528817833,2.604033352293413e-07,4.6949745354319586e-05,0.00010404948948779995,0.75
1.708863544978189e-07,3.844712296942861e-05,8.431492376045044e-05,1.7947877711717428e-07,3.93546822062626e-05,8.640584269493739e-05,1.8839107590886602e-07,4.027163307532941e-05,8.852223046941629e-05,1.9763108173070441e-07,4.1197933765820076e-05,9.0664080267282e-05,2.0720671946432353e-07,4.213354248740013e-05,9.283138518993872e-05,2.171260079828605e-07,4.307841747037776e-05,9.502413825682299e-05,2.2739706011825113e-07,4.403251696587157e-05,9.724233240542666e-05,2.3802808262814155e-07,4.4995799245978664e-05,9.948596049132061e-05,2.4902737616241604e-07,4.596822260394231e-05,0.00010175501528817833,2.604033352293413e-07,4.6949745354319586e-05,0.00010404948948779995,0.75
1.708863544978189e-07,3.844712296942861e-05,8.431492376045044e-05,1.7947877711717428e-07,3.93546822062626e-05,8.640584269493739e-05,1.8839107590886602e-07,4.027163307532941e-05,8.852223046941629e-05,1.9763108173070441e-07,4.1197933765820076e-05,9.0664080267282e-05,2.0720671946432353e-07,4.213354248740013e-05,9.283138518993872e-05,2.171260079828605e-07,4.307841747037776e-05,9.502413825682299e-05,2.2739706011825113e-07,4.403251696587157e-05,9.724233240542666e-05,2.3802808262814155e-07,4.4995799245978664e-05,9.948596049132061e-05,2.4902737616241604e-07,4.596822260394231e-05,0.00010175501528817833,2.604033352293413e-07,4.6949745354319586e-05,0.00010404948948779995,0.75
1.708863544978189e-07,3.844712296942861e-05,8.431492376045044e-05,1.7947877711717428e-07,3.93546822062626e-05,8.640584269493739e-05,1.8839107590886602e-07,4.027163307532941e-05,8.852223046941629e-05,1.9763108173070441e-07,4.1197933765820076e-05,9.0664080267282e-05,2.0720671946432353e-07,4.213354248740013e-05,9.283138518993872e-05,2.171260079828605e-07,4.307841747037776e-05,9.502413825682299e-05,2.2739706011825113e-07,4.403251696587157e-05,9.724233240542666e-05,2.3802808262814155e-07,4.4995799245978664e-05,9.948596049132061e-05,2.4902737616241604e-07,4.596822260394231e-05,0.00010175501528817833,2.604033352293413e-07,4.6949745354319586e-05,0.00010404948948779995,0.75
1.708863544978189e-07,3.844712296942861e-05,8.431492376045044e-05,1.7947877711717428e-07,3.93546822062626e-05,8.640584269493739e-05,1.8839107590886602e-07,4.027163307532941e-05,8.852223046941629e-05,1.9763108173070441e-07,4.1197933765820076e-05,9.0664080267282e-05,2.0720671946432353e-07,4.213354248740013e-05,9.283138518993872e-05,2.171260079828605e-07,4.307841747037776e-05,9.502413825682299e-05,2.2739706011825113e-07,4.403251696587157e-05,9.724233240542666e-05,2.3802808262814155e-07,4.4995799245978664e-05,9.948596049132061e-05,2.4902737616241604e-07,4.596822260394231e-05,0.00010175501528817833,2.604033352293413e-07,4.6949745354319586e-05,0.00010404948948779995,0.75
1.708863544978189e-07,3.844712296942861e-05,8.431492376045044e-05,1.7947877711717428e-07,3.93546822062626e-05,8.640584269493739e-05,1.8839107590886602e-07,4.027163307532941e-05,8.852223046941629e-05,1.9763108173070441e-07,4.1197933765820076e-05,9.0664080267282e-05,2.0720671946432353e-07,4.213354248740013e-05,9.283138518993872e-05,2.171260079828605e-07,4.307841747037776e-05,9.502413825682299e-05,2.2739706011825113e-07,4.403251696587157e-05,9.724233240542666e-05,2.3802808262814155e-07,4.4995799245978664e-05,9.948596049132061e-05,2.4902737616241604e-07,4.596822260394231e-05,0.00010175501528817833,2.604033352293413e-07,4.6949745354319586e-05,0.00010404948948779995,0.75
1.708863544978189e-07,3.844712296942861e-05,8.431492376045044e-05,1.7947877711717428e-07,3.93546822062626e-05,8.640584269493739e-05,1.8839107590886602e-07,4.027163307532941e-05,8.852223046941629e-05,1.9763108173070441e-07,4.1197933765820076e-05,9.0664080267282e-05,2.0720671946432353e-07,4.213354248740013e-05,9.283138518993872e-05,2.171260079828605e-07,4.307841747037776e-05,9.502413825682299e-05,2.2739706011825113e-07,4.403251696587157e-05,9.724233240542666e-05,2.3802808262814155e-07,4.4995799245978664e-05,9.948596049132061e-05,2.4902737616241604e-07,4.596822260394231e-05,0.00010175501528817833,2.604033352293413e-07,4.6949745354319586e-05,0.00010404948948779995,0.75
1.708863544978189e-07,3.844712296942861e-05,8.431492376045044e-05,1.7947877711717428e-07,3.93546822062626e-05,8.640584269493739e-05,1.8839107590886602e-07,4.027163307532941e-05,8.852223046941629e-05,1.9763108173070441e-07,4.1197933765820076e-05,9.0664080267282e-05,2.0720671946432353e-07,4.213354248740013e-05,9.283138518993872e-05,2.171260079828605e-07,4.307841747037776e-05,9.502413825682299e-05,2.2739706011825113e-07,4.403251696587157e-05,9.724233240542666e-05,2.3802808262814155e-07,4.4995799245978664e-05,9.948596049132061e-05,2.4902737616241604e-07,4.596822260394231e-05,0.00010175501528817833,2.604033352293413e-07,4.6949745354319586e-05,0.00010404948948779995,0.75
1.708863544978189e-07,3.844712296942861e-05,8.431492376045044e-05,1.7947877711717428e-07,3.93546822062626e-05,8.640584269493739e-05,1.8839107590886602e-07,4.027163307532941e-05,8.852223046941629e-05,1.9763108173070441e-07,4.1197933765820076e-05,9.0664080267282e-05,2.0720671946432353e-07,4.213354248740013e-05,9.283138518993872e-05,2.171260079828605e-07,4.307841747037776e-05,9.502413825682299e-05,2.2739706011825113e-07,4.403251696587157e-05,9.724233240542666e-05,2.3802808262814155e-07,4.4995799245978664e-05,9.948596049132061e-05,2.4902737616241604e-07,4.596822260394231e-05,0.00010175501528817833,2.604033352293413e-07,4.6949745354319586e-05,0.00010404948948779995,0.75
1.708863544978189e-07,3.844712296942861e-05,8.431492376045044e-05,1.7947877711717428e-07,3.93546822062626e-05,8.640584269493739e-05,1.8839107590886602e-07,4.027163307532941e-05,8.852223046941629e-05,1.9763108173070441e-07,4.1197933765820076e-05,9.0664080267282e-05,2.0720671946432353e-07,4.213354248740013e-05,9.283138518993872e-05,2.171260079828605e-07,4.307841747037776e-05,9.502413825682299e-05,2.2739706011825113e-07,4.403251696587157e-05,9.724233240542666e-05,2.3802808262814155e-07,4.4995799245978664e-05,9.948596049132061e-05,2.4902737616241604e-07,4.596822260394231e-05,0.00010175501528817833,2.604033352293413e-07,4.6949745354319586e-05,0.00010404948948779995,0.75
1.708863544978189e-07,3.844712296942861e-05,8.431492376045044e-05,1.7947877711717428e-07,3.93546822062626e-05,8.640584269493739e-05,1.8839107590886602e-07,4.027163307532941e-05,8.852223046941629e-05,1.9763108173070441e-07,4.1197933765820076e-05,9.0664080267282e-05,2.0720671946432353e-07,4.213354248740013e-05,9.283138518993872e-05,2.171260079828605e-07,4.307841747037776e-05,9.502413825682299e-05,2.2739706011825113e-07,4.403251696587157e-05,9.724233240542666e-05,2.3802808262814155e-07,4.4995799245978664e-05,9.948596049132061e-05,2.4902737616241604e-07,4.596822260394231e-05,0.00010175501528817833,2.604033352293413e-07,4.6949745354319586e-05,0.00010404948948779995,0.75
1.708863544978189e-07,3.844712296942861e-05,8.431492376045044e-05,1.7947877711717428e-07,3.93546822062626e-05,8.640584269493739e-05,1.8839107590886602e-07,4.027163307532941e-05,8.852223046941629e-05,1.9763108173070441e-07,4.1197933765820076e-05,9.0664080267282e-05,2.0720671946432353e-07,4.213354248740013e-05,9.283138518993872e-05,2.171260079828605e-07,4.307841747037776e-05,9.502413825682299e-05,2.2739706011825113e-07,4.403251696587157e-05,9.724233240542666e-05,2.3802808262814155e-07,4.4995799245978664e-05,9.948596049132061e-05,2.4902737616241604e-07,4.596822260394231e-05,0.00010175501528817833,2.604033352293413e-07,4.6949745354319586e-05,0.00010404948948779995,0.75
1.708863544978189e-07,3.844712296942861e-05,8.431492376045044e-05,1.7947877711717428e-07,3.93546822062626e-05,8.640584269493739e-05,1.8839107590886602e-07,4.027163307532941e-05,8.852223046941629e-05,1.9763108173070441e-07,4.1197933765820076e-05,9.0664080267282e-05,2.0720671946432353e-07,4.213354248740013e-05,9.283138518993872e-05,2.171260079828605e-07,4.307841747037776e-05,9.502413825682299e-05,2.2739706011825113e-07,4.403251696587157e-05,9.724233240542666e-05,2.3802808262814155e-07,4.4995799245978664e-05,9.948596049132061e-05,2.4902737616241604e-07,4.596822260394231e-05,0.00010175501528817833,2.604033352293413e-07,4.6949745354319586e-05,0.00010404948948779995,0.75
1.708863544978189e-07,3.844712296942861e-05,8.431492376045044e-05,1.7947877711717428e-07,3.93546822062626e-05,8.640584269493739e-05,1.8839107590886602e-07,4.027163307532941e-05,8.852223046941629e-05,1.9763108173070441e-07,4.1197933765820076e-05,9.0664080267282e-05,2.0720671946432353e-07,4.213354248740013e-05,9.283138518993872e-05,2.171260079828605e-07,4.307841747037776e-05,9.502413825682299e-05,2.2739706011825113e-07,4.403251696587157e-05,9.724233240542666e-05,2.3802808262814155e-07,4.4995799245978664e-05,9.948596049132061e-05,2.4902737616241604e-07,4.596822260394231e-05,0.00010175501528817833,2.604033352293413e-07,4.6949745354319586e-05,0.00010404948948779995,0.75
1.708863544978189e-07,3.844712296942861e-05,8.431492376045044e-05,1.7947877711717428e-07,3.93546822062626e-05,8.640584269493739e-05,1.8839107590886602e-07,4.027163307532941e-05,8.852223046941629e-05,1.9763108173070441e-07,4.1197933765820076e-05,9.0664080267282e-05,2.0720671946432353e-07,4.213354248740013e-05,9.283138518993872e-05,2.171260079828605e-07,4.307841747037776e-05,9.502413825682299e-05,2.2739706011825113e-07,4.403251696587157e-05,9.724233240542666e-05,2.3802808262814155e-07,4.4995799245978664e-05,9.948596049132061e-05,2.4902737616241604e-07,4.596822260394231e-05,0.00010175501528817833,2.604033352293413e-07,4.6949745354319586e-05,0.00010404948948779995,0.75
1.708863544978189e-07,3.844712296942861e-05,8.431492376045044e-05,1.7947877711717428e-07,3.93546822062626e-05,8.640584269493739e-05,1.8839107590886602e-07,4.027163307532941e-05,8.852223046941629e-05,1.9763108173070441e-07,4.1197933765820076e-05,9.0664080267282e-05,2.0720671946432353e-07,4.213354248740013e-05,9.283138518993872e-05,2.171260079828605e-07,4.307841747037776e-05,9.502413825682299e-05,2.2739706011825113e-07,4.403251696587157e-05,9.724233240542666e-05,2.3802808262814155e-07,4.4995799245978664e-05,9.948596049132061e-05,2.4902737616241604e-07,4.596822260394231e-05,0.00010175501528817833,2.604033352293413e-07,4.6949745354319586e-05,0.00010404948948779995,0.75
1.708863544978189e-07,3.844712296942861e-05,8.431492376045044e-05,1.7947877711717428e-07,3.93546822062626e-05,8.640584269493739e-05,1.8839107590886602e-07,4.027163307532941e-05,8.852223046941629e-05,1.9763108173070441e-07,4.1197933765820076e-05,9.0664080267282e-05,2.0720671946432353e-07,4.213354248740013e-05,9.283138518993872e-05,2.171260079828605e-07,4.307841747037776e-05,9.502413825682299e-05,2.2739706011825113e-07,4.403251696587157e-05,9.724233240542666e-05,2.3802808262814155e-07,4.4995799245978664e-05,9.948596049132061e-05,2.4902737616241604e-07,4.596822260394231e-05,0.00010175501528817833,2.604033352293413e-07,4.6949745354319586e-05,0.00010404948948779995,0.75
1.708863544978189e-07,3.844712296942861e-05,8.431492376045044e-05,1.7947877711717428e-07,3.93546822062626e-05,8.640584269493739e-05,1.8839107590886602e-07,4.027163307532941e-05,8.852223046941629e-05,1.9763108173070441e-07,4.1197933765820076e-05,9.0664080267282e-05,2.0720671946432353e-07,4.213354248740013e-05,9.283138518993872e-05,2.171260079828605e-07,4.307841747037776e-05,9.502413825682299e-05,2.2739706011825113e-07,4.403251696587157e-05,9.724233240542666e-05,2.3802808262814155e-07,4.4995799245978664e-05,9.948596049132061e-05,2.4902737616241604e-07,4.596822260394231e-05,0.00010175501528817833,2.604033352293413e-07,4.6949745354319586e-05,0.00010404948948779995,0.75
1.708863544978189e-07,3.844712296942861e-05,8.431492376045044e-05,1.7947877711717428e-07,3.93546822062626e-05,8.640584269493739e-05,1.8839107590886602e-07,4.027163307532941e-05,8.852223046941629e-05,1.9763108173070441e-07,4.1197933765820076e-05,9.0664080267282e-05,2.0720671946432353e-07,4.213354248740013e-05,9.283138518993872e-05,2.171260079828605e-07,4.307841747037776e-05,9.502413825682299e-05,2.2739706011825113e-07,4.403251696587157e-05,9.724233240542666e-05,2.3802808262814155e-07,4.4995799245978664e-05,9.948596049132061e-05,2.4902737616241604e-07,4.596822260394231e-05,0.00010175501528817833,2.604033352293413e-07,4.6949745354319586e-05,0.00010404948948779995,0.75
1.708863544978189e-07,3.844712296942861e-05,8.431492376045044e-05,1.7947877711717428e-07,3.93546822062626e-05,8.640584269493739e-05,1.8839107590886602e-07,4.027163307532941e-05,8.852223046941629e-05,1.9763108173070441e-07,4.1197933765820076e-05,9.0664080267282e-05,2.0720671946432353e-07,4.213354248740013e-05,9.283138518993872e-05,2.171260079828605e-07,4.307841747037776e-05,9.502413825682299e-05,2.2739706011825113e-07,4.403251696587157e-05,9.724233240542666e-05,2.3802808262814155e-07,4.4995799245978664e-05,9.948596049132061e-05,2.4902737616241604e-07,4.596822260394231e-05,0.00010175501528817833,2.604033352293413e-07,4.6949745354319586e-05,0.00010404948948779995,0.75
1.708863544978189e-07,3.844712296942861e-05,8.431492376045044e-05,1.7947877711717428e-07,3.93546822062626e-05,8.640584269493739e-05,1.8839107590886602e-07,4.027163307532941e-05,8.852223046941629e-05,1.9763108173070441e-07,4.1197933765820076e-05,9.0664080267282e-05,2.0720671946432353e-07,4.213354248740013e-05,9.283138518993872e-05,2.171260079828605e-07,4.307841747037776e-05,9.502413825682299e-05,2.2739706011825113e-07,4.403251696587157e-05,9.724233240542666e-05,2.3802808262814155e-07,4.4995799245978664e-05,9.948596049132061e-05,2.4902737616241604e-07,4.596822260394231e-05,0.00010175501528817833,2.604033352293413e-07,4.6949745354319586e-05,0.00010404948948779995,0.75
1.708863544978189e-07,3.844712296942861e-05,8.431492376045044e-05,1.7947877711717428e-07,3.93546822062626e-05,8.640584269493739e-05,1.8839107590886602e-07,4.027163307532941e-05,8.852223046941629e-05,1.9763108173070441e-07,4.1197933765820076e-05,9.0664080267282e-05,2.0720671946432353e-07,4.213354248740013e-05,9.283138518993872e-05,2.171260079828605e-07,4.307841747037776e-05,9.502413825682299e-05,2.2739706011825113e-07,4.403251696587157e-05,9.724233240542666e-05,2.3802808262814155e-07,4.4995799245978664e-05,9.948596049132061e-05,2.4902737616241604e-07,4.596822260394231e-05,0.00010175501528817833,2.604033352293413e-07,4.6949745354319586e-05,0.00010404948948779995,0.75
1.708863544978189e-07,3.844712296942861e-05,8.431492376045044e-05,1.7947877711717428e-07,3.93546822062626e-05,8.640584269493739e-05,1.8839107590886602e-07,4.027163307532941e-05,8.852223046941629e-05,1.9763108173070441e-07,4.1197933765820076e-05,9.0664080267282e-05,2.0720671946432353e-07,4.213354248740013e-05,9.283138518993872e-05,2.171260079828605e-07,4.307841747037776e-05,9.502413825682299e-05,2.2739706011825113e-07,4.403251696587157e-05,9.724233240542666e-05,2.3802808262814155e-07,4.4995799245978664e-05,9.948596049132061e-05,2.4902737616241604e-07,4.596822260394231e-05,0.00010175501528817833,2.604033352293413e-07,4.6949745354319586e-05,0.00010404948948779995,0.75
1.708863544978189e-07,3.844712296942861e-05,8.431492376045044e-05,1.7947877711717428e-07,3.93546822062626e-05,8.640584269493739e-05,1.8839107590886602e-07,4.027163307532941e-05,8.852223046941629e-05,1.9763108173070441e-07,4.1197933765820076e-05,9.0664080267282e-05,2.0720671946432353e-07,4.213354248740013e-05,9.283138518993872e-05,2.171260079828605e-07,4.307841747037776e-05,9.502413825682299e-05,2.2739706011825113e-07,4.403251696587157e-05,9.724233240542666e-05,2.3802808262814155e-07,4.4995799245978664e-05,9.948596049132061e-05,2.4902737616241604e-07,4.596822260394231e-05,0.00010175501528817833,2.604033352293413e-07,4.6949745354319586e-05,0.00010404948948779995,0.75
1.708863544978189e-07,3.844712296942861e-05,8.431492376045044e-05,1.7947877711717428e-07,3.93546822062626e-05,8.640584269493739e-05,1.8839107590886602e-07,4.027163307532941e-05,8.852223046941629e-05,1.9763108173070441e-07,4.1197933765820076e-05,9.0664080267282e-05,2.0720671946432353e-07,4.213354248740013e-05,9.283138518993872e-05,2.171260079828605e-07,4.307841747037776e-05,9.502413825682299e-05,2.2739706011825113e-07,4.403251696587157e-05,9.724233240542666e-05,2.3802808262814155e-07,4.4995799245978664e-05,9.948596049132061e-05,2.4902737616241604e-07,4.596822260394231e-05,0.00010175501528817833,2.604033352293413e-07,4.6949745354319586e-05,0.00010404948948779995,0.75
1.708863544978189e-07,3.844712296942861e-05,8.431492376045044e-05,1.7947877711717428e-07,3.93546822062626e-05,8.640584269493739e-05,1.8839107590886602e-07,4.027163307532941e-05,8.852223046941629e-05,1.9763108173070441e-07,4.1197933765820076e-05,9.0664080267282e-05,2.0720671946432353e-07,4.213354248740013e-05,9.283138518993872e-05,2.171260079828605e-07,4.307841747037776e-05,9.502413825682299e-05,2.2739706011825113e-07,4.403251696587157e-05,9.724233240542666e-05,2.3802808262814155e-07,4.4995799245978664e-05,9.948596049132061e-05,2.4902737616241604e-07,4.596822260394231e-05,0.00010175501528817833,2.604033352293413e-07,4.6949745354319586e-05,0.00010404948948779995,0.75
1.708863544978189e-07,3.844712296942861e-05,8.431492376045044e-05,1.7947877711717428e-07,3.93546822062626e-05,8.640584269493739e-05,1.8839107590886602e-07,4.027163307532941e-05,8.852223046941629e-05,1.9763108173070441e-07,4.1197933765820076e-05,9.0664080267282e-05,2.0720671946432353e-07,4.213354248740013e-05,9.283138518993872e-05,2.171260079828605e-07,4.307841747037776e-05,9.502413825682299e-05,2.2739706011825113e-07,4.403251696587157e-05,9.724233240542666e-05,2.3802808262814155e-07,4.4995799245978664e-05,9.948596049132061e-05,2.4902737616241604e-07,4.596822260394231e-05,0.00010175501528817833,2.604033352293413e-07,4.6949745354319586e-05,0.00010404948948779995,0.75
1.708863544978189e-07,3.844712296942861e-05,8.431492376045044e-05,1.7947877711717428e-07,3.93546822062626e-05,8.640584269493739e-05,1.8839107590886602e-07,4.027163307532941e-05,8.852223046941629e-05,1.9763108173070441e-07,4.1197933765820076e-05,9.0664080267282e-05,2.0720671946432353e-07,4.213354248740013e-05,9.283138518993872e-05,2.171260079828605e-07,4.307841747037776e-05,9.502413825682299e-05,2.2739706011825113e-07,4.403251696587157e-05,9.724233240542666e-05,2.3802808262814155e-07,4.4995799245978664e-05,9.948596049132061e-05,2.4902737616241604e-07,4.596822260394231e-05,0.00010175501528817833,2.604033352293413e-07,4.6949745354319586e-05,0.00010404948948779995,0.75
1.708863544978189e-07,3.844712296942861e-05,8.431492376045044e-05,1.7947877711717428e-07,3.93546822062626e-05,8.640584269493739e-05,1.8839107590886602e-07,4.027163307532941e-05,8.852223046941629e-05,1.9763108173070441e-07,4.1197933765820076e-05,9.0664080267282e-05,2.0720671946432353e-07,4.213354248740013e-05,9.283138518993872e-05,2.171260079828605e-07,4.307841747037776e-05,9.502413825682299e-05,2.2739706011825113e-07,4.403251696587157e-05,9.724233240542666e-05,2.3802808262814155e-07,4.4995799245978664e-05,9.948596049132061e-05,2.4902737616241604e-07,4.596822260394231e-05,0.00010175501528817833,2.604033352293413e-07,4.6949745354319586e-05,0.00010404948948779995,0.75
1.708863544978189e-07,3.844712296942861e-05,8.431492376045044e-05,1.7947877711717428e-07,3.93546822062626e-05,8.640584269493739e-05,1.8839107590886602e-07,4.027163307532941e-05,8.852223046941629e-05,1.9763108173070441e-07,4.1197933765820076e-05,9.0664080267282e-05,2.0720671946432353e-07,4.213354248740013e-05,9.283138518993872e-05,2.171260079828605e-07,4.307841747037776e-05,9.502413825682299e-05,2.2739706011825113e-07,4.403251696587157e-05,9.724233240542666e-05,2.3802808262814155e-07,4.4995799245978664e-05,9.948596049132061e-05,2.4902737616241604e-07,4.596822260394231e-05,0.00010175501528817833,2.604033352293413e-07,4.6949745354319586e-05,0.00010404948948779995,0.75
1.708863544978189e-07,3.844712296942861e-05,8.431492376045044e-05,1.7947877711717428e-07,3.93546822062626e-05,8.640584269493739e-05,1.8839107590886602e-07,4.027163307532941e-05,8.852223046941629e-05,1.9763108173070441e-07,4.1197933765820076e-05,9.0664080267282e-05,2.0720671946432353e-07,4.213354248740013e-05,9.283138518993872e-05,2.171260079828605e-07,4.307841747037776e-05,9.502413825682299e-05,2.2739706011825113e-07,4.403251696587157e-05,9.724233240542666e-05,2.3802808262814155e-07,4.4995799245978664e-05,9.948596049132061e-05,2.4902737616241604e-07,4.596822260394231e-05,0.00010175501528817833,2.604033352293413e-07,4.6949745354319586e-05,0.00010404948948779995,0.75
1.708863544978189e-07,3.844712296942861e-05,8.431492376045044e-05,1.7947877711717428e-07,3.93546822062626e-05,8.640584269493739e-05,1.8839107590886602e-07,4.027163307532941e-05,8.852223046941629e-05,1.9763108173070441e-07,4.1197933765820076e-05,9.0664080267282e-05,2.0720671946432353e-07,4.213354248740013e-05,9.283138518993872e-05,2.171260079828605e-07,4.307841747037776e-05,9.502413825682299e-05,2.2739706011825113e-07,4.403251696587157e-05,9.724233240542666e-05,2.3802808262814155e-07,4.4995799245978664e-05,9.948596049132061e-05,2.4902737616241604e-07,4.596822260394231e-05,0.00010175501528817833,2.604033352293413e-07,4.6949745354319586e-05,0.00010404948948779995,0.75
1.708863544978189e-07,3.844712296942861e-05,8.431492376045044e-05,1.7947877711717428e-07,3.93546822062626e-05,8.640584269493739e-05,1.8839107590886602e-07,4.027163307532941e-05,8.852223046941629e-05,1.9763108173070441e-07,4.1197933765820076e-05,9.0664080267282e-05,2.0720671946432353e-07,4.213354248740013e-05,9.283138518993872e-05,2.171260079828605e-07,4.307841747037776e-05,9.502413825682299e-05,2.2739706011825113e-07,4.403251696587157e-05,9.724233240542666e-05,2.3802808262814155e-07,4.4995799245978664e-05,9.948596049132061e-05,2.4902737616241604e-07,4.596822260394231e-05,0.00010175501528817833,2.604033352293413e-07,4.6949745354319586e-05,0.00010404948948779995,0.75
1.708863544978189e-07,3.844712296942861e-05,8.431492376045044e-05,1.7947877711717428e-07,3.93546822062626e-05,8.640584269493739e-05,1.8839107590886602e-07,4.027163307532941e-05,8.852223046941629e-05,1.9763108173070441e-07,4.1197933765820076e-05,9.0664080267282e-05,2.0720671946432353e-07,4.213354248740013e-05,9.283138518993872e-05,2.171260079828605e-07,4.307841747037776e-05,9.502413825682299e-05,2.2739706011825113e-07,4.403251696587157e-05,9.724233240542666e-05,2.3802808262814155e-07,4.4995799245978664e-05,9.948596049132061e-05,2.4902737616241604e-07,4.596822260394231e-05,0.00010175501528817833,2.604033352293413e-07,4.6949745354319586e-05,0.00010404948948779995,0.75
1.708863544978189e-07,3.844712296942861e-05,8.431492376045044e-05,1.7947877711717428e-07,3.93546822062626e-05,8.640584269493739e-05,1.8839107590886602e-07,4.027163307532941e-05,8.852223046941629e-05,1.9763108173070441e-07,4.1197933765820076e-05,9.0664080267282e-05,2.0720671946432353e-07,4.213354248740013e-05,9.283138518993872e-05,2.171260079828605e-07,4.307841747037776e-05,9.502413825682299e-05,2.2739706011825113e-07,4.403251696587157e-05,9.724233240542666e-05,2.3802808262814155e-07,4.4995799245978664e-05,9.948596049132061e-05,2.4902737616241604e-07,4.596822260394231e-05,0.00010175501528817833,2.604033352293413e-07,4.6949745354319586e-05,0.00010404948948779995,0.75
1.708863544978189e-07,3.844712296942861e-05,8.431492376045044e-05,1.7947877711717428e-07,3.93546822062626e-05,8.640584269493739e-05,1.8839107590886602e-07,4.027163307532941e-05,8.852223046941629e-05,1.9763108173070441e-07,4.1197933765820076e-05,9.0664080267282e-05,2.0720671946432353e-07,4.213354248740013e-05,9.283138518993872e-05,2.171260079828605e-07,4.307841747037776e-05,9.502413825682299e-05,2.2739706011825113e-07,4.403251696587157e-05,9.724233240542666e-05,2.3802808262814155e-07,4.4995799245978664e-05,9.948596049132061e-05,2.4902737616241604e-07,4.596822260394231e-05,0.00010175501528817833,2.604033352293413e-07,4.6949745354319586e-05,0.00010404948948779995,0.75
1.708863544978189e-07,3.844712296942861e-05,8.431492376045044e-05,1.7947877711717428e-07,3.93546822062626e-05,8.640584269493739e-05,1.8839107590886602e-07,4.027163307532941e-05,8.852223046941629e-05,1.9763108173070441e-07,4.1197933765820076e-05,9.0664080267282e-05,2.0720671946432353e-07,4.213354248740013e-05,9.283138518993872e-05,2.171260079828605e-07,4.307841747037776e-05,9.502413825682299e-05,2.2739706011825113e-07,4.403251696587157e-05,9.724233240542666e-05,2.3802808262814155e-07,4.4995799245978664e-05,9.948596049132061e-05,2.4902737616241604e-07,4.596822260394231e-05,0.00010175501528817833,2.604033352293413e-07,4.6949745354319586e-05,0.00010404948948779995,0.75
1.708863544978189e-07,3.844712296942861e-05,8.431492376045044e-05,1.7947877711717428e-07,3.93546822062626e-05,8.640584269493739e-05,1.8839107590886602e-07,4.027163307532941e-05,8.852223046941629e-05,1.9763108173070441e-07,4.1197933765820076e-05,9.0664080267282e-05,2.0720671946432353e-07,4.213354248740013e-05,9.283138518993872e-05,2.171260079828605e-07,4.307841747037776e-05,9.502413825682299e-05,2.2739706011825113e-07,4.403251696587157e-05,9.724233240542666e-05,2.3802808262814155e-07,4.4995799245978664e-05,9.948596049132061e-05,2.4902737616241604e-07,4.596822260394231e-05,0.00010175501528817833,2.604033352293413e-07,4.6949745354319586e-05,0.00010404948948779995,0.75
1.708863544978189e-07,3.844712296942861e-05,8.431492376045044e-05,1.7947877711717428e-07,3.93546822062626e-05,8.640584269493739e-05,1.8839107590886602e-07,4.027163307532941e-05,8.852223046941629e-05,1.9763108173070441e-07,4.1197933765820076e-05,9.0664080267282e-05,2.0720671946432353e-07,4.213354248740013e-05,9.283138518993872e-05,2.171260079828605e-07,4.307841747037776e-05,9.502413825682299e-05,2.2739706011825113e-07,4.403251696587157e-05,9.724233240542666e-05,2.3802808262814155e-07,4.4995799245978664e-05,9.948596049132061e-05,2.4902737616241604e-07,4.596822260394231e-05,0.00010175501528817833,2.604033352293413e-07,4.6949745354319586e-05,0.00010404948948779995,0.75
1.708863544978189e-07,3.844712296942861e-05,8.431492376045044e-05,1.7947877711717428e-07,3.93546822062626e-05,8.640584269493739e-05,1.8839107590886602e-07,4.027163307532941e-05,8.852223046941629e-05,1.9763108173070441e-07,4.1197933765820076e-05,9.0664080267282e-05,2.0720671946432353e-07,4.213354248740013e-05,9.283138518993872e-05,2.171260079828605e-07,4.307841747037776e-05,9.502413825682299e-05,2.2739706011825113e-07,4.403251696587157e-05,9.724233240542666e-05,2.3802808262814155e-07,4.4995799245978664e-05,9.948596049132061e-05,2.4902737616241604e-07,4.596822260394231e-05,0.00010175501528817833,2.604033352293413e-07,4.6949745354319586e-05,0.00010404948948779995,0.75
1.708863544978189e-07,3.844712296942861e-05,8.431492376045044e-05,1.7947877711717428e-07,3.93546822062626e-05,8.640584269493739e-05,1.8839107590886602e-07,4.027163307532941e-05,8.852223046941629e-05,1.9763108173070441e-07,4.1197933765820076e-05,9.0664080267282e-05,2.0720671946432353e-07,4.213354248740013e-05,9.283138518993872e-05,2.171260079828605e-07,4.307841747037776e-05,9.502413825682299e-05,2.2739706011825113e-07,4.403251696587157e-05,9.724233240542666e-05,2.3802808262814155e-07,4.4995799245978664e-05,9.948596049132061e-05,2.4902737616241604e-07,4.596822260394231e-05,0.00010175501528817833,2.604033352293413e-07,4.6949745354319586e-05,0.00010404948948779995,0.75
1.708863544978189e-07,3.844712296942861e-05,8.431492376045044e-05,1.7947877711717428e-07,3.93546822062626e-05,8.640584269493739e-05,1.8839107590886602e-07,4.027163307532941e-05,8.852223046941629e-05,1.9763108173070441e-07,4.1197933765820076e-05,9.0664080267282e-05,2.0720671946432353e-07,4.213354248740013e-05,9.283138518993872e-05,2.171260079828605e-07,4.307841747037776e-05,9.502413825682299e-05,2.2739706011825113e-07,4.403251696587157e-05,9.724233240542666e-05,2.3802808262814155e-07,4.4995799245978664e-05,9.948596049132061e-05,2.4902737616241604e-07,4.596822260394231e-05,0.00010175501528817833,2.604033352293413e-07,4.6949745354319586e-05,0.00010404948948779995,0.75
1.708863544978189e-07,3.844712296942861e-05,8.431492376045044e-05,1.7947877711717428e-07,3.93546822062626e-05,8.640584269493739e-05,1.8839107590886602e-07,4.027163307532941e-05,8.852223046941629e-05,1.9763108173070441e-07,4.1197933765820076e-05,9.0664080267282e-05,2.0720671946432353e-07,4.213354248740013e-05,9.283138518993872e-05,2.171260079828605e-07,4.307841747037776e-05,9.502413825682299e-05,2.2739706011825113e-07,4.403251696587157e-05,9.724233240542666e-05,2.3802808262814155e-07,4.4995799245978664e-05,9.948596049132061e-05,2.4902737616241604e-07,4.596822260394231e-05,0.00010175501528817833,2.604033352293413e-07,4.6949745354319586e-05,0.00010404948948779995,0.75
1.708863544978189e-07,3.844712296942861e-05,8.431492376045044e-05,1.7947877711717428e-07,3.93546822062626e-05,8.640584269493739e-05,1.8839107590886602e-07,4.027163307532941e-05,8.852223046941629e-05,1.9763108173070441e-07,4.1197933765820076e-05,9.0664080267282e-05,2.0720671946432353e-07,4.213354248740013e-05,9.283138518993872e-05,2.171260079828605e-07,4.307841747037776e-05,9.502413825682299e-05,2.2739706011825113e-07,4.403251696587157e-05,9.724233240542666e-05,2.3802808262814155e-07,4.4995799245978664e-05,9.948596049132061e-05,2.4902737616241604e-07,4.596822260394231e-05,0.00010175501528817833,2.604033352293413e-07,4.6949745354319586e-05,0.00010404948948779995,0.75
1.708863544978189e-07,3.844712296942861e-05,8.431492376045044e-05,1.7947877711717428e-07,3.93546822062626e-05,8.640584269493739e-05,1.8839107590886602e-07,4.027163307532941e-05,8.852223046941629e-05,1.9763108173070441e-07,4.1197933765820076e-05,9.0664080267282e-05,2.0720671946432353e-07,4.213354248740013e-05,9.283138518993872e-05,2.171260079828605e-07,4.307841747037776e-05,9.502413825682299e-05,2.2739706011825113e-07,4.403251696587157e-05,9.724233240542666e-05,2.3802808262814155e-07,4.4995799245978664e-05,9.948596049132061e-05,2.4902737616241604e-07,4.596822260394231e-05,0.00010175501528817833,2.604033352293413e-07,4.6949745354319586e-05,0.00010404948948779995,0.75
1.708863544978189e-07,3.844712296942861e-05,8.431492376045044e-05,1.7947877711717428e-07,3.93546822062626e-05,8.640584269493739e-05,1.8839107590886602e-07,4.027163307532941e-05,8.852223046941629e-05,1.9763108173070441e-07,4.1197933765820076e-05,9.0664080267282e-05,2.0720671946432353e-07,4.213354248740013e-05,9.283138518993872e-05,2.171260079828605e-07,4.307841747037776e-05,9.502413825682299e-05,2.2739706011825113e-07,4.403251696587157e-05,9.724233240542666e-05,2.3802808262814155e-07,4.4995799245978664e-05,9.948596049132061e-05,2.4902737616241604e-07,4.596822260394231e-05,0.00010175501528817833,2.604033352293413e-07,4.6949745354319586e-05,0.00010404948948779995,0.75
1.708863544978189e-07,3.844712296942861e-05,8.431492376045044e-05,1.7947877711717428e-07,3.93546822062626e-05,8.640584269493739e-05,1.8839107590886602e-07,4.027163307532941e-05,8.852223046941629e-05,1.9763108173070441e-07,4.1197933765820076e-05,9.0664080267282e-05,2.0720671946432353e-07,4.213354248740013e-05,9.283138518993872e-05,2.171260079828605e-07,4.307841747037776e-05,9.502413825682299e-05,2.2739706011825113e-07,4.403251696587157e-05,9.724233240542666e-05,2.3802808262814155e-07,4.4995799245978664e-05,9.948596049132061e-05,2.4902737616241604e-07,4.596822260394231e-05,0.00010175501528817833,2.604033352293413e-07,4.6949745354319586e-05,0.00010404948948779995,0.75
1.708863544978189e-07,3.844712296942861e-05,8.431492376045044e-05,1.7947877711717428e-07,3.93546822062626e-05,8.640584269493739e-05,1.8839107590886602e-07,4.027163307532941e-05,8.852223046941629e-05,1.9763108173070441e-07,4.1197933765820076e-05,9.0664080267282e-05,2.0720671946432353e-07,4.213354248740013e-05,9.283138518993872e-05,2.171260079828605e-07,4.307841747037776e-05,9.502413825682299e-05,2.2739706011825113e-07,4.403251696587157e-05,9.724233240542666e-05,2.3802808262814155e-07,4.4995799245978664e-05,9.948596049132061e-05,2.4902737616241604e-07,4.596822260394231e-05,0.00010175501528817833,2.604033352293413e-07,4.6949745354319586e-05,0.00010404948948779995,0.75
1.708863544978189e-07,3.844712296942861e-05,8.431492376045044e-05,1.7947877711717428e-07,3.93546822062626e-05,8.640584269493739e-05,1.8839107590886602e-07,4.027163307532941e-05,8.852223046941629e-05,1.9763108173070441e-07,4.1197933765820076e-05,9.0664080267282e-05,2.0720671946432353e-07,4.213354248740013e-05,9.283138518993872e-05,2.171260079828605e-07,4.307841747037776e-05,9.502413825682299e-05,2.2739706011825113e-07,4.403251696587157e-05,9.724233240542666e-05,2.3802808262814155e-07,4.4995799245978664e-05,9.948596049132061e-05,2.4902737616241604e-07,4.596822260394231e-05,0.00010175501528817833,2.604033352293413e-07,4.6949745354319586e-05,0.00010404948948779995,0.75
1.708863544978189e-07,3.844712296942861e-05,8.431492376045044e-05,1.7947877711717428e-07,3.93546822062626e-05,8.640584269493739e-05,1.8839107590886602e-07,4.027163307532941e-05,8.852223046941629e-05,1.9763108173070441e-07,4.1197933765820076e-05,9.0664080267282e-05,2.0720671946432353e-07,4.213354248740013e-05,9.283138518993872e-05,2.171260079828605e-07,4.307841747037776e-05,9.502413825682299e-05,2.2739706011825113e-07,4.403251696587157e-05,9.724233240542666e-05,2.3802808262814155e-07,4.4995799245978664e-05,9.948596049132061e-05,2.4902737616241604e-07,4.596822260394231e-05,0.00010175501528817833,2.604033352293413e-07,4.6949745354319586e-05,0.00010404948948779995,0.75
1.708863544978189e-07,3.844712296942861e-05,8.431492376045044e-05,1.7947877711717428e-07,3.93546822062626e-05,8.640584269493739e-05,1.8839107590886602e-07,4.027163307532941e-05,8.852223046941629e-05,1.9763108173070441e-07,4.1197933765820076e-05,9.0664080267282e-05,2.0720671946432353e-07,4.213354248740013e-05,9.283138518993872e-05,2.171260079828605e-07,4.307841747037776e-05,9.502413825682299e-05,2.2739706011825113e-07,4.403251696587157e-05,9.724233240542666e-05,2.3802808262814155e-07,4.4995799245978664e-05,9.948596049132061e-05,2.4902737616241604e-07,4.596822260394231e-05,0.00010175501528817833,2.604033352293413e-07,4.6949745354319586e-05,0.00010404948948779995,0.75
1.708863544978189e-07,3.844712296942861e-05,8.431492376045044e-05,1.7947877711717428e-07,3.93546822062626e-05,8.640584269493739e-05,1.8839107590886602e-07,4.027163307532941e-05,8.852223046941629e-05,1.9763108173070441e-07,4.1197933765820076e-05,9.0664080267282e-05,2.0720671946432353e-07,4.213354248740013e-05,9.283138518993872e-05,2.171260079828605e-07,4.307841747037776e-05,9.502413825682299e-05,2.2739706011825113e-07,4.403251696587157e-05,9.724233240542666e-05,2.3802808262814155e-07,4.4995799245978664e-05,9.948596049132061e-05,2.4902737616241604e-07,4.596822260394231e-05,0.00010175501528817833,2.604033352293413e-07,4.6949745354319586e-05,0.00010404948948779995,0.75
1.708863544978189e-07,3.844712296942861e-05,8.431492376045044e-05,1.7947877711717428e-07,3.93546822062626e-05,8.640584269493739e-05,1.8839107590886602e-07,4.027163307532941e-05,8.852223046941629e-05,1.9763108173070441e-07,4.1197933765820076e-05,9.0664080267282e-05,2.0720671946432353e-07,4.213354248740013e-05,9.283138518993872e-05,2.171260079828605e-07,4.307841747037776e-05,9.502413825682299e-05,2.2739706011825113e-07,4.403251696587157e-05,9.724233240542666e-05,2.3802808262814155e-07,4.4995799245978664e-05,9.948596049132061e-05,2.4902737616241604e-07,4.596822260394231e-05,0.00010175501528817833,2.604033352293413e-07,4.6949745354319586e-05,0.00010404948948779995,0.75
1.708863544978189e-07,3.844712296942861e-05,8.431492376045044e-05,1.7947877711717428e-07,3.93546822062626e-05,8.640584269493739e-05,1.8839107590886602e-07,4.027163307532941e-05,8.852223046941629e-05,1.9763108173070441e-07,4.1197933765820076e-05,9.0664080267282e-05,2.0720671946432353e-07,4.213354248740013e-05,9.283138518993872e-05,2.171260079828605e-07,4.307841747037776e-05,9.502413825682299e-05,2.2739706011825113e-07,4.403251696587157e-05,9.724233240542666e-05,2.3802808262814155e-07,4.4995799245978664e-05,9.948596049132061e-05,2.4902737616241604e-07,4.596822260394231e-05,0.00010175501528817833,2.604033352293413e-07,4.6949745354319586e-05,0.00010404948948779995,0.75
1.708863544978189e-07,3.844712296942861e-05,8.431492376045044e-05,1.7947877711717428e-07,3.93546822062626e-05,8.640584269493739e-05,1.8839107590886602e-07,4.027163307532941e-05,8.852223046941629e-05,1.9763108173070441e-07,4.1197933765820076e-05,9.0664080267282e-05,2.0720671946432353e-07,4.213354248740013e-05,9.283138518993872e-05,2.171260079828605e-07,4.307841747037776e-05,9.502413825682299e-05,2.2739706011825113e-07,4.403251696587157e-05,9.724233240542666e-05,2.3802808262814155e-07,4.4995799245978664e-05,9.948596049132061e-05,2.4902737616241604e-07,4.596822260394231e-05,0.00010175501528817833,2.604033352293413e-07,4.6949745354319586e-05,0.00010404948948779995,0.75
1.708863544978189e-07,3.844712296942861e-05,8.431492376045044e-05,1.7947877711717428e-07,3.93546822062626e-05,8.640584269493739e-05,1.8839107590886602e-07,4.027163307532941e-05,8.852223046941629e-05,1.9763108173070441e-07,4.1197933765820076e-05,9.0664080267282e-05,2.0720671946432353e-07,4.213354248740013e-05,9.283138518993872e-05,2.171260079828605e-07,4.307841747037776e-05,9.502413825682299e-05,2.2739706011825113e-07,4.403251696587157e-05,9.724233240542666e-05,2.3802808262814155e-07,4.4995799245978664e-05,9.948596049132061e-05,2.4902737616241604e-07,4.596822260394231e-05,0.00010175501528817833,2.604033352293413e-07,4.6949745354319586e-05,0.00010404948948779995,0.75
1.708863544978189e-07,3.844712296942861e-05,8.431492376045044e-05,1.7947877711717428e-07,3.93546822062626e-05,8.640584269493739e-05,1.8839107590886602e-07,4.027163307532941e-05,8.852223046941629e-05,1.9763108173070441e-07,4.1197933765820076e-05,9.0664080267282e-05,2.0720671946432353e-07,4.213354248740013e-05,9.283138518993872e-05,2.171260079828605e-07,4.307841747037776e-05,9.502413825682299e-05,2.2739706011825113e-07,4.403251696587157e-05,9.724233240542666e-05,2.3802808262814155e-07,4.4995799245978664e-05,9.948596049132061e-05,2.4902737616241604e-07,4.596822260394231e-05,0.00010175501528817833,2.604033352293413e-07,4.6949745354319586e-05,0.00010404948948779995,0.75
1.708863544978189e-07,3.844712296942861e-05,8.431492376045044e-05,1.7947877711717428e-07,3.93546822062626e-05,8.640584269493739e-05,1.8839107590886602e-07,4.027163307532941e-05,8.852223046941629e-05,1.9763108173070441e-07,4.1197933765820076e-05,9.0664080267282e-05,2.0720671946432353e-07,4.213354248740013e-05,9.283138518993872e-05,2.171260079828605e-07,4.307841747037776e-05,9.502413825682299e-05,2.2739706011825113e-07,4.403251696587157e-05,9.724233240542666e-05,2.3802808262814155e-07,4.4995799245978664e-05,9.948596049132061e-05,2.4902737616241604e-07,4.596822260394231e-05,0.00010175501528817833,2.604033352293413e-07,4.6949745354319586e-05,0.00010404948948779995,0.75
1.708863544978189e-07,3.844712296942861e-05,8.431492376045044e-05,1.7947877711717428e-07,3.93546822062626e-05,8.640584269493739e-05,1.8839107590886602e-07,4.027163307532941e-05,8.852223046941629e-05,1.9763108173070441e-07,4.1197933765820076e-05,9.0664080267282e-05,2.0720671946432353e-07,4.213354248740013e-05,9.283138518993872e-05,2.171260079828605e-07,4.307841747037776e-05,9.502413825682299e-05,2.2739706011825113e-07,4.403251696587157e-05,9.724233240542666e-05,2.3802808262814155e-07,4.4995799245978664e-05,9.948596049132061e-05,2.4902737616241604e-07,4.596822260394231e-05,0.00010175501528817833,2.604033352293413e-07,4.6949745354319586e-05,0.00010404948948779995,0.75
1.708863544978189e-07,3.844712296942861e-05,8.431492376045044e-05,1.7947877711717428e-07,3.93546822062626e-05,8.640584269493739e-05,1.8839107590886602e-07,4.027163307532941e-05,8.852223046941629e-05,1.9763108173070441e-07,4.1197933765820076e-05,9.0664080267282e-05,2.0720671946432353e-07,4.213354248740013e-05,9.283138518993872e-05,2.171260079828605e-07,4.307841747037776e-05,9.502413825682299e-05,2.2739706011825113e-07,4.403251696587157e-05,9.724233240542666e-05,2.3802808262814155e-07,4.4995799245978664e-05,9.948596049132061e-05,2.4902737616241604e-07,4.596822260394231e-05,0.00010175501528817833,2.604033352293413e-07,4.6949745354319586e-05,0.00010404948948779995,0.75
1.708863544978189e-07,3.844712296942861e-05,8.431492376045044e-05,1.7947877711717428e-07,3.93546822062626e-05,8.640584269493739e-05,1.8839107590886602e-07,4.027163307532941e-05,8.852223046941629e-05,1.9763108173070441e-07,4.1197933765820076e-05,9.0664080267282e-05,2.0720671946432353e-07,4.213354248740013e-05,9.283138518993872e-05,2.171260079828605e-07,4.307841747037776e-05,9.502413825682299e-05,2.2739706011825113e-07,4.403251696587157e-05,9.724233240542666e-05,2.3802808262814155e-07,4.4995799245978664e-05,9.948596049132061e-05,2.4902737616241604e-07,4.596822260394231e-05,0.00010175501528817833,2.604033352293413e-07,4.6949745354319586e-05,0.00010404948948779995,0.75
1.708863544978189e-07,3.844712296942861e-05,8.431492376045044e-05,1.7947877711717428e-07,3.93546822062626e-05,8.640584269493739e-05,1.8839107590886602e-07,4.027163307532941e-05,8.852223046941629e-05,1.9763108173070441e-07,4.1197933765820076e-05,9.0664080267282e-05,2.0720671946432353e-07,4.213354248740013e-05,9.283138518993872e-05,2.171260079828605e-07,4.307841747037776e-05,9.502413825682299e-05,2.2739706011825113e-07,4.403251696587157e-05,9.724233240542666e-05,2.3802808262814155e-07,4.4995799245978664e-05,9.948596049132061e-05,2.4902737616241604e-07,4.596822260394231e-05,0.00010175501528817833,2.604033352293413e-07,4.6949745354319586e-05,0.00010404948948779995,0.75
1.708863544978189e-07,3.844712296942861e-05,8.431492376045044e-05,1.7947877711717428e-07,3.93546822062626e-05,8.640584269493739e-05,1.8839107590886602e-07,4.027163307532941e-05,8.852223046941629e-05,1.9763108173070441e-07,4.1197933765820076e-05,9.0664080267282e-05,2.0720671946432353e-07,4.213354248740013e-05,9.283138518993872e-05,2.171260079828605e-07,4.307841747037776e-05,9.502413825682299e-05,2.2739706011825113e-07,4.403251696587157e-05,9.724233240542666e-05,2.3802808262814155e-07,4.4995799245978664e-05,9.948596049132061e-05,2.4902737616241604e-07,4.596822260394231e-05,0.00010175501528817833,2.604033352293413e-07,4.6949745354319586e-05,0.00010404948948779995,0.75
1.708863544978189e-07,3.844712296942861e-05,8.431492376045044e-05,1.7947877711717428e-07,3.93546822062626e-05,8.640584269493739e-05,1.8839107590886602e-07,4.027163307532941e-05,8.852223046941629e-05,1.9763108173070441e-07,4.1197933765820076e-05,9.0664080267282e-05,2.0720671946432353e-07,4.213354248740013e-05,9.283138518993872e-05,2.171260079828605e-07,4.307841747037776e-05,9.502413825682299e-05,2.2739706011825113e-07,4.403251696587157e-05,9.724233240542666e-05,2.3802808262814155e-07,4.4995799245978664e-05,9.948596049132061e-05,2.4902737616241604e-07,4.596822260394231e-05,0.00010175501528817833,2.604033352293413e-07,4.6949745354319586e-05,0.00010404948948779995,0.75
1.708863544978189e-07,3.844712296942861e-05,8.431492376045044e-05,1.7947877711717428e-07,3.93546822062626e-05,8.640584269493739e-05,1.8839107590886602e-07,4.027163307532941e-05,8.852223046941629e-05,1.9763108173070441e-07,4.1197933765820076e-05,9.0664080267282e-05,2.0720671946432353e-07,4.213354248740013e-05,9.283138518993872e-05,2.171260079828605e-07,4.307841747037776e-05,9.502413825682299e-05,2.2739706011825113e-07,4.403251696587157e-05,9.724233240542666e-05,2.3802808262814155e-07,4.4995799245978664e-05,9.948596049132061e-05,2.4902737616241604e-07,4.596822260394231e-05,0.00010175501528817833,2.604033352293413e-07,4.6949745354319586e-05,0.00010404948948779995,0.75
1.708863544978189e-07,3.844712296942861e-05,8.431492376045044e-05,1.7947877711717428e-07,3.93546822062626e-05,8.640584269493739e-05,1.8839107590886602e-07,4.027163307532941e-05,8.852223046941629e-05,1.9763108173070441e-07,4.1197933765820076e-05,9.0664080267282e-05,2.0720671946432353e-07,4.213354248740013e-05,9.283138518993872e-05,2.171260079828605e-07,4.307841747037776e-05,9.502413825682299e-05,2.2739706011825113e-07,4.403251696587157e-05,9.724233240542666e-05,2.3802808262814155e-07,4.4995799245978664e-05,9.948596049132061e-05,2.4902737616241604e-07,4.596822260394231e-05,0.00010175501528817833,2.604033352293413e-07,4.6949745354319586e-05,0.00010404948948779995,0.75
1.708863544978189e-07,3.844712296942861e-05,8.431492376045044e-05,1.7947877711717428e-07,3.93546822062626e-05,8.640584269493739e-05,1.8839107590886602e-07,4.027163307532941e-05,8.852223046941629e-05,1.9763108173070441e-07,4.1197933765820076e-05,9.0664080267282e-05,2.0720671946432353e-07,4.213354248740013e-05,9.283138518993872e-05,2.171260079828605e-07,4.307841747037776e-05,9.502413825682299e-05,2.2739706011825113e-07,4.403251696587157e-05,9.724233240542666e-05,2.3802808262814155e-07,4.4995799245978664e-05,9.948596049132061e-05,2.4902737616241604e-07,4.596822260394231e-05,0.00010175501528817833,2.604033352293413e-07,4.6949745354319586e-05,0.00010404948948779995,0.75
1.708863544978189e-07,3.844712296942861e-05,8.431492376045044e-05,1.7947877711717428e-07,3.93546822062626e-05,8.640584269493739e-05,1.8839107590886602e-07,4.027163307532941e-05,8.852223046941629e-05,1.9763108173070441e-07,4.1197933765820076e-05,9.0664080267282e-05,2.0720671946432353e-07,4.213354248740013e-05,9.283138518993872e-05,2.171260079828605e-07,4.307841747037776e-05,9.502413825682299e-05,2.2739706011825113e-07,4.403251696587157e-05,9.724233240542666e-05,2.3802808262814155e-07,4.4995799245978664e-05,9.948596049132061e-05,2.4902737616241604e-07,4.596822260394231e-05,0.00010175501528817833,2.604033352293413e-07,4.6949745354319586e-05,0.00010404948948779995,0.75
1.708863544978189e-07,3.844712296942861e-05,8.431492376045044e-05,1.7947877711717428e-07,3.93546822062626e-05,8.640584269493739e-05,1.8839107590886602e-07,4.027163307532941e-05,8.852223046941629e-05,1.9763108173070441e-07,4.1197933765820076e-05,9.0664080267282e-05,2.0720671946432353e-07,4.213354248740013e-05,9.283138518993872e-05,2.171260079828605e-07,4.307841747037776e-05,9.502413825682299e-05,2.2739706011825113e-07,4.403251696587157e-05,9.724233240542666e-05,2.3802808262814155e-07,4.4995799245978664e-05,9.948596049132061e-05,2.4902737616241604e-07,4.596822260394231e-05,0.00010175501528817833,2.604033352293413e-07,4.6949745354319586e-05,0.00010404948948779995,0.75
1.708863544978189e-07,3.844712296942861e-05,8.431492376045044e-05,1.7947877711717428e-07,3.93546822062626e-05,8.640584269493739e-05,1.8839107590886602e-07,4.027163307532941e-05,8.852223046941629e-05,1.9763108173070441e-07,4.1197933765820076e-05,9.0664080267282e-05,2.0720671946432353e-07,4.213354248740013e-05,9.283138518993872e-05,2.171260079828605e-07,4.307841747037776e-05,9.502413825682299e-05,2.2739706011825113e-07,4.403251696587157e-05,9.724233240542666e-05,2.3802808262814155e-07,4.4995799245978664e-05,9.948596049132061e-05,2.4902737616241604e-07,4.596822260394231e-05,0.00010175501528817833,2.604033352293413e-07,4.6949745354319586e-05,0.00010404948948779995,0.75
1.708863544978189e-07,3.844712296942861e-05,8.431492376045044e-05,1.7947877711717428e-07,3.93546822062626e-05,8.640584269493739e-05,1.8839107590886602e-07,4.027163307532941e-05,8.852223046941629e-05,1.9763108173070441e-07,4.1197933765820076e-05,9.0664080267282e-05,2.0720671946432353e-07,4.213354248740013e-05,9.283138518993872e-05,2.171260079828605e-07,4.307841747037776e-05,9.502413825682299e-05,2.2739706011825113e-07,4.403251696587157e-05,9.724233240542666e-05,2.3802808262814155e-07,4.4995799245978664e-05,9.948596049132061e-05,2.4902737616241604e-07,4.596822260394231e-05,0.00010175501528817833,2.604033352293413e-07,4.6949745354319586e-05,0.00010404948948779995,0.75
1.708863544978189e-07,3.844712296942861e-05,8.431492376045044e-05,1.7947877711717428e-07,3.93546822062626e-05,8.640584269493739e-05,1.8839107590886602e-07,4.027163307532941e-05,8.852223046941629e-05,1.9763108173070441e-07,4.1197933765820076e-05,9.0664080267282e-05,2.0720671946432353e-07,4.213354248740013e-05,9.283138518993872e-05,2.171260079828605e-07,4.307841747037776e-05,9.502413825682299e-05,2.2739706011825113e-07,4.403251696587157e-05,9.724233240542666e-05,2.3802808262814155e-07,4.4995799245978664e-05,9.948596049132061e-05,2.4902737616241604e-07,4.596822260394231e-05,0.00010175501528817833,2.604033352293413e-07,4.6949745354319586e-05,0.00010404948948779995,0.75
1.708863544978189e-07,3.844712296942861e-05,8.431492376045044e-05,1.7947877711717428e-07,3.93546822062626e-05,8.640584269493739e-05,1.8839107590886602e-07,4.027163307532941e-05,8.852223046941629e-05,1.9763108173070441e-07,4.1197933765820076e-05,9.0664080267282e-05,2.0720671946432353e-07,4.213354248740013e-05,9.283138518993872e-05,2.171260079828605e-07,4.307841747037776e-05,9.502413825682299e-05,2.2739706011825113e-07,4.403251696587157e-05,9.724233240542666e-05,2.3802808262814155e-07,4.4995799245978664e-05,9.948596049132061e-05,2.4902737616241604e-07,4.596822260394231e-05,0.00010175501528817833,2.604033352293413e-07,4.6949745354319586e-05,0.00010404948948779995,0.75
1.708863544978189e-07,3.844712296942861e-05,8.431492376045044e-05,1.7947877711717428e-07,3.93546822062626e-05,8.640584269493739e-05,1.8839107590886602e-07,4.027163307532941e-05,8.852223046941629e-05,1.9763108173070441e-07,4.1197933765820076e-05,9.0664080267282e-05,2.0720671946432353e-07,4.213354248740013e-05,9.283138518993872e-05,2.171260079828605e-07,4.307841747037776e-05,9.502413825682299e-05,2.2739706011825113e-07,4.403251696587157e-05,9.724233240542666e-05,2.3802808262814155e-07,4.4995799245978664e-05,9.948596049132061e-05,2.4902737616241604e-07,4.596822260394231e-05,0.00010175501528817833,2.604033352293413e-07,4.6949745354319586e-05,0.00010404948948779995,0.75
1.708863544978189e-07,3.844712296942861e-05,8.431492376045044e-05,1.7947877711717428e-07,3.93546822062626e-05,8.640584269493739e-05,1.8839107590886602e-07,4.027163307532941e-05,8.852223046941629e-05,1.9763108173070441e-07,4.1197933765820076e-05,9.0664080267282e-05,2.0720671946432353e-07,4.213354248740013e-05,9.283138518993872e-05,2.171260079828605e-07,4.307841747037776e-05,9.502413825682299e-05,2.2739706011825113e-07,4.403251696587157e-05,9.724233240542666e-05,2.3802808262814155e-07,4.4995799245978664e-05,9.948596049132061e-05,2.4902737616241604e-07,4.596822260394231e-05,0.00010175501528817833,2.604033352293413e-07,4.6949745354319586e-05,0.00010404948948779995,0.75
1.708863544978189e-07,3.844712296942861e-05,8.431492376045044e-05,1.7947877711717428e-07,3.93546822062626e-05,8.640584269493739e-05,1.8839107590886602e-07,4.027163307532941e-05,8.852223046941629e-05,1.9763108173070441e-07,4.1197933765820076e-05,9.0664080267282e-05,2.0720671946432353e-07,4.213354248740013e-05,9.283138518993872e-05,2.171260079828605e-07,4.307841747037776e-05,9.502413825682299e-05,2.2739706011825113e-07,4.403251696587157e-05,9.724233240542666e-05,2.3802808262814155e-07,4.4995799245978664e-05,9.948596049132061e-05,2.4902737616241604e-07,4.596822260394231e-05,0.00010175501528817833,2.604033352293413e-07,4.6949745354319586e-05,0.00010404948948779995,0.75
1.708863544978189e-07,3.844712296942861e-05,8.431492376045044e-05,1.7947877711717428e-07,3.93546822062626e-05,8.640584269493739e-05,1.8839107590886602e-07,4.027163307532941e-05,8.852223046941629e-05,1.9763108173070441e-07,4.1197933765820076e-05,9.0664080267282e-05,2.0720671946432353e-07,4.213354248740013e-05,9.283138518993872e-05,2.171260079828605e-07,4.307841747037776e-05,9.502413825682299e-05,2.2739706011825113e-07,4.403251696587157e-05,9.724233240542666e-05,2.3802808262814155e-07,4.4995799245978664e-05,9.948596049132061e-05,2.4902737616241604e-07,4.596822260394231e-05,0.00010175501528817833,2.604033352293413e-07,4.6949745354319586e-05,0.00010404948948779995,0.75
1.708863544978189e-07,3.844712296942861e-05,8.431492376045044e-05,1.7947877711717428e-07,3.93546822062626e-05,8.640584269493739e-05,1.8839107590886602e-07,4.027163307532941e-05,8.852223046941629e-05,1.9763108173070441e-07,4.1197933765820076e-05,9.0664080267282e-05,2.0720671946432353e-07,4.213354248740013e-05,9.283138518993872e-05,2.171260079828605e-07,4.307841747037776e-05,9.502413825682299e-05,2.2739706011825113e-07,4.403251696587157e-05,9.724233240542666e-05,2.3802808262814155e-07,4.4995799245978664e-05,9.948596049132061e-05,2.4902737616241604e-07,4.596822260394231e-05,0.00010175501528817833,2.604033352293413e-07,4.6949745354319586e-05,0.00010404948948779995,0.75
1.708863544978189e-07,3.844712296942861e-05,8.431492376045044e-05,1.7947877711717428e-07,3.93546822062626e-05,8.640584269493739e-05,1.8839107590886602e-07,4.027163307532941e-05,8.852223046941629e-05,1.9763108173070441e-07,4.1197933765820076e-05,9.0664080267282e-05,2.0720671946432353e-07,4.213354248740013e-05,9.283138518993872e-05,2.171260079828605e-07,4.307841747037776e-05,9.502413825682299e-05,2.2739706011825113e-07,4.403251696587157e-05,9.724233240542666e-05,2.3802808262814155e-07,4.4995799245978664e-05,9.948596049132061e-05,2.4902737616241604e-07,4.596822260394231e-05,0.00010175501528817833,2.604033352293413e-07,4.6949745354319586e-05,0.00010404948948779995,0.75
1.708863544978189e-07,3.844712296942861e-05,8.431492376045044e-05,1.7947877711717428e-07,3.93546822062626e-05,8.640584269493739e-05,1.8839107590886602e-07,4.027163307532941e-05,8.852223046941629e-05,1.9763108173070441e-07,4.1197933765820076e-05,9.0664080267282e-05,2.0720671946432353e-07,4.213354248740013e-05,9.283138518993872e-05,2.171260079828605e-07,4.307841747037776e-05,9.502413825682299e-05,2.2739706011825113e-07,4.403251696587157e-05,9.724233240542666e-05,2.3802808262814155e-07,4.4995799245978664e-05,9.948596049132061e-05,2.4902737616241604e-07,4.596822260394231e-05,0.00010175501528817833,2.604033352293413e-07,4.6949745354319586e-05,0.00010404948948779995,0.75
1.708863544978189e-07,3.844712296942861e-05,8.431492376045044e-05,1.7947877711717428e-07,3.93546822062626e-05,8.640584269493739e-05,1.8839107590886602e-07,4.027163307532941e-05,8.852223046941629e-05,1.9763108173070441e-07,4.1197933765820076e-05,9.0664080267282e-05,2.0720671946432353e-07,4.213354248740013e-05,9.283138518993872e-05,2.171260079828605e-07,4.307841747037776e-05,9.502413825682299e-05,2.2739706011825113e-07,4.403251696587157e-05,9.724233240542666e-05,2.3802808262814155e-07,4.4995799245978664e-05,9.948596049132061e-05,2.4902737616241604e-07,4.596822260394231e-05,0.00010175501528817833,2.604033352293413e-07,4.6949745354319586e-05,0.00010404948948779995,0.75
1.708863544978189e-07,3.844712296942861e-05,8.431492376045044e-05,1.7947877711717428e-07,3.93546822062626e-05,8.640584269493739e-05,1.8839107590886602e-07,4.027163307532941e-05,8.852223046941629e-05,1.9763108173070441e-07,4.1197933765820076e-05,9.0664080267282e-05,2.0720671946432353e-07,4.213354248740013e-05,9.283138518993872e-05,2.171260079828605e-07,4.307841747037776e-05,9.502413825682299e-05,2.2739706011825113e-07,4.403251696587157e-05,9.724233240542666e-05,2.3802808262814155e-07,4.4995799245978664e-05,9.948596049132061e-05,2.4902737616241604e-07,4.596822260394231e-05,0.00010175501528817833,2.604033352293413e-07,4.6949745354319586e-05,0.00010404948948779995,0.75
1.708863544978189e-07,3.844712296942861e-05,8.431492376045044e-05,1.7947877711717428e-07,3.93546822062626e-05,8.640584269493739e-05,1.8839107590886602e-07,4.027163307532941e-05,8.852223046941629e-05,1.9763108173070441e-07,4.1197933765820076e-05,9.0664080267282e-05,2.0720671946432353e-07,4.213354248740013e-05,9.283138518993872e-05,2.171260079828605e-07,4.307841747037776e-05,9.502413825682299e-05,2.2739706011825113e-07,4.403251696587157e-05,9.724233240542666e-05,2.3802808262814155e-07,4.4995799245978664e-05,9.948596049132061e-05,2.4902737616241604e-07,4.596822260394231e-05,0.00010175501528817833,2.604033352293413e-07,4.6949745354319586e-05,0.00010404948948779995,0.75
1.708863544978189e-07,3.844712296942861e-05,8.431492376045044e-05,1.7947877711717428e-07,3.93546822062626e-05,8.640584269493739e-05,1.8839107590886602e-07,4.027163307532941e-05,8.852223046941629e-05,1.9763108173070441e-07,4.1197933765820076e-05,9.0664080267282e-05,2.0720671946432353e-07,4.213354248740013e-05,9.283138518993872e-05,2.171260079828605e-07,4.307841747037776e-05,9.502413825682299e-05,2.2739706011825113e-07,4.403251696587157e-05,9.724233240542666e-05,2.3802808262814155e-07,4.4995799245978664e-05,9.948596049132061e-05,2.4902737616241604e-07,4.596822260394231e-05,0.00010175501528817833,2.604033352293413e-07,4.6949745354319586e-05,0.00010404948948779995,0.75
1.708863544978189e-07,3.844712296942861e-05,8.431492376045044e-05,1.7947877711717428e-07,3.93546822062626e-05,8.640584269493739e-05,1.8839107590886602e-07,4.027163307532941e-05,8.852223046941629e-05,1.9763108173070441e-07,4.1197933765820076e-05,9.0664080267282e-05,2.0720671946432353e-07,4.213354248740013e-05,9.283138518993872e-05,2.171260079828605e-07,4.307841747037776e-05,9.502413825682299e-05,2.2739706011825113e-07,4.403251696587157e-05,9.724233240542666e-05,2.3802808262814155e-07,4.4995799245978664e-05,9.948596049132061e-05,2.4902737616241604e-07,4.596822260394231e-05,0.00010175501528817833,2.604033352293413e-07,4.6949745354319586e-05,0.00010404948948779995,0.75
1.708863544978189e-07,3.844712296942861e-05,8.431492376045044e-05,1.7947877711717428e-07,3.93546822062626e-05,8.640584269493739e-05,1.8839107590886602e-07,4.027163307532941e-05,8.852223046941629e-05,1.9763108173070441e-07,4.1197933765820076e-05,9.0664080267282e-05,2.0720671946432353e-07,4.213354248740013e-05,9.283138518993872e-05,2.171260079828605e-07,4.307841747037776e-05,9.502413825682299e-05,2.2739706011825113e-07,4.403251696587157e-05,9.724233240542666e-05,2.3802808262814155e-07,4.4995799245978664e-05,9.948596049132061e-05,2.4902737616241604e-07,4.596822260394231e-05,0.00010175501528817833,2.604033352293413e-07,4.6949745354319586e-05,0.00010404948948779995,0.75
1.708863544978189e-07,3.844712296942861e-05,8.431492376045044e-05,1.7947877711717428e-07,3.93546822062626e-05,8.640584269493739e-05,1.8839107590886602e-07,4.027163307532941e-05,8.852223046941629e-05,1.9763108173070441e-07,4.1197933765820076e-05,9.0664080267282e-05,2.0720671946432353e-07,4.213354248740013e-05,9.283138518993872e-05,2.171260079828605e-07,4.307841747037776e-05,9.502413825682299e-05,2.2739706011825113e-07,4.403251696587157e-05,9.724233240542666e-05,2.3802808262814155e-07,4.4995799245978664e-05,9.948596049132061e-05,2.4902737616241604e-07,4.596822260394231e-05,0.00010175501528817833,2.604033352293413e-07,4.6949745354319586e-05,0.00010404948948779995,0.75
1.708863544978189e-07,3.844712296942861e-05,8.431492376045044e-05,1.7947877711717428e-07,3.93546822062626e-05,8.640584269493739e-05,1.8839107590886602e-07,4.027163307532941e-05,8.852223046941629e-05,1.9763108173070441e-07,4.1197933765820076e-05,9.0664080267282e-05,2.0720671946432353e-07,4.213354248740013e-05,9.283138518993872e-05,2.171260079828605e-07,4.307841747037776e-05,9.502413825682299e-05,2.2739706011825113e-07,4.403251696587157e-05,9.724233240542666e-05,2.3802808262814155e-07,4.4995799245978664e-05,9.948596049132061e-05,2.4902737616241604e-07,4.596822260394231e-05,0.00010175501528817833,2.604033352293413e-07,4.6949745354319586e-05,0.00010404948948779995,0.75
1.708863544978189e-07,3.844712296942861e-05,8.431492376045044e-05,1.7947877711717428e-07,3.93546822062626e-05,8.640584269493739e-05,1.8839107590886602e-07,4.027163307532941e-05,8.852223046941629e-05,1.9763108173070441e-07,4.1197933765820076e-05,9.0664080267282e-05,2.0720671946432353e-07,4.213354248740013e-05,9.283138518993872e-05,2.171260079828605e-07,4.307841747037776e-05,9.502413825682299e-05,2.2739706011825113e-07,4.403251696587157e-05,9.724233240542666e-05,2.3802808262814155e-07,4.4995799245978664e-05,9.948596049132061e-05,2.4902737616241604e-07,4.596822260394231e-05,0.00010175501528817833,2.604033352293413e-07,4.6949745354319586e-05,0.00010404948948779995,0.75
1.708863544978189e-07,3.844712296942861e-05,8.431492376045044e-05,1.7947877711717428e-07,3.93546822062626e-05,8.640584269493739e-05,1.8839107590886602e-07,4.027163307532941e-05,8.852223046941629e-05,1.9763108173070441e-07,4.1197933765820076e-05,9.0664080267282e-05,2.0720671946432353e-07,4.213354248740013e-05,9.283138518993872e-05,2.171260079828605e-07,4.307841747037776e-05,9.502413825682299e-05,2.2739706011825113e-07,4.403251696587157e-05,9.724233240542666e-05,2.3802808262814155e-07,4.4995799245978664e-05,9.948596049132061e-05,2.4902737616241604e-07,4.596822260394231e-05,0.00010175501528817833,2.604033352293413e-07,4.6949745354319586e-05,0.00010404948948779995,0.75
1.708863544978189e-07,3.844712296942861e-05,8.431492376045044e-05,1.7947877711717428e-07,3.93546822062626e-05,8.640584269493739e-05,1.8839107590886602e-07,4.027163307532941e-05,8.852223046941629e-05,1.9763108173070441e-07,4.1197933765820076e-05,9.0664080267282e-05,2.0720671946432353e-07,4.213354248740013e-05,9.283138518993872e-05,2.171260079828605e-07,4.307841747037776e-05,9.502413825682299e-05,2.2739706011825113e-07,4.403251696587157e-05,9.724233240542666e-05,2.3802808262814155e-07,4.4995799245978664e-05,9.948596049132061e-05,2.4902737616241604e-07,4.596822260394231e-05,0.00010175501528817833,2.604033352293413e-07,4.6949745354319586e-05,0.00010404948948779995,0.75
1.708863544978189e-07,3.844712296942861e-05,8.431492376045044e-05,1.7947877711717428e-07,3.93546822062626e-05,8.640584269493739e-05,1.8839107590886602e-07,4.027163307532941e-05,8.852223046941629e-05,1.9763108173070441e-07,4.1197933765820076e-05,9.0664080267282e-05,2.0720671946432353e-07,4.213354248740013e-05,9.283138518993872e-05,2.171260079828605e-07,4.307841747037776e-05,9.502413825682299e-05,2.2739706011825113e-07,4.403251696587157e-05,9.724233240542666e-05,2.3802808262814155e-07,4.4995799245978664e-05,9.948596049132061e-05,2.4902737616241604e-07,4.596822260394231e-05,0.00010175501528817833,2.604033352293413e-07,4.6949745354319586e-05,0.00010404948948779995,0.75
1.708863544978189e-07,3.844712296942861e-05,8.431492376045044e-05,1.7947877711717428e-07,3.93546822062626e-05,8.640584269493739e-05,1.8839107590886602e-07,4.027163307532941e-05,8.852223046941629e-05,1.9763108173070441e-07,4.1197933765820076e-05,9.0664080267282e-05,2.0720671946432353e-07,4.213354248740013e-05,9.283138518993872e-05,2.171260079828605e-07,4.307841747037776e-05,9.502413825682299e-05,2.2739706011825113e-07,4.403251696587157e-05,9.724233240542666e-05,2.3802808262814155e-07,4.4995799245978664e-05,9.948596049132061e-05,2.4902737616241604e-07,4.596822260394231e-05,0.00010175501528817833,2.604033352293413e-07,4.6949745354319586e-05,0.00010404948948779995,0.75
1.708863544978189e-07,3.844712296942861e-05,8.431492376045044e-05,1.7947877711717428e-07,3.93546822062626e-05,8.640584269493739e-05,1.8839107590886602e-07,4.027163307532941e-05,8.852223046941629e-05,1.9763108173070441e-07,4.1197933765820076e-05,9.0664080267282e-05,2.0720671946432353e-07,4.213354248740013e-05,9.283138518993872e-05,2.171260079828605e-07,4.307841747037776e-05,9.502413825682299e-05,2.2739706011825113e-07,4.403251696587157e-05,9.724233240542666e-05,2.3802808262814155e-07,4.4995799245978664e-05,9.948596049132061e-05,2.4902737616241604e-07,4.596822260394231e-05,0.00010175501528817833,2.604033352293413e-07,4.6949745354319586e-05,0.00010404948948779995,0.75
1.708863544978189e-07,3.844712296942861e-05,8.431492376045044e-05,1.7947877711717428e-07,3.93546822062626e-05,8.640584269493739e-05,1.8839107590886602e-07,4.027163307532941e-05,8.852223046941629e-05,1.9763108173070441e-07,4.1197933765820076e-05,9.0664080267282e-05,2.0720671946432353e-07,4.213354248740013e-05,9.283138518993872e-05,2.171260079828605e-07,4.307841747037776e-05,9.502413825682299e-05,2.2739706011825113e-07,4.403251696587157e-05,9.724233240542666e-05,2.3802808262814155e-07,4.4995799245978664e-05,9.948596049132061e-05,2.4902737616241604e-07,4.596822260394231e-05,0.00010175501528817833,2.604033352293413e-07,4.6949745354319586e-05,0.00010404948948779995,0.75
1.708863544978189e-07,3.844712296942861e-05,8.431492376045044e-05,1.7947877711717428e-07,3.93546822062626e-05,8.640584269493739e-05,1.8839107590886602e-07,4.027163307532941e-05,8.852223046941629e-05,1.9763108173070441e-07,4.1197933765820076e-05,9.0664080267282e-05,2.0720671946432353e-07,4.213354248740013e-05,9.283138518993872e-05,2.171260079828605e-07,4.307841747037776e-05,9.502413825682299e-05,2.2739706011825113e-07,4.403251696587157e-05,9.724233240542666e-05,2.3802808262814155e-07,4.4995799245978664e-05,9.948596049132061e-05,2.4902737616241604e-07,4.596822260394231e-05,0.00010175501528817833,2.604033352293413e-07,4.6949745354319586e-05,0.00010404948948779995,0.75
1.708863544978189e-07,3.844712296942861e-05,8.431492376045044e-05,1.7947877711717428e-07,3.93546822062626e-05,8.640584269493739e-05,1.8839107590886602e-07,4.027163307532941e-05,8.852223046941629e-05,1.9763108173070441e-07,4.1197933765820076e-05,9.0664080267282e-05,2.0720671946432353e-07,4.213354248740013e-05,9.283138518993872e-05,2.171260079828605e-07,4.307841747037776e-05,9.502413825682299e-05,2.2739706011825113e-07,4.403251696587157e-05,9.724233240542666e-05,2.3802808262814155e-07,4.4995799245978664e-05,9.948596049132061e-05,2.4902737616241604e-07,4.596822260394231e-05,0.00010175501528817833,2.604033352293413e-07,4.6949745354319586e-05,0.00010404948948779995,0.75
