Experiment: thermometry
T_mean: 1.000000
T_dev: 1.000000e-01
Tmin: 0.5
Tmax: 13.0
dt: 0.1
N_tom: 1e+10
N_samples: 500
N_epochs: 500
Heisenberg time: 0.100
